image_width: 1241
image_height: 376
camera_name: narrow_stereo/right
camera_matrix:
  rows: 3
  cols: 3
  data: [718.8560, 0.000000, 607.1928, 0.000000, 718.8560, 185.2157, 0.000000, 0.000000, 1.000000]
distortion_model: plumb_bob
distortion_coefficients:
  rows: 1
  cols: 5
  data: [0.0, 0.0, 0.0, 0.0, 0.0]
rectification_matrix:
  rows: 3
  cols: 3
  data: [1.0, 0.0, 0.0, 0.0, 1.0, 0.0, 0.0, 0.0, 1.0]
projection_matrix:
  rows: 3
  cols: 4
  data: [718.8560, 0.000000, 607.1928, -386.1448, 0.000000, 718.8560, 185.2157, 0.000000, 0.000000, 0.000000, 1.000000, 0.000000]
