image_width: 1280
image_height: 720
camera_name: narrow_stereo/right
camera_matrix:
  rows: 3
  cols: 3
  data: [699.165425, 0.000000, 676.165500, 0.000000, 699.484452, 363.443078, 0.000000, 0.000000, 1.000000]
distortion_model: plumb_bob
distortion_coefficients:
  rows: 1
  cols: 5
  data: [-0.173571, 0.027733, 0.000140, -0.000019, 0.000000]
rectification_matrix:
  rows: 3
  cols: 3
  data: [0.999659, -0.002710, 0.025977, 0.002616, 0.999990, 0.003657, -0.025986, -0.003587, 0.999656]
projection_matrix:
  rows: 3
  cols: 4
  data: [676.086267, 0.000000, 655.183174, -76.741610, 0.000000, 676.086267, 366.341156, 0.000000, 0.000000, 0.000000, 1.000000, 0.000000]
