image_width: 1280
image_height: 720
camera_name: narrow_stereo/left
camera_matrix:
  rows: 3
  cols: 3
  data: [702.617704, 0.000000, 673.690669, 0.000000, 704.028938, 364.543990, 0.000000, 0.000000, 1.000000]
distortion_model: plumb_bob
distortion_coefficients:
  rows: 1
  cols: 5
  data: [-0.172883, 0.026983, 0.000175, -0.000049, 0.000000]
rectification_matrix:
  rows: 3
  cols: 3
  data: [0.999526, -0.002116, 0.030716, 0.002230, 0.999991, -0.003657, -0.030708, 0.003724, 0.999521]
projection_matrix:
  rows: 3
  cols: 4
  data: [676.086267, 0.000000, 655.183174, 0.000000, 0.000000, 676.086267, 366.341156, 0.000000, 0.000000, 0.000000, 1.000000, 0.000000]
