		g3log created log at: Sun Mar 08 15:36:20 2020
		LOG format: [YYYY/MM/DD hh:mm:ss uuu* LEVEL FILE->FUNCTION:LINE] message		(uuu*: microseconds fractions of the seconds value)

2020/03/08 15:36:20 008227	INFO [g3logger.h->logBanner:29]	Starting log.
2020/03/08 15:36:20 013937	DEBUG [main.cpp->main:49]	Filepath: /home/mitchell/KITTI/data_odometry_gray/dataset/sequences/00/
2020/03/08 15:36:20 013942	DEBUG [main.cpp->main:53]	Calibration Filepath: /home/mitchell/visual_odom_ws/src/visual_odom/calibration/zed.yaml
2020/03/08 15:36:20 014016	INFO [main.cpp->main:67]	P_left: 
[684.35999, 0, 689.89001, 0;
 0, 684.35999, 406.87, 0;
 0, 0, 1, 0]
2020/03/08 15:36:20 014023	INFO [main.cpp->main:68]	P_right: 
[684.35999, 0, 689.89001, -82.120003;
 0, 684.35999, 406.87, 0;
 0, 0, 1, 0]
2020/03/08 15:36:20 096189	INFO [input.cpp->Input:22]	frame_pose [1, 0, 0, 0;
 0, 1, 0, 0;
 0, 0, 1, 0;
 0, 0, 0, 1]
2020/03/08 15:36:20 423656	INFO [input.cpp->run:173]	
frame_id 1
2020/03/08 15:36:20 431397	INFO [input.cpp->run:196]	Not enough points
2020/03/08 15:36:20 574344	INFO [input.cpp->run:173]	
frame_id 2
2020/03/08 15:36:20 683099	INFO [input.cpp->run:235]	rotation: 
[0.9999820689348842, 0.003972937023287448, 0.004480801280739123;
 -0.003959094835630398, 0.9999873766815796, -0.003093872262273208;
 -0.004493036477813885, 0.003076076868638152, 0.9999851750772645]
2020/03/08 15:36:20 683140	INFO [input.cpp->run:256]	frame times (ms): 78.371
2020/03/08 15:36:20 683143	INFO [input.cpp->run:257]	FPS: 12.7598
2020/03/08 15:36:20 708511	INFO [input.cpp->run:173]	
frame_id 3
2020/03/08 15:36:20 710098	INFO [input.cpp->run:196]	Not enough points
2020/03/08 15:36:20 854900	INFO [input.cpp->run:173]	
frame_id 4
2020/03/08 15:36:20 860341	INFO [input.cpp->run:235]	rotation: 
[0.9999957937352346, 0.0002817321151983145, 0.00288671766082128;
 -0.0002844501394368815, 0.9999995166200193, 0.0009411949033004668;
 -0.002886451100608832, -0.0009420120716266433, 0.9999953904960266]
2020/03/08 15:36:20 860376	INFO [input.cpp->run:256]	frame times (ms): 9.954
2020/03/08 15:36:20 860381	INFO [input.cpp->run:257]	FPS: 100.462
2020/03/08 15:36:21 052632	INFO [input.cpp->run:173]	
frame_id 5
2020/03/08 15:36:21 058959	INFO [input.cpp->run:196]	Not enough points
2020/03/08 15:36:21 217143	INFO [input.cpp->run:173]	
frame_id 6
2020/03/08 15:36:21 220543	INFO [input.cpp->run:196]	Not enough points
2020/03/08 15:36:21 377399	INFO [input.cpp->run:173]	
frame_id 7
2020/03/08 15:36:21 392165	INFO [input.cpp->run:235]	rotation: 
[0.9999954279889069, -0.001600546059973078, 0.002565590301025955;
 0.001597373117717942, 0.9999979575011927, 0.001238302291702872;
 -0.002567567020664865, -0.001234198425193121, 0.9999959421686878]
2020/03/08 15:36:21 392211	INFO [input.cpp->run:256]	frame times (ms): 21.531
2020/03/08 15:36:21 392216	INFO [input.cpp->run:257]	FPS: 46.4447
2020/03/08 15:36:21 524633	INFO [input.cpp->run:173]	
frame_id 8
2020/03/08 15:36:21 527729	INFO [input.cpp->run:196]	Not enough points
2020/03/08 15:36:21 674763	INFO [input.cpp->run:173]	
frame_id 9
2020/03/08 15:36:21 677789	INFO [input.cpp->run:196]	Not enough points
2020/03/08 15:36:21 832711	INFO [input.cpp->run:173]	
frame_id 10
2020/03/08 15:36:21 877806	INFO [input.cpp->run:235]	rotation: 
[0.9999838250822353, -0.005303544730519212, -0.002054747476662297;
 0.005312178069782811, 0.9999769891622603, 0.00421923098866133;
 0.002032323314924757, -0.004230077927431525, 0.9999889879907036]
2020/03/08 15:36:21 877836	INFO [input.cpp->run:256]	frame times (ms): 52.504
2020/03/08 15:36:21 877839	INFO [input.cpp->run:257]	FPS: 19.0462
2020/03/08 15:36:21 988245	INFO [input.cpp->run:173]	
frame_id 11
2020/03/08 15:36:21 991373	INFO [input.cpp->run:196]	Not enough points
2020/03/08 15:36:22 144011	INFO [input.cpp->run:173]	
frame_id 12
2020/03/08 15:36:22 175342	INFO [input.cpp->run:235]	rotation: 
[0.9995332528807305, 0.02753258977045185, -0.01323755589970174;
 -0.02790189846645359, 0.9992021835950428, -0.0285741204740605;
 0.01244027522337965, 0.02893013652630105, 0.9995040203785757]
2020/03/08 15:36:22 175366	INFO [input.cpp->run:256]	frame times (ms): 38.225
2020/03/08 15:36:22 175368	INFO [input.cpp->run:257]	FPS: 26.1609
2020/03/08 15:36:22 283201	INFO [input.cpp->run:173]	
frame_id 13
2020/03/08 15:36:22 290288	INFO [input.cpp->run:235]	rotation: 
[0.9999984715149604, -0.0002341871567141242, 0.001732663879310438;
 0.0002347192108246212, 0.9999999253670278, -0.0003068759210181539;
 -0.001732591883597176, 0.0003072821414612757, 0.9999984518503269]
2020/03/08 15:36:22 290343	INFO [input.cpp->run:256]	frame times (ms): 16.49
2020/03/08 15:36:22 290353	INFO [input.cpp->run:257]	FPS: 60.6428
2020/03/08 15:36:22 437656	INFO [input.cpp->run:173]	
frame_id 14
2020/03/08 15:36:22 449109	INFO [input.cpp->run:235]	rotation: 
[0.9999937361249162, -0.003528312193495024, 0.0002805779691219588;
 0.00352731694892352, 0.999987752070095, 0.003471850362565593;
 -0.0002928243045908904, -0.003470838927902633, 0.9999939337471319]
2020/03/08 15:36:22 449146	INFO [input.cpp->run:256]	frame times (ms): 18.892
2020/03/08 15:36:22 449151	INFO [input.cpp->run:257]	FPS: 52.9325
2020/03/08 15:36:22 590929	INFO [input.cpp->run:173]	
frame_id 15
2020/03/08 15:36:22 620629	INFO [input.cpp->run:235]	rotation: 
[0.9999993204112235, -0.001152130043768651, 0.0001782510961321044;
 0.001151984493149966, 0.9999990047541935, 0.0008145074278495195;
 -0.0001791893372069466, -0.0008143015318207821, 0.9999996524020379]
2020/03/08 15:36:22 620653	INFO [input.cpp->run:256]	frame times (ms): 36.369
2020/03/08 15:36:22 620655	INFO [input.cpp->run:257]	FPS: 27.4959
2020/03/08 15:36:22 752003	INFO [input.cpp->run:173]	
frame_id 16
2020/03/08 15:36:22 756782	INFO [input.cpp->run:235]	rotation: 
[0.9999993977970776, 0.0002463971184097832, 0.001069436273080782;
 -0.0002457577553589727, 0.9999997910349533, -0.0005979407792307749;
 -0.001069583380490963, 0.0005976775968911184, 0.9999992493861595]
2020/03/08 15:36:22 756818	INFO [input.cpp->run:256]	frame times (ms): 10.584
2020/03/08 15:36:22 756824	INFO [input.cpp->run:257]	FPS: 94.4822
2020/03/08 15:36:22 907936	INFO [input.cpp->run:173]	
frame_id 17
2020/03/08 15:36:22 911352	INFO [input.cpp->run:196]	Not enough points
2020/03/08 15:36:23 063558	INFO [input.cpp->run:173]	
frame_id 18
2020/03/08 15:36:23 070669	INFO [input.cpp->run:235]	rotation: 
[0.9999994862976727, 0.001008416785878583, -0.0001024693940021975;
 -0.00100833368787699, 0.9999991653643826, 0.0008077955880850591;
 0.0001032839031081752, -0.0008076918497766367, 0.9999996684831006]
2020/03/08 15:36:23 070702	INFO [input.cpp->run:256]	frame times (ms): 14.497
2020/03/08 15:36:23 070705	INFO [input.cpp->run:257]	FPS: 68.9798
2020/03/08 15:36:23 214494	INFO [input.cpp->run:173]	
frame_id 19
2020/03/08 15:36:23 239597	INFO [input.cpp->run:235]	rotation: 
[0.9999996814299023, -0.0006252454872013415, -0.000496193686727463;
 0.0006260554908320553, 0.9999984691110342, 0.001633961477662619;
 0.0004951713000698536, -0.001634271601913443, 0.9999985419797944]
2020/03/08 15:36:23 239623	INFO [input.cpp->run:256]	frame times (ms): 29.215
2020/03/08 15:36:23 239625	INFO [input.cpp->run:257]	FPS: 34.229
2020/03/08 15:36:23 369510	INFO [input.cpp->run:173]	
frame_id 20
2020/03/08 15:36:23 373428	INFO [input.cpp->run:196]	Not enough points
2020/03/08 15:36:23 519693	INFO [input.cpp->run:173]	
frame_id 21
2020/03/08 15:36:23 522823	INFO [input.cpp->run:196]	Not enough points
2020/03/08 15:36:23 679182	INFO [input.cpp->run:173]	
frame_id 22
2020/03/08 15:36:23 686799	INFO [input.cpp->run:235]	rotation: 
[0.9999888755071071, 0.004504782571545131, 0.001398497770656474;
 -0.004501265314998757, 0.9999867240183349, -0.002508066514762985;
 -0.001409777498549692, 0.002501743604286708, 0.9999958768946715]
2020/03/08 15:36:23 686843	INFO [input.cpp->run:256]	frame times (ms): 17.036
2020/03/08 15:36:23 686847	INFO [input.cpp->run:257]	FPS: 58.6992
2020/03/08 15:36:23 829837	INFO [input.cpp->run:173]	
frame_id 23
2020/03/08 15:36:23 832874	INFO [input.cpp->run:196]	Not enough points
2020/03/08 15:36:23 987919	INFO [input.cpp->run:173]	
frame_id 24
2020/03/08 15:36:23 994555	INFO [input.cpp->run:196]	Not enough points
2020/03/08 15:36:24 145850	INFO [input.cpp->run:173]	
frame_id 25
2020/03/08 15:36:24 148922	INFO [input.cpp->run:196]	Not enough points
2020/03/08 15:36:24 292461	INFO [input.cpp->run:173]	
frame_id 26
2020/03/08 15:36:24 296076	INFO [input.cpp->run:196]	Not enough points
2020/03/08 15:36:24 448958	INFO [input.cpp->run:173]	
frame_id 27
2020/03/08 15:36:24 452109	INFO [input.cpp->run:196]	Not enough points
2020/03/08 15:36:24 613515	INFO [input.cpp->run:173]	
frame_id 28
2020/03/08 15:36:24 619500	INFO [input.cpp->run:196]	Not enough points
2020/03/08 15:36:24 769936	INFO [input.cpp->run:173]	
frame_id 29
2020/03/08 15:36:24 772877	INFO [input.cpp->run:196]	Not enough points
2020/03/08 15:36:24 924483	INFO [input.cpp->run:173]	
frame_id 30
2020/03/08 15:36:24 930179	INFO [input.cpp->run:196]	Not enough points
2020/03/08 15:36:25 082353	INFO [input.cpp->run:173]	
frame_id 31
2020/03/08 15:36:25 085917	INFO [input.cpp->run:196]	Not enough points
2020/03/08 15:36:25 241392	INFO [input.cpp->run:173]	
frame_id 32
2020/03/08 15:36:25 285241	INFO [input.cpp->run:235]	rotation: 
[0.9999913342202831, 0.003516234340016861, 0.002228806946360494;
 -0.003514381176821195, 0.9999934760693244, -0.0008348315598846609;
 -0.002231727869177483, 0.0008269914482392046, 0.9999971677339203]
2020/03/08 15:36:25 285269	INFO [input.cpp->run:256]	frame times (ms): 51.334
2020/03/08 15:36:25 285272	INFO [input.cpp->run:257]	FPS: 19.4803
2020/03/08 15:36:25 388145	INFO [input.cpp->run:173]	
frame_id 33
2020/03/08 15:36:25 393996	INFO [input.cpp->run:196]	Not enough points
2020/03/08 15:36:25 543511	INFO [input.cpp->run:173]	
frame_id 34
2020/03/08 15:36:25 551793	INFO [input.cpp->run:235]	rotation: 
[0.999999715507505, -0.0007511586626956837, 6.888811531229626e-05;
 0.0007511685086773281, 0.9999997076465597, -0.000143012820364457;
 -6.878066985372546e-05, 0.0001430645262612276, 0.9999999874008804]
2020/03/08 15:36:25 551826	INFO [input.cpp->run:256]	frame times (ms): 15.052
2020/03/08 15:36:25 551830	INFO [input.cpp->run:257]	FPS: 66.4364
2020/03/08 15:36:25 702470	INFO [input.cpp->run:173]	
frame_id 35
2020/03/08 15:36:25 711059	INFO [input.cpp->run:235]	rotation: 
[0.9999888548499292, 0.00437402259106466, 0.001777105033498031;
 -0.004368134416495238, 0.9999850019359393, -0.003303831850862724;
 -0.001791529415515649, 0.003296032395502388, 0.9999929632716428]
2020/03/08 15:36:25 711093	INFO [input.cpp->run:256]	frame times (ms): 16.193
2020/03/08 15:36:25 711096	INFO [input.cpp->run:257]	FPS: 61.7551
2020/03/08 15:36:25 838851	INFO [input.cpp->run:173]	
frame_id 36
2020/03/08 15:36:25 841414	INFO [input.cpp->run:196]	Not enough points
2020/03/08 15:36:25 997562	INFO [input.cpp->run:173]	
frame_id 37
2020/03/08 15:36:26 000897	INFO [input.cpp->run:196]	Not enough points
2020/03/08 15:36:26 150152	INFO [input.cpp->run:173]	
frame_id 38
2020/03/08 15:36:26 153539	INFO [input.cpp->run:196]	Not enough points
2020/03/08 15:36:26 338802	INFO [input.cpp->run:173]	
frame_id 39
2020/03/08 15:36:26 342912	INFO [input.cpp->run:196]	Not enough points
2020/03/08 15:36:26 491723	INFO [input.cpp->run:173]	
frame_id 40
2020/03/08 15:36:26 494579	INFO [input.cpp->run:196]	Not enough points
2020/03/08 15:36:26 638767	INFO [input.cpp->run:173]	
frame_id 41
2020/03/08 15:36:26 641762	INFO [input.cpp->run:196]	Not enough points
2020/03/08 15:36:26 764614	INFO [input.cpp->run:173]	
frame_id 42
2020/03/08 15:36:26 765934	INFO [input.cpp->run:196]	Not enough points
2020/03/08 15:36:26 916887	INFO [input.cpp->run:173]	
frame_id 43
2020/03/08 15:36:26 920312	INFO [input.cpp->run:196]	Not enough points
2020/03/08 15:36:27 063735	INFO [input.cpp->run:173]	
frame_id 44
2020/03/08 15:36:27 069084	INFO [input.cpp->run:235]	rotation: 
[0.999979160593819, 0.005844587564358304, 0.002742111282161461;
 -0.00583127596118786, 0.9999712962916409, -0.004837645447916006;
 -0.002770306615824595, 0.004821554626654987, 0.9999845388865952]
2020/03/08 15:36:27 069126	INFO [input.cpp->run:256]	frame times (ms): 11.366
2020/03/08 15:36:27 069132	INFO [input.cpp->run:257]	FPS: 87.9817
2020/03/08 15:36:27 218381	INFO [input.cpp->run:173]	
frame_id 45
2020/03/08 15:36:27 221314	INFO [input.cpp->run:196]	Not enough points
2020/03/08 15:36:27 367377	INFO [input.cpp->run:173]	
frame_id 46
2020/03/08 15:36:27 370801	INFO [input.cpp->run:196]	Not enough points
2020/03/08 15:36:27 504722	INFO [input.cpp->run:173]	
frame_id 47
2020/03/08 15:36:27 507203	INFO [input.cpp->run:235]	rotation: 
[0.999993485234742, 0.003123538106433758, 0.001809142827861542;
 -0.003119141406766847, 0.9999921878294314, -0.002428010912609693;
 -0.001816712679137561, 0.002422352122383415, 0.9999954158721112]
2020/03/08 15:36:27 507220	INFO [input.cpp->run:256]	frame times (ms): 5.76
2020/03/08 15:36:27 507223	INFO [input.cpp->run:257]	FPS: 173.611
2020/03/08 15:36:27 654139	INFO [input.cpp->run:173]	
frame_id 48
2020/03/08 15:36:27 676331	INFO [input.cpp->run:235]	rotation: 
[0.9995965349173614, -0.009605153834631227, 0.02673028995385686;
 0.009688687194469036, 0.9999485714897106, -0.002997284793743523;
 -0.02670012587333482, 0.003255056911966901, 0.9996381884876387]
2020/03/08 15:36:27 676349	INFO [input.cpp->run:256]	frame times (ms): 29.606
2020/03/08 15:36:27 676350	INFO [input.cpp->run:257]	FPS: 33.7769
2020/03/08 15:36:27 817150	INFO [input.cpp->run:173]	
frame_id 49
2020/03/08 15:36:27 820406	INFO [input.cpp->run:196]	Not enough points
2020/03/08 15:36:27 977551	INFO [input.cpp->run:173]	
frame_id 50
2020/03/08 15:36:27 980989	INFO [input.cpp->run:196]	Not enough points
2020/03/08 15:36:28 133554	INFO [input.cpp->run:173]	
frame_id 51
2020/03/08 15:36:28 136549	INFO [input.cpp->run:196]	Not enough points
2020/03/08 15:36:28 281708	INFO [input.cpp->run:173]	
frame_id 52
2020/03/08 15:36:28 293920	INFO [input.cpp->run:235]	rotation: 
[0.9999917025634436, 0.003673473165465976, 0.00176079503862318;
 -0.003672096302569413, 0.9999929500690996, -0.0007845513647982192;
 -0.001763664653525344, 0.0007780790460821338, 0.999998142038268]
2020/03/08 15:36:28 293953	INFO [input.cpp->run:256]	frame times (ms): 18.386
2020/03/08 15:36:28 293957	INFO [input.cpp->run:257]	FPS: 54.3892
2020/03/08 15:36:28 428505	INFO [input.cpp->run:173]	
frame_id 53
2020/03/08 15:36:28 431149	INFO [input.cpp->run:196]	Not enough points
2020/03/08 15:36:28 573455	INFO [input.cpp->run:173]	
frame_id 54
2020/03/08 15:36:28 576029	INFO [input.cpp->run:196]	Not enough points
2020/03/08 15:36:28 729654	INFO [input.cpp->run:173]	
frame_id 55
2020/03/08 15:36:28 732819	INFO [input.cpp->run:196]	Not enough points
2020/03/08 15:36:28 891447	INFO [input.cpp->run:173]	
frame_id 56
2020/03/08 15:36:28 895869	INFO [input.cpp->run:196]	Not enough points
2020/03/08 15:36:29 027929	INFO [input.cpp->run:173]	
frame_id 57
2020/03/08 15:36:29 029888	INFO [input.cpp->run:196]	Not enough points
2020/03/08 15:36:29 189894	INFO [input.cpp->run:173]	
frame_id 58
2020/03/08 15:36:29 193246	INFO [input.cpp->run:196]	Not enough points
2020/03/08 15:36:29 345585	INFO [input.cpp->run:173]	
frame_id 59
2020/03/08 15:36:29 349589	INFO [input.cpp->run:196]	Not enough points
2020/03/08 15:36:29 487276	INFO [input.cpp->run:173]	
frame_id 60
2020/03/08 15:36:29 489907	INFO [input.cpp->run:196]	Not enough points
2020/03/08 15:36:29 610226	INFO [input.cpp->run:173]	
frame_id 61
2020/03/08 15:36:29 612071	INFO [input.cpp->run:196]	Not enough points
2020/03/08 15:36:29 761601	INFO [input.cpp->run:173]	
frame_id 62
2020/03/08 15:36:29 764241	INFO [input.cpp->run:196]	Not enough points
2020/03/08 15:36:29 919954	INFO [input.cpp->run:173]	
frame_id 63
2020/03/08 15:36:29 923089	INFO [input.cpp->run:196]	Not enough points
2020/03/08 15:36:30 077450	INFO [input.cpp->run:173]	
frame_id 64
2020/03/08 15:36:30 084288	INFO [input.cpp->run:196]	Not enough points
2020/03/08 15:36:30 236968	INFO [input.cpp->run:173]	
frame_id 65
2020/03/08 15:36:30 243178	INFO [input.cpp->run:196]	Not enough points
g3log g3FileSink shutdown at: 15:36:30 461037
