		g3log created log at: Mon Mar 09 15:55:42 2020
		LOG format: [YYYY/MM/DD hh:mm:ss uuu* LEVEL FILE->FUNCTION:LINE] message		(uuu*: microseconds fractions of the seconds value)

2020/03/09 15:55:42 642676	INFO [g3logger.h->logBanner:29]	Starting log.
2020/03/09 15:55:42 646197	DEBUG [main.cpp->main:48]	Filepath: /home/mitchell/KITTI/data_odometry_gray/dataset/sequences/00/
2020/03/09 15:55:42 646202	DEBUG [main.cpp->main:52]	Calibration Filepath: /home/mitchell/visual_odom_catkin_ws/tank_downsized.yaml
2020/03/09 15:55:42 646318	INFO [main.cpp->main:66]	P_left: 
[409.41, 0, 251.22, 0;
 0, 408.72, 191.78999, 0;
 0, 0, 1, 0]
2020/03/09 15:55:42 646330	INFO [main.cpp->main:67]	P_right: 
[409.41, 0, 251.22, -73.940002;
 0, 408.72, 191.78999, 0;
 0, 0, 1, 0]
2020/03/09 15:55:42 791267	INFO [input.cpp->Input:22]	frame_pose [1, 0, 0, 0;
 0, 1, 0, 0;
 0, 0, 1, 0;
 0, 0, 0, 1]
2020/03/09 15:55:43 270357	INFO [input.cpp->run:173]	
frame_id 1
2020/03/09 15:55:43 413764	WARNING [visualOdometry.cpp->trackingFrame2Frame:179]	The Estimated Rotation and translation matrices(using getTransformation function) are : 
    0.999999  -0.00062798 -0.000920445   0.00371394
 0.000627793            1 -0.000183001  -0.00471935
 0.000920564  0.000182457            1   0.00252146
           0            0            0            1
2020/03/09 15:55:43 420544	INFO [input.cpp->run:235]	rotation: 
[0.9999994039535522, -0.0006279796361923218, -0.0009204447269439697;
 0.0006277933716773987, 0.9999997615814209, -0.0001830011606216431;
 0.0009205639362335205, 0.0001824572682380676, 0.9999998807907104]
2020/03/09 15:55:43 420730	INFO [input.cpp->run:259]	frame times (ms): 662.085
2020/03/09 15:55:43 420739	INFO [input.cpp->run:260]	FPS: 1.51038
2020/03/09 15:55:43 469906	INFO [input.cpp->run:173]	
frame_id 2
2020/03/09 15:55:43 531433	WARNING [visualOdometry.cpp->trackingFrame2Frame:179]	The Estimated Rotation and translation matrices(using getTransformation function) are : 
    0.999994  -0.00127992  -0.00319142  -0.00191176
  0.00127977     0.999999 -6.16759e-05  -0.00424439
  0.00319121  5.77122e-05     0.999995  -0.00157118
           0            0            0            1
2020/03/09 15:55:43 533596	INFO [input.cpp->run:235]	rotation: 
[0.9999939203262329, -0.001279920339584351, -0.003191415220499039;
 0.001279771327972412, 0.999998927116394, -6.167590618133545e-05;
 0.003191206604242325, 5.771219730377197e-05, 0.9999950528144836]
2020/03/09 15:55:43 533682	INFO [input.cpp->run:259]	frame times (ms): 660.986
2020/03/09 15:55:43 533687	INFO [input.cpp->run:260]	FPS: 1.51289
2020/03/09 15:55:43 671641	INFO [input.cpp->run:173]	
frame_id 3
2020/03/09 15:55:43 729971	WARNING [visualOdometry.cpp->trackingFrame2Frame:179]	The Estimated Rotation and translation matrices(using getTransformation function) are : 
    0.999992  -0.00282522  -0.00292128 -0.000368625
  0.00282927     0.999995   0.00140957  -0.00163463
  0.00291696  -0.00141774     0.999995 -0.000556171
           0            0            0            1
2020/03/09 15:55:43 732090	INFO [input.cpp->run:235]	rotation: 
[0.9999920129776001, -0.002825215458869934, -0.00292128324508667;
 0.002829268574714661, 0.9999952912330627, 0.001409567892551422;
 0.002916961908340454, -0.001417737454175949, 0.9999948740005493]
2020/03/09 15:55:43 732181	INFO [input.cpp->run:259]	frame times (ms): 601.477
2020/03/09 15:55:43 732188	INFO [input.cpp->run:260]	FPS: 1.66257
2020/03/09 15:55:43 871394	INFO [input.cpp->run:173]	
frame_id 4
2020/03/09 15:55:43 969041	WARNING [visualOdometry.cpp->trackingFrame2Frame:179]	The Estimated Rotation and translation matrices(using getTransformation function) are : 
   0.999982 -0.00390931 -0.00454721 -0.00268301
 0.00391922     0.99999  0.00217655 -0.00119555
 0.00453854 -0.00219429    0.999987 -0.00244468
          0           0           0           1
2020/03/09 15:55:43 971168	INFO [input.cpp->run:235]	rotation: 
[0.9999821782112122, -0.003909308463335037, -0.004547208547592163;
 0.003919221460819244, 0.9999901652336121, 0.002176545560359955;
 0.004538536071777344, -0.002194289118051529, 0.9999874830245972]
2020/03/09 15:55:43 971232	INFO [input.cpp->run:259]	frame times (ms): 617.726
2020/03/09 15:55:43 971238	INFO [input.cpp->run:260]	FPS: 1.61884
2020/03/09 15:55:44 071391	INFO [input.cpp->run:173]	
frame_id 5
2020/03/09 15:55:44 125819	WARNING [visualOdometry.cpp->trackingFrame2Frame:179]	The Estimated Rotation and translation matrices(using getTransformation function) are : 
    0.999986  -0.00360586  -0.00403237  0.000606626
  0.00360805     0.999994  0.000526071  -0.00234987
  0.00403011 -0.000540659     0.999992  -0.00045532
           0            0            0            1
2020/03/09 15:55:44 127647	INFO [input.cpp->run:235]	rotation: 
[0.9999855756759644, -0.003605857491493225, -0.004032373428344727;
 0.003608047962188721, 0.9999935030937195, 0.0005260705947875977;
 0.004030108451843262, -0.0005406588315963745, 0.9999919533729553]
2020/03/09 15:55:44 127699	INFO [input.cpp->run:259]	frame times (ms): 578.395
2020/03/09 15:55:44 127704	INFO [input.cpp->run:260]	FPS: 1.72892
2020/03/09 15:55:44 271926	INFO [input.cpp->run:173]	
frame_id 6
2020/03/09 15:55:44 323570	WARNING [visualOdometry.cpp->trackingFrame2Frame:179]	The Estimated Rotation and translation matrices(using getTransformation function) are : 
   0.999978 -0.00427096 -0.00504544 0.000787228
 0.00427604     0.99999 0.000990916 -0.00132379
 0.00504118 -0.00101252    0.999987 0.000323296
          0           0           0           1
2020/03/09 15:55:44 325237	INFO [input.cpp->run:235]	rotation: 
[0.9999783635139465, -0.004270963370800018, -0.005045443773269653;
 0.004276040941476822, 0.9999904036521912, 0.0009909160435199738;
 0.005041182041168213, -0.001012522727251053, 0.9999869465827942]
2020/03/09 15:55:44 325295	INFO [input.cpp->run:259]	frame times (ms): 574.837
2020/03/09 15:55:44 325298	INFO [input.cpp->run:260]	FPS: 1.73962
2020/03/09 15:55:44 469977	INFO [input.cpp->run:173]	
frame_id 7
2020/03/09 15:55:44 525379	WARNING [visualOdometry.cpp->trackingFrame2Frame:179]	The Estimated Rotation and translation matrices(using getTransformation function) are : 
    0.99995 -0.00715362 -0.00696743  -0.0264812
 0.00718557    0.999964  0.00456445   0.0073922
 0.00693458 -0.00461433    0.999965  -0.0244365
          0           0           0           1
2020/03/09 15:55:44 527146	INFO [input.cpp->run:235]	rotation: 
[0.9999502301216125, -0.007153615355491638, -0.006967425346374512;
 0.007185570895671844, 0.9999638199806213, 0.004564449191093445;
 0.006934583187103271, -0.00461433082818985, 0.9999653100967407]
2020/03/09 15:55:44 527191	INFO [input.cpp->run:259]	frame times (ms): 590.255
2020/03/09 15:55:44 527195	INFO [input.cpp->run:260]	FPS: 1.69418
2020/03/09 15:55:44 669223	INFO [input.cpp->run:173]	
frame_id 8
2020/03/09 15:55:44 721059	WARNING [visualOdometry.cpp->trackingFrame2Frame:179]	The Estimated Rotation and translation matrices(using getTransformation function) are : 
    0.999973  -0.00547314   -0.0049772   0.00202823
  0.00547691     0.999985  0.000713214  -0.00156863
  0.00497296 -0.000740476     0.999987 -0.000609159
           0            0            0            1
2020/03/09 15:55:44 722736	INFO [input.cpp->run:235]	rotation: 
[0.9999725818634033, -0.005473144352436066, -0.004977196455001831;
 0.005476906895637512, 0.9999848604202271, 0.0007132142782211304;
 0.004972964525222778, -0.0007404759526252747, 0.9999873042106628]
2020/03/09 15:55:44 722789	INFO [input.cpp->run:259]	frame times (ms): 554.258
2020/03/09 15:55:44 722792	INFO [input.cpp->run:260]	FPS: 1.80421
2020/03/09 15:55:44 870945	INFO [input.cpp->run:173]	
frame_id 9
2020/03/09 15:55:44 930583	WARNING [visualOdometry.cpp->trackingFrame2Frame:179]	The Estimated Rotation and translation matrices(using getTransformation function) are : 
   0.999985 -0.00398985 -0.00379273   0.0299779
 0.00398281     0.99999 -0.00185361 -0.00872011
 0.00380021  0.00183846    0.999991   0.0234112
          0           0           0           1
2020/03/09 15:55:44 933094	INFO [input.cpp->run:235]	rotation: 
[0.9999848604202271, -0.003989852964878082, -0.003792732954025269;
 0.003982812166213989, 0.9999902844429016, -0.001853607594966888;
 0.00380021333694458, 0.001838460564613342, 0.9999911785125732]
2020/03/09 15:55:44 933162	INFO [input.cpp->run:259]	frame times (ms): 506.191
2020/03/09 15:55:44 933169	INFO [input.cpp->run:260]	FPS: 1.97554
2020/03/09 15:55:45 068602	INFO [input.cpp->run:173]	
frame_id 10
2020/03/09 15:55:45 128315	WARNING [visualOdometry.cpp->trackingFrame2Frame:179]	The Estimated Rotation and translation matrices(using getTransformation function) are : 
   0.999982 -0.00421894 -0.00422636   0.0674676
 0.00420544    0.999986 -0.00316787  -0.0187515
  0.0042398   0.0031501    0.999986   0.0566308
          0           0           0           1
2020/03/09 15:55:45 130097	INFO [input.cpp->run:235]	rotation: 
[0.9999820590019226, -0.004218943417072296, -0.004226356744766235;
 0.00420544296503067, 0.9999858140945435, -0.003167867660522461;
 0.004239797592163086, 0.003150098025798798, 0.9999861717224121]
2020/03/09 15:55:45 130172	INFO [input.cpp->run:259]	frame times (ms): 500.237
2020/03/09 15:55:45 130180	INFO [input.cpp->run:260]	FPS: 1.99905
2020/03/09 15:55:45 268644	INFO [input.cpp->run:173]	
frame_id 11
2020/03/09 15:55:45 317627	WARNING [visualOdometry.cpp->trackingFrame2Frame:179]	The Estimated Rotation and translation matrices(using getTransformation function) are : 
   0.999976 -0.00493353 -0.00497276    0.233165
 0.00491688    0.999982  -0.0033425  -0.0526809
 0.00498918  0.00331797    0.999982    0.209586
          0           0           0           1
2020/03/09 15:55:45 319355	INFO [input.cpp->run:235]	rotation: 
[0.9999755620956421, -0.00493352860212326, -0.004972755908966064;
 0.004916876554489136, 0.9999822974205017, -0.003342501819133759;
 0.004989176988601685, 0.003317974507808685, 0.9999819993972778]
2020/03/09 15:55:45 319409	INFO [input.cpp->run:259]	frame times (ms): 469.001
2020/03/09 15:55:45 319412	INFO [input.cpp->run:260]	FPS: 2.13219
2020/03/09 15:55:45 470346	INFO [input.cpp->run:173]	
frame_id 12
2020/03/09 15:55:45 516724	WARNING [visualOdometry.cpp->trackingFrame2Frame:179]	The Estimated Rotation and translation matrices(using getTransformation function) are : 
-0.742172  0.658272 -0.125935 -0.818665
 0.657112  0.677738 -0.329964  0.001819
-0.131855 -0.327643 -0.935556  -1.62785
        0         0         0         1
2020/03/09 15:55:45 518663	INFO [input.cpp->run:235]	rotation: 
[-0.7421715259552002, 0.6582719087600708, -0.1259346008300781;
 0.657111644744873, 0.6777377724647522, -0.3299637138843536;
 -0.1318552792072296, -0.3276427388191223, -0.935555636882782]
2020/03/09 15:55:45 518700	INFO [input.cpp->run:259]	frame times (ms): 460.826
2020/03/09 15:55:45 518703	INFO [input.cpp->run:260]	FPS: 2.17002
2020/03/09 15:55:45 671647	INFO [input.cpp->run:173]	
frame_id 13
2020/03/09 15:55:45 717349	WARNING [visualOdometry.cpp->trackingFrame2Frame:179]	The Estimated Rotation and translation matrices(using getTransformation function) are : 
 -0.742746   0.664974 -0.0783458    -5.4992
  0.662488   0.712861  -0.230083    1.28794
-0.0971497  -0.222796  -0.970012   -6.24272
         0          0          0          1
2020/03/09 15:55:45 719027	INFO [input.cpp->run:235]	rotation: 
[-0.7427456378936768, 0.6649743318557739, -0.07834580540657043;
 0.6624884009361267, 0.7128611207008362, -0.2300831377506256;
 -0.09714972972869873, -0.2227964401245117, -0.9700121879577637]
2020/03/09 15:55:45 719065	INFO [input.cpp->run:259]	frame times (ms): 460.586
2020/03/09 15:55:45 719072	INFO [input.cpp->run:260]	FPS: 2.17115
2020/03/09 15:55:45 869749	INFO [input.cpp->run:173]	
frame_id 14
2020/03/09 15:55:45 917178	WARNING [visualOdometry.cpp->trackingFrame2Frame:179]	The Estimated Rotation and translation matrices(using getTransformation function) are : 
    0.999915  -0.00846703  -0.00990742  0.000810385
  0.00851147     0.999954    0.0044454   0.00267185
  0.00986943  -0.00452941     0.999941 -0.000724316
           0            0            0            1
2020/03/09 15:55:45 919086	INFO [input.cpp->run:235]	rotation: 
[0.9999150633811951, -0.008467033505439758, -0.009907424449920654;
 0.008511468768119812, 0.9999538064002991, 0.004445396363735199;
 0.009869426488876343, -0.004529409110546112, 0.9999411106109619]
2020/03/09 15:55:45 919146	INFO [input.cpp->run:259]	frame times (ms): 425.765
2020/03/09 15:55:45 919149	INFO [input.cpp->run:260]	FPS: 2.34871
2020/03/09 15:55:46 070076	INFO [input.cpp->run:173]	
frame_id 15
2020/03/09 15:55:46 114396	WARNING [visualOdometry.cpp->trackingFrame2Frame:179]	The Estimated Rotation and translation matrices(using getTransformation function) are : 
   0.999964 -0.00436276 -0.00735921    0.230645
 0.00433782    0.999985 -0.00340421  -0.0548882
 0.00737393  0.00337221    0.999967    0.224673
          0           0           0           1
2020/03/09 15:55:46 116120	INFO [input.cpp->run:235]	rotation: 
[0.9999635219573975, -0.004362761974334717, -0.007359206676483154;
 0.004337824881076813, 0.9999850988388062, -0.003404214978218079;
 0.007373929023742676, 0.003372214734554291, 0.9999672174453735]
2020/03/09 15:55:46 116174	INFO [input.cpp->run:259]	frame times (ms): 427.174
2020/03/09 15:55:46 116177	INFO [input.cpp->run:260]	FPS: 2.34097
2020/03/09 15:55:46 268723	INFO [input.cpp->run:173]	
frame_id 16
2020/03/09 15:55:46 310840	WARNING [visualOdometry.cpp->trackingFrame2Frame:179]	The Estimated Rotation and translation matrices(using getTransformation function) are : 
   0.999901 -0.00994438 -0.00997227  -0.0804159
 0.00999182    0.999939  0.00471982  -0.0134436
 0.00992465 -0.00481898    0.999939  -0.0474555
          0           0           0           1
2020/03/09 15:55:46 312433	INFO [input.cpp->run:235]	rotation: 
[0.9999011754989624, -0.009944379329681396, -0.009972274303436279;
 0.009991824626922607, 0.9999393224716187, 0.004719816148281097;
 0.009924650192260742, -0.004818983376026154, 0.9999393224716187]
2020/03/09 15:55:46 312478	INFO [input.cpp->run:259]	frame times (ms): 395.661
2020/03/09 15:55:46 312481	INFO [input.cpp->run:260]	FPS: 2.52742
2020/03/09 15:55:46 470296	INFO [input.cpp->run:173]	
frame_id 17
2020/03/09 15:55:46 514527	WARNING [visualOdometry.cpp->trackingFrame2Frame:179]	The Estimated Rotation and translation matrices(using getTransformation function) are : 
   0.999938 -0.00637119  -0.0091348  0.00943092
 0.00635909    0.999979 -0.00132458 -0.00452191
 0.00914308  0.00126636    0.999957  0.00780499
          0           0           0           1
2020/03/09 15:55:46 516193	INFO [input.cpp->run:235]	rotation: 
[0.9999380707740784, -0.006371185183525085, -0.009134799242019653;
 0.006359085440635681, 0.9999791383743286, -0.001324579119682312;
 0.009143084287643433, 0.001266360282897949, 0.9999573826789856]
2020/03/09 15:55:46 516251	INFO [input.cpp->run:259]	frame times (ms): 405.194
2020/03/09 15:55:46 516254	INFO [input.cpp->run:260]	FPS: 2.46795
2020/03/09 15:55:46 669494	INFO [input.cpp->run:173]	
frame_id 18
2020/03/09 15:55:46 712746	WARNING [visualOdometry.cpp->trackingFrame2Frame:179]	The Estimated Rotation and translation matrices(using getTransformation function) are : 
    0.99992 -0.00862166 -0.00929951  0.00562823
  0.0086576    0.999956  0.00380619 0.000162184
 0.00926627 -0.00388638     0.99995  0.00224096
          0           0           0           1
2020/03/09 15:55:46 714753	INFO [input.cpp->run:235]	rotation: 
[0.9999200105667114, -0.008621662855148315, -0.009299512021243572;
 0.008657604455947876, 0.9999556541442871, 0.003806190565228462;
 0.009266266599297523, -0.003886375576257706, 0.9999495148658752]
2020/03/09 15:55:46 714825	INFO [input.cpp->run:259]	frame times (ms): 394.296
2020/03/09 15:55:46 714830	INFO [input.cpp->run:260]	FPS: 2.53617
2020/03/09 15:55:46 872540	INFO [input.cpp->run:173]	
frame_id 19
2020/03/09 15:55:46 915935	WARNING [visualOdometry.cpp->trackingFrame2Frame:179]	The Estimated Rotation and translation matrices(using getTransformation function) are : 
    0.999943  -0.00614141  -0.00871366     0.020784
  0.00613838     0.999981 -0.000367805  -0.00574324
  0.00871551  0.000314347     0.999962    0.0180659
           0            0            0            1
2020/03/09 15:55:46 917651	INFO [input.cpp->run:235]	rotation: 
[0.9999434947967529, -0.006141409277915955, -0.008713662624359131;
 0.006138384342193604, 0.9999814033508301, -0.0003678053617477417;
 0.008715510368347168, 0.0003143474459648132, 0.9999619722366333]
2020/03/09 15:55:46 917719	INFO [input.cpp->run:259]	frame times (ms): 376.611
2020/03/09 15:55:46 917725	INFO [input.cpp->run:260]	FPS: 2.65526
2020/03/09 15:55:47 070805	INFO [input.cpp->run:173]	
frame_id 20
2020/03/09 15:55:47 112379	WARNING [visualOdometry.cpp->trackingFrame2Frame:179]	The Estimated Rotation and translation matrices(using getTransformation function) are : 
   0.999953  -0.0037653 -0.00891277   0.0352829
 0.00374111    0.999989 -0.00270866     -0.0121
 0.00892296  0.00267527    0.999957   0.0334035
          0           0           0           1
2020/03/09 15:55:47 114016	INFO [input.cpp->run:235]	rotation: 
[0.9999534487724304, -0.003765299916267395, -0.008912771940231323;
 0.003741107881069183, 0.9999891519546509, -0.002708658576011658;
 0.008922964334487915, 0.002675272524356842, 0.9999568462371826]
2020/03/09 15:55:47 114064	INFO [input.cpp->run:259]	frame times (ms): 390.754
2020/03/09 15:55:47 114069	INFO [input.cpp->run:260]	FPS: 2.55915
2020/03/09 15:55:47 271720	INFO [input.cpp->run:173]	
frame_id 21
2020/03/09 15:55:47 312300	WARNING [visualOdometry.cpp->trackingFrame2Frame:179]	The Estimated Rotation and translation matrices(using getTransformation function) are : 
   0.999905 -0.00657713  -0.0120693  0.00663328
 0.00659607    0.999977   0.0015241 -0.00378281
   0.012059 -0.00160361    0.999926  0.00711995
          0           0           0           1
2020/03/09 15:55:47 313894	INFO [input.cpp->run:235]	rotation: 
[0.9999053478240967, -0.006577134132385254, -0.01206931471824646;
 0.006596066057682037, 0.9999769330024719, 0.001524098217487335;
 0.01205903291702271, -0.001603610813617706, 0.9999257922172546]
2020/03/09 15:55:47 313939	INFO [input.cpp->run:259]	frame times (ms): 380.076
2020/03/09 15:55:47 313945	INFO [input.cpp->run:260]	FPS: 2.63105
2020/03/09 15:55:47 471752	INFO [input.cpp->run:173]	
frame_id 22
2020/03/09 15:55:47 513086	WARNING [visualOdometry.cpp->trackingFrame2Frame:179]	The Estimated Rotation and translation matrices(using getTransformation function) are : 
   0.999929 -0.00466018  -0.0109792   0.0212568
 0.00462185    0.999983 -0.00351463 -0.00948137
  0.0109955  0.00346361    0.999934   0.0224034
          0           0           0           1
2020/03/09 15:55:47 514721	INFO [input.cpp->run:235]	rotation: 
[0.9999291300773621, -0.004660181701183319, -0.01097917556762695;
 0.004621848464012146, 0.9999833703041077, -0.003514625132083893;
 0.01099547743797302, 0.003463611006736755, 0.9999336004257202]
2020/03/09 15:55:47 514778	INFO [input.cpp->run:259]	frame times (ms): 368.606
2020/03/09 15:55:47 514784	INFO [input.cpp->run:260]	FPS: 2.71292
2020/03/09 15:55:47 669929	INFO [input.cpp->run:173]	
frame_id 23
2020/03/09 15:55:47 711664	WARNING [visualOdometry.cpp->trackingFrame2Frame:179]	The Estimated Rotation and translation matrices(using getTransformation function) are : 
   0.999915 -0.00622465  -0.0115029    0.010002
 0.00619885    0.999978 -0.00227188 -0.00679976
   0.011517  0.00220037    0.999931   0.0109767
          0           0           0           1
2020/03/09 15:55:47 713293	INFO [input.cpp->run:235]	rotation: 
[0.9999145269393921, -0.006224654614925385, -0.01150289177894592;
 0.006198853254318237, 0.9999781847000122, -0.002271883189678192;
 0.0115169882774353, 0.002200372517108917, 0.9999313354492188]
2020/03/09 15:55:47 713354	INFO [input.cpp->run:259]	frame times (ms): 366.53
2020/03/09 15:55:47 713359	INFO [input.cpp->run:260]	FPS: 2.72829
2020/03/09 15:55:47 871256	INFO [input.cpp->run:173]	
frame_id 24
2020/03/09 15:55:47 913757	WARNING [visualOdometry.cpp->trackingFrame2Frame:179]	The Estimated Rotation and translation matrices(using getTransformation function) are : 
   0.999887 -0.00729578   -0.013182    0.025428
 0.00727506    0.999972 -0.00162066 -0.00725582
  0.0131935  0.00152455    0.999912   0.0315147
          0           0           0           1
2020/03/09 15:55:47 915384	INFO [input.cpp->run:235]	rotation: 
[0.9998865127563477, -0.007295779883861542, -0.01318198442459106;
 0.007275063544511795, 0.9999723434448242, -0.001620657742023468;
 0.0131935179233551, 0.001524552702903748, 0.9999118447303772]
2020/03/09 15:55:47 915438	INFO [input.cpp->run:259]	frame times (ms): 376.237
2020/03/09 15:55:47 915470	INFO [input.cpp->run:260]	FPS: 2.6579
2020/03/09 15:55:48 071361	INFO [input.cpp->run:173]	
frame_id 25
2020/03/09 15:55:48 112817	WARNING [visualOdometry.cpp->trackingFrame2Frame:179]	The Estimated Rotation and translation matrices(using getTransformation function) are : 
   0.999878 -0.00423635  -0.0150421   0.0301885
  0.0041433    0.999972 -0.00621494  -0.0118456
  0.0150681  0.00615185    0.999867   0.0397491
          0           0           0           1
2020/03/09 15:55:48 114478	INFO [input.cpp->run:235]	rotation: 
[0.9998776912689209, -0.00423634797334671, -0.01504209637641907;
 0.004143301397562027, 0.9999721646308899, -0.006214942783117294;
 0.01506811380386353, 0.006151847541332245, 0.9998674392700195]
2020/03/09 15:55:48 114537	INFO [input.cpp->run:259]	frame times (ms): 392.963
2020/03/09 15:55:48 114541	INFO [input.cpp->run:260]	FPS: 2.54477
2020/03/09 15:55:48 275486	INFO [input.cpp->run:173]	
frame_id 26
2020/03/09 15:55:48 318855	WARNING [visualOdometry.cpp->trackingFrame2Frame:179]	The Estimated Rotation and translation matrices(using getTransformation function) are : 
   0.999877 -0.00689078   -0.014078   0.0101058
 0.00684477    0.999971 -0.00331519 -0.00613695
  0.0141004  0.00321842    0.999895    0.015369
          0           0           0           1
2020/03/09 15:55:48 320730	INFO [input.cpp->run:235]	rotation: 
[0.9998772144317627, -0.006890777498483658, -0.01407799124717712;
 0.006844773888587952, 0.9999711513519287, -0.003315187990665436;
 0.01410043239593506, 0.003218419849872589, 0.9998952746391296]
2020/03/09 15:55:48 320791	INFO [input.cpp->run:259]	frame times (ms): 398.936
2020/03/09 15:55:48 320797	INFO [input.cpp->run:260]	FPS: 2.50667
2020/03/09 15:55:48 470724	INFO [input.cpp->run:173]	
frame_id 27
2020/03/09 15:55:48 513160	WARNING [visualOdometry.cpp->trackingFrame2Frame:179]	The Estimated Rotation and translation matrices(using getTransformation function) are : 
   0.999866 -0.00576423  -0.0153326    0.012772
 0.00568637    0.999971  -0.0051187 -0.00673372
  0.0153615  0.00503083    0.999869   0.0206793
          0           0           0           1
2020/03/09 15:55:48 514917	INFO [input.cpp->run:235]	rotation: 
[0.9998660683631897, -0.005764231085777283, -0.01533257961273193;
 0.005686372518539429, 0.9999707937240601, -0.005118697881698608;
 0.01536151766777039, 0.005030833184719086, 0.9998693466186523]
2020/03/09 15:55:48 514974	INFO [input.cpp->run:259]	frame times (ms): 414.028
2020/03/09 15:55:48 514979	INFO [input.cpp->run:260]	FPS: 2.4153
2020/03/09 15:55:48 669386	INFO [input.cpp->run:173]	
frame_id 28
2020/03/09 15:55:48 712340	WARNING [visualOdometry.cpp->trackingFrame2Frame:179]	The Estimated Rotation and translation matrices(using getTransformation function) are : 
   0.999863 -0.00292105   -0.016304   0.0191773
 0.00276826    0.999952 -0.00938287  -0.0112663
  0.0163306  0.00933644    0.999823   0.0309613
          0           0           0           1
2020/03/09 15:55:48 714698	INFO [input.cpp->run:235]	rotation: 
[0.9998629093170166, -0.002921052277088165, -0.01630395650863647;
 0.002768255770206451, 0.999951958656311, -0.009382866322994232;
 0.01633059978485107, 0.0093364417552948, 0.9998232126235962]
2020/03/09 15:55:48 714756	INFO [input.cpp->run:259]	frame times (ms): 430.678
2020/03/09 15:55:48 714761	INFO [input.cpp->run:260]	FPS: 2.32192
2020/03/09 15:55:48 872953	INFO [input.cpp->run:173]	
frame_id 29
2020/03/09 15:55:48 914278	WARNING [visualOdometry.cpp->trackingFrame2Frame:179]	The Estimated Rotation and translation matrices(using getTransformation function) are : 
   0.999892 -0.00646207  -0.0132413  0.00581211
 0.00643034    0.999976 -0.00243715 -0.00274801
  0.0132566  0.00235171     0.99991  0.00929058
          0           0           0           1
2020/03/09 15:55:48 915981	INFO [input.cpp->run:235]	rotation: 
[0.9998917579650879, -0.006462074816226959, -0.01324132084846497;
 0.006430335342884064, 0.9999764561653137, -0.002437151968479156;
 0.01325657963752747, 0.002351708710193634, 0.9999095797538757]
2020/03/09 15:55:48 916026	INFO [input.cpp->run:259]	frame times (ms): 417.859
2020/03/09 15:55:48 916042	INFO [input.cpp->run:260]	FPS: 2.39315
2020/03/09 15:55:49 071001	INFO [input.cpp->run:173]	
frame_id 30
2020/03/09 15:55:49 113372	WARNING [visualOdometry.cpp->trackingFrame2Frame:179]	The Estimated Rotation and translation matrices(using getTransformation function) are : 
   0.999809 -0.00483899  -0.0189246  0.00575376
 0.00480114    0.999986 -0.00204477 -0.00225681
  0.0189343   0.0019535    0.999819     0.01807
          0           0           0           1
2020/03/09 15:55:49 115089	INFO [input.cpp->run:235]	rotation: 
[0.9998093247413635, -0.004838990047574043, -0.01892456412315369;
 0.004801142960786819, 0.9999863505363464, -0.002044767141342163;
 0.01893427968025208, 0.001953497529029846, 0.9998189210891724]
2020/03/09 15:55:49 115146	INFO [input.cpp->run:259]	frame times (ms): 426.654
2020/03/09 15:55:49 115150	INFO [input.cpp->run:260]	FPS: 2.34382
2020/03/09 15:55:49 269470	INFO [input.cpp->run:173]	
frame_id 31
2020/03/09 15:55:49 313402	WARNING [visualOdometry.cpp->trackingFrame2Frame:179]	The Estimated Rotation and translation matrices(using getTransformation function) are : 
    0.999937   -0.0095894  -0.00584611   -0.0820974
  0.00958505     0.999954 -0.000759423   -0.0402616
  0.00585315  0.000703305     0.999983    -0.042702
           0            0            0            1
2020/03/09 15:55:49 315072	INFO [input.cpp->run:235]	rotation: 
[0.999937117099762, -0.009589403867721558, -0.005846112966537476;
 0.009585052728652954, 0.9999539852142334, -0.000759422779083252;
 0.005853146314620972, 0.0007033050060272217, 0.9999827146530151]
2020/03/09 15:55:49 315120	INFO [input.cpp->run:259]	frame times (ms): 469.482
2020/03/09 15:55:49 315125	INFO [input.cpp->run:260]	FPS: 2.13001
2020/03/09 15:55:49 471134	INFO [input.cpp->run:173]	
frame_id 32
2020/03/09 15:55:49 518721	WARNING [visualOdometry.cpp->trackingFrame2Frame:179]	The Estimated Rotation and translation matrices(using getTransformation function) are : 
   0.999914 -0.00563781  -0.0118701  0.00644642
 0.00557887    0.999972 -0.00499181 -0.00314289
  0.0118977  0.00492515    0.999918   0.0103543
          0           0           0           1
2020/03/09 15:55:49 520479	INFO [input.cpp->run:235]	rotation: 
[0.9999141693115234, -0.005637806840240955, -0.01187014579772949;
 0.00557886715978384, 0.999972403049469, -0.004991805180907249;
 0.0118977427482605, 0.004925147630274296, 0.9999175071716309]
2020/03/09 15:55:49 520523	INFO [input.cpp->run:259]	frame times (ms): 498.142
2020/03/09 15:55:49 520527	INFO [input.cpp->run:260]	FPS: 2.00746
2020/03/09 15:55:49 670297	INFO [input.cpp->run:173]	
frame_id 33
2020/03/09 15:55:49 717616	WARNING [visualOdometry.cpp->trackingFrame2Frame:179]	The Estimated Rotation and translation matrices(using getTransformation function) are : 
   0.999875 -0.00538942  -0.0148896   0.0191551
 0.00528824    0.999963 -0.00683552  0.00495636
  0.0149261  0.00675598    0.999866   0.0324255
          0           0           0           1
2020/03/09 15:55:49 719578	INFO [input.cpp->run:235]	rotation: 
[0.9998746514320374, -0.005389422178268433, -0.01488960534334183;
 0.005288243293762207, 0.9999628067016602, -0.006835520267486572;
 0.01492605358362198, 0.006755977869033813, 0.999865710735321]
2020/03/09 15:55:49 719628	INFO [input.cpp->run:259]	frame times (ms): 513.08
2020/03/09 15:55:49 719632	INFO [input.cpp->run:260]	FPS: 1.94901
2020/03/09 15:55:49 870883	INFO [input.cpp->run:173]	
frame_id 34
2020/03/09 15:55:49 921657	WARNING [visualOdometry.cpp->trackingFrame2Frame:179]	The Estimated Rotation and translation matrices(using getTransformation function) are : 
   0.999951 -0.00762087 -0.00631303  0.00629252
 0.00760889    0.999969 -0.00192262 0.000182152
 0.00632751  0.00187453    0.999978  0.00464392
          0           0           0           1
2020/03/09 15:55:49 923778	INFO [input.cpp->run:235]	rotation: 
[0.9999510049819946, -0.007620871067047119, -0.006313025951385498;
 0.007608890533447266, 0.9999691247940063, -0.001922622323036194;
 0.006327509880065918, 0.001874528825283051, 0.9999783039093018]
2020/03/09 15:55:49 923840	INFO [input.cpp->run:259]	frame times (ms): 536.641
2020/03/09 15:55:49 923845	INFO [input.cpp->run:260]	FPS: 1.86344
2020/03/09 15:55:50 068974	INFO [input.cpp->run:173]	
frame_id 35
2020/03/09 15:55:50 117797	WARNING [visualOdometry.cpp->trackingFrame2Frame:179]	The Estimated Rotation and translation matrices(using getTransformation function) are : 
    0.999953   -0.0073624  -0.00629646    -0.802484
   0.0073621     0.999973 -6.94096e-05    -0.295923
  0.00629669  2.30521e-05      0.99998      -0.4412
           0            0            0            1
2020/03/09 15:55:50 119750	INFO [input.cpp->run:235]	rotation: 
[0.999953031539917, -0.007362395524978638, -0.006296455860137939;
 0.007362097501754761, 0.999972939491272, -6.940960884094238e-05;
 0.006296694278717041, 2.305209636688232e-05, 0.9999803304672241]
2020/03/09 15:55:50 119810	INFO [input.cpp->run:259]	frame times (ms): 535.987
2020/03/09 15:55:50 119818	INFO [input.cpp->run:260]	FPS: 1.86572
2020/03/09 15:55:50 269262	INFO [input.cpp->run:173]	
frame_id 36
2020/03/09 15:55:50 322995	WARNING [visualOdometry.cpp->trackingFrame2Frame:179]	The Estimated Rotation and translation matrices(using getTransformation function) are : 
    0.999954  -0.00785649  -0.00545475   -0.0269221
  0.00785351     0.999969 -0.000599146    -0.012195
  0.00545931  0.000556335     0.999985   -0.0156651
           0            0            0            1
2020/03/09 15:55:50 324764	INFO [input.cpp->run:235]	rotation: 
[0.9999542832374573, -0.007856488227844238, -0.005454748868942261;
 0.007853507995605469, 0.999968945980072, -0.0005991458892822266;
 0.005459308624267578, 0.0005563348531723022, 0.9999850392341614]
2020/03/09 15:55:50 324822	INFO [input.cpp->run:259]	frame times (ms): 575.046
2020/03/09 15:55:50 324827	INFO [input.cpp->run:260]	FPS: 1.73899
2020/03/09 15:55:50 470165	INFO [input.cpp->run:173]	
frame_id 37
2020/03/09 15:55:50 520190	WARNING [visualOdometry.cpp->trackingFrame2Frame:179]	The Estimated Rotation and translation matrices(using getTransformation function) are : 
    0.999948  -0.00866047  -0.00546089   0.00421131
  0.00866194     0.999963  0.000260442   0.00239682
  0.00545824 -0.000307821     0.999985   0.00184309
           0            0            0            1
2020/03/09 15:55:50 521926	INFO [input.cpp->run:235]	rotation: 
[0.999947726726532, -0.008660465478897095, -0.005460888147354126;
 0.008661940693855286, 0.9999625682830811, 0.0002604424953460693;
 0.005458235740661621, -0.000307820737361908, 0.9999852776527405]
2020/03/09 15:55:50 521992	INFO [input.cpp->run:259]	frame times (ms): 555.003
2020/03/09 15:55:50 521996	INFO [input.cpp->run:260]	FPS: 1.80179
2020/03/09 15:55:50 671921	INFO [input.cpp->run:173]	
frame_id 38
2020/03/09 15:55:50 723525	WARNING [visualOdometry.cpp->trackingFrame2Frame:179]	The Estimated Rotation and translation matrices(using getTransformation function) are : 
    0.999954  -0.00794515  -0.00542465  -0.00298434
  0.00794089     0.999968 -0.000797316  -0.00211042
  0.00543085  0.000754237     0.999985  -0.00225061
           0            0            0            1
2020/03/09 15:55:50 725772	INFO [input.cpp->run:235]	rotation: 
[0.99995356798172, -0.007945150136947632, -0.005424648523330688;
 0.007940888404846191, 0.9999679327011108, -0.0007973164319992065;
 0.005430847406387329, 0.000754237174987793, 0.9999848604202271]
2020/03/09 15:55:50 725842	INFO [input.cpp->run:259]	frame times (ms): 565.094
2020/03/09 15:55:50 725847	INFO [input.cpp->run:260]	FPS: 1.76962
2020/03/09 15:55:50 872398	INFO [input.cpp->run:173]	
frame_id 39
2020/03/09 15:55:50 925544	WARNING [visualOdometry.cpp->trackingFrame2Frame:179]	The Estimated Rotation and translation matrices(using getTransformation function) are : 
    0.999951  -0.00764763    -0.006365  -0.00906512
    0.007644     0.999971 -0.000598937  -0.00475168
  0.00636944  0.000550285      0.99998  -0.00520861
           0            0            0            1
2020/03/09 15:55:50 927976	INFO [input.cpp->run:235]	rotation: 
[0.999950647354126, -0.00764763355255127, -0.006365001201629639;
 0.007643997669219971, 0.9999707341194153, -0.0005989372730255127;
 0.006369441747665405, 0.0005502849817276001, 0.9999796152114868]
2020/03/09 15:55:50 928042	INFO [input.cpp->run:259]	frame times (ms): 591.546
2020/03/09 15:55:50 928046	INFO [input.cpp->run:260]	FPS: 1.69049
2020/03/09 15:55:51 072205	INFO [input.cpp->run:173]	
frame_id 40
2020/03/09 15:55:51 125821	WARNING [visualOdometry.cpp->trackingFrame2Frame:179]	The Estimated Rotation and translation matrices(using getTransformation function) are : 
    0.999941  -0.00874898   -0.0064369   0.00341064
  0.00874677     0.999962 -0.000358768   0.00282848
  0.00643962  0.000302378     0.999979    0.0029217
           0            0            0            1
2020/03/09 15:55:51 128129	INFO [input.cpp->run:235]	rotation: 
[0.9999409317970276, -0.00874897837638855, -0.006436897441744804;
 0.00874677300453186, 0.9999616146087646, -0.0003587678074836731;
 0.006439622491598129, 0.0003023780882358551, 0.9999792575836182]
2020/03/09 15:55:51 128199	INFO [input.cpp->run:259]	frame times (ms): 587.09
2020/03/09 15:55:51 128204	INFO [input.cpp->run:260]	FPS: 1.70332
2020/03/09 15:55:51 271612	INFO [input.cpp->run:173]	
frame_id 41
2020/03/09 15:55:51 327036	WARNING [visualOdometry.cpp->trackingFrame2Frame:179]	The Estimated Rotation and translation matrices(using getTransformation function) are : 
   0.999928 -0.00799587 -0.00900172  0.00178292
 0.00797266    0.999965 -0.00259539  0.00168157
 0.00902225  0.00252347    0.999956  0.00468886
          0           0           0           1
2020/03/09 15:55:51 328958	INFO [input.cpp->run:235]	rotation: 
[0.9999276399612427, -0.007995873689651489, -0.0090017169713974;
 0.007972657680511475, 0.9999648928642273, -0.002595394849777222;
 0.009022250771522522, 0.002523466944694519, 0.9999563097953796]
2020/03/09 15:55:51 329019	INFO [input.cpp->run:259]	frame times (ms): 611.904
2020/03/09 15:55:51 329023	INFO [input.cpp->run:260]	FPS: 1.63424
2020/03/09 15:55:51 471184	INFO [input.cpp->run:173]	
frame_id 42
2020/03/09 15:55:51 530450	WARNING [visualOdometry.cpp->trackingFrame2Frame:179]	The Estimated Rotation and translation matrices(using getTransformation function) are : 
    0.999932  -0.00892287  -0.00751019   0.00178578
  0.00892305      0.99996 -9.67085e-06   0.00408712
  0.00750999 -5.73546e-05     0.999972   0.00312972
           0            0            0            1
2020/03/09 15:55:51 532662	INFO [input.cpp->run:235]	rotation: 
[0.9999320507049561, -0.008922874927520752, -0.007510185241699219;
 0.008923053741455078, 0.9999602437019348, -9.670853614807129e-06;
 0.007509991526603699, -5.735456943511963e-05, 0.999971866607666]
2020/03/09 15:55:51 532731	INFO [input.cpp->run:259]	frame times (ms): 619.119
2020/03/09 15:55:51 532736	INFO [input.cpp->run:260]	FPS: 1.6152
2020/03/09 15:55:51 671731	INFO [input.cpp->run:173]	
frame_id 43
2020/03/09 15:55:51 727247	WARNING [visualOdometry.cpp->trackingFrame2Frame:179]	The Estimated Rotation and translation matrices(using getTransformation function) are : 
   0.999931 -0.00757694 -0.00897746  0.00124049
 0.00755307    0.999968 -0.00267905  0.00165913
 0.00899758   0.0026112    0.999956  0.00484836
          0           0           0           1
2020/03/09 15:55:51 729006	INFO [input.cpp->run:235]	rotation: 
[0.9999309778213501, -0.007576942443847656, -0.008977457880973816;
 0.007553070783615112, 0.9999679327011108, -0.002679049968719482;
 0.008997581899166107, 0.002611204981803894, 0.9999563694000244]
2020/03/09 15:55:51 729082	INFO [input.cpp->run:259]	frame times (ms): 631.555
2020/03/09 15:55:51 729089	INFO [input.cpp->run:260]	FPS: 1.58339
2020/03/09 15:55:51 871557	INFO [input.cpp->run:173]	
frame_id 44
2020/03/09 15:55:51 929520	WARNING [visualOdometry.cpp->trackingFrame2Frame:179]	The Estimated Rotation and translation matrices(using getTransformation function) are : 
   0.999872 -0.00947182  -0.0129112 -0.00335249
 0.00938451    0.999933 -0.00680505 0.000135928
  0.0129747  0.00668311    0.999893  0.00941688
          0           0           0           1
2020/03/09 15:55:51 931520	INFO [input.cpp->run:235]	rotation: 
[0.9998717308044434, -0.009471818804740906, -0.01291117072105408;
 0.009384505450725555, 0.9999326467514038, -0.006805047392845154;
 0.01297467947006226, 0.006683111190795898, 0.9998934268951416]
2020/03/09 15:55:51 931593	INFO [input.cpp->run:259]	frame times (ms): 643.489
2020/03/09 15:55:51 931597	INFO [input.cpp->run:260]	FPS: 1.55403
2020/03/09 15:55:52 070387	INFO [input.cpp->run:173]	
frame_id 45
2020/03/09 15:55:52 127789	WARNING [visualOdometry.cpp->trackingFrame2Frame:179]	The Estimated Rotation and translation matrices(using getTransformation function) are : 
   0.999892 -0.00831991  -0.0121106 -0.00267082
  0.0082802     0.99996 -0.00330558  0.00165369
  0.0121376  0.00320494    0.999922   0.0065574
          0           0           0           1
2020/03/09 15:55:52 129717	INFO [input.cpp->run:235]	rotation: 
[0.9998921751976013, -0.008319906890392303, -0.01211057603359222;
 0.008280202746391296, 0.9999603629112244, -0.003305584192276001;
 0.01213763654232025, 0.003204941749572754, 0.9999215006828308]
2020/03/09 15:55:52 129780	INFO [input.cpp->run:259]	frame times (ms): 655.355
2020/03/09 15:55:52 129785	INFO [input.cpp->run:260]	FPS: 1.52589
2020/03/09 15:55:52 270038	INFO [input.cpp->run:173]	
frame_id 46
2020/03/09 15:55:52 327773	WARNING [visualOdometry.cpp->trackingFrame2Frame:179]	The Estimated Rotation and translation matrices(using getTransformation function) are : 
    0.999948   -0.0066717  -0.00774145   0.00127676
  0.00666463     0.999977 -0.000927418   0.00240617
  0.00774756  0.000875384      0.99997   0.00291938
           0            0            0            1
2020/03/09 15:55:52 329502	INFO [input.cpp->run:235]	rotation: 
[0.9999480247497559, -0.006671696901321411, -0.007741451263427734;
 0.006664633750915527, 0.9999774694442749, -0.0009274184703826904;
 0.007747560739517212, 0.0008753836154937744, 0.9999696016311646]
2020/03/09 15:55:52 329556	INFO [input.cpp->run:259]	frame times (ms): 682.165
2020/03/09 15:55:52 329561	INFO [input.cpp->run:260]	FPS: 1.46592
2020/03/09 15:55:52 471479	INFO [input.cpp->run:173]	
frame_id 47
2020/03/09 15:55:52 536309	WARNING [visualOdometry.cpp->trackingFrame2Frame:179]	The Estimated Rotation and translation matrices(using getTransformation function) are : 
   0.999929 -0.00542657  -0.0105754  0.00223914
 0.00536184    0.999967 -0.00612858 -0.00310142
  0.0106082  0.00607151    0.999925   0.0103332
          0           0           0           1
2020/03/09 15:55:52 539130	INFO [input.cpp->run:235]	rotation: 
[0.9999291896820068, -0.005426570773124695, -0.01057535409927368;
