		g3log created log at: Mon Mar 09 13:03:48 2020
		LOG format: [YYYY/MM/DD hh:mm:ss uuu* LEVEL FILE->FUNCTION:LINE] message		(uuu*: microseconds fractions of the seconds value)

2020/03/09 13:03:48 385978	INFO [g3logger.h->logBanner:29]	Starting log.
2020/03/09 13:03:48 390444	DEBUG [main.cpp->main:48]	Filepath: /home/mitchell/KITTI/data_odometry_gray/dataset/sequences/00/
2020/03/09 13:03:48 390568	DEBUG [main.cpp->main:52]	Calibration Filepath: /home/mitchell/visual_odom_catkin_ws/tank_downsized.yaml
2020/03/09 13:03:48 390741	INFO [main.cpp->main:66]	P_left: 
[409.41, 0, 251.22, 0;
 0, 408.72, 191.78999, 0;
 0, 0, 1, 0]
2020/03/09 13:03:48 390931	INFO [main.cpp->main:67]	P_right: 
[409.41, 0, 251.22, -73.940002;
 0, 408.72, 191.78999, 0;
 0, 0, 1, 0]
2020/03/09 13:03:48 530830	INFO [input.cpp->Input:22]	frame_pose [1, 0, 0, 0;
 0, 1, 0, 0;
 0, 0, 1, 0;
 0, 0, 0, 1]
2020/03/09 13:03:59 862894	INFO [input.cpp->run:173]	
frame_id 1
2020/03/09 13:03:59 946348	INFO [input.cpp->run:235]	rotation: 
[0.9993220679659449, 0.008261173079284794, -0.03587697723640294;
 -0.008200958887244661, 0.9999647058538641, 0.001825190380403811;
 0.03589078920276061, -0.001529727410062333, 0.999354547287625]
2020/03/09 13:03:59 946465	INFO [input.cpp->run:256]	frame times (ms): 125.963
2020/03/09 13:03:59 946471	INFO [input.cpp->run:257]	FPS: 7.93884
2020/03/09 13:03:59 954580	INFO [input.cpp->run:173]	
frame_id 2
2020/03/09 13:03:59 970542	INFO [input.cpp->run:235]	rotation: 
[0.9974239424436824, 0.01343981106659461, -0.0704616953996715;
 -0.01340953738188789, 0.9999096806696369, 0.0009026684599277629;
 0.07046746304008396, 4.451560443237602e-05, 0.9975140774300157]
2020/03/09 13:03:59 970604	INFO [input.cpp->run:256]	frame times (ms): 72.324
2020/03/09 13:03:59 970608	INFO [input.cpp->run:257]	FPS: 13.8267
2020/03/09 13:03:59 992310	INFO [input.cpp->run:173]	
frame_id 3
2020/03/09 13:04:00 023297	INFO [input.cpp->run:235]	rotation: 
[0.9993183530786872, 0.009277765218728558, -0.03573167044298808;
 -0.009261704572829684, 0.999956920387572, 0.0006149775676536684;
 0.03573583675396147, -0.0002836221945513347, 0.9993612307518963]
2020/03/09 13:04:00 023356	INFO [input.cpp->run:256]	frame times (ms): 86.667
2020/03/09 13:04:00 023359	INFO [input.cpp->run:257]	FPS: 11.5384
2020/03/09 13:04:00 035035	INFO [input.cpp->run:173]	
frame_id 4
2020/03/09 13:04:00 064313	INFO [input.cpp->run:235]	rotation: 
[0.9993033702725157, 0.00697260250272189, -0.03666274643736434;
 -0.006969135807024107, 0.99997569055696, 0.0002223538491961749;
 0.03666340557142352, 3.330870808567707e-05, 0.9993276707779262]
2020/03/09 13:04:00 064369	INFO [input.cpp->run:256]	frame times (ms): 81.277
2020/03/09 13:04:00 064373	INFO [input.cpp->run:257]	FPS: 12.3036
2020/03/09 13:04:00 080356	INFO [input.cpp->run:173]	
frame_id 5
2020/03/09 13:04:00 111337	INFO [input.cpp->run:235]	rotation: 
[0.9992951734195499, 0.008039413350687336, -0.03666775440858803;
 -0.008031326781474824, 0.9999676807240077, 0.0003678281913636559;
 0.03666952645618569, -7.307821827910916e-05, 0.9993274440787929]
2020/03/09 13:04:00 111395	INFO [input.cpp->run:256]	frame times (ms): 82.6
2020/03/09 13:04:00 111401	INFO [input.cpp->run:257]	FPS: 12.1065
2020/03/09 13:04:00 124466	INFO [input.cpp->run:173]	
frame_id 6
2020/03/09 13:04:00 153765	INFO [input.cpp->run:235]	rotation: 
[0.999284836748173, 0.006847466285150382, -0.03718772983997351;
 -0.006838836229343666, 0.9999765503477445, 0.0003592682187775429;
 0.037189317877656, -0.0001046904892332685, 0.9993082325667572]
2020/03/09 13:04:00 153835	INFO [input.cpp->run:256]	frame times (ms): 81.387
2020/03/09 13:04:00 153839	INFO [input.cpp->run:257]	FPS: 12.287
2020/03/09 13:04:00 168919	INFO [input.cpp->run:173]	
frame_id 7
2020/03/09 13:04:00 199553	INFO [input.cpp->run:235]	rotation: 
[0.9993022513765728, 0.01161179165304904, -0.03549896742609553;
 -0.01152265976114304, 0.9999299277363752, 0.002714392962761533;
 0.03552799889863972, -0.002303456475285527, 0.9993660267302089]
2020/03/09 13:04:00 199606	INFO [input.cpp->run:256]	frame times (ms): 86.194
2020/03/09 13:04:00 199611	INFO [input.cpp->run:257]	FPS: 11.6017
2020/03/09 13:04:00 211816	INFO [input.cpp->run:173]	
frame_id 8
2020/03/09 13:04:00 235936	INFO [input.cpp->run:235]	rotation: 
[0.9992816063649385, 0.006543297926202255, -0.03732902935996433;
 -0.006532071484325675, 0.9999785764553016, 0.0004226967614650032;
 0.037330995470678, -0.0001785572105822267, 0.9993029395005755]
2020/03/09 13:04:00 235994	INFO [input.cpp->run:256]	frame times (ms): 72.084
2020/03/09 13:04:00 236000	INFO [input.cpp->run:257]	FPS: 13.8727
2020/03/09 13:04:00 252843	INFO [input.cpp->run:173]	
frame_id 9
2020/03/09 13:04:00 280440	INFO [input.cpp->run:235]	rotation: 
[0.9992471204288962, 0.01157331303792067, -0.03703040291281445;
 -0.01156782173009364, 0.9999330247862488, 0.0003625496435152502;
 0.03703211869418026, 6.608441219384148e-05, 0.9993140736614644]
2020/03/09 13:04:00 280491	INFO [input.cpp->run:256]	frame times (ms): 80.213
2020/03/09 13:04:00 280496	INFO [input.cpp->run:257]	FPS: 12.4668
2020/03/09 13:04:00 292659	INFO [input.cpp->run:173]	
frame_id 10
2020/03/09 13:04:00 322983	INFO [input.cpp->run:235]	rotation: 
[0.9992607524188313, 0.005272941037330212, -0.03808076638104815;
 -0.005241248509615086, 0.9999858302172933, 0.0009320293403313303;
 0.03808514132061985, -0.0007317495798562433, 0.9992742299054553]
2020/03/09 13:04:00 323038	INFO [input.cpp->run:256]	frame times (ms): 80.729
2020/03/09 13:04:00 323043	INFO [input.cpp->run:257]	FPS: 12.3871
2020/03/09 13:04:00 333590	INFO [input.cpp->run:173]	
frame_id 11
2020/03/09 13:04:00 359713	INFO [input.cpp->run:235]	rotation: 
[0.9992890105190818, 0.006191616054824356, -0.03719055453235458;
 -0.006139617890669863, 0.9999800089704329, 0.001512200928950097;
 0.03719917402242912, -0.001282789976025802, 0.9993070478596288]
2020/03/09 13:04:00 359746	INFO [input.cpp->run:256]	frame times (ms): 73.37
2020/03/09 13:04:00 359749	INFO [input.cpp->run:257]	FPS: 13.6295
2020/03/09 13:04:00 372679	INFO [input.cpp->run:173]	
frame_id 12
2020/03/09 13:04:00 401140	INFO [input.cpp->run:235]	rotation: 
[0.9993208105848764, 0.01128629806017881, -0.03507901093363717;
 -0.0111893239378945, 0.9999330178266935, 0.002959542162949339;
 0.03511006354022011, -0.002565021656481243, 0.9993801599502081]
2020/03/09 13:04:00 401175	INFO [input.cpp->run:256]	frame times (ms): 75.427
2020/03/09 13:04:00 401177	INFO [input.cpp->run:257]	FPS: 13.2579
2020/03/09 13:04:00 413765	INFO [input.cpp->run:173]	
frame_id 13
2020/03/09 13:04:00 440444	INFO [input.cpp->run:235]	rotation: 
[0.9993008643960846, 0.005267291548310654, -0.03701402513890213;
 -0.005221778244033162, 0.9999854870221011, 0.001326188953879225;
 0.03702047337904157, -0.001131982736769632, 0.9993138661931372]
2020/03/09 13:04:00 440472	INFO [input.cpp->run:256]	frame times (ms): 80.626
2020/03/09 13:04:00 440474	INFO [input.cpp->run:257]	FPS: 12.4029
2020/03/09 13:04:00 452975	INFO [input.cpp->run:173]	
frame_id 14
2020/03/09 13:04:00 475611	INFO [input.cpp->run:235]	rotation: 
[0.9991836586152811, 0.01156489845244973, -0.03870748609721132;
 -0.01140451211856556, 0.9999254531381535, 0.004361796624763127;
 0.03875504431062843, -0.003916795915391752, 0.999241064633674]
2020/03/09 13:04:00 475635	INFO [input.cpp->run:256]	frame times (ms): 76.085
2020/03/09 13:04:00 475638	INFO [input.cpp->run:257]	FPS: 13.1432
2020/03/09 13:04:00 492607	INFO [input.cpp->run:173]	
frame_id 15
2020/03/09 13:04:00 509521	INFO [input.cpp->run:235]	rotation: 
[0.9992109961296324, 0.01345549395342032, -0.03736756476005967;
 -0.01321287555637482, 0.9998900430232301, 0.006732145462981448;
 0.03745404027818009, -0.006233100791135831, 0.9992789116764988]
2020/03/09 13:04:00 509565	INFO [input.cpp->run:256]	frame times (ms): 65.455
2020/03/09 13:04:00 509570	INFO [input.cpp->run:257]	FPS: 15.2777
2020/03/09 13:04:00 536590	INFO [input.cpp->run:173]	
frame_id 16
2020/03/09 13:04:00 554171	INFO [input.cpp->run:235]	rotation: 
[0.9993771101737073, 0.008289021541908642, -0.03430282470478638;
 -0.008241607532929339, 0.9999648769814128, 0.001523387285329943;
 0.03431424727606144, -0.001239727964400685, 0.9994103238952715]
2020/03/09 13:04:00 554222	INFO [input.cpp->run:256]	frame times (ms): 65.614
2020/03/09 13:04:00 554225	INFO [input.cpp->run:257]	FPS: 15.2407
2020/03/09 13:04:00 579488	INFO [input.cpp->run:173]	
frame_id 17
2020/03/09 13:04:00 608275	INFO [input.cpp->run:235]	rotation: 
[0.9994296691941885, 0.01079725562475162, -0.03199618110601037;
 -0.0107744487063921, 0.99994156218777, 0.0008851353316752443;
 0.03200386835162541, -0.0005398892996011371, 0.9994875991877418]
2020/03/09 13:04:00 608329	INFO [input.cpp->run:256]	frame times (ms): 82.692
2020/03/09 13:04:00 608334	INFO [input.cpp->run:257]	FPS: 12.0931
2020/03/09 13:04:00 624392	INFO [input.cpp->run:173]	
frame_id 18
2020/03/09 13:04:00 645962	INFO [input.cpp->run:235]	rotation: 
[0.9994766470578923, 0.00915547716260187, -0.03102594436658671;
 -0.009138498561155084, 0.9999580056818086, 0.0006889970304038739;
 0.03103094954978375, -0.0004051058938283782, 0.999518342032428]
2020/03/09 13:04:00 646001	INFO [input.cpp->run:256]	frame times (ms): 72.8
2020/03/09 13:04:00 646005	INFO [input.cpp->run:257]	FPS: 13.7363
2020/03/09 13:04:00 668245	INFO [input.cpp->run:173]	
frame_id 19
2020/03/09 13:04:00 686199	INFO [input.cpp->run:235]	rotation: 
[0.9995496683647775, 0.006107479393396075, -0.02937957057757072;
 -0.006045946183080636, 0.9999793407469056, 0.002182799609499236;
 0.02939229502122129, -0.002004189323187715, 0.9995659439069252]
2020/03/09 13:04:00 686228	INFO [input.cpp->run:256]	frame times (ms): 71.682
2020/03/09 13:04:00 686230	INFO [input.cpp->run:257]	FPS: 13.9505
2020/03/09 13:04:00 710511	INFO [input.cpp->run:173]	
frame_id 20
2020/03/09 13:04:00 736845	INFO [input.cpp->run:235]	rotation: 
[0.9996035619257173, 0.005137189211614518, -0.0276826348533301;
 -0.005137016590653114, 0.9999868024514518, 7.735288326001793e-05;
 0.02768266688681005, 6.488393688261073e-05, 0.9996167594353892]
2020/03/09 13:04:00 736889	INFO [input.cpp->run:256]	frame times (ms): 75.945
2020/03/09 13:04:00 736894	INFO [input.cpp->run:257]	FPS: 13.1674
2020/03/09 13:04:00 755249	INFO [input.cpp->run:173]	
frame_id 21
2020/03/09 13:04:00 770962	INFO [input.cpp->run:235]	rotation: 
[0.9996207254792281, 0.006863809094997192, -0.02667008280994103;
 -0.006889768667532965, 0.9999758766537916, -0.0008815884463811245;
 0.02666338838350368, 0.001065004783250046, 0.999643901339233]
2020/03/09 13:04:00 770984	INFO [input.cpp->run:256]	frame times (ms): 70.181
2020/03/09 13:04:00 770990	INFO [input.cpp->run:257]	FPS: 14.2489
2020/03/09 13:04:00 797824	INFO [input.cpp->run:173]	
frame_id 22
2020/03/09 13:04:00 812455	INFO [input.cpp->run:235]	rotation: 
[0.99965207420494, 0.004362083444675389, -0.02601351121595895;
 -0.004371571836856668, 0.9999903972356327, -0.0003078899102568916;
 0.02601191837286006, 0.0004215027204245157, 0.9996615439427589]
2020/03/09 13:04:00 812484	INFO [input.cpp->run:256]	frame times (ms): 66.821
2020/03/09 13:04:00 812487	INFO [input.cpp->run:257]	FPS: 14.9654
2020/03/09 13:04:00 841917	INFO [input.cpp->run:173]	
frame_id 23
2020/03/09 13:04:00 852820	INFO [input.cpp->run:235]	rotation: 
[0.9996574984533169, 0.001743362628752334, -0.02611219011882218;
 -0.001717775139747912, 0.9999980223145533, 0.001002305118974877;
 0.02611388585841083, -0.0009571069568908957, 0.9996585161502136]
2020/03/09 13:04:00 852861	INFO [input.cpp->run:256]	frame times (ms): 60.832
2020/03/09 13:04:00 852865	INFO [input.cpp->run:257]	FPS: 16.4387
2020/03/09 13:04:00 887042	INFO [input.cpp->run:173]	
frame_id 24
2020/03/09 13:04:00 900667	INFO [input.cpp->run:235]	rotation: 
[0.999706989034357, 0.004315856903104815, -0.02381825885853287;
 -0.004301101461823303, 0.999990525301413, 0.0006706963689390072;
 0.02382092781726309, -0.0005680550995537695, 0.9997160800503954]
2020/03/09 13:04:00 900691	INFO [input.cpp->run:256]	frame times (ms): 67.744
2020/03/09 13:04:00 900694	INFO [input.cpp->run:257]	FPS: 14.7615
2020/03/09 13:04:00 932323	INFO [input.cpp->run:173]	
frame_id 25
2020/03/09 13:04:00 945800	INFO [input.cpp->run:235]	rotation: 
[0.9996996423823891, 0.006003276027416834, -0.02376101213042235;
 -0.006000629768379183, 0.9999819793747553, 0.0001826694539648457;
 0.02376168055728124, -4.00335510862114e-05, 0.9997176506066143]
2020/03/09 13:04:00 945831	INFO [input.cpp->run:256]	frame times (ms): 68.911
2020/03/09 13:04:00 945834	INFO [input.cpp->run:257]	FPS: 14.5115
2020/03/09 13:04:00 976827	INFO [input.cpp->run:173]	
frame_id 26
2020/03/09 13:04:00 988180	INFO [input.cpp->run:235]	rotation: 
[0.9997170887150266, 0.005339813276648256, -0.02317819935460993;
 -0.005336517700071476, 0.9999857398723616, 0.0002040361792279673;
 0.02317895834562746, -8.028758397865973e-05, 0.9997313286298052]
2020/03/09 13:04:00 988211	INFO [input.cpp->run:256]	frame times (ms): 59.496
2020/03/09 13:04:00 988215	INFO [input.cpp->run:257]	FPS: 16.8079
2020/03/09 13:04:01 021749	INFO [input.cpp->run:173]	
frame_id 27
2020/03/09 13:04:01 031968	INFO [input.cpp->run:235]	rotation: 
[0.999701909161927, 0.003588928019260223, -0.02414979117240569;
 -0.003609192615426634, 0.9999931703623293, -0.0007955861752901233;
 0.02414677093656593, 0.0008825102663039137, 0.999708034692613]
2020/03/09 13:04:01 031998	INFO [input.cpp->run:256]	frame times (ms): 61.318
2020/03/09 13:04:01 032004	INFO [input.cpp->run:257]	FPS: 16.3084
2020/03/09 13:04:01 066614	INFO [input.cpp->run:173]	
frame_id 28
2020/03/09 13:04:01 077320	INFO [input.cpp->run:235]	rotation: 
[0.9997418432974871, 0.005044743993239636, -0.02215394588296993;
 -0.00505502920022572, 0.9999871399094451, -0.0004082836181422387;
 0.02215160129488957, 0.0005201670603283224, 0.9997544878550442]
2020/03/09 13:04:01 077342	INFO [input.cpp->run:256]	frame times (ms): 58.532
2020/03/09 13:04:01 077345	INFO [input.cpp->run:257]	FPS: 17.0847
2020/03/09 13:04:01 112281	INFO [input.cpp->run:173]	
frame_id 29
2020/03/09 13:04:01 126749	INFO [input.cpp->run:235]	rotation: 
[0.9997417589904884, 0.007211145190612812, -0.02155028342374979;
 -0.007208276537911324, 0.9999739978200598, 0.0002107916507329422;
 0.02155124311860085, -5.539681329550537e-05, 0.9997677434540665]
2020/03/09 13:04:01 126775	INFO [input.cpp->run:256]	frame times (ms): 66.745
2020/03/09 13:04:01 126780	INFO [input.cpp->run:257]	FPS: 14.9824
2020/03/09 13:04:01 157873	INFO [input.cpp->run:173]	
frame_id 30
2020/03/09 13:04:01 169590	INFO [input.cpp->run:235]	rotation: 
[0.9998028406431551, 0.008464066184843059, -0.01796216650341959;
 -0.008460195680259767, 0.9999641694283732, 0.0002914592174451085;
 0.01796398983883276, -0.0001394383100729134, 0.9998386247920351]
2020/03/09 13:04:01 169613	INFO [input.cpp->run:256]	frame times (ms): 65.134
2020/03/09 13:04:01 169616	INFO [input.cpp->run:257]	FPS: 15.353
2020/03/09 13:04:01 202972	INFO [input.cpp->run:173]	
frame_id 31
2020/03/09 13:04:01 215673	INFO [input.cpp->run:235]	rotation: 
[0.9998283879741209, 0.00672364788830182, -0.01726230460120863;
 -0.006710401818078034, 0.9999771445565944, 0.0008251496106413093;
 0.01726745807901988, -0.0007091710048648067, 0.999850654831998]
2020/03/09 13:04:01 215699	INFO [input.cpp->run:256]	frame times (ms): 68.197
2020/03/09 13:04:01 215704	INFO [input.cpp->run:257]	FPS: 14.6634
2020/03/09 13:04:01 243511	INFO [input.cpp->run:173]	
frame_id 32
2020/03/09 13:04:01 254670	INFO [input.cpp->run:235]	rotation: 
[0.9998633466591468, 0.007564897182079454, -0.01469899106045754;
 -0.007566470880347607, 0.9999713725258366, -5.145105806260931e-05;
 0.01469818104350657, 0.0001626635149330764, 0.9998919626712645]
2020/03/09 13:04:01 254695	INFO [input.cpp->run:256]	frame times (ms): 58.631
2020/03/09 13:04:01 254697	INFO [input.cpp->run:257]	FPS: 17.0558
2020/03/09 13:04:01 288742	INFO [input.cpp->run:173]	
frame_id 33
2020/03/09 13:04:01 298321	INFO [input.cpp->run:235]	rotation: 
[0.9998933723748126, 0.006523521818271874, -0.01306474431479462;
 -0.006530330056104057, 0.9999785626731179, -0.0004785222707475361;
 0.01306134259112636, 0.000563788339528425, 0.9999145380843432]
2020/03/09 13:04:01 298345	INFO [input.cpp->run:256]	frame times (ms): 56.059
2020/03/09 13:04:01 298348	INFO [input.cpp->run:257]	FPS: 17.8384
2020/03/09 13:04:01 331365	INFO [input.cpp->run:173]	
frame_id 34
2020/03/09 13:04:01 342952	INFO [input.cpp->run:235]	rotation: 
[0.9999161455483283, 0.006058430813256508, -0.01144540466105372;
 -0.006057905677984333, 0.9999816474768198, 8.055024408907394e-05;
 0.01144568261708018, -1.120830770949814e-05, 0.9999344959665123]
2020/03/09 13:04:01 342974	INFO [input.cpp->run:256]	frame times (ms): 60.404
2020/03/09 13:04:01 342977	INFO [input.cpp->run:257]	FPS: 16.5552
2020/03/09 13:04:01 376758	INFO [input.cpp->run:173]	
frame_id 35
2020/03/09 13:04:01 386460	INFO [input.cpp->run:235]	rotation: 
[0.9999298300287556, 0.005083971894465349, -0.01069991815109944;
 -0.005091506009395773, 0.9999868090278516, -0.000677005798504465;
 0.01069633513032513, 0.0007314369905934173, 0.9999425250556697]
2020/03/09 13:04:01 386489	INFO [input.cpp->run:256]	frame times (ms): 54.934
2020/03/09 13:04:01 386493	INFO [input.cpp->run:257]	FPS: 18.2037
2020/03/09 13:04:01 421319	INFO [input.cpp->run:173]	
frame_id 36
2020/03/09 13:04:01 432403	INFO [input.cpp->run:235]	rotation: 
[0.9999507754786398, 0.001467184478149513, -0.009812950085174282;
 -0.001479641511664899, 0.9999981086168753, -0.001262308864371708;
 0.00981107948515365, 0.00127676637611997, 0.9999510550956766]
2020/03/09 13:04:01 432437	INFO [input.cpp->run:256]	frame times (ms): 63.855
2020/03/09 13:04:01 432444	INFO [input.cpp->run:257]	FPS: 15.6605
2020/03/09 13:04:01 465585	INFO [input.cpp->run:173]	
frame_id 37
2020/03/09 13:04:01 477114	INFO [input.cpp->run:235]	rotation: 
[0.9999435658721321, 0.001022079417141692, -0.01057451770011971;
 -0.001024203404967126, 0.9999994564040454, -0.0001954456417174042;
 0.0105743121908871, 0.000206265068947416, 0.9999440691240741]
2020/03/09 13:04:01 477134	INFO [input.cpp->run:256]	frame times (ms): 61.873
2020/03/09 13:04:01 477137	INFO [input.cpp->run:257]	FPS: 16.1621
2020/03/09 13:04:01 509141	INFO [input.cpp->run:173]	
frame_id 38
2020/03/09 13:04:01 520942	INFO [input.cpp->run:235]	rotation: 
[0.9999546322263841, 0.002342728219315559, -0.009232828033013089;
 -0.002327377170374778, 0.9999958920956892, 0.001673053272819693;
 0.009236709614553662, -0.001651489096935533, 0.9999559769206138]
2020/03/09 13:04:01 520963	INFO [input.cpp->run:256]	frame times (ms): 64.369
2020/03/09 13:04:01 520965	INFO [input.cpp->run:257]	FPS: 15.5354
2020/03/09 13:04:01 551932	INFO [input.cpp->run:173]	
frame_id 39
2020/03/09 13:04:01 563594	INFO [input.cpp->run:235]	rotation: 
[0.9999560999753954, 0.0003124074057757532, -0.009364855770903964;
 -0.0002924046631352334, 0.9999976733706353, 0.002137230176930948;
 0.009365501668890653, -0.002134398024976594, 0.999953864797552]
2020/03/09 13:04:01 563622	INFO [input.cpp->run:256]	frame times (ms): 63.04
2020/03/09 13:04:01 563627	INFO [input.cpp->run:257]	FPS: 15.8629
2020/03/09 13:04:01 595419	INFO [input.cpp->run:173]	
frame_id 40
2020/03/09 13:04:01 614728	INFO [input.cpp->run:235]	rotation: 
[0.9999654557883846, 0.001684152412407404, -0.00813946316289;
 -0.001669892013426791, 0.9999970595895102, 0.001758485995678131;
 0.008142400787958942, -0.001744833225636482, 0.9999653278321319]
2020/03/09 13:04:01 614794	INFO [input.cpp->run:256]	frame times (ms): 72.997
2020/03/09 13:04:01 614799	INFO [input.cpp->run:257]	FPS: 13.6992
2020/03/09 13:04:01 639899	INFO [input.cpp->run:173]	
frame_id 41
2020/03/09 13:04:01 651283	INFO [input.cpp->run:235]	rotation: 
[0.9999799051600238, 0.0001565688400281741, -0.006337567541909663;
 -0.0001529248019266452, 0.9999998227238219, 0.00057547052885964;
 0.006337656519163085, -0.0005744897936104083, 0.9999797518306669]
2020/03/09 13:04:01 651331	INFO [input.cpp->run:256]	frame times (ms): 63.768
2020/03/09 13:04:01 651336	INFO [input.cpp->run:257]	FPS: 15.6818
2020/03/09 13:04:01 685206	INFO [input.cpp->run:173]	
frame_id 42
2020/03/09 13:04:01 695020	INFO [input.cpp->run:235]	rotation: 
[0.9999904274015748, 0.0007175565321461623, -0.004316273605646247;
 -0.0007175703960207998, 0.9999997425449468, -1.663379249251427e-06;
 0.004316271300831151, 4.760593486927548e-06, 0.9999906848463112]
2020/03/09 13:04:01 695054	INFO [input.cpp->run:256]	frame times (ms): 61.901
2020/03/09 13:04:01 695059	INFO [input.cpp->run:257]	FPS: 16.1548
2020/03/09 13:04:01 729832	INFO [input.cpp->run:173]	
frame_id 43
2020/03/09 13:04:01 742405	INFO [input.cpp->run:235]	rotation: 
[0.9999876090776586, 0.001360365005917829, -0.004788642625899846;
 -0.001354364990821204, 0.9999982940937203, 0.001255987707312446;
 0.00479034305864921, -0.00124948657454023, 0.9999877456232553]
2020/03/09 13:04:01 742457	INFO [input.cpp->run:256]	frame times (ms): 62.265
2020/03/09 13:04:01 742461	INFO [input.cpp->run:257]	FPS: 16.0604
2020/03/09 13:04:01 774371	INFO [input.cpp->run:173]	
frame_id 44
2020/03/09 13:04:01 786758	INFO [input.cpp->run:235]	rotation: 
[0.9999910240207545, -0.0008779180715739685, -0.004145013604623688;
 0.0008841022171989769, 0.9999984986064235, 0.001490351692819113;
 0.004143698974642761, -0.001494002931171417, 0.999990298809968]
2020/03/09 13:04:01 786790	INFO [input.cpp->run:256]	frame times (ms): 60.212
2020/03/09 13:04:01 786794	INFO [input.cpp->run:257]	FPS: 16.608
2020/03/09 13:04:01 818983	INFO [input.cpp->run:173]	
frame_id 45
2020/03/09 13:04:01 832706	INFO [input.cpp->run:235]	rotation: 
[0.9999918250936967, 0.0001742901007819677, -0.004039723844328122;
 -0.0001730470796168157, 0.999999937580866, 0.0003080470293839322;
 0.004039777281719856, -0.0003073454487146105, 0.9999917928354658]
2020/03/09 13:04:01 832733	INFO [input.cpp->run:256]	frame times (ms): 68.169
2020/03/09 13:04:01 832753	INFO [input.cpp->run:257]	FPS: 14.6694
2020/03/09 13:04:01 863490	INFO [input.cpp->run:173]	
frame_id 46
2020/03/09 13:04:01 877533	INFO [input.cpp->run:235]	rotation: 
[0.9999957693439541, -0.0008227868246156344, -0.002790038715608907;
 0.0008194637446669362, 0.9999989538241749, -0.001191985623587731;
 0.002791016546804071, 0.001189694245132887, 0.9999953974165274]
2020/03/09 13:04:01 877591	INFO [input.cpp->run:256]	frame times (ms): 67.349
2020/03/09 13:04:01 877596	INFO [input.cpp->run:257]	FPS: 14.848
2020/03/09 13:04:01 906823	INFO [input.cpp->run:173]	
frame_id 47
2020/03/09 13:04:01 918449	INFO [input.cpp->run:235]	rotation: 
[0.9999954719440139, -2.942169427837174e-05, -0.003009190228747674;
 2.356442087565543e-05, 0.9999981053311097, -0.001946478591950666;
 0.003009241796026614, 0.00194639886836158, 0.9999935779770079]
2020/03/09 13:04:01 918478	INFO [input.cpp->run:256]	frame times (ms): 68.06
2020/03/09 13:04:01 918496	INFO [input.cpp->run:257]	FPS: 14.6929
2020/03/09 13:04:01 951867	INFO [input.cpp->run:173]	
frame_id 48
2020/03/09 13:04:01 968133	INFO [input.cpp->run:235]	rotation: 
[0.9999979940203231, 0.0007348664887300189, -0.001863310648743376;
 -0.0007371368955809464, 0.9999989864470845, -0.001218086204197111;
 0.001862413629447586, 0.001219457275768059, 0.9999975221666428]
2020/03/09 13:04:01 968199	INFO [input.cpp->run:256]	frame times (ms): 73.052
2020/03/09 13:04:01 968205	INFO [input.cpp->run:257]	FPS: 13.6889
2020/03/09 13:04:01 997196	INFO [input.cpp->run:173]	
frame_id 49
2020/03/09 13:04:02 006703	INFO [input.cpp->run:235]	rotation: 
[0.9999964356217251, 0.001943688729636709, -0.001830523959730044;
 -0.001942749419547122, 0.9999979803633003, 0.0005147756921247403;
 0.00183152082644775, -0.0005112176079092142, 0.9999981920923756]
2020/03/09 13:04:02 006734	INFO [input.cpp->run:256]	frame times (ms): 61.049
2020/03/09 13:04:02 006739	INFO [input.cpp->run:257]	FPS: 16.3803
2020/03/09 13:04:02 041434	INFO [input.cpp->run:173]	
frame_id 50
2020/03/09 13:04:02 055496	INFO [input.cpp->run:235]	rotation: 
[0.999997522352599, -0.001492813390830983, -0.001651301560450134;
 0.001492103902384213, 0.9999987940167944, -0.0004308026245994231;
 0.001651942676934992, 0.0004283376437200591, 0.9999985438050673]
2020/03/09 13:04:02 055544	INFO [input.cpp->run:256]	frame times (ms): 70.73
2020/03/09 13:04:02 055550	INFO [input.cpp->run:257]	FPS: 14.1383
2020/03/09 13:04:02 086394	INFO [input.cpp->run:173]	
frame_id 51
2020/03/09 13:04:02 100493	INFO [input.cpp->run:235]	rotation: 
[0.9999992910656922, 0.001072492477884138, -0.0005173277472080457;
 -0.001071885494945845, 0.9999987385525677, 0.001172158162953235;
 0.0005185842254389453, -0.001171602815861734, 0.9999991792082846]
2020/03/09 13:04:02 100546	INFO [input.cpp->run:256]	frame times (ms): 58.326
2020/03/09 13:04:02 100550	INFO [input.cpp->run:257]	FPS: 17.145
2020/03/09 13:04:02 131520	INFO [input.cpp->run:173]	
frame_id 52
2020/03/09 13:04:02 142273	INFO [input.cpp->run:235]	rotation: 
[0.9999995630128607, -0.0008083156653691647, 0.0004696806071127962;
 0.0008086183919966668, 0.9999994652456182, -0.000644705183527671;
 -0.0004691592306496434, 0.0006450846941770727, 0.9999996818776262]
2020/03/09 13:04:02 142314	INFO [input.cpp->run:256]	frame times (ms): 63.182
2020/03/09 13:04:02 142319	INFO [input.cpp->run:257]	FPS: 15.8273
2020/03/09 13:04:02 174868	INFO [input.cpp->run:173]	
frame_id 53
2020/03/09 13:04:02 182768	INFO [input.cpp->run:235]	rotation: 
[0.999999756401812, 0.000256336076664792, 0.0006492211736487176;
 -0.0002569886504299516, 0.999999461684191, 0.001005280140948813;
 -0.0006489631345954165, -0.001005446738537639, 0.9999992839615965]
2020/03/09 13:04:02 182812	INFO [input.cpp->run:256]	frame times (ms): 62.111
2020/03/09 13:04:02 182818	INFO [input.cpp->run:257]	FPS: 16.1002
2020/03/09 13:04:02 219751	INFO [input.cpp->run:173]	
frame_id 54
2020/03/09 13:04:02 230409	INFO [input.cpp->run:235]	rotation: 
[0.9999996608387752, -3.783510689603539e-05, 0.0008227337595938445;
 3.798057217791621e-05, 0.9999999836509739, -0.0001767923307078071;
 -0.000822727057186218, 0.0001768235186456431, 0.9999996459267536]
2020/03/09 13:04:02 230452	INFO [input.cpp->run:256]	frame times (ms): 66.183
2020/03/09 13:04:02 230459	INFO [input.cpp->run:257]	FPS: 15.1096
2020/03/09 13:04:02 265104	INFO [input.cpp->run:173]	
frame_id 55
2020/03/09 13:04:02 275036	INFO [input.cpp->run:235]	rotation: 
[0.9999976439489278, -0.002166427324518615, 0.0001367085989757183;
 0.002166545036027643, 0.9999972773253807, -0.0008668474101256217;
 -0.0001348302648472013, 0.0008671415531253448, 0.9999996149430891]
2020/03/09 13:04:02 275068	INFO [input.cpp->run:256]	frame times (ms): 63.423
2020/03/09 13:04:02 275072	INFO [input.cpp->run:257]	FPS: 15.7672
2020/03/09 13:04:02 308233	INFO [input.cpp->run:173]	
frame_id 56
2020/03/09 13:04:02 320140	INFO [input.cpp->run:235]	rotation: 
[0.9999997510871488, -0.0003619148486504637, 0.0006056758892239553;
 0.0003614551518920885, 0.9999996466960962, 0.0007589188730424488;
 -0.0006059503392453743, -0.0007586997594672515, 0.9999995285993196]
2020/03/09 13:04:02 320187	INFO [input.cpp->run:256]	frame times (ms): 68.041
2020/03/09 13:04:02 320194	INFO [input.cpp->run:257]	FPS: 14.697
2020/03/09 13:04:02 350889	INFO [input.cpp->run:173]	
frame_id 57
2020/03/09 13:04:02 366062	INFO [input.cpp->run:235]	rotation: 
[0.9999983834621383, -0.0017975813538676, 4.212346590310261e-05;
 0.001797552019348615, 0.9999981488425886, 0.0006863804584144518;
 -4.335721263964143e-05, -0.0006863036297332573, 0.999999763553712]
2020/03/09 13:04:02 366122	INFO [input.cpp->run:256]	frame times (ms): 64.736
2020/03/09 13:04:02 366129	INFO [input.cpp->run:257]	FPS: 15.4474
2020/03/09 13:04:02 395819	INFO [input.cpp->run:173]	
frame_id 58
2020/03/09 13:04:02 405766	INFO [input.cpp->run:235]	rotation: 
[0.9999996255811008, 0.0003692927444995771, 0.0007825985734038908;
 -0.0003696712451641494, 0.9999998147581026, 0.0004835565435729019;
 -0.0007824198545107494, -0.0004838456667092871, 0.9999995768561815]
2020/03/09 13:04:02 405795	INFO [input.cpp->run:256]	frame times (ms): 63.519
2020/03/09 13:04:02 405801	INFO [input.cpp->run:257]	FPS: 15.7433
2020/03/09 13:04:02 439046	INFO [input.cpp->run:173]	
frame_id 59
2020/03/09 13:04:02 448765	INFO [input.cpp->run:235]	rotation: 
[0.9999995722279462, 0.0004121594965200889, 0.000828051009318502;
 -0.0004121142038405983, 0.9999999135756992, -5.486781529452663e-05;
 -0.0008280735520458995, 5.452654024116389e-05, 0.9999996556604651]
2020/03/09 13:04:02 448806	INFO [input.cpp->run:256]	frame times (ms): 64.438
2020/03/09 13:04:02 448814	INFO [input.cpp->run:257]	FPS: 15.5188
2020/03/09 13:04:02 482676	INFO [input.cpp->run:173]	
frame_id 60
2020/03/09 13:04:02 494310	INFO [input.cpp->run:235]	rotation: 
[0.9999991231459897, 0.001041585724498121, 0.0008178058633584949;
 -0.001040571158367918, 0.9999986897525809, -0.001240042251622099;
 -0.0008190964021375373, 0.001239190179091523, 0.9999988967437834]
2020/03/09 13:04:02 494333	INFO [input.cpp->run:256]	frame times (ms): 62.976
2020/03/09 13:04:02 494337	INFO [input.cpp->run:257]	FPS: 15.8791
2020/03/09 13:04:02 528142	INFO [input.cpp->run:173]	
frame_id 61
2020/03/09 13:04:02 541942	INFO [input.cpp->run:235]	rotation: 
[0.9999947082644477, 0.002845716514856335, 0.00157649631118014;
 -0.002843234387452939, 0.9999947185199622, -0.00157446829105697;
 -0.001580968475364321, 0.001569977610863499, 0.9999975178514101]
2020/03/09 13:04:02 541971	INFO [input.cpp->run:256]	frame times (ms): 70.963
2020/03/09 13:04:02 541975	INFO [input.cpp->run:257]	FPS: 14.0919
2020/03/09 13:04:02 571543	INFO [input.cpp->run:173]	
frame_id 62
2020/03/09 13:04:02 581259	INFO [input.cpp->run:235]	rotation: 
[0.9999984814661421, 0.001425422010855736, 0.001002615330433535;
 -0.00142588447013526, 0.9999988773087105, 0.0004606894793385954;
 -0.001001957527882017, -0.0004621183933952078, 0.9999993912636661]
2020/03/09 13:04:02 581293	INFO [input.cpp->run:256]	frame times (ms): 62.331
2020/03/09 13:04:02 581296	INFO [input.cpp->run:257]	FPS: 16.0434
2020/03/09 13:04:02 615504	INFO [input.cpp->run:173]	
frame_id 63
2020/03/09 13:04:02 624696	INFO [input.cpp->run:235]	rotation: 
[0.9999990730262595, 0.0009732569379630169, 0.0009522171781763801;
 -0.0009746100345404176, 0.9999985146427725, 0.00142156516889449;
 -0.0009508322156303191, -0.001422491891557821, 0.9999985362163868]
2020/03/09 13:04:02 624728	INFO [input.cpp->run:256]	frame times (ms): 64.702
2020/03/09 13:04:02 624735	INFO [input.cpp->run:257]	FPS: 15.4555
2020/03/09 13:04:02 659351	INFO [input.cpp->run:173]	
frame_id 64
2020/03/09 13:04:02 671872	INFO [input.cpp->run:235]	rotation: 
[0.9999987833020907, -0.001484288404746235, 0.0004798773487080166;
 0.001484198412883682, 0.999998880936343, 0.0001878327257818098;
 -0.0004801556096316256, -0.0001871202640467937, 0.9999998672182898]
2020/03/09 13:04:02 671920	INFO [input.cpp->run:256]	frame times (ms): 64.744
2020/03/09 13:04:02 671927	INFO [input.cpp->run:257]	FPS: 15.4454
2020/03/09 13:04:02 704672	INFO [input.cpp->run:173]	
frame_id 65
2020/03/09 13:04:02 714960	INFO [input.cpp->run:235]	rotation: 
[0.9999992041769946, 0.001230073276614019, 0.0002802946870234545;
 -0.001229968807882183, 0.9999991741806861, -0.0003725784179089508;
 -0.0002807527543060013, 0.0003722333676804206, 0.9999998913100996]
2020/03/09 13:04:02 715022	INFO [input.cpp->run:256]	frame times (ms): 61.067
2020/03/09 13:04:02 715028	INFO [input.cpp->run:257]	FPS: 16.3755
2020/03/09 13:04:02 749815	INFO [input.cpp->run:173]	
frame_id 66
2020/03/09 13:04:02 759733	INFO [input.cpp->run:235]	rotation: 
[0.999999623887288, -0.0004599832396104011, 0.0007352827358987342;
 0.0004603901251944031, 0.999999740950254, -0.0005532995188137923;
 -0.0007350280369187894, 0.0005536378276216435, 0.9999995766093808]
2020/03/09 13:04:02 759774	INFO [input.cpp->run:256]	frame times (ms): 63.078
2020/03/09 13:04:02 759794	INFO [input.cpp->run:257]	FPS: 15.8534
2020/03/09 13:04:02 794957	INFO [input.cpp->run:173]	
frame_id 67
2020/03/09 13:04:02 805550	INFO [input.cpp->run:235]	rotation: 
[0.9999991308822082, 0.001315694505663879, 8.475137823769418e-05;
 -0.001315676463619522, 0.9999991119006769, -0.0002125871597001828;
 -8.503100272804475e-05, 0.0002124754695432934, 0.9999999738119514]
2020/03/09 13:04:02 805588	INFO [input.cpp->run:256]	frame times (ms): 59.687
2020/03/09 13:04:02 805593	INFO [input.cpp->run:257]	FPS: 16.7541
2020/03/09 13:04:02 839282	INFO [input.cpp->run:173]	
frame_id 68
2020/03/09 13:04:02 849110	INFO [input.cpp->run:235]	rotation: 
[0.9999996959598302, 0.0007613744437170944, -0.0001684909603485207;
 -0.0007613485802203695, 0.9999996983911975, 0.0001535117372994805;
 0.0001686077894437544, -0.0001533834102723045, 0.9999999740224711]
2020/03/09 13:04:02 849145	INFO [input.cpp->run:256]	frame times (ms): 65.735
2020/03/09 13:04:02 849149	INFO [input.cpp->run:257]	FPS: 15.2126
2020/03/09 13:04:02 883290	INFO [input.cpp->run:173]	
frame_id 69
2020/03/09 13:04:02 892367	INFO [input.cpp->run:235]	rotation: 
[0.9999991164440633, -0.001283511300824767, 0.0003459910887631898;
 0.001282951791786953, 0.9999978769045809, 0.001612520086910605;
 -0.0003480600419454509, -0.001612074772271638, 0.9999986400336431]
2020/03/09 13:04:02 892409	INFO [input.cpp->run:256]	frame times (ms): 61.261
2020/03/09 13:04:02 892416	INFO [input.cpp->run:257]	FPS: 16.3236
2020/03/09 13:04:02 927538	INFO [input.cpp->run:173]	
frame_id 70
2020/03/09 13:04:02 940423	INFO [input.cpp->run:235]	rotation: 
[0.9999977120318648, -0.001936973261713221, -0.0009077806006408288;
 0.001938275704623252, 0.9999970903789187, 0.001436078336877256;
 0.0009049963140029992, -0.001437834580259132, 0.9999985568056543]
2020/03/09 13:04:02 940455	INFO [input.cpp->run:256]	frame times (ms): 64.653
2020/03/09 13:04:02 940461	INFO [input.cpp->run:257]	FPS: 15.4672
2020/03/09 13:04:02 971807	INFO [input.cpp->run:173]	
frame_id 71
2020/03/09 13:04:02 983076	INFO [input.cpp->run:235]	rotation: 
[0.9999994293950939, -0.0005030877283242985, -0.0009423970628778839;
 0.000503197078051907, 0.9999998666915108, 0.0001158000921806941;
 0.0009423386796430402, -0.0001162742375529982, 0.9999995492389556]
2020/03/09 13:04:02 983130	INFO [input.cpp->run:256]	frame times (ms): 65.969
2020/03/09 13:04:02 983138	INFO [input.cpp->run:257]	FPS: 15.1586
2020/03/09 13:04:03 016487	INFO [input.cpp->run:173]	
frame_id 72
2020/03/09 13:04:03 028733	INFO [input.cpp->run:235]	rotation: 
[0.9999995497246753, -0.0003993928813123398, -0.0008608343470498598;
 0.0003997039716406263, 0.9999998548709719, 0.000361240598748412;
 0.0008606899451942265, -0.0003615845149981246, 0.9999995642346334]
2020/03/09 13:04:03 028777	INFO [input.cpp->run:256]	frame times (ms): 62.234
2020/03/09 13:04:03 028783	INFO [input.cpp->run:257]	FPS: 16.0684
2020/03/09 13:04:03 060313	INFO [input.cpp->run:173]	
frame_id 73
2020/03/09 13:04:03 069282	INFO [input.cpp->run:235]	rotation: 
[0.9999982884924025, -0.001340283010004927, -0.001275403355349504;
 0.001339555751336886, 0.9999989398300527, -0.0005709020578198678;
 0.001276167173533668, 0.0005691926068167257, 0.9999990237080842]
2020/03/09 13:04:03 069308	INFO [input.cpp->run:256]	frame times (ms): 56.418
2020/03/09 13:04:03 069311	INFO [input.cpp->run:257]	FPS: 17.7248
2020/03/09 13:04:03 103573	INFO [input.cpp->run:173]	
frame_id 74
2020/03/09 13:04:03 116680	INFO [input.cpp->run:235]	rotation: 
[0.9999997397305674, -0.0006836327935590789, 0.0002306187348107564;
 0.000683778647444634, 0.9999995659034273, -0.0006329610716456199;
 -0.0002301859217543308, 0.0006331185990717652, 0.9999997730876147]
2020/03/09 13:04:03 116738	INFO [input.cpp->run:256]	frame times (ms): 69.943
2020/03/09 13:04:03 116745	INFO [input.cpp->run:257]	FPS: 14.2974
2020/03/09 13:04:03 147323	INFO [input.cpp->run:173]	
frame_id 75
2020/03/09 13:04:03 157929	INFO [input.cpp->run:235]	rotation: 
[0.9999931342752191, -0.003687335133544406, -0.0003673717960510237;
 0.003687288085843794, 0.9999931936533307, -0.0001286607330795491;
 0.000367843710832615, 0.0001273052440837117, 0.9999999242421868]
2020/03/09 13:04:03 157955	INFO [input.cpp->run:256]	frame times (ms): 58.727
2020/03/09 13:04:03 157962	INFO [input.cpp->run:257]	FPS: 17.0279
2020/03/09 13:04:03 190339	INFO [input.cpp->run:173]	
frame_id 76
2020/03/09 13:04:03 209847	INFO [input.cpp->run:235]	rotation: 
[0.9999994049864674, 0.001088315649941432, 7.480479314694641e-05;
 -0.001088360925085828, 0.9999992229688094, 0.0006078916632141146;
 -7.414315701074407e-05, -0.000607972716124219, 0.9999998124359668]
2020/03/09 13:04:03 209888	INFO [input.cpp->run:256]	frame times (ms): 71.289
2020/03/09 13:04:03 209893	INFO [input.cpp->run:257]	FPS: 14.0274
2020/03/09 13:04:03 235687	INFO [input.cpp->run:173]	
frame_id 77
2020/03/09 13:04:03 255755	INFO [input.cpp->run:235]	rotation: 
[0.9999858533208542, 0.0002814987074258327, -0.005311677384863774;
 -0.0002792414327671393, 0.9999998704012604, 0.0004257014031410927;
 0.005311796530871812, -0.0004242121404765843, 0.9999858023300503]
2020/03/09 13:04:03 255817	INFO [input.cpp->run:256]	frame times (ms): 74.411
2020/03/09 13:04:03 255823	INFO [input.cpp->run:257]	FPS: 13.4389
2020/03/09 13:04:03 278588	INFO [input.cpp->run:173]	
frame_id 78
2020/03/09 13:04:03 302456	INFO [input.cpp->run:235]	rotation: 
[0.9999292229075812, 0.002113540915485443, -0.01170820738795403;
 -0.002064844264902659, 0.9999891748793001, 0.004169717301972781;
 0.0117168935133196, -0.004145246556628631, 0.9999227626858898]
2020/03/09 13:04:03 302489	INFO [input.cpp->run:256]	frame times (ms): 69.608
2020/03/09 13:04:03 302492	INFO [input.cpp->run:257]	FPS: 14.3662
2020/03/09 13:04:03 322045	INFO [input.cpp->run:173]	
frame_id 79
2020/03/09 13:04:03 338172	INFO [input.cpp->run:235]	rotation: 
[0.9999682044582231, -0.0006946840308753558, -0.007944022072885864;
 0.0006890141620116549, 0.9999995059848525, -0.0007164422764213699;
 0.007944515849427103, 0.0007109459530394877, 0.9999681891059186]
2020/03/09 13:04:03 338214	INFO [input.cpp->run:256]	frame times (ms): 67.661
2020/03/09 13:04:03 338218	INFO [input.cpp->run:257]	FPS: 14.7796
2020/03/09 13:04:03 364859	INFO [input.cpp->run:173]	
frame_id 80
2020/03/09 13:04:03 378527	INFO [input.cpp->run:235]	rotation: 
[0.9999841538856442, -0.002013917378495103, -0.005257006220740757;
 0.00201638143703725, 0.9999978597026322, 0.0004634609530730296;
 0.005256061597116533, -0.0004740537387756588, 0.9999860744478095]
2020/03/09 13:04:03 378608	INFO [input.cpp->run:256]	frame times (ms): 66.633
2020/03/09 13:04:03 378616	INFO [input.cpp->run:257]	FPS: 15.0076
2020/03/09 13:04:03 408805	INFO [input.cpp->run:173]	
frame_id 81
2020/03/09 13:04:03 423263	INFO [input.cpp->run:235]	rotation: 
[0.9999885027772238, -0.00280545868469394, -0.003888922078746251;
 0.002813508859375622, 0.9999939076717478, 0.002066104374438405;
 0.003883102015695648, -0.002077022136698108, 0.9999903037018806]
2020/03/09 13:04:03 423302	INFO [input.cpp->run:256]	frame times (ms): 64.643
2020/03/09 13:04:03 423305	INFO [input.cpp->run:257]	FPS: 15.4696
2020/03/09 13:04:03 455485	INFO [input.cpp->run:173]	
frame_id 82
2020/03/09 13:04:03 467491	INFO [input.cpp->run:235]	rotation: 
[0.9999834146908929, 0.001390605838691087, -0.005588967573979408;
 -0.001377042193245161, 0.9999960994768262, 0.002429976528989759;
 0.005592324913630963, -0.002422239982911855, 0.9999814291553246]
2020/03/09 13:04:03 467546	INFO [input.cpp->run:256]	frame times (ms): 74.139
2020/03/09 13:04:03 467553	INFO [input.cpp->run:257]	FPS: 13.4882
2020/03/09 13:04:03 499371	INFO [input.cpp->run:173]	
frame_id 83
2020/03/09 13:04:03 511263	INFO [input.cpp->run:235]	rotation: 
[0.9999922450795391, -0.0007057694492447848, -0.003874489678335348;
 0.0007127810283560755, 0.9999981104607274, 0.001808595637609786;
 0.003873205905787877, -0.001811343274831749, 0.9999908586139936]
