		g3log created log at: Mon Mar 09 14:52:45 2020
		LOG format: [YYYY/MM/DD hh:mm:ss uuu* LEVEL FILE->FUNCTION:LINE] message		(uuu*: microseconds fractions of the seconds value)

2020/03/09 14:52:45 715186	INFO [g3logger.h->logBanner:29]	Starting log.
2020/03/09 14:52:45 719055	DEBUG [main.cpp->main:48]	Filepath: /home/mitchell/KITTI/data_odometry_gray/dataset/sequences/00/
2020/03/09 14:52:45 719098	DEBUG [main.cpp->main:52]	Calibration Filepath: /home/mitchell/visual_odom_catkin_ws/tank_downsized.yaml
2020/03/09 14:52:45 719237	INFO [main.cpp->main:66]	P_left: 
[409.41, 0, 251.22, 0;
 0, 408.72, 191.78999, 0;
 0, 0, 1, 0]
2020/03/09 14:52:45 719850	INFO [main.cpp->main:67]	P_right: 
[409.41, 0, 251.22, -73.940002;
 0, 408.72, 191.78999, 0;
 0, 0, 1, 0]
2020/03/09 14:52:45 858620	INFO [input.cpp->Input:22]	frame_pose [1, 0, 0, 0;
 0, 1, 0, 0;
 0, 0, 1, 0;
 0, 0, 0, 1]
2020/03/09 14:52:46 393926	INFO [input.cpp->run:173]	
frame_id 1
2020/03/09 14:52:46 530307	INFO [input.cpp->run:235]	rotation: 
[-0.5987297068141414, -0.422082034680301, 0.6807124901001813;
 0.7154777022003392, -0.6638590269841528, 0.2176760206035027;
 0.3600199936564287, 0.6173637082723531, 0.6994624049052492]
2020/03/09 14:52:46 530427	INFO [input.cpp->run:256]	frame times (ms): 212.586
2020/03/09 14:52:46 530434	INFO [input.cpp->run:257]	FPS: 4.70398
2020/03/09 14:52:46 540403	INFO [input.cpp->run:173]	
frame_id 2
2020/03/09 14:52:46 589393	INFO [input.cpp->run:235]	rotation: 
[-0.5770783604114664, 0.6226103658444956, 0.5285233185847124;
 0.64791980243303, -0.04493824284289549, 0.7603818014296087;
 0.4971725008082781, 0.7812406074143721, -0.3774686977311712]
2020/03/09 14:52:46 589470	INFO [input.cpp->run:256]	frame times (ms): 157.826
2020/03/09 14:52:46 589484	INFO [input.cpp->run:257]	FPS: 6.33609
2020/03/09 14:52:46 658461	INFO [input.cpp->run:173]	
frame_id 3
2020/03/09 14:52:46 750548	INFO [input.cpp->run:235]	rotation: 
[-0.9927709940398441, -0.07497552410948734, -0.09372525901616513;
 0.08247484579101765, -0.9934666625120729, -0.07887895973496888;
 -0.08719892892052869, -0.08603871954899529, 0.9924684808765878]
2020/03/09 14:52:46 750631	INFO [input.cpp->run:256]	frame times (ms): 171.704
2020/03/09 14:52:46 750635	INFO [input.cpp->run:257]	FPS: 5.82398
2020/03/09 14:52:46 793347	INFO [input.cpp->run:173]	
frame_id 4
2020/03/09 14:52:46 857430	INFO [input.cpp->run:235]	rotation: 
[-0.296610544469598, 0.6068080116909139, 0.7374321811917139;
 0.6150729368795419, -0.4693184922186613, 0.6335814353182847;
 0.7305528504001775, 0.6415015119306597, -0.2340263723661373]
2020/03/09 14:52:46 857471	INFO [input.cpp->run:256]	frame times (ms): 165.419
2020/03/09 14:52:46 857485	INFO [input.cpp->run:257]	FPS: 6.04525
2020/03/09 14:52:46 926822	INFO [input.cpp->run:173]	
frame_id 5
2020/03/09 14:52:47 028492	INFO [input.cpp->run:235]	rotation: 
[-0.9995323311819768, 0.01477323403921401, 0.02677443702387639;
 -0.01495726630749772, -0.9998657782320844, -0.006686232493320269;
 0.02667206603413968, -0.007083577935672536, 0.9996191393811443]
2020/03/09 14:52:47 028563	INFO [input.cpp->run:256]	frame times (ms): 185.519
2020/03/09 14:52:47 028569	INFO [input.cpp->run:257]	FPS: 5.39028
2020/03/09 14:52:47 059099	INFO [input.cpp->run:173]	
frame_id 6
2020/03/09 14:52:47 108690	INFO [input.cpp->run:235]	rotation: 
[-0.9993197856286762, -0.009220876294064392, -0.03570632284940875;
 0.02226250607233014, -0.9227422261551519, -0.3847741738911462;
 -0.02939977677527691, -0.3853073571976068, 0.9223198434463827]
2020/03/09 14:52:47 108750	INFO [input.cpp->run:256]	frame times (ms): 162.636
2020/03/09 14:52:47 108755	INFO [input.cpp->run:257]	FPS: 6.1487
2020/03/09 14:52:47 193595	INFO [input.cpp->run:173]	
frame_id 7
2020/03/09 14:52:47 248281	INFO [input.cpp->run:235]	rotation: 
[-0.999081488311213, 0.01973585700878453, 0.03803518978499149;
 -0.01939053689421546, -0.9997675460412246, 0.009426609234594575;
 0.03821239056648485, 0.008680428033022609, 0.9992319367275836]
2020/03/09 14:52:47 248341	INFO [input.cpp->run:256]	frame times (ms): 163.726
2020/03/09 14:52:47 248345	INFO [input.cpp->run:257]	FPS: 6.10777
2020/03/09 14:52:47 325589	INFO [input.cpp->run:173]	
frame_id 8
2020/03/09 14:52:47 383177	INFO [input.cpp->run:235]	rotation: 
[-0.981451664484679, -0.1915800528887037, 0.007050788283209479;
 0.173256688043405, -0.9021255280608929, -0.3951602860474284;
 0.08206552460371747, -0.3866091242534463, 0.9185851265481609]
2020/03/09 14:52:47 383250	INFO [input.cpp->run:256]	frame times (ms): 175.891
2020/03/09 14:52:47 383266	INFO [input.cpp->run:257]	FPS: 5.68534
2020/03/09 14:52:47 458704	INFO [input.cpp->run:173]	
frame_id 9
2020/03/09 14:52:47 512401	INFO [input.cpp->run:235]	rotation: 
[-0.9991263081922325, -0.04176526175949589, 0.001511022276780765;
 0.04179073136829933, -0.9980880952552145, 0.04553777422668626;
 -0.000393763714402066, 0.0455611349724609, 0.9989614746976776]
2020/03/09 14:52:47 512463	INFO [input.cpp->run:256]	frame times (ms): 169.243
2020/03/09 14:52:47 512479	INFO [input.cpp->run:257]	FPS: 5.90866
2020/03/09 14:52:47 594710	INFO [input.cpp->run:173]	
frame_id 10
2020/03/09 14:52:47 648354	INFO [input.cpp->run:235]	rotation: 
[-0.9998625938667154, -0.01090694149824571, 0.01248326933450038;
 0.01104180654673852, -0.9998808608943407, 0.0107862192345868;
 0.01236413742677728, 0.0109225749869714, 0.9998639034695407]
2020/03/09 14:52:47 648444	INFO [input.cpp->run:256]	frame times (ms): 168.35
2020/03/09 14:52:47 648450	INFO [input.cpp->run:257]	FPS: 5.94001
2020/03/09 14:52:47 727267	INFO [input.cpp->run:173]	
frame_id 11
2020/03/09 14:52:47 779971	INFO [input.cpp->run:235]	rotation: 
[-0.9920158113980895, 0.07547531582034833, 0.1010351752510429;
 0.09829263931170867, -0.03921759110570744, 0.9943845018930071;
 0.07901384051752339, 0.9963761625258225, 0.03148580246694022]
2020/03/09 14:52:47 780027	INFO [input.cpp->run:256]	frame times (ms): 167.679
2020/03/09 14:52:47 780029	INFO [input.cpp->run:257]	FPS: 5.96378
2020/03/09 14:52:47 859733	INFO [input.cpp->run:173]	
frame_id 12
2020/03/09 14:52:47 914766	INFO [input.cpp->run:235]	rotation: 
[-0.9998981527014821, -0.002511014222597537, 0.01404916480569676;
 0.002504226897570371, -0.9999967390765031, -0.000500683538385725;
 0.01405037621593104, -0.0004654502487251032, 0.9999011802594581]
2020/03/09 14:52:47 914818	INFO [input.cpp->run:256]	frame times (ms): 166.824
2020/03/09 14:52:47 914822	INFO [input.cpp->run:257]	FPS: 5.99434
2020/03/09 14:52:47 993941	INFO [input.cpp->run:173]	
frame_id 13
2020/03/09 14:52:48 049379	INFO [input.cpp->run:235]	rotation: 
[-0.9999092521165233, -0.001080794488225454, 0.0134283064847895;
 0.001006182044342224, -0.9999840264749361, -0.005561869529929084;
 0.01343410322533148, -0.005547853481170149, 0.9998943675170305]
2020/03/09 14:52:48 049439	INFO [input.cpp->run:256]	frame times (ms): 168.189
2020/03/09 14:52:48 049441	INFO [input.cpp->run:257]	FPS: 5.94569
2020/03/09 14:52:48 124359	INFO [input.cpp->run:173]	
frame_id 14
2020/03/09 14:52:48 180254	INFO [input.cpp->run:235]	rotation: 
[-0.9999568193007879, -0.001783285702706543, 0.009120275541552397;
 0.001766187429143958, -0.9999966684485735, -0.001882464798839331;
 0.009123602129447024, -0.001866275396681256, 0.999956637510011]
2020/03/09 14:52:48 180324	INFO [input.cpp->run:256]	frame times (ms): 172.517
2020/03/09 14:52:48 180329	INFO [input.cpp->run:257]	FPS: 5.79653
2020/03/09 14:52:48 258510	INFO [input.cpp->run:173]	
frame_id 15
2020/03/09 14:52:48 330781	INFO [input.cpp->run:235]	rotation: 
[-0.7576691137458564, 0.4980259893555382, 0.4217909766721024;
 0.4895496661786721, 0.006294617112982626, 0.871952694897924;
 0.4316000908479043, 0.8671392573986251, -0.2485776938066693]
2020/03/09 14:52:48 330848	INFO [input.cpp->run:256]	frame times (ms): 178.143
2020/03/09 14:52:48 330851	INFO [input.cpp->run:257]	FPS: 5.61347
2020/03/09 14:52:48 391539	INFO [input.cpp->run:173]	
frame_id 16
2020/03/09 14:52:48 475502	INFO [input.cpp->run:235]	rotation: 
[-0.9984879148934396, 0.0273641003947063, 0.04767693175257631;
 -0.02646432679904512, -0.9994614456966923, 0.01940252491175592;
 0.04818218777540853, 0.01811144874013124, 0.9986743474254796]
2020/03/09 14:52:48 475568	INFO [input.cpp->run:256]	frame times (ms): 166.36
2020/03/09 14:52:48 475573	INFO [input.cpp->run:257]	FPS: 6.01106
2020/03/09 14:52:48 524618	INFO [input.cpp->run:173]	
frame_id 17
2020/03/09 14:52:48 576259	INFO [input.cpp->run:235]	rotation: 
[-0.9089037639250647, 0.3096948884886254, 0.2792544072469909;
 0.2900660491381452, -0.01158115871835708, 0.9569365516585346;
 0.2995924482697077, 0.9507654562544634, -0.07930581399244563]
2020/03/09 14:52:48 576316	INFO [input.cpp->run:256]	frame times (ms): 164.267
2020/03/09 14:52:48 576321	INFO [input.cpp->run:257]	FPS: 6.08765
2020/03/09 14:52:48 660277	INFO [input.cpp->run:173]	
frame_id 18
2020/03/09 14:52:48 712999	INFO [input.cpp->run:235]	rotation: 
[-0.9556815874161909, 0.0211046183989812, -0.2936448510631554;
 0.01995914134763684, -0.9904877647967991, -0.1361455855490947;
 -0.2937249328033533, -0.1359727284056409, 0.9461696893156064]
2020/03/09 14:52:48 713070	INFO [input.cpp->run:256]	frame times (ms): 161.354
2020/03/09 14:52:48 713074	INFO [input.cpp->run:257]	FPS: 6.19755
2020/03/09 14:52:48 794323	INFO [input.cpp->run:173]	
frame_id 19
2020/03/09 14:52:48 857741	INFO [input.cpp->run:235]	rotation: 
[-0.9999161370414396, -0.004589197976849735, 0.01211024962807826;
 0.004637661466472149, -0.9999813383513221, 0.003976813450626899;
 0.01209177324661238, 0.004032643181334784, 0.9999187601044022]
2020/03/09 14:52:48 857802	INFO [input.cpp->run:256]	frame times (ms): 171.285
2020/03/09 14:52:48 857807	INFO [input.cpp->run:257]	FPS: 5.83822
2020/03/09 14:52:48 924330	INFO [input.cpp->run:173]	
frame_id 20
2020/03/09 14:52:48 976766	INFO [input.cpp->run:235]	rotation: 
[-0.9987980322292587, -0.04893457329147496, 0.002810400637249578;
 0.0490007657142334, -0.9982529057847302, 0.0330160726277541;
 0.001189863176754156, 0.03311410015572808, 0.9994508695261095]
2020/03/09 14:52:48 976826	INFO [input.cpp->run:256]	frame times (ms): 156.263
2020/03/09 14:52:48 976830	INFO [input.cpp->run:257]	FPS: 6.39947
2020/03/09 14:52:49 060343	INFO [input.cpp->run:173]	
frame_id 21
2020/03/09 14:52:49 111622	INFO [input.cpp->run:235]	rotation: 
[-0.9999623281239856, -0.001185115881216258, 0.008598711136365107;
 0.001192294381874917, -0.9999989449687103, 0.0008297563336783168;
 0.008597718707047225, 0.0008399772701798457, 0.9999626861394482]
2020/03/09 14:52:49 111692	INFO [input.cpp->run:256]	frame times (ms): 161.536
2020/03/09 14:52:49 111698	INFO [input.cpp->run:257]	FPS: 6.19057
2020/03/09 14:52:49 191405	INFO [input.cpp->run:173]	
frame_id 22
2020/03/09 14:52:49 243175	INFO [input.cpp->run:235]	rotation: 
[-0.9248135772443413, 0.005805311239701964, -0.3803763211688327;
 0.004616630944662392, -0.9996386570106658, -0.02648097673110385;
 -0.380392605163725, -0.02624602391454119, 0.92445260136225]
2020/03/09 14:52:49 243251	INFO [input.cpp->run:256]	frame times (ms): 157.132
2020/03/09 14:52:49 243255	INFO [input.cpp->run:257]	FPS: 6.36408
2020/03/09 14:52:49 324443	INFO [input.cpp->run:173]	
frame_id 23
2020/03/09 14:52:49 375656	INFO [input.cpp->run:235]	rotation: 
[-0.7795956862490162, -0.2264103605487345, 0.5839254358375884;
 0.4585977522637105, -0.8413466093379972, 0.2860489198968036;
 0.4265192464597559, 0.490789396372464, 0.7597414697170046]
2020/03/09 14:52:49 375722	INFO [input.cpp->run:256]	frame times (ms): 167.018
2020/03/09 14:52:49 375727	INFO [input.cpp->run:257]	FPS: 5.98738
2020/03/09 14:52:49 459701	INFO [input.cpp->run:173]	
frame_id 24
2020/03/09 14:52:49 511673	INFO [input.cpp->run:235]	rotation: 
[-0.9247089139428126, 0.01334513873047219, 0.380440970121474;
 0.2629134275612395, -0.7003551043388888, 0.6636107725425087;
 0.2752997531468286, 0.7136698361978939, 0.6441159917426102]
2020/03/09 14:52:49 511740	INFO [input.cpp->run:256]	frame times (ms): 160.378
2020/03/09 14:52:49 511746	INFO [input.cpp->run:257]	FPS: 6.23527
2020/03/09 14:52:49 590999	INFO [input.cpp->run:173]	
frame_id 25
2020/03/09 14:52:49 643336	INFO [input.cpp->run:235]	rotation: 
[-0.9998801681694092, 0.0006857784913778698, 0.0154654133269968;
 -0.0007412302792065577, -0.9999933167497446, -0.003580088479114102;
 0.01546285482009302, -0.003591122903196387, 0.9998739940398025]
2020/03/09 14:52:49 643393	INFO [input.cpp->run:256]	frame times (ms): 166.802
2020/03/09 14:52:49 643399	INFO [input.cpp->run:257]	FPS: 5.99513
2020/03/09 14:52:49 726912	INFO [input.cpp->run:173]	
frame_id 26
2020/03/09 14:52:49 780660	INFO [input.cpp->run:235]	rotation: 
[-0.9999352800874096, -0.003630753657890968, 0.01078208070779354;
 0.003649073624709075, -0.9999919310229396, 0.001679925800125447;
 0.01077589431068786, 0.001719161681804798, 0.9999404605199835]
2020/03/09 14:52:49 780722	INFO [input.cpp->run:256]	frame times (ms): 170.92
2020/03/09 14:52:49 780726	INFO [input.cpp->run:257]	FPS: 5.85069
2020/03/09 14:52:49 859113	INFO [input.cpp->run:173]	
frame_id 27
2020/03/09 14:52:49 911723	INFO [input.cpp->run:235]	rotation: 
[-0.9999503776518647, -0.002806104711402291, 0.009558661529829857;
 0.002825633703986105, -0.9999939470719118, 0.002030175782866496;
 0.009552906786109722, 0.002057084316960705, 0.9999522540481867]
2020/03/09 14:52:49 911789	INFO [input.cpp->run:256]	frame times (ms): 162.688
2020/03/09 14:52:49 911802	INFO [input.cpp->run:257]	FPS: 6.14673
2020/03/09 14:52:49 990412	INFO [input.cpp->run:173]	
frame_id 28
2020/03/09 14:52:50 041051	INFO [input.cpp->run:235]	rotation: 
[-0.9691054568359776, 0.221736635374361, 0.1080161009460573;
 0.09649419475119714, -0.06218619703558115, 0.9933890211178953;
 0.2269878496969589, 0.9731216478072564, 0.03886868480977035]
2020/03/09 14:52:50 041108	INFO [input.cpp->run:256]	frame times (ms): 160.152
2020/03/09 14:52:50 041112	INFO [input.cpp->run:257]	FPS: 6.24407
2020/03/09 14:52:50 127749	INFO [input.cpp->run:173]	
frame_id 29
2020/03/09 14:52:50 179923	INFO [input.cpp->run:235]	rotation: 
[-0.9999649194179868, -0.0008328703004396954, 0.008334642190390765;
 0.0008288221275993821, -0.9999995368945876, -0.0004891466967701727;
 0.008335045726329156, -0.0004822216013463409, 0.9999651466301553]
2020/03/09 14:52:50 179985	INFO [input.cpp->run:256]	frame times (ms): 172.14
2020/03/09 14:52:50 179990	INFO [input.cpp->run:257]	FPS: 5.80923
2020/03/09 14:52:50 257858	INFO [input.cpp->run:173]	
frame_id 30
2020/03/09 14:52:50 309907	INFO [input.cpp->run:235]	rotation: 
[-0.999959846079107, -0.003561891923404305, 0.008223086730328495;
 0.003601396720101432, -0.999982021991185, 0.004794333747826777;
 0.008205861996948281, 0.004823755834108447, 0.9999546965780697]
2020/03/09 14:52:50 309967	INFO [input.cpp->run:256]	frame times (ms): 167.514
2020/03/09 14:52:50 309975	INFO [input.cpp->run:257]	FPS: 5.96965
2020/03/09 14:52:50 393361	INFO [input.cpp->run:173]	
frame_id 31
2020/03/09 14:52:50 446868	INFO [input.cpp->run:235]	rotation: 
[-0.9999674154564095, -0.005806568592380247, 0.005608189245242559;
 0.005834663123512881, -0.9999704466312176, 0.005006253129660007;
 0.005578954352169404, 0.005038811898165577, 0.9999717424222503]
2020/03/09 14:52:50 446937	INFO [input.cpp->run:256]	frame times (ms): 166.624
2020/03/09 14:52:50 446945	INFO [input.cpp->run:257]	FPS: 6.00154
2020/03/09 14:52:50 524905	INFO [input.cpp->run:173]	
frame_id 32
2020/03/09 14:52:50 576552	INFO [input.cpp->run:235]	rotation: 
[-0.981090270214191, 0.0208213600707528, -0.192427525722932;
 0.01847913812830346, -0.9795787773908691, -0.2002097408705313;
 -0.1926665594883571, -0.1999797235977045, 0.960670446617728]
2020/03/09 14:52:50 576611	INFO [input.cpp->run:256]	frame times (ms): 154.48
2020/03/09 14:52:50 576617	INFO [input.cpp->run:257]	FPS: 6.47333
2020/03/09 14:52:50 659460	INFO [input.cpp->run:173]	
frame_id 33
2020/03/09 14:52:50 714240	INFO [input.cpp->run:235]	rotation: 
[-0.9998168586291593, -0.00121899795071447, 0.0190987760057019;
 0.0008406270313174586, -0.9998034730403386, -0.01980678274408104;
 0.01911916700889552, -0.01978710035536187, 0.9996213923843427]
2020/03/09 14:52:50 714299	INFO [input.cpp->run:256]	frame times (ms): 166.72
2020/03/09 14:52:50 714303	INFO [input.cpp->run:257]	FPS: 5.99808
2020/03/09 14:52:50 791112	INFO [input.cpp->run:173]	
frame_id 34
2020/03/09 14:52:50 847291	INFO [input.cpp->run:235]	rotation: 
[-0.9998344196571751, -0.009675159581800069, 0.01541183168434207;
 0.009789172221884107, -0.9999251487388378, 0.007339552222279635;
 0.01533966675029416, 0.007489206011319204, 0.9998542925933314]
2020/03/09 14:52:50 847354	INFO [input.cpp->run:256]	frame times (ms): 169.132
2020/03/09 14:52:50 847360	INFO [input.cpp->run:257]	FPS: 5.91254
2020/03/09 14:52:50 927673	INFO [input.cpp->run:173]	
frame_id 35
2020/03/09 14:52:50 989755	INFO [input.cpp->run:235]	rotation: 
[-0.920287744597125, 0.03444252211133476, -0.3897232092331004;
 0.02886510164301223, -0.9874255220086717, -0.1554272961646076;
 -0.3901759514007434, -0.1542872358833104, 0.9077214197054133]
2020/03/09 14:52:50 989815	INFO [input.cpp->run:256]	frame times (ms): 170.692
2020/03/09 14:52:50 989824	INFO [input.cpp->run:257]	FPS: 5.85851
2020/03/09 14:52:51 060327	INFO [input.cpp->run:173]	
frame_id 36
2020/03/09 14:52:51 115840	INFO [input.cpp->run:235]	rotation: 
[-0.999821352939776, -0.01171793763187863, 0.01483078363847098;
 0.01191984327699972, -0.999836471014621, 0.01359957959940957;
 0.01466899934990455, 0.01377393069113952, 0.9997975291484718]
2020/03/09 14:52:51 115906	INFO [input.cpp->run:256]	frame times (ms): 168.275
2020/03/09 14:52:51 115910	INFO [input.cpp->run:257]	FPS: 5.94265
2020/03/09 14:52:51 194157	INFO [input.cpp->run:173]	
frame_id 37
2020/03/09 14:52:51 249673	INFO [input.cpp->run:235]	rotation: 
[-0.9992518972814068, -0.03194100253164812, -0.02180408532321278;
 0.03292150274876498, -0.9983896581448534, -0.04619810782018938;
 -0.02029335941316161, -0.0468813701450377, 0.9986943059300237]
2020/03/09 14:52:51 249731	INFO [input.cpp->run:256]	frame times (ms): 172.373
2020/03/09 14:52:51 249736	INFO [input.cpp->run:257]	FPS: 5.80137
2020/03/09 14:52:51 324313	INFO [input.cpp->run:173]	
frame_id 38
2020/03/09 14:52:51 373797	INFO [input.cpp->run:235]	rotation: 
[-0.9193388580003864, 0.03510301452989582, -0.3918977450068569;
 0.0284718688221869, -0.987466347852121, -0.1552403444513258;
 -0.3924352390603036, -0.1538765421710145, 0.9068167361232228]
2020/03/09 14:52:51 373855	INFO [input.cpp->run:256]	frame times (ms): 161.009
2020/03/09 14:52:51 373869	INFO [input.cpp->run:257]	FPS: 6.21083
2020/03/09 14:52:51 460634	INFO [input.cpp->run:173]	
frame_id 39
2020/03/09 14:52:51 515473	INFO [input.cpp->run:235]	rotation: 
[-0.9997964713615037, 0.00324375202243637, 0.01991215522997655;
 -0.00318355986114047, -0.9999902694554713, 0.003053840366560163;
 0.01992186737472865, 0.002989827284449221, 0.999797069476158]
2020/03/09 14:52:51 515534	INFO [input.cpp->run:256]	frame times (ms): 167.617
2020/03/09 14:52:51 515539	INFO [input.cpp->run:257]	FPS: 5.96598
2020/03/09 14:52:51 596444	INFO [input.cpp->run:173]	
frame_id 40
2020/03/09 14:52:51 650343	INFO [input.cpp->run:235]	rotation: 
[-0.3456776098454855, 0.7083963028876815, 0.6153711628818631;
 0.7324226975621545, -0.2062502413033099, 0.6488588675961076;
 0.5865696737364531, 0.675007789597565, -0.44754944066027]
2020/03/09 14:52:51 650388	INFO [input.cpp->run:256]	frame times (ms): 163.873
2020/03/09 14:52:51 650391	INFO [input.cpp->run:257]	FPS: 6.10229
2020/03/09 14:52:51 728317	INFO [input.cpp->run:173]	
frame_id 41
2020/03/09 14:52:51 778890	INFO [input.cpp->run:235]	rotation: 
[-0.999610607116447, -0.02227347468276923, -0.0168085236069168;
 0.02278405374974145, -0.9992651719940875, -0.03082211761634254;
 -0.01610965657663545, -0.03119308200840049, 0.9993835452916966]
2020/03/09 14:52:51 778961	INFO [input.cpp->run:256]	frame times (ms): 161.288
2020/03/09 14:52:51 778966	INFO [input.cpp->run:257]	FPS: 6.20009
2020/03/09 14:52:51 860744	INFO [input.cpp->run:173]	
frame_id 42
2020/03/09 14:52:51 913232	INFO [input.cpp->run:235]	rotation: 
[-0.9999004522198095, -0.003113092298905479, 0.01376206041837263;
 0.003050678117668212, -0.9999849775474554, -0.004553904087425893;
 0.0137760304022176, -0.004511467139810431, 0.9998949283052714]
2020/03/09 14:52:51 913293	INFO [input.cpp->run:256]	frame times (ms): 166.612
2020/03/09 14:52:51 913298	INFO [input.cpp->run:257]	FPS: 6.00197
2020/03/09 14:52:51 993676	INFO [input.cpp->run:173]	
frame_id 43
2020/03/09 14:52:52 048550	INFO [input.cpp->run:235]	rotation: 
[-0.9290013184153944, 0.02658644566810657, -0.3691201854263673;
 0.02014540792325964, -0.9923042047095226, -0.1221741701645942;
 -0.36952768897887, -0.1209360418673381, 0.9213163196510721]
2020/03/09 14:52:52 048615	INFO [input.cpp->run:256]	frame times (ms): 157.791
2020/03/09 14:52:52 048617	INFO [input.cpp->run:257]	FPS: 6.3375
2020/03/09 14:52:52 127820	INFO [input.cpp->run:173]	
frame_id 44
2020/03/09 14:52:52 179467	INFO [input.cpp->run:235]	rotation: 
[-0.7907273688790556, 0.5028818161316815, 0.3490846704020497;
 0.4506926779598968, 0.09231853905444187, 0.8878926722189965;
 0.4142780927576822, 0.8594109414889685, -0.299643947895001]
2020/03/09 14:52:52 179527	INFO [input.cpp->run:256]	frame times (ms): 164.783
2020/03/09 14:52:52 179534	INFO [input.cpp->run:257]	FPS: 6.06859
2020/03/09 14:52:52 259835	INFO [input.cpp->run:173]	
frame_id 45
2020/03/09 14:52:52 313378	INFO [input.cpp->run:235]	rotation: 
[-0.9999453718352835, -0.001036567073886704, 0.010400907359358;
 0.001052269280377157, -0.9999983148483634, 0.001504336995127843;
 0.01039933048605476, 0.001515199371260986, 0.9999447775233925]
2020/03/09 14:52:52 313442	INFO [input.cpp->run:256]	frame times (ms): 167.802
2020/03/09 14:52:52 313448	INFO [input.cpp->run:257]	FPS: 5.9594
2020/03/09 14:52:52 394789	INFO [input.cpp->run:173]	
frame_id 46
2020/03/09 14:52:52 449163	INFO [input.cpp->run:235]	rotation: 
[-0.9999933014031817, -0.001101368232148823, 0.003490578287710677;
 0.001092363070133658, -0.9999960733432877, -0.002580705509944914;
 0.003493406888473198, -0.002576875244024291, 0.9999905778667562]
2020/03/09 14:52:52 449222	INFO [input.cpp->run:256]	frame times (ms): 167.454
2020/03/09 14:52:52 449239	INFO [input.cpp->run:257]	FPS: 5.97179
2020/03/09 14:52:52 527872	INFO [input.cpp->run:173]	
frame_id 47
2020/03/09 14:52:52 579181	INFO [input.cpp->run:235]	rotation: 
[-0.9999243184186637, -0.0005275686581989296, 0.01229142409494204;
 0.0004764604804325787, -0.9999912311879315, -0.004160592825007267;
 0.0122935113121281, -0.004154421566933497, 0.9999158016358489]
2020/03/09 14:52:52 579241	INFO [input.cpp->run:256]	frame times (ms): 164.798
2020/03/09 14:52:52 579243	INFO [input.cpp->run:257]	FPS: 6.06803
2020/03/09 14:52:52 661572	INFO [input.cpp->run:173]	
frame_id 48
2020/03/09 14:52:52 716118	INFO [input.cpp->run:235]	rotation: 
[-0.7421144834933471, 0.4845601791503908, 0.4631063875300619;
 0.4660151614340586, -0.1235994840335224, 0.8761010426088049;
 0.4817633887117109, 0.8659818706695817, -0.1340874228577043]
2020/03/09 14:52:52 716174	INFO [input.cpp->run:256]	frame times (ms): 168.512
2020/03/09 14:52:52 716176	INFO [input.cpp->run:257]	FPS: 5.9343
2020/03/09 14:52:52 793051	INFO [input.cpp->run:173]	
frame_id 49
2020/03/09 14:52:52 845800	INFO [input.cpp->run:235]	rotation: 
[-0.9270411030158822, 8.872248514824044e-05, -0.3749597117657006;
 -0.006240850360968602, -0.9998651010879505, 0.01519313704126064;
 -0.3749077821356455, 0.01642472997352338, 0.9269165998834138]
2020/03/09 14:52:52 845871	INFO [input.cpp->run:256]	frame times (ms): 170.373
2020/03/09 14:52:52 845876	INFO [input.cpp->run:257]	FPS: 5.86947
2020/03/09 14:52:52 926140	INFO [input.cpp->run:173]	
frame_id 50
2020/03/09 14:52:52 983638	INFO [input.cpp->run:235]	rotation: 
[0.9998795608742121, 0.009096479751859878, -0.01257449013346843;
 -0.008524355418108132, 0.9989583973425166, 0.04482695331579596;
 0.01296915998430362, -0.0447143649736277, 0.9989156252929007]
2020/03/09 14:52:52 983697	INFO [input.cpp->run:256]	frame times (ms): 165.921
2020/03/09 14:52:52 983702	INFO [input.cpp->run:257]	FPS: 6.02696
2020/03/09 14:52:53 058958	INFO [input.cpp->run:173]	
frame_id 51
2020/03/09 14:52:53 114136	INFO [input.cpp->run:235]	rotation: 
[-0.999933958213814, -0.0002653828465151522, 0.01148950750899174;
 0.0003117476195857396, -0.9999918156085611, 0.004033798373148446;
 0.01148834297347031, 0.00403711380051491, 0.9999258570953572]
2020/03/09 14:52:53 114199	INFO [input.cpp->run:256]	frame times (ms): 165.613
2020/03/09 14:52:53 114203	INFO [input.cpp->run:257]	FPS: 6.03817
2020/03/09 14:52:53 193251	INFO [input.cpp->run:173]	
frame_id 52
2020/03/09 14:52:53 245847	INFO [input.cpp->run:235]	rotation: 
[-0.6302284108417435, -0.3587981356434889, -0.6885318061111246;
 -0.3641220866584185, -0.6466536945763701, 0.6702642055922798;
 -0.6857311836101739, 0.6731291831063984, 0.2768932044581509]
2020/03/09 14:52:53 245907	INFO [input.cpp->run:256]	frame times (ms): 165.31
2020/03/09 14:52:53 245909	INFO [input.cpp->run:257]	FPS: 6.04924
2020/03/09 14:52:53 324852	INFO [input.cpp->run:173]	
frame_id 53
2020/03/09 14:52:53 379622	INFO [input.cpp->run:235]	rotation: 
[0.999329194822738, -0.004012203023466863, -0.03640140933860653;
 0.005344239209449634, 0.9993168109671098, 0.03656980210225191;
 0.03622981482440241, -0.03673980872873688, 0.9986679062493024]
2020/03/09 14:52:53 379686	INFO [input.cpp->run:256]	frame times (ms): 166.746
2020/03/09 14:52:53 379691	INFO [input.cpp->run:257]	FPS: 5.99715
2020/03/09 14:52:53 461571	INFO [input.cpp->run:173]	
frame_id 54
2020/03/09 14:52:53 511844	INFO [input.cpp->run:235]	rotation: 
[-0.9973210700990748, 0.01076831327679253, -0.07235141025307813;
 -0.01492496419076573, -0.9982535696053522, 0.0571581683932976;
 -0.07160955648752983, 0.05808488787408526, 0.9957400349590819]
2020/03/09 14:52:53 511910	INFO [input.cpp->run:256]	frame times (ms): 159.598
2020/03/09 14:52:53 511915	INFO [input.cpp->run:257]	FPS: 6.26574
2020/03/09 14:52:53 592042	INFO [input.cpp->run:173]	
frame_id 55
2020/03/09 14:52:53 642336	INFO [input.cpp->run:235]	rotation: 
[-0.9999618891347223, 0.004472130493141362, 0.007498021537027245;
 -0.004509664367898077, -0.9999773490735988, -0.004996425424919747;
 0.007475507033393765, -0.005030048567378773, 0.9999594068791008]
2020/03/09 14:52:53 642392	INFO [input.cpp->run:256]	frame times (ms): 166.165
2020/03/09 14:52:53 642397	INFO [input.cpp->run:257]	FPS: 6.01811
2020/03/09 14:52:53 728568	INFO [input.cpp->run:173]	
frame_id 56
2020/03/09 14:52:53 778792	INFO [input.cpp->run:235]	rotation: 
[-0.9999069014764066, 0.0008063692149642861, 0.01362123887687168;
 -0.0008328244668136518, -0.9999977779016261, -0.001936645351518324;
 0.01361964695794715, -0.001947809153700345, 0.9999053511489184]
2020/03/09 14:52:53 778849	INFO [input.cpp->run:256]	frame times (ms): 150.01
2020/03/09 14:52:53 778862	INFO [input.cpp->run:257]	FPS: 6.66622
2020/03/09 14:52:53 858472	INFO [input.cpp->run:173]	
frame_id 57
2020/03/09 14:52:53 908476	INFO [input.cpp->run:235]	rotation: 
[-0.9304893574404725, 0.3489661299410636, 0.1114100347543856;
 0.2043896996530868, 0.24218629728726, 0.9484569827261583;
 0.303997378879716, 0.9053001919585811, -0.2966768546314635]
2020/03/09 14:52:53 908534	INFO [input.cpp->run:256]	frame times (ms): 163.747
2020/03/09 14:52:53 908537	INFO [input.cpp->run:257]	FPS: 6.10698
2020/03/09 14:52:53 993641	INFO [input.cpp->run:173]	
frame_id 58
2020/03/09 14:52:54 044374	INFO [input.cpp->run:235]	rotation: 
[-0.999890007742548, 0.01066257366579356, 0.01030931323750099;
 -0.01062062299842839, -0.9999351307281282, 0.004115422559865462;
 0.01035252547606821, 0.004005478565979529, 0.9999383887808908]
2020/03/09 14:52:54 044432	INFO [input.cpp->run:256]	frame times (ms): 146.508
2020/03/09 14:52:54 044442	INFO [input.cpp->run:257]	FPS: 6.82557
2020/03/09 14:52:54 125766	INFO [input.cpp->run:173]	
frame_id 59
2020/03/09 14:52:54 175184	INFO [input.cpp->run:235]	rotation: 
[-0.9960668634876207, 0.05614689927814488, 0.06854435909236617;
 -0.05372101808573641, -0.9978799615299599, 0.03673737324303;
 0.07046173200940614, 0.03291060738448271, 0.996971432009874]
2020/03/09 14:52:54 175262	INFO [input.cpp->run:256]	frame times (ms): 154.909
2020/03/09 14:52:54 175267	INFO [input.cpp->run:257]	FPS: 6.4554
2020/03/09 14:52:54 259754	INFO [input.cpp->run:173]	
frame_id 60
2020/03/09 14:52:54 308708	INFO [input.cpp->run:235]	rotation: 
[-0.9975720215436414, -0.02772979357492768, -0.06388364721604842;
 0.0277452952063188, -0.9996148173301416, 0.0006446455940758301;
 -0.06387691623150615, -0.001129390242404161, 0.9979571453977536]
2020/03/09 14:52:54 308768	INFO [input.cpp->run:256]	frame times (ms): 154.022
2020/03/09 14:52:54 308773	INFO [input.cpp->run:257]	FPS: 6.49258
2020/03/09 14:52:54 394854	INFO [input.cpp->run:173]	
frame_id 61
2020/03/09 14:52:54 444476	INFO [input.cpp->run:235]	rotation: 
[-0.9587411640284061, -0.2766841739846825, -0.06527823729138837;
 0.2842763088784382, -0.9343499580888608, -0.2148886596118904;
 -0.001536426993931937, -0.2245796600000944, 0.9744545221334517]
2020/03/09 14:52:54 444534	INFO [input.cpp->run:256]	frame times (ms): 153.203
2020/03/09 14:52:54 444555	INFO [input.cpp->run:257]	FPS: 6.52729
2020/03/09 14:52:54 525982	INFO [input.cpp->run:173]	
frame_id 62
2020/03/09 14:52:54 575920	INFO [input.cpp->run:235]	rotation: 
[0.9996228577650202, 0.01064654259819154, -0.02531389666564403;
 -0.01113679591333156, 0.9997516036522942, -0.01930551142681619;
 0.02510207183638061, 0.0195801462040257, 0.9994931234701668]
2020/03/09 14:52:54 575979	INFO [input.cpp->run:256]	frame times (ms): 153.345
2020/03/09 14:52:54 575983	INFO [input.cpp->run:257]	FPS: 6.52124
2020/03/09 14:52:54 659183	INFO [input.cpp->run:173]	
frame_id 63
2020/03/09 14:52:54 710259	INFO [input.cpp->run:235]	rotation: 
[-0.9998876086162927, 0.002114495158656176, 0.01484247438318578;
 -0.002067854923843097, -0.9999928786606488, 0.003156992873423958;
 0.01484904413103565, 0.003125945970891274, 0.9998848605465438]
2020/03/09 14:52:54 710318	INFO [input.cpp->run:256]	frame times (ms): 151.211
2020/03/09 14:52:54 710325	INFO [input.cpp->run:257]	FPS: 6.61328
2020/03/09 14:52:54 793579	INFO [input.cpp->run:173]	
frame_id 64
2020/03/09 14:52:54 843746	INFO [input.cpp->run:235]	rotation: 
[-0.99999070776955, 0.004251285968702151, 0.0007148021871590337;
 -0.004253422965052537, -0.9999864084623793, -0.003015175549111948;
 0.0007019740983931021, -0.00301818788744423, 0.9999951988755951]
2020/03/09 14:52:54 843807	INFO [input.cpp->run:256]	frame times (ms): 154.494
2020/03/09 14:52:54 843849	INFO [input.cpp->run:257]	FPS: 6.47274
2020/03/09 14:52:54 927068	INFO [input.cpp->run:173]	
frame_id 65
2020/03/09 14:52:54 976676	INFO [input.cpp->run:235]	rotation: 
[-0.9998586683542932, 0.0008097459732173373, 0.01679248725586996;
 -0.0007583799696691456, -0.9999950152727106, 0.003065010530618958;
 0.01679488542983552, 0.003051842261660781, 0.9998542984266305]
2020/03/09 14:52:54 976736	INFO [input.cpp->run:256]	frame times (ms): 153.821
2020/03/09 14:52:54 976741	INFO [input.cpp->run:257]	FPS: 6.50106
2020/03/09 14:52:55 059460	INFO [input.cpp->run:173]	
frame_id 66
2020/03/09 14:52:55 111347	INFO [input.cpp->run:235]	rotation: 
[-0.9989081010115379, 0.02353989120792403, 0.04035442051922219;
 -0.0234291132012449, -0.9997203281325976, 0.003215924914340865;
 0.04041883704569407, 0.00226694516266443, 0.9991802532934202]
2020/03/09 14:52:55 111412	INFO [input.cpp->run:256]	frame times (ms): 147.933
2020/03/09 14:52:55 111416	INFO [input.cpp->run:257]	FPS: 6.75982
2020/03/09 14:52:55 193914	INFO [input.cpp->run:173]	
frame_id 67
2020/03/09 14:52:55 247272	INFO [input.cpp->run:235]	rotation: 
[-0.9998730935468257, 0.003381023403080439, 0.01556809178571591;
 -0.003497161047028296, -0.9999662164251192, -0.007438808576833236;
 0.015542415054032, -0.007492308668190476, 0.9998511382426432]
2020/03/09 14:52:55 247334	INFO [input.cpp->run:256]	frame times (ms): 161.298
2020/03/09 14:52:55 247339	INFO [input.cpp->run:257]	FPS: 6.1997
2020/03/09 14:52:55 326380	INFO [input.cpp->run:173]	
frame_id 68
2020/03/09 14:52:55 377793	INFO [input.cpp->run:235]	rotation: 
[-0.9997749069609028, 0.0003317793729313027, 0.02121380054978383;
 -0.0003496560615666527, -0.9999995869199425, -0.0008389878324483853;
 0.02121351342792894, -0.0008462165160785117, 0.9997746099824959]
2020/03/09 14:52:55 377850	INFO [input.cpp->run:256]	frame times (ms): 158.396
2020/03/09 14:52:55 377854	INFO [input.cpp->run:257]	FPS: 6.31329
2020/03/09 14:52:55 459532	INFO [input.cpp->run:173]	
frame_id 69
2020/03/09 14:52:55 508953	INFO [input.cpp->run:235]	rotation: 
[-0.9998349119372003, -0.003139512620249834, 0.01789671288360343;
 0.003201934984332402, -0.9999888867792841, 0.003460336729893038;
 0.01788565022264925, 0.003517069580692228, 0.9998338530664375]
2020/03/09 14:52:55 509009	INFO [input.cpp->run:256]	frame times (ms): 151.423
2020/03/09 14:52:55 509013	INFO [input.cpp->run:257]	FPS: 6.60402
2020/03/09 14:52:55 593253	INFO [input.cpp->run:173]	
frame_id 70
2020/03/09 14:52:55 644068	INFO [input.cpp->run:235]	rotation: 
[-0.8362937755076006, 0.4230081035926603, 0.3488221113148993;
 0.4520558634692208, 0.1719654988825793, 0.8752561702137054;
 0.310255084326333, 0.8896583678519563, -0.3350369698416179]
2020/03/09 14:52:55 644120	INFO [input.cpp->run:256]	frame times (ms): 156.391
2020/03/09 14:52:55 644123	INFO [input.cpp->run:257]	FPS: 6.39423
2020/03/09 14:52:55 729266	INFO [input.cpp->run:173]	
frame_id 71
2020/03/09 14:52:55 784728	INFO [input.cpp->run:235]	rotation: 
[-0.9743843748448786, -0.0218070802683819, 0.2238292682120092;
 -0.01973094247454956, -0.9831596847028786, -0.1816802803938896;
 0.2240218292203267, -0.1814427888484541, 0.9575451605055895]
2020/03/09 14:52:55 784789	INFO [input.cpp->run:256]	frame times (ms): 165.89
2020/03/09 14:52:55 784792	INFO [input.cpp->run:257]	FPS: 6.02809
2020/03/09 14:52:55 862408	INFO [input.cpp->run:173]	
frame_id 72
2020/03/09 14:52:55 911776	INFO [input.cpp->run:235]	rotation: 
[-0.9998891582999706, -0.003913156987750669, 0.01436517722012405;
 0.003960266367225785, -0.9999868688931898, 0.003252434702672747;
 0.01435226130186365, 0.003308964125485164, 0.9998915257926426]
2020/03/09 14:52:55 911837	INFO [input.cpp->run:256]	frame times (ms): 158.797
2020/03/09 14:52:55 911842	INFO [input.cpp->run:257]	FPS: 6.29735
2020/03/09 14:52:55 995464	INFO [input.cpp->run:173]	
frame_id 73
2020/03/09 14:52:56 044619	INFO [input.cpp->run:235]	rotation: 
[-0.9937682205562401, -0.009524361063075675, 0.1110585897570478;
 -0.0003931201356651808, -0.9960371197481691, -0.08893762724702259;
 0.1114655519388973, -0.08842704693763989, 0.9898262918819878]
2020/03/09 14:52:56 044676	INFO [input.cpp->run:256]	frame times (ms): 154.474
2020/03/09 14:52:56 044679	INFO [input.cpp->run:257]	FPS: 6.47358
2020/03/09 14:52:56 130105	INFO [input.cpp->run:173]	
frame_id 74
2020/03/09 14:52:56 180665	INFO [input.cpp->run:235]	rotation: 
[-0.9998334010118418, 0.002982044531478948, 0.0180077103349033;
 -0.00306832023823713, -0.9999839384598335, -0.004765315653308897;
 0.01799321071985573, -0.004819775178607697, 0.999826492015099]
2020/03/09 14:52:56 180724	INFO [input.cpp->run:256]	frame times (ms): 160.82
2020/03/09 14:52:56 180727	INFO [input.cpp->run:257]	FPS: 6.21813
2020/03/09 14:52:56 261409	INFO [input.cpp->run:173]	
frame_id 75
2020/03/09 14:52:56 311076	INFO [input.cpp->run:235]	rotation: 
[-0.9998596899892636, -0.003610997940689754, 0.0163572928214358;
 0.003679194198582279, -0.9999846577368511, 0.004140992750762018;
 0.01634208874724952, 0.004200593384877837, 0.9998576354414626]
2020/03/09 14:52:56 311139	INFO [input.cpp->run:256]	frame times (ms): 155.283
2020/03/09 14:52:56 311142	INFO [input.cpp->run:257]	FPS: 6.43985
2020/03/09 14:52:56 395680	INFO [input.cpp->run:173]	
frame_id 76
2020/03/09 14:52:56 446502	INFO [input.cpp->run:235]	rotation: 
[-0.9967927934746804, -0.04258078100730334, 0.06775694773048201;
 -0.03276912110877758, -0.5552679172481562, -0.831025706447552;
 0.07300898286307968, -0.8305807710052663, 0.552091723590922]
2020/03/09 14:52:56 446570	INFO [input.cpp->run:256]	frame times (ms): 155.526
2020/03/09 14:52:56 446574	INFO [input.cpp->run:257]	FPS: 6.42979
2020/03/09 14:52:56 528936	INFO [input.cpp->run:173]	
frame_id 77
2020/03/09 14:52:56 582534	INFO [input.cpp->run:235]	rotation: 
[-0.9992981507003841, -0.02272696128541034, 0.0297773611578294;
 0.02022453387061831, -0.9964435235243347, -0.08180019960932039;
 0.03153052864302405, -0.08114055494720199, 0.9962038125335353]
2020/03/09 14:52:56 582591	INFO [input.cpp->run:256]	frame times (ms): 158.789
2020/03/09 14:52:56 582597	INFO [input.cpp->run:257]	FPS: 6.29767
2020/03/09 14:52:56 662108	INFO [input.cpp->run:173]	
frame_id 78
2020/03/09 14:52:56 711825	INFO [input.cpp->run:235]	rotation: 
[-0.9998519158999905, 0.003988277128780226, 0.01674036787715439;
 -0.004898751138464696, -0.9984905868527485, -0.05470420645377656;
 0.01649692421034311, -0.05477811252679365, 0.9983622638499513]
2020/03/09 14:52:56 711875	INFO [input.cpp->run:256]	frame times (ms): 155.633
2020/03/09 14:52:56 711879	INFO [input.cpp->run:257]	FPS: 6.42537
2020/03/09 14:52:56 795555	INFO [input.cpp->run:173]	
frame_id 79
2020/03/09 14:52:56 844334	INFO [input.cpp->run:235]	rotation: 
[-0.9996691474905479, 0.007936410321122725, -0.02446648619511678;
 -0.001464400179343269, -0.9672256815094679, -0.253914033800143;
 -0.02567977974274317, -0.2537941969781031, 0.9669172945462319]
2020/03/09 14:52:56 844395	INFO [input.cpp->run:256]	frame times (ms): 148.033
2020/03/09 14:52:56 844403	INFO [input.cpp->run:257]	FPS: 6.75525
2020/03/09 14:52:56 928539	INFO [input.cpp->run:173]	
frame_id 80
2020/03/09 14:52:56 985652	INFO [input.cpp->run:235]	rotation: 
[0.9996022900552993, 0.007887982001993836, -0.02707473833922478;
 -0.008523729078423163, 0.9996887516147077, -0.02344666154540634;
 0.02688136452635748, 0.02366811430941245, 0.9993584004781456]
2020/03/09 14:52:56 985708	INFO [input.cpp->run:256]	frame times (ms): 162.441
2020/03/09 14:52:56 985714	INFO [input.cpp->run:257]	FPS: 6.15608
2020/03/09 14:52:57 062242	INFO [input.cpp->run:173]	
frame_id 81
2020/03/09 14:52:57 111632	INFO [input.cpp->run:235]	rotation: 
[0.9995547561081116, 0.007507178184375861, -0.02887787764641798;
 -0.008162135153469995, 0.999710598029511, -0.02262962079253476;
 0.02869963573618916, 0.02285525023239656, 0.9993267575950444]
2020/03/09 14:52:57 111691	INFO [input.cpp->run:256]	frame times (ms): 155.712
2020/03/09 14:52:57 111696	INFO [input.cpp->run:257]	FPS: 6.42211
2020/03/09 14:52:57 195526	INFO [input.cpp->run:173]	
frame_id 82
2020/03/09 14:52:57 243316	INFO [input.cpp->run:235]	rotation: 
[-0.9998649292368363, 0.004874487404763782, 0.01569594389506611;
 -0.004975056487136515, -0.9999673056619248, -0.006374670201697147;
 0.0156643574769623, -0.006451897377624967, 0.9998564901649947]
2020/03/09 14:52:57 243361	INFO [input.cpp->run:256]	frame times (ms): 152.04
2020/03/09 14:52:57 243366	INFO [input.cpp->run:257]	FPS: 6.57722
2020/03/09 14:52:57 326698	INFO [input.cpp->run:173]	
frame_id 83
2020/03/09 14:52:57 380127	INFO [input.cpp->run:235]	rotation: 
[0.9993198822067082, 0.01335769882201684, -0.03437069840068804;
 -0.01414579977278971, 0.9996402060231067, -0.02278935828120072;
 0.03405391864615454, 0.02326005985076305, 0.999149288265062]
2020/03/09 14:52:57 380189	INFO [input.cpp->run:256]	frame times (ms): 158.34
2020/03/09 14:52:57 380193	INFO [input.cpp->run:257]	FPS: 6.31552
2020/03/09 14:52:57 462305	INFO [input.cpp->run:173]	
frame_id 84
2020/03/09 14:52:57 505439	INFO [input.cpp->run:235]	rotation: 
[0.9998146034302189, -0.002999232669092071, -0.01902007810370098;
 0.002537176557671979, 0.999702200122067, -0.02427084271742494;
