		g3log created log at: Sun Mar 08 15:26:40 2020
		LOG format: [YYYY/MM/DD hh:mm:ss uuu* LEVEL FILE->FUNCTION:LINE] message		(uuu*: microseconds fractions of the seconds value)

2020/03/08 15:26:40 334584	INFO [g3logger.h->logBanner:29]	Starting log.
2020/03/08 15:26:40 339637	DEBUG [main.cpp->main:49]	Filepath: /home/mitchell/KITTI/data_odometry_gray/dataset/sequences/00/
2020/03/08 15:26:40 339642	DEBUG [main.cpp->main:53]	Calibration Filepath: /home/mitchell/visual_odom_ws/src/visual_odom/calibration/zed.yaml
2020/03/08 15:26:40 339717	INFO [main.cpp->main:67]	P_left: 
[684.35999, 0, 689.89001, 0;
 0, 684.35999, 406.87, 0;
 0, 0, 1, 0]
2020/03/08 15:26:40 339723	INFO [main.cpp->main:68]	P_right: 
[684.35999, 0, 689.89001, -82.120003;
 0, 684.35999, 406.87, 0;
 0, 0, 1, 0]
2020/03/08 15:26:40 419791	INFO [input.cpp->Input:22]	frame_pose [1, 0, 0, 0;
 0, 1, 0, 0;
 0, 0, 1, 0;
 0, 0, 0, 1]
2020/03/08 15:26:40 651092	INFO [input.cpp->run:173]	
frame_id 1
2020/03/08 15:26:40 659478	INFO [input.cpp->run:196]	Not enough points
2020/03/08 15:26:40 717327	INFO [input.cpp->run:173]	
frame_id 2
2020/03/08 15:26:40 725298	INFO [input.cpp->run:196]	Not enough points
2020/03/08 15:26:40 784010	INFO [input.cpp->run:173]	
frame_id 3
2020/03/08 15:26:40 792524	INFO [input.cpp->run:196]	Not enough points
2020/03/08 15:26:40 850894	INFO [input.cpp->run:173]	
frame_id 4
2020/03/08 15:26:40 858961	INFO [input.cpp->run:196]	Not enough points
2020/03/08 15:26:40 917272	INFO [input.cpp->run:173]	
frame_id 5
2020/03/08 15:26:40 926104	INFO [input.cpp->run:196]	Not enough points
2020/03/08 15:26:40 984090	INFO [input.cpp->run:173]	
frame_id 6
2020/03/08 15:26:40 992299	INFO [input.cpp->run:196]	Not enough points
2020/03/08 15:26:41 050664	INFO [input.cpp->run:173]	
frame_id 7
2020/03/08 15:26:41 058888	INFO [input.cpp->run:196]	Not enough points
2020/03/08 15:26:41 117334	INFO [input.cpp->run:173]	
frame_id 8
2020/03/08 15:26:41 125645	INFO [input.cpp->run:196]	Not enough points
2020/03/08 15:26:41 184365	INFO [input.cpp->run:173]	
frame_id 9
2020/03/08 15:26:41 193287	INFO [input.cpp->run:196]	Not enough points
2020/03/08 15:26:41 250660	INFO [input.cpp->run:173]	
frame_id 10
2020/03/08 15:26:41 258826	INFO [input.cpp->run:196]	Not enough points
2020/03/08 15:26:41 317513	INFO [input.cpp->run:173]	
frame_id 11
2020/03/08 15:26:41 325827	INFO [input.cpp->run:196]	Not enough points
2020/03/08 15:26:41 384501	INFO [input.cpp->run:173]	
frame_id 12
2020/03/08 15:26:41 393076	INFO [input.cpp->run:196]	Not enough points
2020/03/08 15:26:41 450417	INFO [input.cpp->run:173]	
frame_id 13
2020/03/08 15:26:41 458399	INFO [input.cpp->run:196]	Not enough points
2020/03/08 15:26:41 519720	INFO [input.cpp->run:173]	
frame_id 14
2020/03/08 15:26:41 528108	INFO [input.cpp->run:196]	Not enough points
2020/03/08 15:26:41 584003	INFO [input.cpp->run:173]	
frame_id 15
2020/03/08 15:26:41 592342	INFO [input.cpp->run:196]	Not enough points
2020/03/08 15:26:41 650999	INFO [input.cpp->run:173]	
frame_id 16
2020/03/08 15:26:41 660174	INFO [input.cpp->run:196]	Not enough points
2020/03/08 15:26:41 716943	INFO [input.cpp->run:173]	
frame_id 17
2020/03/08 15:26:41 725443	INFO [input.cpp->run:196]	Not enough points
2020/03/08 15:26:41 783824	INFO [input.cpp->run:173]	
frame_id 18
2020/03/08 15:26:41 792000	INFO [input.cpp->run:196]	Not enough points
2020/03/08 15:26:41 850728	INFO [input.cpp->run:173]	
frame_id 19
2020/03/08 15:26:41 859733	INFO [input.cpp->run:196]	Not enough points
2020/03/08 15:26:41 910089	INFO [input.cpp->run:173]	
frame_id 20
2020/03/08 15:26:41 913581	INFO [input.cpp->run:196]	Not enough points
2020/03/08 15:26:41 978269	INFO [input.cpp->run:173]	
frame_id 21
2020/03/08 15:26:41 982527	INFO [input.cpp->run:196]	Not enough points
2020/03/08 15:26:42 044633	INFO [input.cpp->run:173]	
frame_id 22
2020/03/08 15:26:42 048841	INFO [input.cpp->run:196]	Not enough points
2020/03/08 15:26:42 108813	INFO [input.cpp->run:173]	
frame_id 23
2020/03/08 15:26:42 111167	INFO [input.cpp->run:196]	Not enough points
2020/03/08 15:26:42 185820	INFO [input.cpp->run:173]	
frame_id 24
2020/03/08 15:26:42 194279	INFO [input.cpp->run:196]	Not enough points
2020/03/08 15:26:42 251031	INFO [input.cpp->run:173]	
frame_id 25
2020/03/08 15:26:42 259385	INFO [input.cpp->run:196]	Not enough points
2020/03/08 15:26:42 318246	INFO [input.cpp->run:173]	
frame_id 26
2020/03/08 15:26:42 326679	INFO [input.cpp->run:196]	Not enough points
2020/03/08 15:26:42 385305	INFO [input.cpp->run:173]	
frame_id 27
2020/03/08 15:26:42 393788	INFO [input.cpp->run:196]	Not enough points
2020/03/08 15:26:42 445037	INFO [input.cpp->run:173]	
frame_id 28
2020/03/08 15:26:42 448799	INFO [input.cpp->run:196]	Not enough points
2020/03/08 15:26:42 508862	INFO [input.cpp->run:173]	
frame_id 29
2020/03/08 15:26:42 511411	INFO [input.cpp->run:196]	Not enough points
2020/03/08 15:26:42 584956	INFO [input.cpp->run:173]	
frame_id 30
2020/03/08 15:26:42 592935	INFO [input.cpp->run:196]	Not enough points
2020/03/08 15:26:42 650370	INFO [input.cpp->run:173]	
frame_id 31
2020/03/08 15:26:42 658377	INFO [input.cpp->run:196]	Not enough points
2020/03/08 15:26:42 716904	INFO [input.cpp->run:173]	
frame_id 32
2020/03/08 15:26:42 725646	INFO [input.cpp->run:196]	Not enough points
2020/03/08 15:26:42 784026	INFO [input.cpp->run:173]	
frame_id 33
2020/03/08 15:26:42 795596	INFO [input.cpp->run:196]	Not enough points
2020/03/08 15:26:42 850778	INFO [input.cpp->run:173]	
frame_id 34
2020/03/08 15:26:42 859869	INFO [input.cpp->run:196]	Not enough points
2020/03/08 15:26:42 910583	INFO [input.cpp->run:173]	
frame_id 35
2020/03/08 15:26:42 914102	INFO [input.cpp->run:196]	Not enough points
2020/03/08 15:26:42 980835	INFO [input.cpp->run:173]	
frame_id 36
2020/03/08 15:26:42 986490	INFO [input.cpp->run:196]	Not enough points
2020/03/08 15:26:43 043513	INFO [input.cpp->run:173]	
frame_id 37
2020/03/08 15:26:43 047052	INFO [input.cpp->run:196]	Not enough points
2020/03/08 15:26:43 117608	INFO [input.cpp->run:173]	
frame_id 38
2020/03/08 15:26:43 125942	INFO [input.cpp->run:196]	Not enough points
2020/03/08 15:26:43 179222	INFO [input.cpp->run:173]	
frame_id 39
2020/03/08 15:26:43 182437	INFO [input.cpp->run:196]	Not enough points
2020/03/08 15:26:43 248812	INFO [input.cpp->run:173]	
frame_id 40
2020/03/08 15:26:43 255722	INFO [input.cpp->run:196]	Not enough points
2020/03/08 15:26:43 317481	INFO [input.cpp->run:173]	
frame_id 41
2020/03/08 15:26:43 326053	INFO [input.cpp->run:196]	Not enough points
2020/03/08 15:26:43 383931	INFO [input.cpp->run:173]	
frame_id 42
2020/03/08 15:26:43 392581	INFO [input.cpp->run:196]	Not enough points
2020/03/08 15:26:43 450725	INFO [input.cpp->run:173]	
frame_id 43
2020/03/08 15:26:43 458703	INFO [input.cpp->run:196]	Not enough points
2020/03/08 15:26:43 517506	INFO [input.cpp->run:173]	
frame_id 44
2020/03/08 15:26:43 525871	INFO [input.cpp->run:196]	Not enough points
2020/03/08 15:26:43 584070	INFO [input.cpp->run:173]	
frame_id 45
2020/03/08 15:26:43 592358	INFO [input.cpp->run:196]	Not enough points
2020/03/08 15:26:43 650472	INFO [input.cpp->run:173]	
frame_id 46
2020/03/08 15:26:43 658666	INFO [input.cpp->run:196]	Not enough points
2020/03/08 15:26:43 716897	INFO [input.cpp->run:173]	
frame_id 47
2020/03/08 15:26:43 725016	INFO [input.cpp->run:196]	Not enough points
2020/03/08 15:26:43 787831	INFO [input.cpp->run:173]	
frame_id 48
2020/03/08 15:26:43 795843	INFO [input.cpp->run:196]	Not enough points
2020/03/08 15:26:43 850613	INFO [input.cpp->run:173]	
frame_id 49
2020/03/08 15:26:43 859064	INFO [input.cpp->run:196]	Not enough points
2020/03/08 15:26:43 917849	INFO [input.cpp->run:173]	
frame_id 50
2020/03/08 15:26:43 925986	INFO [input.cpp->run:196]	Not enough points
2020/03/08 15:26:43 983895	INFO [input.cpp->run:173]	
frame_id 51
2020/03/08 15:26:43 992024	INFO [input.cpp->run:196]	Not enough points
2020/03/08 15:26:44 050594	INFO [input.cpp->run:173]	
frame_id 52
2020/03/08 15:26:44 058778	INFO [input.cpp->run:196]	Not enough points
2020/03/08 15:26:44 116941	INFO [input.cpp->run:173]	
frame_id 53
2020/03/08 15:26:44 124731	INFO [input.cpp->run:196]	Not enough points
2020/03/08 15:26:44 184124	INFO [input.cpp->run:173]	
frame_id 54
2020/03/08 15:26:44 192227	INFO [input.cpp->run:196]	Not enough points
2020/03/08 15:26:44 250585	INFO [input.cpp->run:173]	
frame_id 55
2020/03/08 15:26:44 258822	INFO [input.cpp->run:196]	Not enough points
2020/03/08 15:26:44 317057	INFO [input.cpp->run:173]	
frame_id 56
2020/03/08 15:26:44 326678	INFO [input.cpp->run:196]	Not enough points
2020/03/08 15:26:44 384332	INFO [input.cpp->run:173]	
frame_id 57
2020/03/08 15:26:44 394521	INFO [input.cpp->run:196]	Not enough points
2020/03/08 15:26:44 450657	INFO [input.cpp->run:173]	
frame_id 58
2020/03/08 15:26:44 458921	INFO [input.cpp->run:196]	Not enough points
2020/03/08 15:26:44 517267	INFO [input.cpp->run:173]	
frame_id 59
2020/03/08 15:26:44 525320	INFO [input.cpp->run:196]	Not enough points
2020/03/08 15:26:44 584397	INFO [input.cpp->run:173]	
frame_id 60
2020/03/08 15:26:44 592553	INFO [input.cpp->run:196]	Not enough points
2020/03/08 15:26:44 651008	INFO [input.cpp->run:173]	
frame_id 61
2020/03/08 15:26:44 659058	INFO [input.cpp->run:196]	Not enough points
2020/03/08 15:26:44 717239	INFO [input.cpp->run:173]	
frame_id 62
2020/03/08 15:26:44 726121	INFO [input.cpp->run:196]	Not enough points
2020/03/08 15:26:44 783953	INFO [input.cpp->run:173]	
frame_id 63
2020/03/08 15:26:44 792472	INFO [input.cpp->run:196]	Not enough points
2020/03/08 15:26:44 850402	INFO [input.cpp->run:173]	
frame_id 64
2020/03/08 15:26:44 859319	INFO [input.cpp->run:196]	Not enough points
2020/03/08 15:26:44 917049	INFO [input.cpp->run:173]	
frame_id 65
2020/03/08 15:26:44 925876	INFO [input.cpp->run:196]	Not enough points
2020/03/08 15:26:44 984407	INFO [input.cpp->run:173]	
frame_id 66
2020/03/08 15:26:44 996376	INFO [input.cpp->run:196]	Not enough points
2020/03/08 15:26:45 050228	INFO [input.cpp->run:173]	
frame_id 67
2020/03/08 15:26:45 058462	INFO [input.cpp->run:196]	Not enough points
2020/03/08 15:26:45 117035	INFO [input.cpp->run:173]	
frame_id 68
2020/03/08 15:26:45 124703	INFO [input.cpp->run:196]	Not enough points
2020/03/08 15:26:45 183739	INFO [input.cpp->run:173]	
frame_id 69
2020/03/08 15:26:45 191714	INFO [input.cpp->run:196]	Not enough points
2020/03/08 15:26:45 250579	INFO [input.cpp->run:173]	
frame_id 70
2020/03/08 15:26:45 258721	INFO [input.cpp->run:196]	Not enough points
2020/03/08 15:26:45 317166	INFO [input.cpp->run:173]	
frame_id 71
2020/03/08 15:26:45 325589	INFO [input.cpp->run:196]	Not enough points
2020/03/08 15:26:45 384021	INFO [input.cpp->run:173]	
frame_id 72
2020/03/08 15:26:45 392107	INFO [input.cpp->run:196]	Not enough points
2020/03/08 15:26:45 451028	INFO [input.cpp->run:173]	
frame_id 73
2020/03/08 15:26:45 458872	INFO [input.cpp->run:196]	Not enough points
2020/03/08 15:26:45 517383	INFO [input.cpp->run:173]	
frame_id 74
2020/03/08 15:26:45 525009	INFO [input.cpp->run:196]	Not enough points
2020/03/08 15:26:45 585137	INFO [input.cpp->run:173]	
frame_id 75
2020/03/08 15:26:45 592727	INFO [input.cpp->run:196]	Not enough points
2020/03/08 15:26:45 650738	INFO [input.cpp->run:173]	
frame_id 76
2020/03/08 15:26:45 658642	INFO [input.cpp->run:196]	Not enough points
2020/03/08 15:26:45 716932	INFO [input.cpp->run:173]	
frame_id 77
2020/03/08 15:26:45 724168	INFO [input.cpp->run:196]	Not enough points
2020/03/08 15:26:45 783889	INFO [input.cpp->run:173]	
frame_id 78
2020/03/08 15:26:45 790964	INFO [input.cpp->run:196]	Not enough points
2020/03/08 15:26:45 850246	INFO [input.cpp->run:173]	
frame_id 79
2020/03/08 15:26:45 857528	INFO [input.cpp->run:196]	Not enough points
2020/03/08 15:26:45 917245	INFO [input.cpp->run:173]	
frame_id 80
2020/03/08 15:26:45 924765	INFO [input.cpp->run:196]	Not enough points
2020/03/08 15:26:45 984347	INFO [input.cpp->run:173]	
frame_id 81
2020/03/08 15:26:45 993513	WARNING [visualOdometry.cpp->trackingFrame2Frame:179]	The Estimated Rotation and translation matrices(using getTransformation function) are : 
    0.999991   0.00428461 -0.000548691    0.0185294
 -0.00428755     0.999976  -0.00541913   0.00647497
 0.000525355   0.00542131     0.999985    0.0208793
           0            0            0            1
2020/03/08 15:26:46 043904	INFO [input.cpp->run:235]	rotation: 
[0.9999908208847046, 0.004284605383872986, -0.0005486905574798584;
 -0.004287548363208771, 0.9999760389328003, -0.005419131368398666;
 0.000525355339050293, 0.005421314388513565, 0.9999854564666748]
2020/03/08 15:26:46 043951	INFO [input.cpp->run:256]	frame times (ms): 65.664
2020/03/08 15:26:46 043955	INFO [input.cpp->run:257]	FPS: 15.229
2020/03/08 15:26:46 048864	INFO [input.cpp->run:173]	
frame_id 82
2020/03/08 15:26:46 050459	INFO [input.cpp->run:196]	Not enough points
2020/03/08 15:26:46 110153	INFO [input.cpp->run:173]	
frame_id 83
2020/03/08 15:26:46 111657	INFO [input.cpp->run:196]	Not enough points
2020/03/08 15:26:46 178294	INFO [input.cpp->run:173]	
frame_id 84
2020/03/08 15:26:46 180637	INFO [input.cpp->run:196]	Not enough points
2020/03/08 15:26:46 247249	INFO [input.cpp->run:173]	
frame_id 85
2020/03/08 15:26:46 250752	INFO [input.cpp->run:196]	Not enough points
2020/03/08 15:26:46 320030	INFO [input.cpp->run:173]	
frame_id 86
2020/03/08 15:26:46 327350	INFO [input.cpp->run:196]	Not enough points
2020/03/08 15:26:46 387159	INFO [input.cpp->run:173]	
frame_id 87
2020/03/08 15:26:46 397593	WARNING [visualOdometry.cpp->trackingFrame2Frame:179]	The Estimated Rotation and translation matrices(using getTransformation function) are : 
    0.999977    0.0067613  0.000418633    0.0317976
 -0.00676049     0.999976  -0.00170805   -0.0289103
-0.000430167   0.00170514     0.999999    0.0280471
           0            0            0            1
2020/03/08 15:26:46 398255	INFO [input.cpp->run:235]	rotation: 
[0.9999772906303406, 0.006761297583580017, 0.0004186332225799561;
 -0.006760492920875549, 0.9999759793281555, -0.001708045601844788;
 -0.0004301667213439941, 0.001705139875411987, 0.999998927116394]
2020/03/08 15:26:46 398328	INFO [input.cpp->run:256]	frame times (ms): 25.946
2020/03/08 15:26:46 398346	INFO [input.cpp->run:257]	FPS: 38.5416
2020/03/08 15:26:46 453853	INFO [input.cpp->run:173]	
frame_id 88
2020/03/08 15:26:46 461054	INFO [input.cpp->run:196]	Not enough points
2020/03/08 15:26:46 520341	INFO [input.cpp->run:173]	
frame_id 89
2020/03/08 15:26:46 527541	INFO [input.cpp->run:196]	Not enough points
2020/03/08 15:26:46 587401	INFO [input.cpp->run:173]	
frame_id 90
2020/03/08 15:26:46 594861	INFO [input.cpp->run:196]	Not enough points
2020/03/08 15:26:46 653847	INFO [input.cpp->run:173]	
frame_id 91
2020/03/08 15:26:46 660710	INFO [input.cpp->run:196]	Not enough points
2020/03/08 15:26:46 720260	INFO [input.cpp->run:173]	
frame_id 92
2020/03/08 15:26:46 729260	INFO [input.cpp->run:196]	Not enough points
2020/03/08 15:26:46 779010	INFO [input.cpp->run:173]	
frame_id 93
2020/03/08 15:26:46 782086	WARNING [visualOdometry.cpp->trackingFrame2Frame:179]	The Estimated Rotation and translation matrices(using getTransformation function) are : 
   0.999969  0.00640139 -0.00457409    0.111325
-0.00636648    0.999951  0.00756252  -0.0912921
  0.0046221 -0.00753298    0.999961   0.0221648
          0           0           0           1
2020/03/08 15:26:46 782356	INFO [input.cpp->run:235]	rotation: 
[0.9999690055847168, 0.006401389837265015, -0.004574090242385864;
 -0.00636647641658783, 0.9999510645866394, 0.007562518119812012;
 0.004622101783752441, -0.007532984018325806, 0.9999611377716064]
2020/03/08 15:26:46 782387	INFO [input.cpp->run:256]	frame times (ms): 9.879
2020/03/08 15:26:46 782394	INFO [input.cpp->run:257]	FPS: 101.225
2020/03/08 15:26:46 853947	INFO [input.cpp->run:173]	
frame_id 94
2020/03/08 15:26:46 861406	WARNING [visualOdometry.cpp->trackingFrame2Frame:179]	The Estimated Rotation and translation matrices(using getTransformation function) are : 
    0.999997  0.000382558   0.00237978    0.0144954
-0.000393584     0.999989   0.00465365   -0.0227108
 -0.00237793   -0.0046546     0.999986   -0.0134511
           0            0            0            1
2020/03/08 15:26:46 862071	INFO [input.cpp->run:235]	rotation: 
[0.9999972581863403, 0.0003825575113296509, 0.002379775047302246;
 -0.0003935843706130981, 0.9999892115592957, 0.004653647541999817;
 -0.002377927303314209, -0.004654601216316223, 0.9999864101409912]
2020/03/08 15:26:46 862144	INFO [input.cpp->run:256]	frame times (ms): 25.308
2020/03/08 15:26:46 862162	INFO [input.cpp->run:257]	FPS: 39.5132
2020/03/08 15:26:46 920348	INFO [input.cpp->run:173]	
frame_id 95
2020/03/08 15:26:46 928412	WARNING [visualOdometry.cpp->trackingFrame2Frame:179]	The Estimated Rotation and translation matrices(using getTransformation function) are : 
   0.999964 -0.00238538 -0.00815561   0.0493793
  0.0024552    0.999961  0.00853942  -0.0603027
 0.00813502  -0.0085589     0.99993   0.0459557
          0           0           0           1
2020/03/08 15:26:46 929081	INFO [input.cpp->run:235]	rotation: 
[0.9999638795852661, -0.002385377883911133, -0.008155614137649536;
 0.002455204725265503, 0.9999605417251587, 0.00853942334651947;
 0.008135020732879639, -0.008558899164199829, 0.9999302625656128]
2020/03/08 15:26:46 929169	INFO [input.cpp->run:256]	frame times (ms): 25.629
2020/03/08 15:26:46 929181	INFO [input.cpp->run:257]	FPS: 39.0183
2020/03/08 15:26:46 987821	INFO [input.cpp->run:173]	
frame_id 96
2020/03/08 15:26:46 995833	WARNING [visualOdometry.cpp->trackingFrame2Frame:179]	The Estimated Rotation and translation matrices(using getTransformation function) are : 
  0.999555 -0.0265591 -0.0136183  0.0570221
   0.02696   0.999182  0.0301552 -0.0488253
 0.0128063 -0.0305087   0.999453 -0.0822682
         0          0          0          1
2020/03/08 15:26:46 996489	INFO [input.cpp->run:235]	rotation: 
[0.9995546340942383, -0.02655909955501556, -0.01361826062202454;
 0.02695995569229126, 0.9991818070411682, 0.03015519678592682;
 0.01280632615089417, -0.03050874173641205, 0.999452531337738]
2020/03/08 15:26:46 996559	INFO [input.cpp->run:256]	frame times (ms): 24.314
2020/03/08 15:26:46 996568	INFO [input.cpp->run:257]	FPS: 41.1286
2020/03/08 15:26:47 054130	INFO [input.cpp->run:173]	
frame_id 97
2020/03/08 15:26:47 062819	WARNING [visualOdometry.cpp->trackingFrame2Frame:179]	The Estimated Rotation and translation matrices(using getTransformation function) are : 
   0.999993   0.0032232  0.00209865   -0.017684
-0.00321938    0.999994 -0.00177091 -0.00985861
-0.00210446  0.00176413    0.999997   0.0169239
          0           0           0           1
2020/03/08 15:26:47 063477	INFO [input.cpp->run:235]	rotation: 
[0.999992847442627, 0.003223195672035217, 0.002098649740219116;
 -0.003219380974769592, 0.9999935626983643, -0.001770913600921631;
 -0.002104461193084717, 0.00176413357257843, 0.999996542930603]
2020/03/08 15:26:47 063549	INFO [input.cpp->run:256]	frame times (ms): 29.177
2020/03/08 15:26:47 063594	INFO [input.cpp->run:257]	FPS: 34.2736
2020/03/08 15:26:47 111898	INFO [input.cpp->run:173]	
frame_id 98
2020/03/08 15:26:47 113942	WARNING [visualOdometry.cpp->trackingFrame2Frame:179]	The Estimated Rotation and translation matrices(using getTransformation function) are : 
           1   0.00022237   0.00106326   -0.0123677
-0.000220865     0.999999  -0.00144921   0.00424528
 -0.00106379   0.00144888     0.999998   0.00567627
           0            0            0            1
2020/03/08 15:26:47 114114	INFO [input.cpp->run:235]	rotation: 
[0.9999995231628418, 0.0002223700284957886, 0.001063257455825806;
 -0.00022086501121521, 0.9999990463256836, -0.001449212431907654;
 -0.001063793897628784, 0.001448884606361389, 0.9999984502792358]
2020/03/08 15:26:47 114136	INFO [input.cpp->run:256]	frame times (ms): 6.221
2020/03/08 15:26:47 114140	INFO [input.cpp->run:257]	FPS: 160.746
2020/03/08 15:26:47 177250	INFO [input.cpp->run:173]	
frame_id 99
2020/03/08 15:26:47 179428	INFO [input.cpp->run:196]	Not enough points
2020/03/08 15:26:47 253996	INFO [input.cpp->run:173]	
frame_id 100
2020/03/08 15:26:47 261927	WARNING [visualOdometry.cpp->trackingFrame2Frame:179]	The Estimated Rotation and translation matrices(using getTransformation function) are : 
   0.999993  0.00258946  0.00255948  -0.0270166
-0.00257941    0.999989 -0.00394273  0.00456142
-0.00256941  0.00393625    0.999989   0.0196571
          0           0           0           1
2020/03/08 15:26:47 262589	INFO [input.cpp->run:235]	rotation: 
[0.9999934434890747, 0.00258946418762207, 0.002559483051300049;
 -0.002579405903816223, 0.9999889135360718, -0.003942728042602539;
 -0.002569407224655151, 0.003936246037483215, 0.9999889731407166]
2020/03/08 15:26:47 262663	INFO [input.cpp->run:256]	frame times (ms): 23.284
2020/03/08 15:26:47 262678	INFO [input.cpp->run:257]	FPS: 42.9479
2020/03/08 15:26:47 317034	INFO [input.cpp->run:173]	
frame_id 101
2020/03/08 15:26:47 322235	WARNING [visualOdometry.cpp->trackingFrame2Frame:179]	The Estimated Rotation and translation matrices(using getTransformation function) are : 
           1 -0.000672579 -0.000864834   -0.0349422
 0.000674039     0.999999   0.00154079   -0.0256579
 0.000863582  -0.00154139     0.999999    0.0402575
           0            0            0            1
2020/03/08 15:26:47 322684	INFO [input.cpp->run:235]	rotation: 
[0.9999997019767761, -0.0006725788116455078, -0.0008648335933685303;
 0.0006740391254425049, 0.9999987483024597, 0.001540794968605042;
 0.0008635818958282471, -0.001541391015052795, 0.9999988079071045]
2020/03/08 15:26:47 322738	INFO [input.cpp->run:256]	frame times (ms): 18.346
2020/03/08 15:26:47 322750	INFO [input.cpp->run:257]	FPS: 54.5078
2020/03/08 15:26:47 386344	INFO [input.cpp->run:173]	
frame_id 102
2020/03/08 15:26:47 393475	WARNING [visualOdometry.cpp->trackingFrame2Frame:179]	The Estimated Rotation and translation matrices(using getTransformation function) are : 
   0.999996  0.00109266  0.00272456  -0.0232573
 -0.0010855    0.999996  -0.0026307  0.00540614
-0.00272718  0.00262792    0.999993  0.00331116
          0           0           0           1
2020/03/08 15:26:47 394197	INFO [input.cpp->run:235]	rotation: 
[0.9999958276748657, 0.001092657446861267, 0.002724558115005493;
 -0.00108550488948822, 0.9999960660934448, -0.002630695700645447;
 -0.00272718071937561, 0.002627924084663391, 0.999992847442627]
2020/03/08 15:26:47 394268	INFO [input.cpp->run:256]	frame times (ms): 21.787
2020/03/08 15:26:47 394277	INFO [input.cpp->run:257]	FPS: 45.8989
2020/03/08 15:26:47 453054	INFO [input.cpp->run:173]	
frame_id 103
2020/03/08 15:26:47 460410	WARNING [visualOdometry.cpp->trackingFrame2Frame:179]	The Estimated Rotation and translation matrices(using getTransformation function) are : 
    0.999997 -0.000472263   0.00241032   -0.0658903
 0.000473216            1  -0.00039804   -0.0163271
 -0.00241002  0.000399217     0.999997     0.036097
           0            0            0            1
2020/03/08 15:26:47 461004	INFO [input.cpp->run:235]	rotation: 
[0.9999969601631165, -0.0004722625017166138, 0.002410322427749634;
 0.00047321617603302, 0.9999997615814209, -0.0003980398178100586;
 -0.002410024404525757, 0.0003992170095443726, 0.999997079372406]
2020/03/08 15:26:47 461071	INFO [input.cpp->run:256]	frame times (ms): 23.844
2020/03/08 15:26:47 461082	INFO [input.cpp->run:257]	FPS: 41.9393
2020/03/08 15:26:47 519923	INFO [input.cpp->run:173]	
frame_id 104
2020/03/08 15:26:47 527556	WARNING [visualOdometry.cpp->trackingFrame2Frame:179]	The Estimated Rotation and translation matrices(using getTransformation function) are : 
   0.999973 -0.00667517 -0.00314525  -0.0420284
 0.00670904    0.999918   0.0109048  -0.0676157
 0.00307211  -0.0109258    0.999936   0.0405397
          0           0           0           1
2020/03/08 15:26:47 528172	INFO [input.cpp->run:235]	rotation: 
[0.999972939491272, -0.006675168871879578, -0.0031452476978302;
 0.006709039211273193, 0.9999182224273682, 0.01090483367443085;
 0.003072112798690796, -0.01092575490474701, 0.9999357461929321]
2020/03/08 15:26:47 528242	INFO [input.cpp->run:256]	frame times (ms): 23.851
2020/03/08 15:26:47 528251	INFO [input.cpp->run:257]	FPS: 41.927
2020/03/08 15:26:47 586667	INFO [input.cpp->run:173]	
frame_id 105
2020/03/08 15:26:47 595021	WARNING [visualOdometry.cpp->trackingFrame2Frame:179]	The Estimated Rotation and translation matrices(using getTransformation function) are : 
    0.99998  0.00524673  0.00340649  0.00570869
-0.00522941    0.999973 -0.00509679     0.01652
-0.00343299   0.0050789    0.999981  -0.0243626
          0           0           0           1
2020/03/08 15:26:47 595746	INFO [input.cpp->run:235]	rotation: 
[0.9999804496765137, 0.005246728658676147, 0.003406494855880737;
 -0.005229413509368896, 0.9999734163284302, -0.005096793174743652;
 -0.003432989120483398, 0.005078896880149841, 0.999981164932251]
2020/03/08 15:26:47 595825	INFO [input.cpp->run:256]	frame times (ms): 24.733
2020/03/08 15:26:47 595834	INFO [input.cpp->run:257]	FPS: 40.4318
2020/03/08 15:26:47 644532	INFO [input.cpp->run:173]	
frame_id 106
2020/03/08 15:26:47 646490	WARNING [visualOdometry.cpp->trackingFrame2Frame:179]	The Estimated Rotation and translation matrices(using getTransformation function) are : 
           1 -0.000488803  0.000861764   -0.0195661
 0.000488892            1  -0.00022243  -0.00277519
-0.000861645  0.000222892            1    0.0125742
           0            0            0            1
2020/03/08 15:26:47 646648	INFO [input.cpp->run:235]	rotation: 
[0.9999995231628418, -0.0004888027906417847, 0.0008617639541625977;
 0.0004888921976089478, 1, -0.000222429633140564;
 -0.0008616447448730469, 0.0002228915691375732, 0.9999996423721313]
2020/03/08 15:26:47 646668	INFO [input.cpp->run:256]	frame times (ms): 6.095
2020/03/08 15:26:47 646672	INFO [input.cpp->run:257]	FPS: 164.069
2020/03/08 15:26:47 711275	INFO [input.cpp->run:173]	
frame_id 107
2020/03/08 15:26:47 712993	WARNING [visualOdometry.cpp->trackingFrame2Frame:179]	The Estimated Rotation and translation matrices(using getTransformation function) are : 
   0.999983 -0.00438365  0.00381833  -0.0573759
 0.00436844    0.999983   0.0039952 -0.00786877
-0.00383583 -0.00397868    0.999985  -0.0137949
          0           0           0           1
2020/03/08 15:26:47 713136	INFO [input.cpp->run:235]	rotation: 
[0.9999834299087524, -0.004383653402328491, 0.003818333148956299;
 0.004368439316749573, 0.9999826550483704, 0.003995195031166077;
 -0.003835827112197876, -0.003978677093982697, 0.9999849200248718]
2020/03/08 15:26:47 713153	INFO [input.cpp->run:256]	frame times (ms): 5.207
2020/03/08 15:26:47 713157	INFO [input.cpp->run:257]	FPS: 192.049
2020/03/08 15:26:47 779315	INFO [input.cpp->run:173]	
frame_id 108
2020/03/08 15:26:47 783466	WARNING [visualOdometry.cpp->trackingFrame2Frame:179]	The Estimated Rotation and translation matrices(using getTransformation function) are : 
    0.999991  -0.00420794 -0.000528485   -0.0532103
  0.00420962     0.999985    0.0034048   -0.0215406
 0.000514001  -0.00340702     0.999994    0.0432901
           0            0            0            1
2020/03/08 15:26:47 783853	INFO [input.cpp->run:235]	rotation: 
[0.9999909400939941, -0.00420793890953064, -0.000528484582901001;
 0.004209622740745544, 0.9999853372573853, 0.003404796123504639;
 0.0005140006542205811, -0.003407016396522522, 0.9999940395355225]
2020/03/08 15:26:47 783900	INFO [input.cpp->run:256]	frame times (ms): 14.511
2020/03/08 15:26:47 783905	INFO [input.cpp->run:257]	FPS: 68.9132
2020/03/08 15:26:47 854123	INFO [input.cpp->run:173]	
frame_id 109
2020/03/08 15:26:47 861649	WARNING [visualOdometry.cpp->trackingFrame2Frame:179]	The Estimated Rotation and translation matrices(using getTransformation function) are : 
   0.999988  0.00278217  0.00405174  -0.0290346
-0.00275898     0.99998 -0.00572596   0.0247154
-0.00406754  0.00571471    0.999976  0.00152445
          0           0           0           1
2020/03/08 15:26:47 862315	INFO [input.cpp->run:235]	rotation: 
[0.999988317489624, 0.002782166004180908, 0.004051744937896729;
 -0.002758979797363281, 0.999980092048645, -0.005725964903831482;
 -0.004067540168762207, 0.005714714527130127, 0.9999756813049316]
2020/03/08 15:26:47 862390	INFO [input.cpp->run:256]	frame times (ms): 25.957
2020/03/08 15:26:47 862399	INFO [input.cpp->run:257]	FPS: 38.5253
2020/03/08 15:26:47 920923	INFO [input.cpp->run:173]	
frame_id 110
2020/03/08 15:26:47 928502	WARNING [visualOdometry.cpp->trackingFrame2Frame:179]	The Estimated Rotation and translation matrices(using getTransformation function) are : 
    0.999993   0.00300111   0.00216502   -0.0268574
 -0.00299446     0.999991  -0.00305614 -0.000243425
 -0.00217411   0.00304973     0.999993    0.0204062
           0            0            0            1
2020/03/08 15:26:47 929364	INFO [input.cpp->run:235]	rotation: 
[0.9999932050704956, 0.003001108765602112, 0.002165019512176514;
 -0.002994462847709656, 0.9999908804893494, -0.003056138753890991;
 -0.002174109220504761, 0.003049731254577637, 0.9999930262565613]
2020/03/08 15:26:47 929439	INFO [input.cpp->run:256]	frame times (ms): 26.656
2020/03/08 15:26:47 929453	INFO [input.cpp->run:257]	FPS: 37.515
2020/03/08 15:26:47 987361	INFO [input.cpp->run:173]	
frame_id 111
2020/03/08 15:26:47 995049	WARNING [visualOdometry.cpp->trackingFrame2Frame:179]	The Estimated Rotation and translation matrices(using getTransformation function) are : 
   0.999999 -0.00148794  0.00107303  -0.0282221
 0.00148696    0.999998  0.00102448 -0.00713611
-0.00107452 -0.00102291    0.999999  0.00811529
          0           0           0           1
2020/03/08 15:26:47 995895	INFO [input.cpp->run:235]	rotation: 
[0.9999985694885254, -0.001487940549850464, 0.00107303261756897;
 0.00148695707321167, 0.9999983310699463, 0.001024484634399414;
 -0.001074522733688354, -0.001022905111312866, 0.9999992251396179]
2020/03/08 15:26:47 995973	INFO [input.cpp->run:256]	frame times (ms): 24.9
2020/03/08 15:26:47 995983	INFO [input.cpp->run:257]	FPS: 40.1606
2020/03/08 15:26:48 047500	INFO [input.cpp->run:173]	
frame_id 112
2020/03/08 15:26:48 051690	WARNING [visualOdometry.cpp->trackingFrame2Frame:179]	The Estimated Rotation and translation matrices(using getTransformation function) are : 
   0.999988 -0.00291134 -0.00397676   0.0365601
 0.00293204    0.999982  0.00524445   -0.013978
 0.00396165 -0.00525607    0.999978  -0.0162988
          0           0           0           1
2020/03/08 15:26:48 052030	INFO [input.cpp->run:235]	rotation: 
[0.9999880790710449, -0.002911344170570374, -0.003976762294769287;
 0.002932041883468628, 0.9999821186065674, 0.005244448781013489;
 0.003961652517318726, -0.00525607168674469, 0.9999784231185913]
2020/03/08 15:26:48 052070	INFO [input.cpp->run:256]	frame times (ms): 14.185
2020/03/08 15:26:48 052077	INFO [input.cpp->run:257]	FPS: 70.497
2020/03/08 15:26:48 120414	INFO [input.cpp->run:173]	
frame_id 113
2020/03/08 15:26:48 128404	WARNING [visualOdometry.cpp->trackingFrame2Frame:179]	The Estimated Rotation and translation matrices(using getTransformation function) are : 
   0.999988  0.00358906  0.00349683   -0.026855
-0.00356884    0.999977 -0.00573397   0.0155466
-0.00351736  0.00572154    0.999978   0.0095439
          0           0           0           1
2020/03/08 15:26:48 129268	INFO [input.cpp->run:235]	rotation: 
[0.9999876022338867, 0.003589063882827759, 0.003496825695037842;
 -0.003568843007087708, 0.9999772906303406, -0.005733966827392578;
 -0.003517359495162964, 0.005721539258956909, 0.999977707862854]
2020/03/08 15:26:48 129385	INFO [input.cpp->run:256]	frame times (ms): 24.455
2020/03/08 15:26:48 129400	INFO [input.cpp->run:257]	FPS: 40.8914
2020/03/08 15:26:48 183669	INFO [input.cpp->run:173]	
frame_id 114
2020/03/08 15:26:48 189176	WARNING [visualOdometry.cpp->trackingFrame2Frame:179]	The Estimated Rotation and translation matrices(using getTransformation function) are : 
           1 -7.71284e-05 -0.000631094   -0.0196548
 7.78884e-05     0.999999   0.00133222   -0.0225725
 0.000631094  -0.00133207     0.999999    0.0303235
           0            0            0            1
2020/03/08 15:26:48 189662	INFO [input.cpp->run:235]	rotation: 
[0.9999998211860657, -7.712841033935547e-05, -0.0006310939788818359;
 7.78883695602417e-05, 0.9999992251396179, 0.001332223415374756;
 0.0006310939788818359, -0.001332074403762817, 0.9999988079071045]
2020/03/08 15:26:48 189716	INFO [input.cpp->run:256]	frame times (ms): 16.639
2020/03/08 15:26:48 189727	INFO [input.cpp->run:257]	FPS: 60.0998
2020/03/08 15:26:48 252037	INFO [input.cpp->run:173]	
frame_id 115
2020/03/08 15:26:48 257498	WARNING [visualOdometry.cpp->trackingFrame2Frame:179]	The Estimated Rotation and translation matrices(using getTransformation function) are : 
    0.999995   0.00310995 -0.000483632    0.0235004
 -0.00311136      0.99999  -0.00306404   0.00733685
 0.000474155   0.00306565     0.999995   0.00461102
           0            0            0            1
2020/03/08 15:26:48 257977	INFO [input.cpp->run:235]	rotation: 
[0.9999949932098389, 0.003109946846961975, -0.0004836320877075195;
 -0.003111362457275391, 0.9999904632568359, -0.00306403636932373;
 0.0004741549491882324, 0.003065645694732666, 0.9999954700469971]
2020/03/08 15:26:48 258033	INFO [input.cpp->run:256]	frame times (ms): 18.312
2020/03/08 15:26:48 258039	INFO [input.cpp->run:257]	FPS: 54.609
2020/03/08 15:26:48 316942	INFO [input.cpp->run:173]	
frame_id 116
2020/03/08 15:26:48 322194	WARNING [visualOdometry.cpp->trackingFrame2Frame:179]	The Estimated Rotation and translation matrices(using getTransformation function) are : 
   0.999993 -0.00333863 -0.00176114   0.0264778
  0.0033448    0.999988  0.00357789  0.00338888
 0.00174913 -0.00358382    0.999992  -0.0333095
          0           0           0           1
2020/03/08 15:26:48 322647	INFO [input.cpp->run:235]	rotation: 
[0.9999932050704956, -0.003338634967803955, -0.001761138439178467;
 0.003344804048538208, 0.9999881982803345, 0.003577888011932373;
 0.001749128103256226, -0.003583818674087524, 0.9999921321868896]
2020/03/08 15:26:48 322699	INFO [input.cpp->run:256]	frame times (ms): 17.552
2020/03/08 15:26:48 322704	INFO [input.cpp->run:257]	FPS: 56.9736
2020/03/08 15:26:48 387661	INFO [input.cpp->run:173]	
frame_id 117
2020/03/08 15:26:48 395487	WARNING [visualOdometry.cpp->trackingFrame2Frame:179]	The Estimated Rotation and translation matrices(using getTransformation function) are : 
    0.999996   0.00249927   0.00116742  -0.00662804
 -0.00249827     0.999997 -0.000817463  -0.00741148
 -0.00116959  0.000814468     0.999999   0.00381136
           0            0            0            1
2020/03/08 15:26:48 396177	INFO [input.cpp->run:235]	rotation: 
[0.9999962449073792, 0.00249926745891571, 0.001167416572570801;
 -0.002498269081115723, 0.999996542930603, -0.0008174628019332886;
 -0.001169592142105103, 0.0008144676685333252, 0.9999988675117493]
2020/03/08 15:26:48 396247	INFO [input.cpp->run:256]	frame times (ms): 23.25
2020/03/08 15:26:48 396265	INFO [input.cpp->run:257]	FPS: 43.0108
2020/03/08 15:26:48 443269	INFO [input.cpp->run:173]	
frame_id 118
2020/03/08 15:26:48 444949	WARNING [visualOdometry.cpp->trackingFrame2Frame:179]	The Estimated Rotation and translation matrices(using getTransformation function) are : 
   0.999962 -0.00343378  -0.0080882   0.0554562
 0.00351998    0.999937   0.0106792  -0.0495539
 0.00805137  -0.0107071    0.999911  -0.0017705
          0           0           0           1
2020/03/08 15:26:48 445088	INFO [input.cpp->run:235]	rotation: 
[0.9999615550041199, -0.003433778882026672, -0.008088201284408569;
 0.003519982099533081, 0.9999369978904724, 0.01067924499511719;
 0.008051365613937378, -0.01070713996887207, 0.9999105930328369]
2020/03/08 15:26:48 445115	INFO [input.cpp->run:256]	frame times (ms): 5.361
2020/03/08 15:26:48 445119	INFO [input.cpp->run:257]	FPS: 186.532
2020/03/08 15:26:48 512097	INFO [input.cpp->run:173]	
frame_id 119
2020/03/08 15:26:48 516455	WARNING [visualOdometry.cpp->trackingFrame2Frame:179]	The Estimated Rotation and translation matrices(using getTransformation function) are : 
   0.999983  0.00183228  0.00544983  -0.0447192
-0.00179875    0.999979 -0.00614451   0.0310202
-0.00546092  0.00613464    0.999966 0.000731468
          0           0           0           1
2020/03/08 15:26:48 516850	INFO [input.cpp->run:235]	rotation: 
[0.9999832510948181, 0.001832276582717896, 0.005449831485748291;
 -0.001798748970031738, 0.9999793171882629, -0.006144508719444275;
 -0.005460917949676514, 0.006134644150733948, 0.9999662637710571]
2020/03/08 15:26:48 516896	INFO [input.cpp->run:256]	frame times (ms): 13.228
2020/03/08 15:26:48 516901	INFO [input.cpp->run:257]	FPS: 75.5972
2020/03/08 15:26:48 587395	INFO [input.cpp->run:173]	
frame_id 120
2020/03/08 15:26:48 594975	WARNING [visualOdometry.cpp->trackingFrame2Frame:179]	The Estimated Rotation and translation matrices(using getTransformation function) are : 
   0.999997   0.0020723  0.00141981  -0.0021534
-0.00206909    0.999996 -0.00231642   0.0057261
-0.00142455  0.00231344    0.999997 -0.00143051
          0           0           0           1
2020/03/08 15:26:48 595634	INFO [input.cpp->run:235]	rotation: 
[0.9999972581863403, 0.002072304487228394, 0.001419812440872192;
 -0.002069085836410522, 0.9999955296516418, -0.002316415309906006;
 -0.001424551010131836, 0.002313435077667236, 0.9999966025352478]
2020/03/08 15:26:48 595705	INFO [input.cpp->run:256]	frame times (ms): 25.307
2020/03/08 15:26:48 595714	INFO [input.cpp->run:257]	FPS: 39.5148
2020/03/08 15:26:48 654065	INFO [input.cpp->run:173]	
frame_id 121
2020/03/08 15:26:48 661609	WARNING [visualOdometry.cpp->trackingFrame2Frame:179]	The Estimated Rotation and translation matrices(using getTransformation function) are : 
   0.999913  -0.0113511 -0.00671157  0.00228119
   0.011442    0.999842   0.0136588  -0.0495133
 0.00655556  -0.0137344    0.999884   0.0109878
          0           0           0           1
2020/03/08 15:26:48 662270	INFO [input.cpp->run:235]	rotation: 
[0.9999134540557861, -0.01135110855102539, -0.006711572408676147;
 0.01144202053546906, 0.999841570854187, 0.01365876197814941;
 0.006555557250976562, -0.01373441517353058, 0.9998844861984253]
2020/03/08 15:26:48 662340	INFO [input.cpp->run:256]	frame times (ms): 24.399
2020/03/08 15:26:48 662354	INFO [input.cpp->run:257]	FPS: 40.9853
2020/03/08 15:26:48 720676	INFO [input.cpp->run:173]	
frame_id 122
2020/03/08 15:26:48 728254	WARNING [visualOdometry.cpp->trackingFrame2Frame:179]	The Estimated Rotation and translation matrices(using getTransformation function) are : 
    0.99999 -0.00352527  -0.0028457   0.0245004
 0.00354066     0.99998   0.0053588   -0.015245
 0.00282642 -0.00536887    0.999982 -0.00958395
          0           0           0           1
2020/03/08 15:26:48 728915	INFO [input.cpp->run:235]	rotation: 
[0.9999902248382568, -0.003525272011756897, -0.002845704555511475;
 0.003540664911270142, 0.9999796152114868, 0.005358800292015076;
 0.002826422452926636, -0.005368873476982117, 0.9999818801879883]
2020/03/08 15:26:48 728990	INFO [input.cpp->run:256]	frame times (ms): 25.927
2020/03/08 15:26:48 729005	INFO [input.cpp->run:257]	FPS: 38.5698
2020/03/08 15:26:48 787256	INFO [input.cpp->run:173]	
frame_id 123
2020/03/08 15:26:48 794873	WARNING [visualOdometry.cpp->trackingFrame2Frame:179]	The Estimated Rotation and translation matrices(using getTransformation function) are : 
    0.999999   0.00127429   0.00088954  0.000371933
 -0.00127198     0.999996  -0.00254162   0.00838804
-0.000892788   0.00254065     0.999997   0.00723028
           0            0            0            1
2020/03/08 15:26:48 795535	INFO [input.cpp->run:235]	rotation: 
[0.9999991655349731, 0.001274287700653076, 0.0008895397186279297;
