		g3log created log at: Sun Mar 08 16:04:18 2020
		LOG format: [YYYY/MM/DD hh:mm:ss uuu* LEVEL FILE->FUNCTION:LINE] message		(uuu*: microseconds fractions of the seconds value)

2020/03/08 16:04:18 804212	INFO [g3logger.h->logBanner:29]	Starting log.
2020/03/08 16:04:18 809928	DEBUG [main.cpp->main:49]	Filepath: /home/mitchell/KITTI/data_odometry_gray/dataset/sequences/00/
2020/03/08 16:04:18 809933	DEBUG [main.cpp->main:53]	Calibration Filepath: /home/mitchell/visual_odom_ws/src/visual_odom/calibration/old/zed.yaml
2020/03/08 16:04:18 810010	INFO [main.cpp->main:67]	P_left: 
[718.85602, 0, 607.19281, 0;
 0, 718.85602, 185.2157, 0;
 0, 0, 1, 0]
2020/03/08 16:04:18 810017	INFO [main.cpp->main:68]	P_right: 
[718.85602, 0, 607.19281, -386.14481;
 0, 718.85602, 185.2157, 0;
 0, 0, 1, 0]
2020/03/08 16:04:18 872665	INFO [input.cpp->Input:22]	frame_pose [1, 0, 0, 0;
 0, 1, 0, 0;
 0, 0, 1, 0;
 0, 0, 0, 1]
2020/03/08 16:04:19 188435	INFO [input.cpp->run:173]	
frame_id 1
2020/03/08 16:04:19 254095	INFO [input.cpp->run:196]	Not enough points
2020/03/08 16:04:19 255605	INFO [input.cpp->run:173]	
frame_id 2
2020/03/08 16:04:19 286589	INFO [input.cpp->run:196]	Not enough points
2020/03/08 16:04:19 313289	INFO [input.cpp->run:173]	
frame_id 3
2020/03/08 16:04:19 342470	INFO [input.cpp->run:196]	Not enough points
2020/03/08 16:04:19 380060	INFO [input.cpp->run:173]	
frame_id 4
2020/03/08 16:04:19 449724	INFO [input.cpp->run:235]	rotation: 
[0.9999624818908681, 0.004297885062394923, -0.007520837363330919;
 -0.004284983372066227, 0.9999893216835597, 0.00173073289541165;
 0.007528195544507842, -0.001698441298540114, 0.9999702203410855]
2020/03/08 16:04:19 449769	INFO [input.cpp->run:256]	frame times (ms): 73.906
2020/03/08 16:04:19 449773	INFO [input.cpp->run:257]	FPS: 13.5307
2020/03/08 16:04:19 462255	INFO [input.cpp->run:173]	
frame_id 5
2020/03/08 16:04:19 497318	INFO [input.cpp->run:235]	rotation: 
[0.9999892625267524, 0.0009238951512754801, 0.004541062535515724;
 -0.0009717894394900178, 0.9999438109446707, 0.01055606833693567;
 -0.004531054677148634, -0.01056036794805038, 0.9999339719063026]
2020/03/08 16:04:19 497346	INFO [input.cpp->run:256]	frame times (ms): 48.536
2020/03/08 16:04:19 497349	INFO [input.cpp->run:257]	FPS: 20.6033
2020/03/08 16:04:19 514082	INFO [input.cpp->run:173]	
frame_id 6
2020/03/08 16:04:19 548188	INFO [input.cpp->run:235]	rotation: 
[0.9998717856433746, -0.0140264992826911, -0.007724609517782271;
 0.01411303420335888, 0.999836955539297, 0.01126430661357788;
 0.007565351274353941, -0.01137188004608464, 0.9999067185514422]
2020/03/08 16:04:19 548214	INFO [input.cpp->run:256]	frame times (ms): 49.241
2020/03/08 16:04:19 548215	INFO [input.cpp->run:257]	FPS: 20.3083
2020/03/08 16:04:19 580045	INFO [input.cpp->run:173]	
frame_id 7
2020/03/08 16:04:19 613664	INFO [input.cpp->run:235]	rotation: 
[0.9999681471037979, -0.003174354774183533, -0.007323131131200175;
 0.003183689090260297, 0.9999941340440754, 0.001263329417168264;
 0.007319077918268974, -0.001286603749156418, 0.9999723874933842]
2020/03/08 16:04:19 613693	INFO [input.cpp->run:256]	frame times (ms): 47.898
2020/03/08 16:04:19 613696	INFO [input.cpp->run:257]	FPS: 20.8777
2020/03/08 16:04:19 647061	INFO [input.cpp->run:173]	
frame_id 8
2020/03/08 16:04:19 682432	INFO [input.cpp->run:235]	rotation: 
[0.999983625343067, -0.005358225713088575, -0.002009592730959831;
 0.00538076279748062, 0.9999207429365459, 0.01138223338995489;
 0.001948444880918805, -0.01139286015159283, 0.9999332009189975]
2020/03/08 16:04:19 682460	INFO [input.cpp->run:256]	frame times (ms): 50.314
2020/03/08 16:04:19 682463	INFO [input.cpp->run:257]	FPS: 19.8752
2020/03/08 16:04:19 713648	INFO [input.cpp->run:173]	
frame_id 9
2020/03/08 16:04:19 744894	INFO [input.cpp->run:196]	Not enough points
2020/03/08 16:04:19 780210	INFO [input.cpp->run:173]	
frame_id 10
2020/03/08 16:04:19 817178	INFO [input.cpp->run:235]	rotation: 
[0.9999660040330831, -0.008194736857478983, 0.000914913080351574;
 0.008188254959353736, 0.9999428287541435, 0.00687689638443552;
 -0.0009712151298975175, -0.006869171056125977, 0.9999759353255323]
2020/03/08 16:04:19 817200	INFO [input.cpp->run:256]	frame times (ms): 52.717
2020/03/08 16:04:19 817201	INFO [input.cpp->run:257]	FPS: 18.9692
2020/03/08 16:04:19 846975	INFO [input.cpp->run:173]	
frame_id 11
2020/03/08 16:04:19 880986	INFO [input.cpp->run:235]	rotation: 
[0.9999892659406167, -0.004434403163535989, -0.001343157522385079;
 0.004441278733931106, 0.9999768245533055, 0.00515998057121384;
 0.001320244959940742, -0.005165890520616459, 0.9999857851631566]
2020/03/08 16:04:19 881010	INFO [input.cpp->run:256]	frame times (ms): 49.676
2020/03/08 16:04:19 881012	INFO [input.cpp->run:257]	FPS: 20.1304
2020/03/08 16:04:19 913072	INFO [input.cpp->run:173]	
frame_id 12
2020/03/08 16:04:19 946784	INFO [input.cpp->run:235]	rotation: 
[0.9999935825668876, -0.003437600002112503, -0.001008826678215238;
 0.003444040689072956, 0.9999732444832138, 0.006453596008953826;
 0.0009866148048821015, -0.0064570290335611, 0.9999786664560832]
2020/03/08 16:04:19 946806	INFO [input.cpp->run:256]	frame times (ms): 49.499
2020/03/08 16:04:19 946808	INFO [input.cpp->run:257]	FPS: 20.2024
2020/03/08 16:04:19 979658	INFO [input.cpp->run:173]	
frame_id 13
2020/03/08 16:04:20 014415	INFO [input.cpp->run:235]	rotation: 
[0.9999860433120118, -0.005249305409540553, 0.0005983092048926456;
 0.005243843497835559, 0.9999476041336617, 0.008791535287993844;
 -0.0006444273097089498, -0.00878827514744512, 0.9999611747129862]
2020/03/08 16:04:20 014440	INFO [input.cpp->run:256]	frame times (ms): 50.805
2020/03/08 16:04:20 014443	INFO [input.cpp->run:257]	FPS: 19.6831
2020/03/08 16:04:20 046741	INFO [input.cpp->run:173]	
frame_id 14
2020/03/08 16:04:20 080725	INFO [input.cpp->run:235]	rotation: 
[0.9999533367679032, -0.002859053280245581, -0.009227681240547722;
 0.002863594307305413, 0.9999957852159215, 0.0004789342708180671;
 0.009226273049265744, -0.0005053362576670902, 0.9999573093491977]
2020/03/08 16:04:20 080755	INFO [input.cpp->run:256]	frame times (ms): 48.76
2020/03/08 16:04:20 080758	INFO [input.cpp->run:257]	FPS: 20.5086
2020/03/08 16:04:20 113300	INFO [input.cpp->run:173]	
frame_id 15
2020/03/08 16:04:20 147108	INFO [input.cpp->run:235]	rotation: 
[0.999990435188952, -0.001193275015944867, -0.004207805288598486;
 0.001192398361961895, 0.999999266865523, -0.0002108425072203502;
 0.004208053796807521, 0.0002058231104180283, 0.9999911249206617]
2020/03/08 16:04:20 147132	INFO [input.cpp->run:256]	frame times (ms): 49.101
2020/03/08 16:04:20 147134	INFO [input.cpp->run:257]	FPS: 20.3662
2020/03/08 16:04:20 179847	INFO [input.cpp->run:173]	
frame_id 16
2020/03/08 16:04:20 214102	INFO [input.cpp->run:235]	rotation: 
[0.9999933089265081, 0.00359310001610709, -0.000686829300277594;
 -0.00359170843972141, 0.9999915162481721, 0.002016695853573098;
 0.0006940696632922189, -0.002014215469118476, 0.9999977305990981]
2020/03/08 16:04:20 214135	INFO [input.cpp->run:256]	frame times (ms): 49.422
2020/03/08 16:04:20 214137	INFO [input.cpp->run:257]	FPS: 20.2339
2020/03/08 16:04:20 246568	INFO [input.cpp->run:173]	
frame_id 17
2020/03/08 16:04:20 281531	INFO [input.cpp->run:235]	rotation: 
[0.9999048256794068, 0.001691005591715387, -0.01369233665682658;
 -0.001752183651233206, 0.9999885311514408, -0.0044572881930912;
 0.01368464232223264, 0.004480855462153007, 0.9998963208747395]
2020/03/08 16:04:20 281552	INFO [input.cpp->run:256]	frame times (ms): 49.907
2020/03/08 16:04:20 281554	INFO [input.cpp->run:257]	FPS: 20.0373
2020/03/08 16:04:20 312924	INFO [input.cpp->run:173]	
frame_id 18
2020/03/08 16:04:20 346756	INFO [input.cpp->run:235]	rotation: 
[0.9999613336840673, -0.008765887102180176, 0.0007002571622159617;
 0.008755398208386745, 0.9998665579310305, 0.01379163998100983;
 -0.0008210596774788715, -0.01378497567879762, 0.9999046456070404]
2020/03/08 16:04:20 346777	INFO [input.cpp->run:256]	frame times (ms): 48.734
2020/03/08 16:04:20 346780	INFO [input.cpp->run:257]	FPS: 20.5196
2020/03/08 16:04:20 379638	INFO [input.cpp->run:173]	
frame_id 19
2020/03/08 16:04:20 413664	INFO [input.cpp->run:235]	rotation: 
[0.9999538623938646, -0.009573046765327352, -0.0007936367059199017;
 0.009580710135692519, 0.9999011427210046, 0.01029149058809816;
 0.0006950373284698537, -0.01029861936659132, 0.9999467262620815]
2020/03/08 16:04:20 413690	INFO [input.cpp->run:256]	frame times (ms): 49.551
2020/03/08 16:04:20 413693	INFO [input.cpp->run:257]	FPS: 20.1812
2020/03/08 16:04:20 463837	INFO [input.cpp->run:173]	
frame_id 20
2020/03/08 16:04:20 501707	INFO [input.cpp->run:235]	rotation: 
[0.999843257212894, 0.005848192502639683, -0.0167110637112866;
 -0.005994356558579409, 0.9999441012615445, -0.008709881841373395;
 0.01665919251822329, 0.008808688704576803, 0.9998224233872466]
2020/03/08 16:04:20 501730	INFO [input.cpp->run:256]	frame times (ms): 54.05
2020/03/08 16:04:20 501731	INFO [input.cpp->run:257]	FPS: 18.5014
2020/03/08 16:04:20 530362	INFO [input.cpp->run:173]	
frame_id 21
2020/03/08 16:04:20 563712	INFO [input.cpp->run:235]	rotation: 
[0.9999670857491874, -0.006974044422269779, -0.004146097282208177;
 0.007008585681566273, 0.9999403618511025, 0.008375707004807236;
 0.004087437463921676, -0.008404489602732613, 0.9999563277511154]
2020/03/08 16:04:20 563738	INFO [input.cpp->run:256]	frame times (ms): 48.936
2020/03/08 16:04:20 563740	INFO [input.cpp->run:257]	FPS: 20.4349
2020/03/08 16:04:20 597008	INFO [input.cpp->run:173]	
frame_id 22
2020/03/08 16:04:20 630570	INFO [input.cpp->run:235]	rotation: 
[0.9999587234918825, -0.00666056267848803, -0.006179661583838048;
 0.006722641944064868, 0.9999265976534427, 0.01007994992557;
 0.006112069843901584, -0.01012107751259871, 0.9999301007531513]
2020/03/08 16:04:20 630597	INFO [input.cpp->run:256]	frame times (ms): 48.773
2020/03/08 16:04:20 630599	INFO [input.cpp->run:257]	FPS: 20.5031
2020/03/08 16:04:20 664094	INFO [input.cpp->run:173]	
frame_id 23
2020/03/08 16:04:20 698247	INFO [input.cpp->run:235]	rotation: 
[0.9999674922320385, -0.007628246636696389, -0.00261234232401182;
 0.007651999532566079, 0.9999283401615222, 0.009206597904581455;
 0.002541924924481793, -0.0092262882608753, 0.9999542060627604]
2020/03/08 16:04:20 698269	INFO [input.cpp->run:256]	frame times (ms): 48.788
2020/03/08 16:04:20 698271	INFO [input.cpp->run:257]	FPS: 20.4968
2020/03/08 16:04:20 730739	INFO [input.cpp->run:173]	
frame_id 24
2020/03/08 16:04:20 764578	INFO [input.cpp->run:235]	rotation: 
[0.9999998231118687, 0.0005595713824124893, -0.0002016335763747829;
 -0.0005587507310108098, 0.9999916533820246, 0.004047340349586391;
 0.0002038966692508619, -0.004047226970751725, 0.9999917891562887]
2020/03/08 16:04:20 764602	INFO [input.cpp->run:256]	frame times (ms): 48.394
2020/03/08 16:04:20 764604	INFO [input.cpp->run:257]	FPS: 20.6637
2020/03/08 16:04:20 797007	INFO [input.cpp->run:173]	
frame_id 25
2020/03/08 16:04:20 830633	INFO [input.cpp->run:235]	rotation: 
[0.9999971079917804, -9.506813225944604e-05, 0.002403116752379988;
 8.209829305843975e-05, 0.9999854348060455, 0.005396613348608839;
 -0.002403594796469973, -0.005396400449775287, 0.9999825506448801]
2020/03/08 16:04:20 830656	INFO [input.cpp->run:256]	frame times (ms): 48.959
2020/03/08 16:04:20 830659	INFO [input.cpp->run:257]	FPS: 20.4253
2020/03/08 16:04:20 863732	INFO [input.cpp->run:173]	
frame_id 26
2020/03/08 16:04:20 897090	INFO [input.cpp->run:235]	rotation: 
[0.9999904866463745, -0.004307757287178645, 0.0006854516042884238;
 0.00430341052624316, 0.9999713872344074, 0.006221364025483304;
 -0.0007122321178393119, -0.006218355059798171, 0.9999804122010394]
2020/03/08 16:04:20 897123	INFO [input.cpp->run:256]	frame times (ms): 48.111
2020/03/08 16:04:20 897126	INFO [input.cpp->run:257]	FPS: 20.7853
2020/03/08 16:04:20 930429	INFO [input.cpp->run:173]	
frame_id 27
2020/03/08 16:04:20 964337	INFO [input.cpp->run:235]	rotation: 
[0.9999841050798347, -0.005411312704294217, 0.00158344008360133;
 0.00539721827363135, 0.9999469420574498, 0.008774001644734259;
 -0.001630834936095992, -0.008765316010924173, 0.9999602540164483]
2020/03/08 16:04:20 964366	INFO [input.cpp->run:256]	frame times (ms): 49.716
2020/03/08 16:04:20 964368	INFO [input.cpp->run:257]	FPS: 20.1142
2020/03/08 16:04:20 997418	INFO [input.cpp->run:173]	
frame_id 28
2020/03/08 16:04:21 030195	INFO [input.cpp->run:235]	rotation: 
[0.9999775426950029, -0.006701795661229202, 6.370141150758404e-06;
 0.006701500720440044, 0.9999415941289507, 0.008479281747109756;
 -6.319618272023594e-05, -0.008479048635787896, 0.999964050224044]
2020/03/08 16:04:21 030226	INFO [input.cpp->run:256]	frame times (ms): 47.963
2020/03/08 16:04:21 030230	INFO [input.cpp->run:257]	FPS: 20.8494
2020/03/08 16:04:21 063878	INFO [input.cpp->run:173]	
frame_id 29
2020/03/08 16:04:21 097161	INFO [input.cpp->run:235]	rotation: 
[0.9999838697521254, -0.004207952916452795, -0.003814887654592369;
 0.004224838668012553, 0.999981266830964, 0.004429077259392408;
 0.003796178841086227, -0.004445123102155603, 0.9999829148074547]
2020/03/08 16:04:21 097182	INFO [input.cpp->run:256]	frame times (ms): 48.604
2020/03/08 16:04:21 097184	INFO [input.cpp->run:257]	FPS: 20.5744
2020/03/08 16:04:21 130549	INFO [input.cpp->run:173]	
frame_id 30
2020/03/08 16:04:21 163957	INFO [input.cpp->run:235]	rotation: 
[0.9999817650539786, -0.005562086398175375, -0.002352180781494494;
 0.005576673906797361, 0.9999649728910071, 0.006241289868666358;
 0.002317383797916311, -0.006254293404270729, 0.9999777565257871]
2020/03/08 16:04:21 163986	INFO [input.cpp->run:256]	frame times (ms): 48.392
2020/03/08 16:04:21 163988	INFO [input.cpp->run:257]	FPS: 20.6646
2020/03/08 16:04:21 197447	INFO [input.cpp->run:173]	
frame_id 31
2020/03/08 16:04:21 231874	INFO [input.cpp->run:235]	rotation: 
[0.9999990145440689, -0.001279335716978213, -0.0005781098635930931;
 0.001281338453431827, 0.9999931332716661, 0.003477295110236013;
 0.0005736572660367141, -0.003478032437913452, 0.9999937870845508]
2020/03/08 16:04:21 231903	INFO [input.cpp->run:256]	frame times (ms): 49.236
2020/03/08 16:04:21 231906	INFO [input.cpp->run:257]	FPS: 20.3103
2020/03/08 16:04:21 264019	INFO [input.cpp->run:173]	
frame_id 32
2020/03/08 16:04:21 298339	INFO [input.cpp->run:235]	rotation: 
[0.9999809098771465, -0.005816150722966757, 0.002086209970723557;
 0.005796823149381951, 0.9999413003169133, 0.009153838642637207;
 -0.002139327616098718, -0.009141570504480176, 0.9999559265117951]
2020/03/08 16:04:21 298366	INFO [input.cpp->run:256]	frame times (ms): 48.671
2020/03/08 16:04:21 298368	INFO [input.cpp->run:257]	FPS: 20.5461
2020/03/08 16:04:21 330513	INFO [input.cpp->run:173]	
frame_id 33
2020/03/08 16:04:21 364404	INFO [input.cpp->run:235]	rotation: 
[0.999982415371156, -0.005899420884873692, -0.0006047988856001241;
 0.005903348038375189, 0.9999600534463333, 0.006711333216590501;
 0.0005651817466256823, -0.006714785538601758, 0.9999772958546428]
2020/03/08 16:04:21 364434	INFO [input.cpp->run:256]	frame times (ms): 48.565
2020/03/08 16:04:21 364437	INFO [input.cpp->run:257]	FPS: 20.591
2020/03/08 16:04:21 397309	INFO [input.cpp->run:173]	
frame_id 34
2020/03/08 16:04:21 430960	INFO [input.cpp->run:235]	rotation: 
[0.9999864684826572, -0.005181840657939621, -0.0004597596975278211;
 0.005184410738707868, 0.9999698735419541, 0.005777014261768528;
 0.0004298102792134531, -0.005779319673112943, 0.9999832072226212]
2020/03/08 16:04:21 430987	INFO [input.cpp->run:256]	frame times (ms): 48.495
2020/03/08 16:04:21 430990	INFO [input.cpp->run:257]	FPS: 20.6207
2020/03/08 16:04:21 464030	INFO [input.cpp->run:173]	
frame_id 35
2020/03/08 16:04:21 497406	INFO [input.cpp->run:235]	rotation: 
[0.9999917147899501, -0.004030920801882783, -0.0005674759413238997;
 0.004034284618769812, 0.9999735190141095, 0.006056881883703803;
 0.0005430461028219356, -0.006059121060626754, 0.9999814959052507]
2020/03/08 16:04:21 497427	INFO [input.cpp->run:256]	frame times (ms): 48.552
2020/03/08 16:04:21 497429	INFO [input.cpp->run:257]	FPS: 20.5965
2020/03/08 16:04:21 530576	INFO [input.cpp->run:173]	
frame_id 36
2020/03/08 16:04:21 564505	INFO [input.cpp->run:235]	rotation: 
[0.9998892467900404, 0.01362980749582964, 0.005976830370043959;
 -0.01360801906639434, 0.9999006674044745, -0.003671122604213107;
 -0.0060262733703593, 0.003589383193968372, 0.9999753998761932]
2020/03/08 16:04:21 564531	INFO [input.cpp->run:256]	frame times (ms): 49.501
2020/03/08 16:04:21 564533	INFO [input.cpp->run:257]	FPS: 20.2016
2020/03/08 16:04:21 597527	INFO [input.cpp->run:173]	
frame_id 37
2020/03/08 16:04:21 630654	INFO [input.cpp->run:235]	rotation: 
[0.9999970847345911, -0.002348650762650352, -0.0005606798677417686;
 0.002351573100443373, 0.9999833503079965, 0.005269649964475961;
 0.0005482939651866914, -0.005270953081742645, 0.9999859581150816]
2020/03/08 16:04:21 630679	INFO [input.cpp->run:256]	frame times (ms): 48.747
2020/03/08 16:04:21 630681	INFO [input.cpp->run:257]	FPS: 20.5141
2020/03/08 16:04:21 663983	INFO [input.cpp->run:173]	
frame_id 38
2020/03/08 16:04:21 698957	INFO [input.cpp->run:235]	rotation: 
[0.9999791897365581, -0.006401557037432408, -0.0008001008145032741;
 0.006405267805302869, 0.9999683243167869, 0.004724712416585573;
 0.0007698299547430978, -0.004729738954063632, 0.99998851839972]
2020/03/08 16:04:21 698983	INFO [input.cpp->run:256]	frame times (ms): 51.684
2020/03/08 16:04:21 698985	INFO [input.cpp->run:257]	FPS: 19.3483
2020/03/08 16:04:21 730633	INFO [input.cpp->run:173]	
frame_id 39
2020/03/08 16:04:21 763373	INFO [input.cpp->run:235]	rotation: 
[0.9999876906794647, -0.004781810477515709, -0.001323925265434357;
 0.004789755229970502, 0.9999701413019434, 0.00606421877972035;
 0.001294887789850793, -0.006070485411271798, 0.9999807360506917]
2020/03/08 16:04:21 763398	INFO [input.cpp->run:256]	frame times (ms): 47.862
2020/03/08 16:04:21 763400	INFO [input.cpp->run:257]	FPS: 20.8934
2020/03/08 16:04:21 797631	INFO [input.cpp->run:173]	
frame_id 40
2020/03/08 16:04:21 830338	INFO [input.cpp->run:235]	rotation: 
[0.9999939311452751, -0.002391002411921618, 0.002533925824653172;
 0.002373880451182783, 0.9999744770448784, 0.006738690557175326;
 -0.002549973376753468, -0.006732634424061408, 0.9999740842989331]
2020/03/08 16:04:21 830361	INFO [input.cpp->run:256]	frame times (ms): 47.691
2020/03/08 16:04:21 830363	INFO [input.cpp->run:257]	FPS: 20.9683
2020/03/08 16:04:21 863898	INFO [input.cpp->run:173]	
frame_id 41
2020/03/08 16:04:21 897117	INFO [input.cpp->run:235]	rotation: 
[0.9999830671238086, -0.005819397855651387, -8.617314750505667e-06;
 0.005819339754963982, 0.9999639198297787, 0.006188240741937026;
 -2.739483106756023e-05, -0.006188186104305008, 0.9999808526178198]
2020/03/08 16:04:21 897138	INFO [input.cpp->run:256]	frame times (ms): 48.932
2020/03/08 16:04:21 897140	INFO [input.cpp->run:257]	FPS: 20.4365
2020/03/08 16:04:21 930624	INFO [input.cpp->run:173]	
frame_id 42
2020/03/08 16:04:21 964354	INFO [input.cpp->run:235]	rotation: 
[0.9999678203416358, -0.007952691555232726, -0.001054977831669967;
 0.007962287130660634, 0.999923868138447, 0.009426553489716128;
 0.00097993104191113, -0.009434650182857515, 0.9999550125436045]
2020/03/08 16:04:21 964377	INFO [input.cpp->run:256]	frame times (ms): 48.602
2020/03/08 16:04:21 964378	INFO [input.cpp->run:257]	FPS: 20.5753
2020/03/08 16:04:21 997365	INFO [input.cpp->run:173]	
frame_id 43
2020/03/08 16:04:22 030252	INFO [input.cpp->run:235]	rotation: 
[0.9999859469045825, -0.00468554241145167, -0.002480259191282325;
 0.004696847763990077, 0.9999785175096466, 0.004572104580090245;
 0.002458783119218569, -0.004583689727705013, 0.9999864719955229]
2020/03/08 16:04:22 030276	INFO [input.cpp->run:256]	frame times (ms): 47.501
2020/03/08 16:04:22 030278	INFO [input.cpp->run:257]	FPS: 21.0522
2020/03/08 16:04:22 064059	INFO [input.cpp->run:173]	
frame_id 44
2020/03/08 16:04:22 097367	INFO [input.cpp->run:235]	rotation: 
[0.9999951862793923, -0.002910071985982132, -0.001076521750768449;
 0.0029147763790851, 0.9999860959266839, 0.004394545706778301;
 0.001063718338378686, -0.004397662372833782, 0.9999897644820926]
2020/03/08 16:04:22 097395	INFO [input.cpp->run:256]	frame times (ms): 48.704
2020/03/08 16:04:22 097396	INFO [input.cpp->run:257]	FPS: 20.5322
2020/03/08 16:04:22 130541	INFO [input.cpp->run:173]	
frame_id 45
2020/03/08 16:04:22 164865	INFO [input.cpp->run:235]	rotation: 
[0.9999920151786386, -0.003987309069793869, 0.0002663556783976849;
 0.003986247357050364, 0.9999845497613497, 0.003874283236839212;
 -0.0002817995278280871, -0.003873190541760613, 0.9999924594635968]
2020/03/08 16:04:22 164891	INFO [input.cpp->run:256]	frame times (ms): 48.81
2020/03/08 16:04:22 164893	INFO [input.cpp->run:257]	FPS: 20.4876
2020/03/08 16:04:22 196944	INFO [input.cpp->run:173]	
frame_id 46
2020/03/08 16:04:22 231147	INFO [input.cpp->run:235]	rotation: 
[0.9999871931883412, -0.005060795009858499, -4.258135005662288e-05;
 0.005060956245395624, 0.9999706389291531, 0.00575395529211413;
 1.346051159330703e-05, -0.005754097104641917, 0.9999834449556277]
2020/03/08 16:04:22 231169	INFO [input.cpp->run:256]	frame times (ms): 49.938
2020/03/08 16:04:22 231171	INFO [input.cpp->run:257]	FPS: 20.0248
2020/03/08 16:04:22 263700	INFO [input.cpp->run:173]	
frame_id 47
2020/03/08 16:04:22 297094	INFO [input.cpp->run:235]	rotation: 
[0.9999824524284033, -0.005912809141046923, -0.0003654084532228146;
 0.005915261574152629, 0.9999571512038518, 0.007120775013057781;
 0.000323289012321945, -0.007122811547330635, 0.9999745801968547]
2020/03/08 16:04:22 297122	INFO [input.cpp->run:256]	frame times (ms): 49.455
2020/03/08 16:04:22 297124	INFO [input.cpp->run:257]	FPS: 20.2204
2020/03/08 16:04:22 330575	INFO [input.cpp->run:173]	
frame_id 48
2020/03/08 16:04:22 364917	INFO [input.cpp->run:235]	rotation: 
[0.9999865408372184, -0.004099802010933892, -0.003179586118570266;
 0.004114690220900958, 0.9999805358772406, 0.004690116315491525;
 0.003160295682413964, -0.004703136202361163, 0.9999839463916718]
2020/03/08 16:04:22 364944	INFO [input.cpp->run:256]	frame times (ms): 49.083
2020/03/08 16:04:22 364946	INFO [input.cpp->run:257]	FPS: 20.3737
2020/03/08 16:04:22 397290	INFO [input.cpp->run:173]	
frame_id 49
2020/03/08 16:04:22 430644	INFO [input.cpp->run:235]	rotation: 
[0.99999954040993, -0.0004561041558028314, -0.0008432964649582765;
 0.0004594384666709321, 0.9999920617653812, 0.003957944228674224;
 0.0008414845358619504, -0.003958329852477168, 0.9999918117307536]
2020/03/08 16:04:22 430671	INFO [input.cpp->run:256]	frame times (ms): 49.603
2020/03/08 16:04:22 430676	INFO [input.cpp->run:257]	FPS: 20.1601
2020/03/08 16:04:22 463977	INFO [input.cpp->run:173]	
frame_id 50
2020/03/08 16:04:22 497809	INFO [input.cpp->run:235]	rotation: 
[0.9999870348037282, -0.005088079107371931, -0.000204145645355416;
 0.00508903945188534, 0.9999744629063487, 0.005017490669305676;
 0.0001786110426230242, -0.005018464521797501, 0.9999873914764821]
2020/03/08 16:04:22 497836	INFO [input.cpp->run:256]	frame times (ms): 49.712
2020/03/08 16:04:22 497838	INFO [input.cpp->run:257]	FPS: 20.1159
2020/03/08 16:04:22 530531	INFO [input.cpp->run:173]	
frame_id 51
2020/03/08 16:04:22 564673	INFO [input.cpp->run:235]	rotation: 
[0.999999751260767, -0.0004322411271807253, 0.0005573562702723566;
 0.0004295864208471522, 0.99998860555953, 0.004754388142942424;
 -0.0005594049615994745, -0.00475414752765428, 0.99998854250805]
2020/03/08 16:04:22 564699	INFO [input.cpp->run:256]	frame times (ms): 50.107
2020/03/08 16:04:22 564703	INFO [input.cpp->run:257]	FPS: 19.9573
2020/03/08 16:04:22 597411	INFO [input.cpp->run:173]	
frame_id 52
2020/03/08 16:04:22 631159	INFO [input.cpp->run:235]	rotation: 
[0.9999875623303288, -0.004987131226995362, 6.088326080669288e-05;
 0.004986600407023901, 0.9999643368406228, 0.006816073890008038;
 -9.487374445962617e-05, -0.00681568551343942, 0.9999767684451247]
2020/03/08 16:04:22 631183	INFO [input.cpp->run:256]	frame times (ms): 48.94
2020/03/08 16:04:22 631185	INFO [input.cpp->run:257]	FPS: 20.4332
2020/03/08 16:04:22 663885	INFO [input.cpp->run:173]	
frame_id 53
2020/03/08 16:04:22 698199	INFO [input.cpp->run:235]	rotation: 
[0.9999792811327796, -0.006433597306941225, -0.000214780961980597;
 0.006434917658660153, 0.9999558366548141, 0.006849567482471747;
 0.0001707041176258912, -0.006850807664997554, 0.9999765183715272]
2020/03/08 16:04:22 698228	INFO [input.cpp->run:256]	frame times (ms): 49.362
2020/03/08 16:04:22 698232	INFO [input.cpp->run:257]	FPS: 20.2585
2020/03/08 16:04:22 730712	INFO [input.cpp->run:173]	
frame_id 54
2020/03/08 16:04:22 765636	INFO [input.cpp->run:235]	rotation: 
[0.9999814854925207, -0.005707964904542264, -0.002108982887566154;
 0.005719370705290516, 0.9999688343820485, 0.00544233987753835;
 0.002077852474791634, -0.005454301170241089, 0.9999829664188472]
2020/03/08 16:04:22 765663	INFO [input.cpp->run:256]	frame times (ms): 50.965
2020/03/08 16:04:22 765664	INFO [input.cpp->run:257]	FPS: 19.6213
2020/03/08 16:04:22 797453	INFO [input.cpp->run:173]	
frame_id 55
2020/03/08 16:04:22 831617	INFO [input.cpp->run:235]	rotation: 
[0.9999951401196596, -0.003028240027805171, 0.0007412822649162963;
 0.003022841449005455, 0.9999696642507536, 0.007178649441863388;
 -0.0007629984511488189, -0.007176373775730293, 0.999973958407315]
2020/03/08 16:04:22 831643	INFO [input.cpp->run:256]	frame times (ms): 49.477
2020/03/08 16:04:22 831645	INFO [input.cpp->run:257]	FPS: 20.2114
2020/03/08 16:04:22 863783	INFO [input.cpp->run:173]	
frame_id 56
2020/03/08 16:04:22 896893	INFO [input.cpp->run:235]	rotation: 
[0.9999714931513909, -0.00732985649085354, 0.001812757126925649;
 0.007312981788489542, 0.9999314277363883, 0.009146590754447636;
 -0.001879676019676746, -0.009133073354113549, 0.9999565259495882]
2020/03/08 16:04:22 896916	INFO [input.cpp->run:256]	frame times (ms): 49.206
2020/03/08 16:04:22 896920	INFO [input.cpp->run:257]	FPS: 20.3227
2020/03/08 16:04:22 930490	INFO [input.cpp->run:173]	
frame_id 57
2020/03/08 16:04:22 963780	INFO [input.cpp->run:235]	rotation: 
[0.9999842080928388, -0.005601623356127383, -0.0004531894903653972;
 0.005604921203747847, 0.9999551355946154, 0.007636206928453389;
 0.0004103940032057391, -0.007638626429566375, 0.9999707410534728]
2020/03/08 16:04:22 963803	INFO [input.cpp->run:256]	frame times (ms): 48.938
2020/03/08 16:04:22 963806	INFO [input.cpp->run:257]	FPS: 20.434
2020/03/08 16:04:22 997275	INFO [input.cpp->run:173]	
frame_id 58
2020/03/08 16:04:23 037540	INFO [input.cpp->run:235]	rotation: 
[0.9999891027406833, -0.003678845107858817, -0.002874108306153947;
 0.00368548031231464, 0.9999905480524823, 0.002306738078674091;
 0.002865595008137235, -0.002317305411128862, 0.999993209207383]
2020/03/08 16:04:23 037562	INFO [input.cpp->run:256]	frame times (ms): 55.022
2020/03/08 16:04:23 037564	INFO [input.cpp->run:257]	FPS: 18.1745
2020/03/08 16:04:23 063767	INFO [input.cpp->run:173]	
frame_id 59
2020/03/08 16:04:23 098413	INFO [input.cpp->run:235]	rotation: 
[0.9999905047345272, -0.003677009796460948, -0.002338811608948904;
 0.003688259625494023, 0.9999815623489589, 0.004824075359096981;
 0.002321030314402342, -0.00483265569764971, 0.9999856290253314]
2020/03/08 16:04:23 098437	INFO [input.cpp->run:256]	frame times (ms): 49.714
2020/03/08 16:04:23 098447	INFO [input.cpp->run:257]	FPS: 20.1151
2020/03/08 16:04:23 130549	INFO [input.cpp->run:173]	
frame_id 60
2020/03/08 16:04:23 164183	INFO [input.cpp->run:235]	rotation: 
[0.9999820513269095, -0.005903467822303966, 0.001022786242100139;
 0.00589407590082761, 0.9999425372442076, 0.00895444464452552;
 -0.00107558974580964, -0.008948255544384628, 0.9999593850899201]
2020/03/08 16:04:23 164205	INFO [input.cpp->run:256]	frame times (ms): 48.842
2020/03/08 16:04:23 164207	INFO [input.cpp->run:257]	FPS: 20.4742
2020/03/08 16:04:23 197318	INFO [input.cpp->run:173]	
frame_id 61
2020/03/08 16:04:23 231275	INFO [input.cpp->run:235]	rotation: 
[0.9999790450268866, -0.006467298533945061, -0.0002890619114631105;
 0.006469500782669863, 0.9999437167306024, 0.008408860244512715;
 0.0002346630325821891, -0.008410554123334827, 0.9999646031298306]
2020/03/08 16:04:23 231296	INFO [input.cpp->run:256]	frame times (ms): 49.773
2020/03/08 16:04:23 231298	INFO [input.cpp->run:257]	FPS: 20.0912
2020/03/08 16:04:23 263670	INFO [input.cpp->run:173]	
frame_id 62
2020/03/08 16:04:23 297012	INFO [input.cpp->run:235]	rotation: 
[0.9999927718061267, -0.002552066287239211, -0.002818384850475027;
 0.002566872141773197, 0.9999828598031564, 0.005262249263268464;
 0.002804906933864071, -0.00526944566026806, 0.9999821825610323]
2020/03/08 16:04:23 297034	INFO [input.cpp->run:256]	frame times (ms): 48.899
2020/03/08 16:04:23 297036	INFO [input.cpp->run:257]	FPS: 20.4503
2020/03/08 16:04:23 330601	INFO [input.cpp->run:173]	
frame_id 63
2020/03/08 16:04:23 364131	INFO [input.cpp->run:235]	rotation: 
[0.9999889510632308, -0.003939321967932313, -0.002565052415115993;
 0.003947243272790562, 0.9999874340832229, 0.003090460515429526;
 0.002552845863881357, -0.003100551255016625, 0.999991934747431]
2020/03/08 16:04:23 364160	INFO [input.cpp->run:256]	frame times (ms): 49.352
2020/03/08 16:04:23 364162	INFO [input.cpp->run:257]	FPS: 20.2626
2020/03/08 16:04:23 397654	INFO [input.cpp->run:173]	
frame_id 64
2020/03/08 16:04:23 431145	INFO [input.cpp->run:235]	rotation: 
[0.9999856513827655, -0.005276227535009751, -0.0009265266240385273;
 0.005283656613097347, 0.9999523573054521, 0.00820768493939656;
 0.0008831768685376588, -0.008212462618991296, 0.9999658871463318]
2020/03/08 16:04:23 431170	INFO [input.cpp->run:256]	frame times (ms): 48.443
2020/03/08 16:04:23 431172	INFO [input.cpp->run:257]	FPS: 20.6428
2020/03/08 16:04:23 464211	INFO [input.cpp->run:173]	
frame_id 65
2020/03/08 16:04:23 497191	INFO [input.cpp->run:235]	rotation: 
[0.9999819371792881, -0.006006877023321675, 0.0002067452177910069;
 0.006004930504037964, 0.9999467512542995, 0.008392583965246002;
 -0.0002571474286546141, -0.008391190880841651, 0.9999647602744814]
2020/03/08 16:04:23 497212	INFO [input.cpp->run:256]	frame times (ms): 47.931
2020/03/08 16:04:23 497214	INFO [input.cpp->run:257]	FPS: 20.8633
2020/03/08 16:04:23 530496	INFO [input.cpp->run:173]	
frame_id 66
2020/03/08 16:04:23 563705	INFO [input.cpp->run:235]	rotation: 
[0.9999836145071563, -0.005724119483063203, -7.192598039753903e-05;
 0.005724444446379903, 0.9999661755342724, 0.005905804190884969;
 3.811801870747922e-05, -0.005906119157651699, 0.9999825579996444]
2020/03/08 16:04:23 563728	INFO [input.cpp->run:256]	frame times (ms): 48.843
2020/03/08 16:04:23 563730	INFO [input.cpp->run:257]	FPS: 20.4738
2020/03/08 16:04:23 597389	INFO [input.cpp->run:173]	
frame_id 67
2020/03/08 16:04:23 631282	INFO [input.cpp->run:235]	rotation: 
[0.9999866104574081, -0.005159167252425133, 0.0004023669536836549;
 0.005156491669058231, 0.9999662948542635, 0.006389033503055396;
 -0.0004353154842704518, -0.006386873154974612, 0.9999795089659245]
2020/03/08 16:04:23 631304	INFO [input.cpp->run:256]	frame times (ms): 48.409
2020/03/08 16:04:23 631306	INFO [input.cpp->run:257]	FPS: 20.6573
2020/03/08 16:04:23 664008	INFO [input.cpp->run:173]	
frame_id 68
2020/03/08 16:04:23 698120	INFO [input.cpp->run:235]	rotation: 
[0.9999839183812603, -0.005571812102979727, -0.001057302582003332;
 0.005577566064939635, 0.9999692123222144, 0.005519525747877543;
 0.001026516269747383, -0.005525334159970596, 0.9999842083486962]
2020/03/08 16:04:23 698141	INFO [input.cpp->run:256]	frame times (ms): 49.855
2020/03/08 16:04:23 698144	INFO [input.cpp->run:257]	FPS: 20.0582
2020/03/08 16:04:23 730696	INFO [input.cpp->run:173]	
frame_id 69
2020/03/08 16:04:23 764156	INFO [input.cpp->run:235]	rotation: 
[0.9999909062899067, -0.004244929976451978, -0.0004097645495247566;
 0.004246897020608006, 0.9999788526627706, 0.004925250546427929;
 0.0003888485404095747, -0.004926945985471851, 0.9999877869254549]
2020/03/08 16:04:23 764180	INFO [input.cpp->run:256]	frame times (ms): 48.863
2020/03/08 16:04:23 764182	INFO [input.cpp->run:257]	FPS: 20.4654
2020/03/08 16:04:23 797358	INFO [input.cpp->run:173]	
frame_id 70
2020/03/08 16:04:23 831355	INFO [input.cpp->run:235]	rotation: 
[0.9999858082751574, -0.005181421013776569, -0.001239404920994217;
 0.005189868163605799, 0.9999626424181406, 0.006912238174011695;
 0.001203543403696371, -0.006918572425570767, 0.9999753421154282]
2020/03/08 16:04:23 831378	INFO [input.cpp->run:256]	frame times (ms): 48.56
2020/03/08 16:04:23 831380	INFO [input.cpp->run:257]	FPS: 20.5931
2020/03/08 16:04:23 863812	INFO [input.cpp->run:173]	
frame_id 71
2020/03/08 16:04:23 897624	INFO [input.cpp->run:235]	rotation: 
[0.9999809295285387, -0.006131123368239591, -0.0007415561227483763;
 0.006135940968493079, 0.9999588706414163, 0.006678866219238105;
 0.0007005766702705772, -0.006683288994704486, 0.9999774211653693]
2020/03/08 16:04:23 897645	INFO [input.cpp->run:256]	frame times (ms): 49.168
2020/03/08 16:04:23 897647	INFO [input.cpp->run:257]	FPS: 20.3384
2020/03/08 16:04:23 930644	INFO [input.cpp->run:173]	
frame_id 72
2020/03/08 16:04:23 963964	INFO [input.cpp->run:235]	rotation: 
[0.9999801232757229, -0.005841918884956116, -0.002371716089986013;
 0.0058568906691095, 0.9999626512193106, 0.006355548610272982;
 0.0023344989098313, -0.006369313164622843, 0.9999769907176119]
2020/03/08 16:04:23 963991	INFO [input.cpp->run:256]	frame times (ms): 48.091
2020/03/08 16:04:23 963995	INFO [input.cpp->run:257]	FPS: 20.7939
2020/03/08 16:04:23 997483	INFO [input.cpp->run:173]	
frame_id 73
2020/03/08 16:04:24 030474	INFO [input.cpp->run:235]	rotation: 
[0.9999947369895693, -0.003242759956874028, -0.0001024745051345007;
 0.003243259558116114, 0.9999805697613974, 0.005323661062623861;
 8.520915911256918e-05, -0.0053239653955584, 0.9999858239654531]
2020/03/08 16:04:24 030498	INFO [input.cpp->run:256]	frame times (ms): 48.434
2020/03/08 16:04:24 030501	INFO [input.cpp->run:257]	FPS: 20.6467
2020/03/08 16:04:24 064149	INFO [input.cpp->run:173]	
frame_id 74
2020/03/08 16:04:24 097031	INFO [input.cpp->run:235]	rotation: 
[0.9999855496604223, -0.005343202042922403, -0.0005921674354255938;
 0.00534754799338574, 0.9999568358330904, 0.007598039295262001;
 0.000551544015926924, -0.007601096144795118, 0.9999709591466125]
2020/03/08 16:04:24 097052	INFO [input.cpp->run:256]	frame times (ms): 48.092
2020/03/08 16:04:24 097054	INFO [input.cpp->run:257]	FPS: 20.7935
2020/03/08 16:04:24 130282	INFO [input.cpp->run:173]	
frame_id 75
2020/03/08 16:04:24 164001	INFO [input.cpp->run:235]	rotation: 
[0.9999839155588067, -0.005488033315394118, -0.001431821918515184;
 0.005495618983942412, 0.9999705933362832, 0.005348890975241982;
 0.001402424921536985, -0.005356673689036659, 0.9999846695081523]
2020/03/08 16:04:24 164032	INFO [input.cpp->run:256]	frame times (ms): 49.437
2020/03/08 16:04:24 164034	INFO [input.cpp->run:257]	FPS: 20.2278
2020/03/08 16:04:24 197717	INFO [input.cpp->run:173]	
frame_id 76
2020/03/08 16:04:24 231284	INFO [input.cpp->run:235]	rotation: 
[0.9999808310082837, -0.006156729020573657, -0.000657498098449138;
 0.006161039453270751, 0.9999581142938041, 0.00676840090675605;
 0.00061579934839146, -0.006772322035060132, 0.9999768779553935]
2020/03/08 16:04:24 231309	INFO [input.cpp->run:256]	frame times (ms): 49.237
2020/03/08 16:04:24 231311	INFO [input.cpp->run:257]	FPS: 20.3099
2020/03/08 16:04:24 264061	INFO [input.cpp->run:173]	
frame_id 77
2020/03/08 16:04:24 297454	INFO [input.cpp->run:235]	rotation: 
[0.9999902200693713, -0.004418071081517717, -0.0002010311643810559;
 0.004418977314396583, 0.9999789258979142, 0.004756090784330506;
 0.0001800141806744518, -0.004756932622247459, 0.9999886695292713]
2020/03/08 16:04:24 297476	INFO [input.cpp->run:256]	frame times (ms): 48.583
2020/03/08 16:04:24 297478	INFO [input.cpp->run:257]	FPS: 20.5833
2020/03/08 16:04:24 330520	INFO [input.cpp->run:173]	
frame_id 78
2020/03/08 16:04:24 368184	INFO [input.cpp->run:235]	rotation: 
[0.9999966281320125, -0.002586729698830293, 0.0002292467464803693;
 0.00258588114825616, 0.9999900770360053, 0.003627540242546742;
 -0.0002386279377522558, -0.003626935206119902, 0.9999933941770405]
2020/03/08 16:04:24 368206	INFO [input.cpp->run:256]	frame times (ms): 52.317
2020/03/08 16:04:24 368208	INFO [input.cpp->run:257]	FPS: 19.1142
2020/03/08 16:04:24 397316	INFO [input.cpp->run:173]	
frame_id 79
2020/03/08 16:04:24 430985	INFO [input.cpp->run:235]	rotation: 
[0.9999406749418999, -0.009273296256779487, 0.005714243018265657;
 0.009186968602380857, 0.9998459932897417, 0.01495290307427378;
 -0.005852025686603448, -0.01489951942123495, 0.9998718708496502]
2020/03/08 16:04:24 431008	INFO [input.cpp->run:256]	frame times (ms): 49.127
2020/03/08 16:04:24 431010	INFO [input.cpp->run:257]	FPS: 20.3554
2020/03/08 16:04:24 464097	INFO [input.cpp->run:173]	
frame_id 80
2020/03/08 16:04:24 498052	INFO [input.cpp->run:235]	rotation: 
[0.9999766781989781, -0.006788981448441415, -0.0007434978347469038;
 0.006794753522610999, 0.9999444526342508, 0.008057479168797401;
 0.0006887544588025747, -0.008062343138403186, 0.9999672615843052]
2020/03/08 16:04:24 498075	INFO [input.cpp->run:256]	frame times (ms): 49.202
2020/03/08 16:04:24 498078	INFO [input.cpp->run:257]	FPS: 20.3244
2020/03/08 16:04:24 530707	INFO [input.cpp->run:173]	
frame_id 81
2020/03/08 16:04:24 563621	INFO [input.cpp->run:235]	rotation: 
[0.9999811212385533, -0.004786716871788118, -0.003852857131425011;
 0.004802098675819564, 0.9999804976680577, 0.003993010374552407;
 0.003833668581597213, -0.00401143679159103, 0.9999846055615425]
2020/03/08 16:04:24 563647	INFO [input.cpp->run:256]	frame times (ms): 47.587
2020/03/08 16:04:24 563649	INFO [input.cpp->run:257]	FPS: 21.0141
2020/03/08 16:04:24 597350	INFO [input.cpp->run:173]	
frame_id 82
2020/03/08 16:04:24 630771	INFO [input.cpp->run:235]	rotation: 
[0.9999921738609788, -0.003799875690488042, -0.001101436121981362;
 0.003806721833469718, 0.999973024400262, 0.006281667029974697;
 0.001077536856238457, -0.006285810729708953, 0.9999796635421111]
2020/03/08 16:04:24 630794	INFO [input.cpp->run:256]	frame times (ms): 48.84
2020/03/08 16:04:24 630796	INFO [input.cpp->run:257]	FPS: 20.475
2020/03/08 16:04:24 663877	INFO [input.cpp->run:173]	
frame_id 83
2020/03/08 16:04:24 697038	INFO [input.cpp->run:235]	rotation: 
[0.999983123310896, -0.005424605934239615, 0.00208008265304715;
 0.005406508122939432, 0.9999483207442919, 0.008609617331064079;
 -0.002126678937189452, -0.008598226045468994, 0.9999607731034098]
2020/03/08 16:04:24 697059	INFO [input.cpp->run:256]	frame times (ms): 48.913
2020/03/08 16:04:24 697061	INFO [input.cpp->run:257]	FPS: 20.4445
2020/03/08 16:04:24 730758	INFO [input.cpp->run:173]	
frame_id 84
2020/03/08 16:04:24 764028	INFO [input.cpp->run:235]	rotation: 
[0.9999762820507214, -0.006878337822163402, 0.0003518590915582777;
 0.006874691308413783, 0.9999313792903307, 0.009485532665634277;
 -0.0004170796448351101, -0.009482888765613111, 0.9999549494178369]
2020/03/08 16:04:24 764052	INFO [input.cpp->run:256]	frame times (ms): 49.033
2020/03/08 16:04:24 764055	INFO [input.cpp->run:257]	FPS: 20.3944
2020/03/08 16:04:24 797203	INFO [input.cpp->run:173]	
frame_id 85
2020/03/08 16:04:24 831670	INFO [input.cpp->run:235]	rotation: 
[0.9999801979934678, -0.00629068719714196, 0.000175714349361832;
 0.006289000992192273, 0.9999453683976879, 0.008349172805282256;
 -0.000228226784278292, -0.008347902407190348, 0.9999651296109955]
2020/03/08 16:04:24 831693	INFO [input.cpp->run:256]	frame times (ms): 49.561
2020/03/08 16:04:24 831695	INFO [input.cpp->run:257]	FPS: 20.1772
2020/03/08 16:04:24 864045	INFO [input.cpp->run:173]	
frame_id 86
2020/03/08 16:04:24 897814	INFO [input.cpp->run:235]	rotation: 
[0.9999905735905028, -0.004018377547183632, -0.001644801515534461;
 0.004025266444585137, 0.9999830506259726, 0.004206624635462826;
 0.0016278698311938, -0.004213205746444895, 0.9999897994165494]
