		g3log created log at: Mon Mar 09 16:03:44 2020
		LOG format: [YYYY/MM/DD hh:mm:ss uuu* LEVEL FILE->FUNCTION:LINE] message		(uuu*: microseconds fractions of the seconds value)

2020/03/09 16:03:44 313022	INFO [g3logger.h->logBanner:29]	Starting log.
2020/03/09 16:03:44 316550	DEBUG [main.cpp->main:48]	Filepath: /home/mitchell/KITTI/data_odometry_gray/dataset/sequences/00/
2020/03/09 16:03:44 316556	DEBUG [main.cpp->main:52]	Calibration Filepath: /home/mitchell/visual_odom_catkin_ws/tank_downsized.yaml
2020/03/09 16:03:44 316664	INFO [main.cpp->main:66]	P_left: 
[409.41, 0, 251.22, 0;
 0, 408.72, 191.78999, 0;
 0, 0, 1, 0]
2020/03/09 16:03:44 316676	INFO [main.cpp->main:67]	P_right: 
[409.41, 0, 251.22, -73.940002;
 0, 408.72, 191.78999, 0;
 0, 0, 1, 0]
2020/03/09 16:03:44 443799	INFO [input.cpp->Input:22]	frame_pose [1, 0, 0, 0;
 0, 1, 0, 0;
 0, 0, 1, 0;
 0, 0, 0, 1]
2020/03/09 16:03:46 664061	INFO [input.cpp->run:173]	
frame_id 1
2020/03/09 16:03:46 746833	WARNING [visualOdometry.cpp->trackingFrame2Frame:187]	The Estimated Rotation and translation matrices(using getTransformation function) are : 
   0.999985 -0.00425684 -0.00320328  0.00452802
 0.00425187     0.99999 -0.00152066  0.00144426
 0.00320977  0.00150699    0.999993  0.00117922
          0           0           0           1
2020/03/09 16:03:46 752428	INFO [input.cpp->run:235]	rotation: 
[0.9999854564666748, -0.004256844520568848, -0.003203276544809341;
 0.004251867532730103, 0.9999896287918091, -0.001520660705864429;
 0.003209766000509262, 0.001506989821791649, 0.9999933838844299]
2020/03/09 16:03:46 752546	INFO [input.cpp->run:258]	frame times (ms): 323.93
2020/03/09 16:03:46 752552	INFO [input.cpp->run:259]	FPS: 3.08709
2020/03/09 16:03:46 798962	INFO [input.cpp->run:173]	
frame_id 2
2020/03/09 16:03:46 842732	WARNING [visualOdometry.cpp->trackingFrame2Frame:187]	The Estimated Rotation and translation matrices(using getTransformation function) are : 
    0.999983  -0.00486225  -0.00321506   0.00486106
  0.00485927     0.999988 -0.000936458   0.00220923
  0.00321959  0.000920767     0.999995  0.000906527
           0            0            0            1
2020/03/09 16:03:46 844511	INFO [input.cpp->run:235]	rotation: 
[0.9999834299087524, -0.00486224889755249, -0.003215061500668526;
 0.004859268665313721, 0.9999879598617554, -0.0009364578872919083;
 0.003219593316316605, 0.0009207669645547867, 0.9999946355819702]
2020/03/09 16:03:46 844585	INFO [input.cpp->run:258]	frame times (ms): 288.649
2020/03/09 16:03:46 844590	INFO [input.cpp->run:259]	FPS: 3.46442
2020/03/09 16:03:46 930326	INFO [input.cpp->run:173]	
frame_id 3
2020/03/09 16:03:46 970437	WARNING [visualOdometry.cpp->trackingFrame2Frame:187]	The Estimated Rotation and translation matrices(using getTransformation function) are : 
    0.999977  -0.00510255  -0.00454921   0.00354367
  0.00510195     0.999987 -0.000159433   0.00249246
  0.00454998  0.000136202      0.99999   0.00133115
           0            0            0            1
2020/03/09 16:03:46 972286	INFO [input.cpp->run:235]	rotation: 
[0.9999769330024719, -0.005102545022964478, -0.004549208097159863;
 0.005101948976516724, 0.9999872446060181, -0.0001594326458871365;
 0.004549982491880655, 0.000136201735585928, 0.9999898672103882]
2020/03/09 16:03:46 972356	INFO [input.cpp->run:258]	frame times (ms): 303.526
2020/03/09 16:03:46 972364	INFO [input.cpp->run:259]	FPS: 3.29461
2020/03/09 16:03:47 061582	INFO [input.cpp->run:173]	
frame_id 4
2020/03/09 16:03:47 123995	WARNING [visualOdometry.cpp->trackingFrame2Frame:187]	The Estimated Rotation and translation matrices(using getTransformation function) are : 
    0.999982  -0.00499481   -0.0033315   0.00487584
  0.00499406     0.999988 -0.000196939   0.00253933
  0.00333244  0.000180295     0.999994   0.00109899
           0            0            0            1
2020/03/09 16:03:47 126272	INFO [input.cpp->run:235]	rotation: 
[0.9999820590019226, -0.004994809627532959, -0.003331497311592102;
 0.004994064569473267, 0.9999876022338867, -0.0001969393342733383;
 0.003332436084747314, 0.0001802947372198105, 0.9999943971633911]
2020/03/09 16:03:47 126361	INFO [input.cpp->run:258]	frame times (ms): 296.88
2020/03/09 16:03:47 126366	INFO [input.cpp->run:259]	FPS: 3.36836
2020/03/09 16:03:47 195563	INFO [input.cpp->run:173]	
frame_id 5
2020/03/09 16:03:47 234183	WARNING [visualOdometry.cpp->trackingFrame2Frame:187]	The Estimated Rotation and translation matrices(using getTransformation function) are : 
    0.99998 -0.00478894  -0.0041832  0.00432146
 0.00478348    0.999987 -0.00133519  0.00123888
 0.00418931  0.00131522    0.999991   0.0015282
          0           0           0           1
2020/03/09 16:03:47 235850	INFO [input.cpp->run:235]	rotation: 
[0.9999797344207764, -0.00478893518447876, -0.004183202981948853;
 0.004783481359481812, 0.9999874830245972, -0.001335188746452332;
 0.00418931245803833, 0.001315221190452576, 0.9999905824661255]
2020/03/09 16:03:47 235911	INFO [input.cpp->run:258]	frame times (ms): 294.48
2020/03/09 16:03:47 235915	INFO [input.cpp->run:259]	FPS: 3.39582
2020/03/09 16:03:47 330301	INFO [input.cpp->run:173]	
frame_id 6
2020/03/09 16:03:47 366315	WARNING [visualOdometry.cpp->trackingFrame2Frame:187]	The Estimated Rotation and translation matrices(using getTransformation function) are : 
    0.999982  -0.00526908  -0.00286476   0.00525463
  0.00526744     0.999986 -0.000578739   0.00198422
  0.00286777  0.000563635     0.999996  0.000798225
           0            0            0            1
2020/03/09 16:03:47 368114	INFO [input.cpp->run:235]	rotation: 
[0.9999818205833435, -0.005269080400466919, -0.002864759648218751;
 0.005267441272735596, 0.9999858140945435, -0.0005787392146885395;
 0.002867770381271839, 0.0005636351415887475, 0.9999956488609314]
2020/03/09 16:03:47 368174	INFO [input.cpp->run:258]	frame times (ms): 301.808
2020/03/09 16:03:47 368179	INFO [input.cpp->run:259]	FPS: 3.31336
2020/03/09 16:03:47 461964	INFO [input.cpp->run:173]	
frame_id 7
2020/03/09 16:03:47 500553	WARNING [visualOdometry.cpp->trackingFrame2Frame:187]	The Estimated Rotation and translation matrices(using getTransformation function) are : 
    0.999978  -0.00569376  -0.00341882   0.00513482
  0.00569135     0.999984 -0.000683084   0.00269479
  0.00342262  0.000663638     0.999994   0.00146759
           0            0            0            1
2020/03/09 16:03:47 502152	INFO [input.cpp->run:235]	rotation: 
[0.9999777674674988, -0.005693763494491577, -0.003418818116188049;
 0.005691349506378174, 0.999983549118042, -0.0006830841302871704;
 0.00342261791229248, 0.0006636381149291992, 0.9999938011169434]
2020/03/09 16:03:47 502216	INFO [input.cpp->run:258]	frame times (ms): 292.101
2020/03/09 16:03:47 502221	INFO [input.cpp->run:259]	FPS: 3.42347
2020/03/09 16:03:47 597034	INFO [input.cpp->run:173]	
frame_id 8
2020/03/09 16:03:47 636108	WARNING [visualOdometry.cpp->trackingFrame2Frame:187]	The Estimated Rotation and translation matrices(using getTransformation function) are : 
    0.999983  -0.00498325  -0.00297309   0.00562972
  0.00498098     0.999987 -0.000752376   0.00193973
   0.0029768  0.000737555     0.999995   0.00094825
           0            0            0            1
2020/03/09 16:03:47 637662	INFO [input.cpp->run:235]	rotation: 
[0.9999831914901733, -0.004983246326446533, -0.002973092719912529;
 0.004980981349945068, 0.9999873638153076, -0.0007523763924837112;
 0.002976802177727222, 0.0007375553250312805, 0.9999952912330627]
2020/03/09 16:03:47 637721	INFO [input.cpp->run:258]	frame times (ms): 301.089
2020/03/09 16:03:47 637725	INFO [input.cpp->run:259]	FPS: 3.32128
2020/03/09 16:03:47 730003	INFO [input.cpp->run:173]	
frame_id 9
2020/03/09 16:03:47 767494	WARNING [visualOdometry.cpp->trackingFrame2Frame:187]	The Estimated Rotation and translation matrices(using getTransformation function) are : 
   0.999987 -0.00492117   -0.001385  0.00687498
 0.00491908    0.999987 -0.00143956  0.00168088
 0.00139207  0.00143273    0.999998 0.000155091
          0           0           0           1
2020/03/09 16:03:47 769083	INFO [input.cpp->run:235]	rotation: 
[0.9999871253967285, -0.004921168088912964, -0.00138500053435564;
 0.004919081926345825, 0.9999872446060181, -0.00143955834209919;
 0.001392068341374397, 0.001432725228369236, 0.999998152256012]
2020/03/09 16:03:47 769142	INFO [input.cpp->run:258]	frame times (ms): 298.55
2020/03/09 16:03:47 769146	INFO [input.cpp->run:259]	FPS: 3.34952
2020/03/09 16:03:47 865002	INFO [input.cpp->run:173]	
frame_id 10
2020/03/09 16:03:47 901847	WARNING [visualOdometry.cpp->trackingFrame2Frame:187]	The Estimated Rotation and translation matrices(using getTransformation function) are : 
    0.999983   -0.0054948  -0.00212986   0.00613135
  0.00549376     0.999985 -0.000676252   0.00276793
  0.00213355  0.000664539     0.999998  0.000655591
           0            0            0            1
2020/03/09 16:03:47 903651	INFO [input.cpp->run:235]	rotation: 
[0.9999825358390808, -0.005494803190231323, -0.00212986022233963;
 0.005493760108947754, 0.9999846816062927, -0.0006762519478797913;
 0.002133546397089958, 0.0006645387038588524, 0.9999975562095642]
2020/03/09 16:03:47 903704	INFO [input.cpp->run:258]	frame times (ms): 289.267
2020/03/09 16:03:47 903711	INFO [input.cpp->run:259]	FPS: 3.45701
2020/03/09 16:03:47 996683	INFO [input.cpp->run:173]	
frame_id 11
2020/03/09 16:03:48 033068	WARNING [visualOdometry.cpp->trackingFrame2Frame:187]	The Estimated Rotation and translation matrices(using getTransformation function) are : 
    0.999979  -0.00548911  -0.00344907   0.00523436
  0.00548804     0.999985 -0.000306152   0.00314143
  0.00345073  0.000287194     0.999994   0.00137687
           0            0            0            1
2020/03/09 16:03:48 034679	INFO [input.cpp->run:235]	rotation: 
[0.9999791979789734, -0.005489110946655273, -0.003449071198701859;
 0.005488038063049316, 0.9999851584434509, -0.000306151807308197;
 0.003450732678174973, 0.0002871938049793243, 0.999994158744812]
2020/03/09 16:03:48 034723	INFO [input.cpp->run:258]	frame times (ms): 297.561
2020/03/09 16:03:48 034727	INFO [input.cpp->run:259]	FPS: 3.36066
2020/03/09 16:03:48 130755	INFO [input.cpp->run:173]	
frame_id 12
2020/03/09 16:03:48 167687	WARNING [visualOdometry.cpp->trackingFrame2Frame:187]	The Estimated Rotation and translation matrices(using getTransformation function) are : 
    0.999984  -0.00519216   -0.0020359   0.00608635
  0.00519061     0.999986 -0.000879751   0.00255688
  0.00204044   0.00086917     0.999997   0.00037539
           0            0            0            1
2020/03/09 16:03:48 169203	INFO [input.cpp->run:235]	rotation: 
[0.9999842643737793, -0.005192160606384277, -0.002035902813076973;
 0.005190610885620117, 0.9999860525131226, -0.0008797510527074337;
 0.002040444407612085, 0.0008691698312759399, 0.9999974370002747]
2020/03/09 16:03:48 169249	INFO [input.cpp->run:258]	frame times (ms): 290.617
2020/03/09 16:03:48 169252	INFO [input.cpp->run:259]	FPS: 3.44095
2020/03/09 16:03:48 263088	INFO [input.cpp->run:173]	
frame_id 13
2020/03/09 16:03:48 300052	WARNING [visualOdometry.cpp->trackingFrame2Frame:187]	The Estimated Rotation and translation matrices(using getTransformation function) are : 
   0.999985 -0.00528041 -0.00160291  0.00653195
 0.00527883    0.999986 -0.00102592  0.00250058
  0.0016083  0.00101744    0.999998 0.000467241
          0           0           0           1
2020/03/09 16:03:48 301779	INFO [input.cpp->run:235]	rotation: 
[0.9999850988388062, -0.005280405282974243, -0.001602908596396446;
 0.005278825759887695, 0.9999858140945435, -0.001025918405503035;
 0.001608300022780895, 0.001017441041767597, 0.9999983310699463]
2020/03/09 16:03:48 301823	INFO [input.cpp->run:258]	frame times (ms): 299.623
2020/03/09 16:03:48 301828	INFO [input.cpp->run:259]	FPS: 3.33753
2020/03/09 16:03:48 397821	INFO [input.cpp->run:173]	
frame_id 14
2020/03/09 16:03:48 434360	WARNING [visualOdometry.cpp->trackingFrame2Frame:187]	The Estimated Rotation and translation matrices(using getTransformation function) are : 
    0.999981  -0.00602627  -0.00127158   0.00666374
  0.00602594     0.999982 -0.000410648   0.00364103
  0.00127403   0.00040297     0.999999  0.000277579
           0            0            0            1
2020/03/09 16:03:48 435962	INFO [input.cpp->run:235]	rotation: 
[0.9999810457229614, -0.006026268005371094, -0.001271579880267382;
 0.006025940179824829, 0.9999818801879883, -0.0004106480628252029;
 0.001274033915251493, 0.0004029702395200729, 0.9999991655349731]
2020/03/09 16:03:48 436025	INFO [input.cpp->run:258]	frame times (ms): 297.101
2020/03/09 16:03:48 436029	INFO [input.cpp->run:259]	FPS: 3.36586
2020/03/09 16:03:48 529520	INFO [input.cpp->run:173]	
frame_id 15
2020/03/09 16:03:48 563737	WARNING [visualOdometry.cpp->trackingFrame2Frame:187]	The Estimated Rotation and translation matrices(using getTransformation function) are : 
     0.99998   -0.0054599  -0.00333835   0.00524735
  0.00546077     0.999985  0.000183865   0.00378957
  0.00333729 -0.000202104     0.999994   0.00131202
           0            0            0            1
2020/03/09 16:03:48 565341	INFO [input.cpp->run:235]	rotation: 
[0.999979555606842, -0.005459904670715332, -0.003338351845741272;
 0.005460768938064575, 0.9999852180480957, 0.0001838654279708862;
 0.003337293863296509, -0.0002021044492721558, 0.9999942779541016]
2020/03/09 16:03:48 565382	INFO [input.cpp->run:258]	frame times (ms): 303.789
2020/03/09 16:03:48 565386	INFO [input.cpp->run:259]	FPS: 3.29176
2020/03/09 16:03:48 662311	INFO [input.cpp->run:173]	
frame_id 16
2020/03/09 16:03:48 698450	WARNING [visualOdometry.cpp->trackingFrame2Frame:187]	The Estimated Rotation and translation matrices(using getTransformation function) are : 
    0.999981  -0.00523615  -0.00347387   0.00472772
  0.00523472     0.999987 -0.000407494   0.00299428
  0.00347595  0.000389305     0.999994   0.00115389
           0            0            0            1
2020/03/09 16:03:48 699986	INFO [input.cpp->run:235]	rotation: 
[0.9999805092811584, -0.005236148834228516, -0.003473871620371938;
 0.005234718322753906, 0.9999865293502808, -0.0004074936732649803;
 0.003475954988971353, 0.00038930494338274, 0.9999939799308777]
2020/03/09 16:03:48 700026	INFO [input.cpp->run:258]	frame times (ms): 314.937
2020/03/09 16:03:48 700037	INFO [input.cpp->run:259]	FPS: 3.17524
2020/03/09 16:03:48 796582	INFO [input.cpp->run:173]	
frame_id 17
2020/03/09 16:03:48 837169	WARNING [visualOdometry.cpp->trackingFrame2Frame:187]	The Estimated Rotation and translation matrices(using getTransformation function) are : 
    0.999983  -0.00505285  -0.00300965   0.00546724
   0.0050517     0.999987 -0.000382392   0.00290394
  0.00301159  0.000367178     0.999995   0.00119001
           0            0            0            1
2020/03/09 16:03:48 838963	INFO [input.cpp->run:235]	rotation: 
[0.9999827146530151, -0.005052849650382996, -0.003009648993611336;
 0.005051702260971069, 0.9999871253967285, -0.0003823917359113693;
 0.00301158893853426, 0.0003671776503324509, 0.9999951124191284]
2020/03/09 16:03:48 839021	INFO [input.cpp->run:258]	frame times (ms): 322.697
2020/03/09 16:03:48 839025	INFO [input.cpp->run:259]	FPS: 3.09888
2020/03/09 16:03:48 929158	INFO [input.cpp->run:173]	
frame_id 18
2020/03/09 16:03:48 967786	WARNING [visualOdometry.cpp->trackingFrame2Frame:187]	The Estimated Rotation and translation matrices(using getTransformation function) are : 
    0.999982   -0.0047166  -0.00371363   0.00491965
  0.00471494     0.999989 -0.000464514   0.00259157
  0.00371571   0.00044702     0.999993   0.00145954
           0            0            0            1
2020/03/09 16:03:48 969605	INFO [input.cpp->run:235]	rotation: 
[0.9999821186065674, -0.004716604948043823, -0.003713630139827728;
 0.004714936017990112, 0.9999889135360718, -0.000464513897895813;
 0.00371570885181427, 0.0004470199346542358, 0.9999932050704956]
2020/03/09 16:03:48 969677	INFO [input.cpp->run:258]	frame times (ms): 320.485
2020/03/09 16:03:48 969682	INFO [input.cpp->run:259]	FPS: 3.12027
2020/03/09 16:03:49 062149	INFO [input.cpp->run:173]	
frame_id 19
2020/03/09 16:03:49 101935	WARNING [visualOdometry.cpp->trackingFrame2Frame:187]	The Estimated Rotation and translation matrices(using getTransformation function) are : 
    0.999982  -0.00453785  -0.00396381   0.00459081
  0.00453657      0.99999 -0.000402093   0.00283026
   0.0039656  0.000384137     0.999992   0.00152868
           0            0            0            1
2020/03/09 16:03:49 104008	INFO [input.cpp->run:235]	rotation: 
[0.9999818205833435, -0.004537850618362427, -0.003963813185691833;
 0.004536569118499756, 0.9999896287918091, -0.0004020929336547852;
 0.003965601325035095, 0.0003841370344161987, 0.9999921321868896]
2020/03/09 16:03:49 104087	INFO [input.cpp->run:258]	frame times (ms): 312.102
2020/03/09 16:03:49 104092	INFO [input.cpp->run:259]	FPS: 3.20408
2020/03/09 16:03:49 195484	INFO [input.cpp->run:173]	
frame_id 20
2020/03/09 16:03:49 233855	WARNING [visualOdometry.cpp->trackingFrame2Frame:187]	The Estimated Rotation and translation matrices(using getTransformation function) are : 
    0.999986  -0.00420493   -0.0030777   0.00518042
  0.00420341     0.999991 -0.000481922   0.00227036
  0.00307971  0.000468966     0.999995   0.00122952
           0            0            0            1
2020/03/09 16:03:49 235421	INFO [input.cpp->run:235]	rotation: 
[0.9999863505363464, -0.004204928874969482, -0.003077696077525616;
 0.00420340895652771, 0.9999909400939941, -0.0004819221794605255;
 0.003079706802964211, 0.000468965619802475, 0.9999949336051941]
2020/03/09 16:03:49 235477	INFO [input.cpp->run:258]	frame times (ms): 319.589
2020/03/09 16:03:49 235483	INFO [input.cpp->run:259]	FPS: 3.12902
2020/03/09 16:03:49 328991	INFO [input.cpp->run:173]	
frame_id 21
2020/03/09 16:03:49 370638	WARNING [visualOdometry.cpp->trackingFrame2Frame:187]	The Estimated Rotation and translation matrices(using getTransformation function) are : 
   0.999979 -0.00415495 -0.00504622  0.00369796
 0.00414902    0.999991  -0.0012159  0.00163273
 0.00505105  0.00119489    0.999987  0.00204462
          0           0           0           1
2020/03/09 16:03:49 372254	INFO [input.cpp->run:235]	rotation: 
[0.9999785423278809, -0.004154950380325317, -0.005046218633651733;
 0.004149019718170166, 0.9999905228614807, -0.001215904951095581;
 0.00505104660987854, 0.001194894313812256, 0.9999865293502808]
2020/03/09 16:03:49 372307	INFO [input.cpp->run:258]	frame times (ms): 326.49
2020/03/09 16:03:49 372312	INFO [input.cpp->run:259]	FPS: 3.06288
2020/03/09 16:03:49 462395	INFO [input.cpp->run:173]	
frame_id 22
2020/03/09 16:03:49 497540	WARNING [visualOdometry.cpp->trackingFrame2Frame:187]	The Estimated Rotation and translation matrices(using getTransformation function) are : 
   0.999985 -0.00336747 -0.00429758  0.00422436
  0.0033599    0.999993 -0.00177485 0.000415295
 0.00430357  0.00176039    0.999989  0.00179046
          0           0           0           1
2020/03/09 16:03:49 499022	INFO [input.cpp->run:235]	rotation: 
[0.9999850988388062, -0.00336746871471405, -0.004297584295272827;
 0.003359898924827576, 0.9999926090240479, -0.001774847507476807;
 0.004303574562072754, 0.001760385930538177, 0.9999889731407166]
2020/03/09 16:03:49 499062	INFO [input.cpp->run:258]	frame times (ms): 294.042
2020/03/09 16:03:49 499064	INFO [input.cpp->run:259]	FPS: 3.40087
2020/03/09 16:03:49 596963	INFO [input.cpp->run:173]	
frame_id 23
2020/03/09 16:03:49 632747	WARNING [visualOdometry.cpp->trackingFrame2Frame:187]	The Estimated Rotation and translation matrices(using getTransformation function) are : 
   0.999989 -0.00449449 -0.00171564  0.00594413
 0.00449267     0.99999 -0.00100521  0.00129158
 0.00172018 0.000997491    0.999998 0.000823498
          0           0           0           1
2020/03/09 16:03:49 634288	INFO [input.cpp->run:235]	rotation: 
[0.999988853931427, -0.00449448823928833, -0.001715643331408501;
 0.004492670297622681, 0.9999896883964539, -0.001005213707685471;
 0.001720177009701729, 0.000997491180896759, 0.9999980330467224]
2020/03/09 16:03:49 634328	INFO [input.cpp->run:258]	frame times (ms): 323.684
2020/03/09 16:03:49 634330	INFO [input.cpp->run:259]	FPS: 3.08943
2020/03/09 16:03:49 729672	INFO [input.cpp->run:173]	
frame_id 24
2020/03/09 16:03:49 766933	WARNING [visualOdometry.cpp->trackingFrame2Frame:187]	The Estimated Rotation and translation matrices(using getTransformation function) are : 
    0.999986  -0.00457369  -0.00279343   0.00507769
  0.00457376      0.99999  3.39001e-06   0.00188191
   0.0027934 -1.61678e-05     0.999996   0.00107652
           0            0            0            1
2020/03/09 16:03:49 768530	INFO [input.cpp->run:235]	rotation: 
[0.9999855160713196, -0.00457368791103363, -0.002793434076011181;
 0.0045737624168396, 0.9999895691871643, 3.390014171600342e-06;
 0.002793402411043644, -1.616775989532471e-05, 0.9999958872795105]
2020/03/09 16:03:49 768574	INFO [input.cpp->run:258]	frame times (ms): 354.433
2020/03/09 16:03:49 768578	INFO [input.cpp->run:259]	FPS: 2.82141
2020/03/09 16:03:49 863619	INFO [input.cpp->run:173]	
frame_id 25
2020/03/09 16:03:49 901842	WARNING [visualOdometry.cpp->trackingFrame2Frame:187]	The Estimated Rotation and translation matrices(using getTransformation function) are : 
    0.999986  -0.00427395  -0.00311864   0.00464842
  0.00427449     0.999991   0.00015129   0.00146178
  0.00311798 -0.000164619     0.999995   0.00105631
           0            0            0            1
2020/03/09 16:03:49 903916	INFO [input.cpp->run:235]	rotation: 
[0.9999856948852539, -0.004273951053619385, -0.003118643071502447;
 0.004274487495422363, 0.9999906420707703, 0.000151289626955986;
 0.003117983229458332, -0.0001646187156438828, 0.9999948740005493]
2020/03/09 16:03:49 903987	INFO [input.cpp->run:258]	frame times (ms): 348.137
2020/03/09 16:03:49 903990	INFO [input.cpp->run:259]	FPS: 2.87243
2020/03/09 16:03:49 995014	INFO [input.cpp->run:173]	
frame_id 26
2020/03/09 16:03:50 031786	WARNING [visualOdometry.cpp->trackingFrame2Frame:187]	The Estimated Rotation and translation matrices(using getTransformation function) are : 
    0.999988  -0.00430715   -0.0022682   0.00495696
  0.00430638     0.999991 -0.000364831    0.0010956
  0.00226975  0.000355061     0.999997  0.000819445
           0            0            0            1
2020/03/09 16:03:50 033383	INFO [input.cpp->run:235]	rotation: 
[0.9999883770942688, -0.004307150840759277, -0.002268204931169748;
 0.004306375980377197, 0.9999908804893494, -0.0003648307174444199;
 0.002269752323627472, 0.0003550611436367035, 0.9999974370002747]
2020/03/09 16:03:50 033427	INFO [input.cpp->run:258]	frame times (ms): 346.399
2020/03/09 16:03:50 033430	INFO [input.cpp->run:259]	FPS: 2.88684
2020/03/09 16:03:50 134291	INFO [input.cpp->run:173]	
frame_id 27
2020/03/09 16:03:50 174394	WARNING [visualOdometry.cpp->trackingFrame2Frame:187]	The Estimated Rotation and translation matrices(using getTransformation function) are : 
    0.999988   -0.0038645  -0.00299403   0.00467187
  0.00386363     0.999992 -0.000451431  0.000897072
  0.00299588  0.000439987     0.999996   0.00142771
           0            0            0            1
2020/03/09 16:03:50 175991	INFO [input.cpp->run:235]	rotation: 
[0.9999881982803345, -0.003864496946334839, -0.002994030714035034;
 0.003863632678985596, 0.9999923706054688, -0.0004514306783676147;
 0.002995878458023071, 0.0004399865865707397, 0.9999956488609314]
2020/03/09 16:03:50 176038	INFO [input.cpp->run:258]	frame times (ms): 359.466
2020/03/09 16:03:50 176042	INFO [input.cpp->run:259]	FPS: 2.7819
2020/03/09 16:03:50 263274	INFO [input.cpp->run:173]	
frame_id 28
2020/03/09 16:03:50 302894	WARNING [visualOdometry.cpp->trackingFrame2Frame:187]	The Estimated Rotation and translation matrices(using getTransformation function) are : 
    0.999988  -0.00327161   -0.0035602   0.00379547
  0.00326946     0.999995 -0.000613064  0.000580385
  0.00356209  0.000601456     0.999994   0.00134641
           0            0            0            1
2020/03/09 16:03:50 304571	INFO [input.cpp->run:235]	rotation: 
[0.9999884963035583, -0.003271609544754028, -0.003560200333595276;
 0.003269463777542114, 0.9999946355819702, -0.0006130635738372803;
 0.003562085330486298, 0.0006014555692672729, 0.9999938011169434]
2020/03/09 16:03:50 304647	INFO [input.cpp->run:258]	frame times (ms): 385.862
2020/03/09 16:03:50 304650	INFO [input.cpp->run:259]	FPS: 2.5916
2020/03/09 16:03:50 396437	INFO [input.cpp->run:173]	
frame_id 29
2020/03/09 16:03:50 435606	WARNING [visualOdometry.cpp->trackingFrame2Frame:187]	The Estimated Rotation and translation matrices(using getTransformation function) are : 
     0.99999  -0.00379714  -0.00216195   0.00423387
  0.00379762     0.999993   0.00018784   0.00110118
  0.00216126 -0.000196066     0.999997  0.000576198
           0            0            0            1
2020/03/09 16:03:50 437406	INFO [input.cpp->run:235]	rotation: 
[0.9999904036521912, -0.003797143697738647, -0.002161950804293156;
 0.003797620534896851, 0.9999927282333374, 0.0001878403127193451;
 0.002161258831620216, -0.000196065753698349, 0.9999972581863403]
2020/03/09 16:03:50 437476	INFO [input.cpp->run:258]	frame times (ms): 385.008
2020/03/09 16:03:50 437480	INFO [input.cpp->run:259]	FPS: 2.59735
2020/03/09 16:03:50 529096	INFO [input.cpp->run:173]	
frame_id 30
2020/03/09 16:03:50 569965	WARNING [visualOdometry.cpp->trackingFrame2Frame:187]	The Estimated Rotation and translation matrices(using getTransformation function) are : 
    0.999991  -0.00338075  -0.00261221   0.00383779
  0.00337994     0.999995 -0.000364326  0.000267126
  0.00261344  0.000355519     0.999996     0.001131
           0            0            0            1
2020/03/09 16:03:50 571609	INFO [input.cpp->run:235]	rotation: 
[0.9999909996986389, -0.003380745649337769, -0.002612210810184479;
 0.003379940986633301, 0.9999946355819702, -0.0003643259406089783;
 0.002613440155982971, 0.0003555193543434143, 0.9999964833259583]
2020/03/09 16:03:50 571661	INFO [input.cpp->run:258]	frame times (ms): 385.436
2020/03/09 16:03:50 571663	INFO [input.cpp->run:259]	FPS: 2.59446
2020/03/09 16:03:50 662491	INFO [input.cpp->run:173]	
frame_id 31
2020/03/09 16:03:50 703510	WARNING [visualOdometry.cpp->trackingFrame2Frame:187]	The Estimated Rotation and translation matrices(using getTransformation function) are : 
    0.999993  -0.00280719  -0.00251221    0.0035083
  0.00280683     0.999996 -0.000145227  0.000367194
  0.00251261  0.000138171     0.999997  0.000704467
           0            0            0            1
2020/03/09 16:03:50 705098	INFO [input.cpp->run:235]	rotation: 
[0.9999930858612061, -0.002807185053825378, -0.002512214705348015;
 0.002806827425956726, 0.9999961853027344, -0.0001452267169952393;
 0.002512608654797077, 0.0001381710171699524, 0.999997079372406]
2020/03/09 16:03:50 705155	INFO [input.cpp->run:258]	frame times (ms): 401.327
2020/03/09 16:03:50 705158	INFO [input.cpp->run:259]	FPS: 2.49173
2020/03/09 16:03:50 795904	INFO [input.cpp->run:173]	
frame_id 32
2020/03/09 16:03:50 841386	WARNING [visualOdometry.cpp->trackingFrame2Frame:187]	The Estimated Rotation and translation matrices(using getTransformation function) are : 
    0.999995  -0.00250806  -0.00184018   0.00355819
   0.0025073     0.999997 -0.000363218 -0.000111409
  0.00184117  0.000358595     0.999998  0.000525713
           0            0            0            1
2020/03/09 16:03:50 842996	INFO [input.cpp->run:235]	rotation: 
[0.9999954104423523, -0.002508059144020081, -0.001840176992118359;
 0.002507299184799194, 0.9999967813491821, -0.0003632176667451859;
 0.001841174438595772, 0.0003585945814847946, 0.9999982118606567]
2020/03/09 16:03:50 843046	INFO [input.cpp->run:258]	frame times (ms): 409.484
2020/03/09 16:03:50 843049	INFO [input.cpp->run:259]	FPS: 2.4421
2020/03/09 16:03:50 930839	INFO [input.cpp->run:173]	
frame_id 33
2020/03/09 16:03:50 974600	WARNING [visualOdometry.cpp->trackingFrame2Frame:187]	The Estimated Rotation and translation matrices(using getTransformation function) are : 
    0.999992  -0.00276121  -0.00279737   0.00262848
  0.00276139     0.999996  0.000156984  0.000490971
   0.0027968 -0.000164896     0.999996   0.00120002
           0            0            0            1
2020/03/09 16:03:50 976199	INFO [input.cpp->run:235]	rotation: 
[0.9999919533729553, -0.002761214971542358, -0.002797365188598633;
 0.002761393785476685, 0.9999957084655762, 0.0001569837331771851;
 0.002796798944473267, -0.0001648962497711182, 0.9999959468841553]
2020/03/09 16:03:50 976244	INFO [input.cpp->run:258]	frame times (ms): 438.853
2020/03/09 16:03:50 976249	INFO [input.cpp->run:259]	FPS: 2.27867
2020/03/09 16:03:51 062097	INFO [input.cpp->run:173]	
frame_id 34
2020/03/09 16:03:51 107250	WARNING [visualOdometry.cpp->trackingFrame2Frame:187]	The Estimated Rotation and translation matrices(using getTransformation function) are : 
    0.999997  -0.00182042  -0.00163143   0.00286043
  0.00181988     0.999999 -0.000229981 -0.000270173
  0.00163191  0.000226993     0.999999  0.000400603
           0            0            0            1
2020/03/09 16:03:51 108988	INFO [input.cpp->run:235]	rotation: 
[0.9999973773956299, -0.001820415258407593, -0.001631429418921471;
 0.001819878816604614, 0.9999985098838806, -0.0002299807965755463;
 0.001631908118724823, 0.0002269931137561798, 0.9999988079071045]
2020/03/09 16:03:51 109029	INFO [input.cpp->run:258]	frame times (ms): 445.29
2020/03/09 16:03:51 109033	INFO [input.cpp->run:259]	FPS: 2.24573
2020/03/09 16:03:51 196021	INFO [input.cpp->run:173]	
frame_id 35
2020/03/09 16:03:51 243833	WARNING [visualOdometry.cpp->trackingFrame2Frame:187]	The Estimated Rotation and translation matrices(using getTransformation function) are : 
    0.999997    -0.001856  -0.00123153   0.00263041
  0.00185564     0.999998  -0.00029026 -0.000420421
  0.00123186  0.000288054     0.999999  0.000442684
           0            0            0            1
2020/03/09 16:03:51 246001	INFO [input.cpp->run:235]	rotation: 
[0.9999974966049194, -0.001855999231338501, -0.00123152881860733;
 0.001855641603469849, 0.9999982118606567, -0.0002902597188949585;
 0.001231864094734192, 0.000288054347038269, 0.9999992847442627]
2020/03/09 16:03:51 246067	INFO [input.cpp->run:258]	frame times (ms): 473.02
2020/03/09 16:03:51 246073	INFO [input.cpp->run:259]	FPS: 2.11408
2020/03/09 16:03:51 330157	INFO [input.cpp->run:173]	
frame_id 36
2020/03/09 16:03:51 375979	WARNING [visualOdometry.cpp->trackingFrame2Frame:187]	The Estimated Rotation and translation matrices(using getTransformation function) are : 
    0.999998  -0.00162008  -0.00122422   0.00215811
  0.00162005     0.999999 -0.000235111  2.93478e-05
  0.00122449  0.000233166     0.999999  0.000508487
           0            0            0            1
2020/03/09 16:03:51 377630	INFO [input.cpp->run:235]	rotation: 
[0.9999977946281433, -0.001620084047317505, -0.001224219799041748;
 0.001620054244995117, 0.9999986290931702, -0.0002351105213165283;
 0.001224488019943237, 0.0002331659197807312, 0.9999993443489075]
2020/03/09 16:03:51 377683	INFO [input.cpp->run:258]	frame times (ms): 470.844
2020/03/09 16:03:51 377685	INFO [input.cpp->run:259]	FPS: 2.12385
2020/03/09 16:03:51 463449	INFO [input.cpp->run:173]	
frame_id 37
2020/03/09 16:03:51 514245	WARNING [visualOdometry.cpp->trackingFrame2Frame:187]	The Estimated Rotation and translation matrices(using getTransformation function) are : 
    0.999998  -0.00119498  -0.00193441    0.0012368
  0.00119576     0.999999  0.000358552 -0.000233158
  0.00193411 -0.000360802     0.999998  0.000425398
           0            0            0            1
2020/03/09 16:03:51 516002	INFO [input.cpp->run:235]	rotation: 
[0.9999975562095642, -0.001194983720779419, -0.001934409141540527;
 0.001195758581161499, 0.9999992847442627, 0.0003585517406463623;
 0.00193411111831665, -0.0003608018159866333, 0.9999980926513672]
2020/03/09 16:03:51 516061	INFO [input.cpp->run:258]	frame times (ms): 514.758
2020/03/09 16:03:51 516065	INFO [input.cpp->run:259]	FPS: 1.94266
2020/03/09 16:03:51 596014	INFO [input.cpp->run:173]	
frame_id 38
2020/03/09 16:03:51 639091	WARNING [visualOdometry.cpp->trackingFrame2Frame:187]	The Estimated Rotation and translation matrices(using getTransformation function) are : 
    0.999998  -0.00145221   -0.0014087   0.00120303
  0.00145236     0.999999  2.06828e-05 -0.000407979
  0.00140876 -2.27094e-05     0.999999  0.000365794
           0            0            0            1
2020/03/09 16:03:51 641188	INFO [input.cpp->run:235]	rotation: 
[0.9999980926513672, -0.001452207565307617, -0.001408696174621582;
 0.001452356576919556, 0.9999989867210388, 2.068281173706055e-05;
 0.001408755779266357, -2.270936965942383e-05, 0.9999991655349731]
2020/03/09 16:03:51 641256	INFO [input.cpp->run:258]	frame times (ms): 499.963
2020/03/09 16:03:51 641264	INFO [input.cpp->run:259]	FPS: 2.00015
2020/03/09 16:03:51 730054	INFO [input.cpp->run:173]	
frame_id 39
2020/03/09 16:03:51 779496	WARNING [visualOdometry.cpp->trackingFrame2Frame:187]	The Estimated Rotation and translation matrices(using getTransformation function) are : 
    0.999999 -0.000846863  -0.00109418   0.00109643
 0.000846833            1  8.62926e-05  -0.00080622
   0.0010941 -8.71718e-05     0.999999  0.000354111
           0            0            0            1
2020/03/09 16:03:51 781189	INFO [input.cpp->run:235]	rotation: 
[0.9999990463256836, -0.00084686279296875, -0.00109417736530304;
 0.0008468329906463623, 0.9999996423721313, 8.629262447357178e-05;
 0.00109410285949707, -8.717179298400879e-05, 0.999999463558197]
2020/03/09 16:03:51 781257	INFO [input.cpp->run:258]	frame times (ms): 518.189
2020/03/09 16:03:51 781260	INFO [input.cpp->run:259]	FPS: 1.9298
2020/03/09 16:03:51 864264	INFO [input.cpp->run:173]	
frame_id 40
2020/03/09 16:03:51 913410	WARNING [visualOdometry.cpp->trackingFrame2Frame:187]	The Estimated Rotation and translation matrices(using getTransformation function) are : 
           1  1.14143e-05 -0.000820257   0.00105584
-1.12355e-05            1  0.000332121  -0.00155029
 0.000820342 -0.000332139            1 -0.000110865
           0            0            0            1
2020/03/09 16:03:51 915327	INFO [input.cpp->run:235]	rotation: 
[1.00000011920929, 1.14142894744873e-05, -0.000820256769657135;
 -1.123547554016113e-05, 1.000000238418579, 0.000332120805978775;
 0.0008203424513339996, -0.0003321394324302673, 0.9999996423721313]
2020/03/09 16:03:51 915389	INFO [input.cpp->run:258]	frame times (ms): 514.267
2020/03/09 16:03:51 915392	INFO [input.cpp->run:259]	FPS: 1.94452
2020/03/09 16:03:51 996460	INFO [input.cpp->run:173]	
frame_id 41
2020/03/09 16:03:52 046872	WARNING [visualOdometry.cpp->trackingFrame2Frame:187]	The Estimated Rotation and translation matrices(using getTransformation function) are : 
           1 -3.51071e-05 -0.000553363  0.000602305
 3.50773e-05            1 -0.000370784  -0.00210357
 0.000553336  0.000370776            1   -4.071e-05
           0            0            0            1
2020/03/09 16:03:52 048565	INFO [input.cpp->run:235]	rotation: 
[0.9999999403953552, -3.510713577270508e-05, -0.0005533625371754169;
 3.507733345031738e-05, 1.00000011920929, -0.000370783731341362;
 0.0005533355288207531, 0.0003707762807607651, 0.9999998807907104]
2020/03/09 16:03:52 048622	INFO [input.cpp->run:258]	frame times (ms): 545.909
2020/03/09 16:03:52 048626	INFO [input.cpp->run:259]	FPS: 1.83181
2020/03/09 16:03:52 130763	INFO [input.cpp->run:173]	
frame_id 42
2020/03/09 16:03:52 185782	WARNING [visualOdometry.cpp->trackingFrame2Frame:187]	The Estimated Rotation and translation matrices(using getTransformation function) are : 
    0.999999 -0.000610799 -0.000790089  9.81688e-05
 0.000611216            1  0.000781357  -0.00116658
 0.000789583 -0.000781953     0.999999  0.000153422
           0            0            0            1
2020/03/09 16:03:52 187693	INFO [input.cpp->run:235]	rotation: 
[0.9999994039535522, -0.0006107985973358154, -0.0007900893688201904;
 0.0006112158298492432, 0.9999995827674866, 0.0007813572883605957;
 0.0007895827293395996, -0.0007819533348083496, 0.9999992847442627]
2020/03/09 16:03:52 187744	INFO [input.cpp->run:258]	frame times (ms): 577.835
2020/03/09 16:03:52 187748	INFO [input.cpp->run:259]	FPS: 1.7306
2020/03/09 16:03:52 262009	INFO [input.cpp->run:173]	
frame_id 43
2020/03/09 16:03:52 318885	WARNING [visualOdometry.cpp->trackingFrame2Frame:187]	The Estimated Rotation and translation matrices(using getTransformation function) are : 
           1 -0.000481963 -0.000441879 -9.72152e-05
   0.0004825     0.999999  0.000904217  -0.00138308
 0.000441551 -0.000904337     0.999999  -8.2016e-05
           0            0            0            1
2020/03/09 16:03:52 320643	INFO [input.cpp->run:235]	rotation: 
[0.9999998211860657, -0.0004819631576538086, -0.0004418790340423584;
 0.0004824995994567871, 0.999999463558197, 0.0009042173624038696;
 0.0004415512084960938, -0.0009043365716934204, 0.9999994039535522]
2020/03/09 16:03:52 320697	INFO [input.cpp->run:258]	frame times (ms): 551.494
2020/03/09 16:03:52 320701	INFO [input.cpp->run:259]	FPS: 1.81326
2020/03/09 16:03:52 395501	INFO [input.cpp->run:173]	
frame_id 44
2020/03/09 16:03:52 447090	WARNING [visualOdometry.cpp->trackingFrame2Frame:187]	The Estimated Rotation and translation matrices(using getTransformation function) are : 
           1  0.000295252 -0.000130288 -0.000152856
-0.000295162            1 -0.000330159  -0.00235233
 0.000130181  0.000330201            1 -3.75509e-05
           0            0            0            1
2020/03/09 16:03:52 448916	INFO [input.cpp->run:235]	rotation: 
[0.9999999403953552, 0.0002952516078948975, -0.0001302881864830852;
 -0.0002951622009277344, 1, -0.0003301589749753475;
 0.0001301808515563607, 0.0003302011173218489, 1.00000011920929]
2020/03/09 16:03:52 448994	INFO [input.cpp->run:258]	frame times (ms): 555.198
2020/03/09 16:03:52 448999	INFO [input.cpp->run:259]	FPS: 1.80116
2020/03/09 16:03:52 529283	INFO [input.cpp->run:173]	
frame_id 45
2020/03/09 16:03:52 590858	WARNING [visualOdometry.cpp->trackingFrame2Frame:187]	The Estimated Rotation and translation matrices(using getTransformation function) are : 
           1  0.000164866  7.85086e-05 -0.000568956
-0.000164926            1 -0.000332635  -0.00228182
 -7.8544e-05   0.00033262            1 -0.000280857
           0            0            0            1
2020/03/09 16:03:52 593265	INFO [input.cpp->run:235]	rotation: 
[1.000000238418579, 0.0001648664474487305, 7.850863039493561e-05;
 -0.0001649260520935059, 0.9999999403953552, -0.0003326348960399628;
 -7.8544020652771e-05, 0.0003326199948787689, 1]
2020/03/09 16:03:52 593378	INFO [input.cpp->run:258]	frame times (ms): 558.673
2020/03/09 16:03:52 593385	INFO [input.cpp->run:259]	FPS: 1.78996
2020/03/09 16:03:52 661718	INFO [input.cpp->run:173]	
frame_id 46
2020/03/09 16:03:52 722957	WARNING [visualOdometry.cpp->trackingFrame2Frame:187]	The Estimated Rotation and translation matrices(using getTransformation function) are : 
           1 -0.000168502  0.000302926  -0.00091061
 0.000168383            1  0.000527799  -0.00159437
-0.000302926 -0.000527754            1 -0.000202835
           0            0            0            1
2020/03/09 16:03:52 724700	INFO [input.cpp->run:235]	rotation: 
[1, -0.0001685023307800293, 0.000302925705909729;
 0.0001683831214904785, 0.9999998807907104, 0.000527799129486084;
 -0.000302925705909729, -0.0005277544260025024, 0.9999998807907104]
2020/03/09 16:03:52 724755	INFO [input.cpp->run:258]	frame times (ms): 565.783
2020/03/09 16:03:52 724757	INFO [input.cpp->run:259]	FPS: 1.76746
2020/03/09 16:03:52 796390	INFO [input.cpp->run:173]	
frame_id 47
