		g3log created log at: Sun Mar 08 15:45:38 2020
		LOG format: [YYYY/MM/DD hh:mm:ss uuu* LEVEL FILE->FUNCTION:LINE] message		(uuu*: microseconds fractions of the seconds value)

2020/03/08 15:45:38 189232	INFO [g3logger.h->logBanner:29]	Starting log.
2020/03/08 15:45:38 196706	DEBUG [main.cpp->main:49]	Filepath: /home/mitchell/KITTI/data_odometry_gray/dataset/sequences/00/
2020/03/08 15:45:38 196711	DEBUG [main.cpp->main:53]	Calibration Filepath: /home/mitchell/visual_odom_ws/src/visual_odom/calibration/old/zed.yaml
2020/03/08 15:45:38 196788	INFO [main.cpp->main:67]	P_left: 
[718.85602, 0, 607.19281, 0;
 0, 718.85602, 185.2157, 0;
 0, 0, 1, 0]
2020/03/08 15:45:38 196795	INFO [main.cpp->main:68]	P_right: 
[718.85602, 0, 607.19281, -386.14481;
 0, 718.85602, 185.2157, 0;
 0, 0, 1, 0]
2020/03/08 15:45:38 259345	INFO [input.cpp->Input:22]	frame_pose [1, 0, 0, 0;
 0, 1, 0, 0;
 0, 0, 1, 0;
 0, 0, 0, 1]
2020/03/08 15:45:38 559510	INFO [input.cpp->run:173]	
frame_id 1
2020/03/08 15:45:38 620236	WARNING [visualOdometry.cpp->trackingFrame2Frame:179]	The Estimated Rotation and translation matrices(using getTransformation function) are : 
    0.999988   0.00452494  -0.00197572    0.0156981
 -0.00452677     0.999989 -0.000920184    0.0107845
   0.0019715  0.000929114     0.999997  -0.00555038
           0            0            0            1
2020/03/08 15:45:38 648640	INFO [input.cpp->run:235]	rotation: 
[0.999987781047821, 0.004524944815784693, -0.001975715160369873;
 -0.004526768811047077, 0.9999894499778748, -0.0009201836073771119;
 0.001971498131752014, 0.0009291137685067952, 0.9999974370002747]
2020/03/08 15:45:38 648684	INFO [input.cpp->run:256]	frame times (ms): 112.635
2020/03/08 15:45:38 648687	INFO [input.cpp->run:257]	FPS: 8.87823
2020/03/08 15:45:38 662960	INFO [input.cpp->run:173]	
frame_id 2
2020/03/08 15:45:38 687572	WARNING [visualOdometry.cpp->trackingFrame2Frame:179]	The Estimated Rotation and translation matrices(using getTransformation function) are : 
    0.999991 -7.71834e-07   0.00415503   -0.0252864
-3.69721e-05     0.999959   0.00908421   -0.0489635
 -0.00415487  -0.00908429      0.99995    0.0356841
           0            0            0            1
2020/03/08 15:45:38 689646	INFO [input.cpp->run:235]	rotation: 
[0.9999911189079285, -7.718335837125778e-07, 0.004155032336711884;
 -3.697210922837257e-05, 0.9999587535858154, 0.009084210731089115;
 -0.004154868423938751, -0.009084285236895084, 0.9999499917030334]
2020/03/08 15:45:38 689676	INFO [input.cpp->run:256]	frame times (ms): 44.48
2020/03/08 15:45:38 689679	INFO [input.cpp->run:257]	FPS: 22.482
2020/03/08 15:45:38 693086	INFO [input.cpp->run:173]	
frame_id 3
2020/03/08 15:45:38 715395	WARNING [visualOdometry.cpp->trackingFrame2Frame:179]	The Estimated Rotation and translation matrices(using getTransformation function) are : 
    0.999995   0.00193994   0.00233661    -0.014653
 -0.00193265     0.999993  -0.00312425    0.0270735
 -0.00234266   0.00311972     0.999992 -0.000605583
           0            0            0            1
2020/03/08 15:45:38 717248	INFO [input.cpp->run:235]	rotation: 
[0.9999951720237732, 0.001939937472343445, 0.002336613833904266;
 -0.001932650804519653, 0.9999930262565613, -0.003124246373772621;
 -0.002342656254768372, 0.003119722008705139, 0.9999922513961792]
2020/03/08 15:45:38 717281	INFO [input.cpp->run:256]	frame times (ms): 39.976
2020/03/08 15:45:38 717283	INFO [input.cpp->run:257]	FPS: 25.015
2020/03/08 15:45:38 751029	INFO [input.cpp->run:173]	
frame_id 4
2020/03/08 15:45:38 772472	WARNING [visualOdometry.cpp->trackingFrame2Frame:179]	The Estimated Rotation and translation matrices(using getTransformation function) are : 
    0.999975  -0.00089249   0.00704768   -0.0711994
 0.000899132     0.999999 -0.000939645   0.00871456
 -0.00704686   0.00094594     0.999975   0.00895929
           0            0            0            1
2020/03/08 15:45:38 773706	INFO [input.cpp->run:235]	rotation: 
[0.9999748468399048, -0.0008924901485443115, 0.007047683000564575;
 0.0008991323411464691, 0.9999992251396179, -0.0009396446403115988;
 -0.007046855986118317, 0.0009459401480853558, 0.9999748468399048]
2020/03/08 15:45:38 773733	INFO [input.cpp->run:256]	frame times (ms): 39.713
2020/03/08 15:45:38 773736	INFO [input.cpp->run:257]	FPS: 25.1807
2020/03/08 15:45:38 817932	INFO [input.cpp->run:173]	
frame_id 5
2020/03/08 15:45:38 839190	WARNING [visualOdometry.cpp->trackingFrame2Frame:179]	The Estimated Rotation and translation matrices(using getTransformation function) are : 
    0.999979 -0.000269089   0.00650191   -0.0799384
  0.00020742     0.999955   0.00948444   -0.0552735
 -0.00650417  -0.00948285     0.999934    0.0222135
           0            0            0            1
2020/03/08 15:45:38 841170	INFO [input.cpp->run:235]	rotation: 
[0.9999790787696838, -0.0002690888941287994, 0.006501906551420689;
 0.0002074204385280609, 0.9999550580978394, 0.009484443813562393;
 -0.00650416873395443, -0.009482847526669502, 0.9999340772628784]
2020/03/08 15:45:38 841192	INFO [input.cpp->run:256]	frame times (ms): 40.279
2020/03/08 15:45:38 841194	INFO [input.cpp->run:257]	FPS: 24.8268
2020/03/08 15:45:38 884811	INFO [input.cpp->run:173]	
frame_id 6
2020/03/08 15:45:38 909039	WARNING [visualOdometry.cpp->trackingFrame2Frame:179]	The Estimated Rotation and translation matrices(using getTransformation function) are : 
   0.999982  0.00580944  0.00144844  -0.0249581
-0.00580555     0.99998 -0.00267626    0.022478
-0.00146399   0.0026678    0.999995 0.000794888
          0           0           0           1
2020/03/08 15:45:38 911165	INFO [input.cpp->run:235]	rotation: 
[0.9999821782112122, 0.005809441208839417, 0.001448441296815872;
 -0.005805552005767822, 0.9999796152114868, -0.002676264382898808;
 -0.001463990658521652, 0.002667797729372978, 0.9999951124191284]
2020/03/08 15:45:38 911196	INFO [input.cpp->run:256]	frame times (ms): 47.178
2020/03/08 15:45:38 911198	INFO [input.cpp->run:257]	FPS: 21.1963
2020/03/08 15:45:38 951123	INFO [input.cpp->run:173]	
frame_id 7
2020/03/08 15:45:38 971812	WARNING [visualOdometry.cpp->trackingFrame2Frame:179]	The Estimated Rotation and translation matrices(using getTransformation function) are : 
   0.999942  0.00189307  -0.0106244   0.0726709
-0.00223547    0.999475   -0.032309    0.170951
  0.0105576   0.0323308    0.999421  -0.0932975
          0           0           0           1
2020/03/08 15:45:38 973016	INFO [input.cpp->run:235]	rotation: 
[0.9999418258666992, 0.001893068663775921, -0.01062437891960144;
 -0.002235467545688152, 0.9994754195213318, -0.03230895474553108;
 0.01055759936571121, 0.03233081847429276, 0.9994212985038757]
2020/03/08 15:45:38 973044	INFO [input.cpp->run:256]	frame times (ms): 39.615
2020/03/08 15:45:38 973046	INFO [input.cpp->run:257]	FPS: 25.243
2020/03/08 15:45:39 017910	INFO [input.cpp->run:173]	
frame_id 8
2020/03/08 15:45:39 049239	WARNING [visualOdometry.cpp->trackingFrame2Frame:179]	The Estimated Rotation and translation matrices(using getTransformation function) are : 
    0.999997 -0.000768295  -0.00229764    0.0286151
 0.000768051            1 -0.000106242  -0.00278711
  0.00229771  0.000104451     0.999997  -0.00610781
           0            0            0            1
2020/03/08 15:45:39 052037	INFO [input.cpp->run:235]	rotation: 
[0.9999973177909851, -0.0007682947907596827, -0.002297639846801758;
 0.0007680510170757771, 0.9999998211860657, -0.0001062418305082247;
 0.00229770690202713, 0.0001044512900989503, 0.9999973773956299]
2020/03/08 15:45:39 052071	INFO [input.cpp->run:256]	frame times (ms): 60.85
2020/03/08 15:45:39 052075	INFO [input.cpp->run:257]	FPS: 16.4339
2020/03/08 15:45:39 084016	INFO [input.cpp->run:173]	
frame_id 9
2020/03/08 15:45:39 106077	WARNING [visualOdometry.cpp->trackingFrame2Frame:179]	The Estimated Rotation and translation matrices(using getTransformation function) are : 
           1  1.51098e-05 -0.000834154    0.0147157
-1.75983e-05     0.999996  -0.00294809    0.0142379
 0.000834102   0.00294805     0.999995  -0.00929499
           0            0            0            1
2020/03/08 15:45:39 107381	INFO [input.cpp->run:235]	rotation: 
[0.9999996423721313, 1.510977745056152e-05, -0.0008341539651155472;
 -1.759827136993408e-05, 0.9999957680702209, -0.00294808647595346;
 0.0008341018110513687, 0.002948048524558544, 0.9999954104423523]
2020/03/08 15:45:39 107411	INFO [input.cpp->run:256]	frame times (ms): 42.452
2020/03/08 15:45:39 107414	INFO [input.cpp->run:257]	FPS: 23.556
2020/03/08 15:45:39 151106	INFO [input.cpp->run:173]	
frame_id 10
2020/03/08 15:45:39 182660	WARNING [visualOdometry.cpp->trackingFrame2Frame:179]	The Estimated Rotation and translation matrices(using getTransformation function) are : 
           1 -0.000826506 -2.34768e-05   0.00308204
 0.000826601     0.999986   0.00513086   -0.0338427
 1.91852e-05  -0.00513086     0.999987   0.00921726
           0            0            0            1
2020/03/08 15:45:39 184369	INFO [input.cpp->run:235]	rotation: 
[0.9999998807907104, -0.0008265059441328049, -2.347677946090698e-05;
 0.0008266009390354156, 0.9999864101409912, 0.005130861885845661;
 1.918524503707886e-05, -0.005130861885845661, 0.9999869465827942]
2020/03/08 15:45:39 184402	INFO [input.cpp->run:256]	frame times (ms): 58.079
2020/03/08 15:45:39 184405	INFO [input.cpp->run:257]	FPS: 17.2179
2020/03/08 15:45:39 217238	INFO [input.cpp->run:173]	
frame_id 11
2020/03/08 15:45:39 238389	WARNING [visualOdometry.cpp->trackingFrame2Frame:179]	The Estimated Rotation and translation matrices(using getTransformation function) are : 
   0.999999  0.00103808  0.00130991 -0.00735354
-0.00104208    0.999995  0.00306256  -0.0181011
-0.00130673 -0.00306389    0.999994   0.0106611
          0           0           0           1
2020/03/08 15:45:39 240462	INFO [input.cpp->run:235]	rotation: 
[0.9999987483024597, 0.0010380819439888, 0.001309905201196671;
 -0.001042082905769348, 0.9999949336051941, 0.003062564181163907;
 -0.001306734979152679, -0.003063887823373079, 0.9999943971633911]
2020/03/08 15:45:39 240485	INFO [input.cpp->run:256]	frame times (ms): 41.458
2020/03/08 15:45:39 240487	INFO [input.cpp->run:257]	FPS: 24.1208
2020/03/08 15:45:39 284292	INFO [input.cpp->run:173]	
frame_id 12
2020/03/08 15:45:39 309286	WARNING [visualOdometry.cpp->trackingFrame2Frame:179]	The Estimated Rotation and translation matrices(using getTransformation function) are : 
    0.999991   0.00261404   0.00353775   -0.0214136
 -0.00261148     0.999997 -0.000716913   0.00996041
 -0.00353965   0.00070765     0.999993   0.00782824
           0            0            0            1
2020/03/08 15:45:39 311675	INFO [input.cpp->run:235]	rotation: 
[0.9999906420707703, 0.002614036202430725, 0.003537751734256744;
 -0.00261148065328598, 0.999996542930603, -0.0007169134914875031;
 -0.00353965163230896, 0.0007076496258378029, 0.9999934434890747]
2020/03/08 15:45:39 311705	INFO [input.cpp->run:256]	frame times (ms): 47.105
2020/03/08 15:45:39 311707	INFO [input.cpp->run:257]	FPS: 21.2292
2020/03/08 15:45:39 350769	INFO [input.cpp->run:173]	
frame_id 13
2020/03/08 15:45:39 374480	WARNING [visualOdometry.cpp->trackingFrame2Frame:179]	The Estimated Rotation and translation matrices(using getTransformation function) are : 
    0.999998   0.00155225 -0.000842754   0.00980759
  -0.0015605      0.99995  -0.00987658    0.0596048
 0.000827391   0.00987788     0.999951   -0.0229282
           0            0            0            1
2020/03/08 15:45:39 375863	INFO [input.cpp->run:235]	rotation: 
[0.9999982714653015, 0.00155225396156311, -0.0008427537977695465;
 -0.001560501754283905, 0.9999498724937439, -0.00987657718360424;
 0.0008273907005786896, 0.009877877309918404, 0.9999510049819946]
2020/03/08 15:45:39 375889	INFO [input.cpp->run:256]	frame times (ms): 44.934
2020/03/08 15:45:39 375891	INFO [input.cpp->run:257]	FPS: 22.2549
2020/03/08 15:45:39 417771	INFO [input.cpp->run:173]	
frame_id 14
2020/03/08 15:45:39 451454	WARNING [visualOdometry.cpp->trackingFrame2Frame:179]	The Estimated Rotation and translation matrices(using getTransformation function) are : 
   0.999997 -0.00102602 -0.00234073  0.00887692
  0.0010093    0.999974 -0.00713292   0.0385228
   0.002348  0.00713054    0.999972  -0.0223093
          0           0           0           1
2020/03/08 15:45:39 454213	INFO [input.cpp->run:235]	rotation: 
[0.9999966621398926, -0.001026020850986242, -0.002340726554393768;
 0.001009301282465458, 0.9999741315841675, -0.007132919505238533;
 0.002347998321056366, 0.007130540441721678, 0.9999718070030212]
2020/03/08 15:45:39 454238	INFO [input.cpp->run:256]	frame times (ms): 64.123
2020/03/08 15:45:39 454240	INFO [input.cpp->run:257]	FPS: 15.595
2020/03/08 15:45:39 484124	INFO [input.cpp->run:173]	
frame_id 15
2020/03/08 15:45:39 507960	WARNING [visualOdometry.cpp->trackingFrame2Frame:179]	The Estimated Rotation and translation matrices(using getTransformation function) are : 
    0.999997  4.44129e-05   0.00257019   -0.0182629
-3.63439e-05     0.999995  -0.00313902     0.019268
 -0.00257031   0.00313885     0.999992  -0.00345564
           0            0            0            1
2020/03/08 15:45:39 510248	INFO [input.cpp->run:235]	rotation: 
[0.9999966025352478, 4.441291093826294e-05, 0.002570193260908127;
 -3.634393215179443e-05, 0.9999949336051941, -0.003139022039249539;
 -0.002570310607552528, 0.003138851374387741, 0.9999918341636658]
2020/03/08 15:45:39 510276	INFO [input.cpp->run:256]	frame times (ms): 46.377
2020/03/08 15:45:39 510279	INFO [input.cpp->run:257]	FPS: 21.5624
2020/03/08 15:45:39 550829	INFO [input.cpp->run:173]	
frame_id 16
2020/03/08 15:45:39 575340	WARNING [visualOdometry.cpp->trackingFrame2Frame:179]	The Estimated Rotation and translation matrices(using getTransformation function) are : 
    0.999999  0.000995055 -0.000593793   0.00909019
-0.000997066     0.999994  -0.00338841    0.0243554
 0.000590425   0.00338898     0.999994  -0.00329113
           0            0            0            1
2020/03/08 15:45:39 577474	INFO [input.cpp->run:235]	rotation: 
[0.9999992847442627, 0.0009950548410415649, -0.0005937926471233368;
 -0.0009970664978027344, 0.9999936819076538, -0.003388406243175268;
 0.0005904249846935272, 0.0033889792393893, 0.9999940991401672]
2020/03/08 15:45:39 577500	INFO [input.cpp->run:256]	frame times (ms): 46.801
2020/03/08 15:45:39 577504	INFO [input.cpp->run:257]	FPS: 21.3671
2020/03/08 15:45:39 617429	INFO [input.cpp->run:173]	
frame_id 17
2020/03/08 15:45:39 643398	WARNING [visualOdometry.cpp->trackingFrame2Frame:179]	The Estimated Rotation and translation matrices(using getTransformation function) are : 
   0.999997 -0.00117889 -0.00231552   0.0344787
 0.00112393    0.999721  -0.0235941    0.136945
 0.00234266   0.0235914    0.999719    -0.12662
          0           0           0           1
2020/03/08 15:45:39 644758	INFO [input.cpp->run:235]	rotation: 
[0.9999967813491821, -0.001178894191980362, -0.002315521240234375;
 0.001123934984207153, 0.9997212290763855, -0.02359406650066376;
 0.002342656254768372, 0.02359136939048767, 0.9997190237045288]
2020/03/08 15:45:39 644786	INFO [input.cpp->run:256]	frame times (ms): 49.398
2020/03/08 15:45:39 644788	INFO [input.cpp->run:257]	FPS: 20.2437
2020/03/08 15:45:39 684203	INFO [input.cpp->run:173]	
frame_id 18
2020/03/08 15:45:39 708681	WARNING [visualOdometry.cpp->trackingFrame2Frame:179]	The Estimated Rotation and translation matrices(using getTransformation function) are : 
    0.999998  5.60284e-06  -0.00193091    0.0240752
-8.28505e-06     0.999999  -0.00142594   0.00602007
  0.00193089   0.00142595     0.999997  -0.00904799
           0            0            0            1
2020/03/08 15:45:39 710099	INFO [input.cpp->run:235]	rotation: 
[0.9999982714653015, 5.602836608886719e-06, -0.00193091481924057;
 -8.285045623779297e-06, 0.9999988675117493, -0.001425940543413162;
 0.001930885016918182, 0.001425947993993759, 0.9999971389770508]
2020/03/08 15:45:39 710126	INFO [input.cpp->run:256]	frame times (ms): 47.018
2020/03/08 15:45:39 710128	INFO [input.cpp->run:257]	FPS: 21.2684
2020/03/08 15:45:39 751332	INFO [input.cpp->run:173]	
frame_id 19
2020/03/08 15:45:39 779682	WARNING [visualOdometry.cpp->trackingFrame2Frame:179]	The Estimated Rotation and translation matrices(using getTransformation function) are : 
   0.999993  0.00147057 -0.00342645   0.0292737
-0.00148205    0.999993 -0.00334695    0.020641
 0.00342151  0.00335201    0.999988  -0.0162544
          0           0           0           1
2020/03/08 15:45:39 781591	INFO [input.cpp->run:235]	rotation: 
[0.9999930262565613, 0.001470573246479034, -0.003426454961299896;
 -0.001482047140598297, 0.9999933242797852, -0.003346952376887202;
 0.003421507775783539, 0.003352007828652859, 0.9999884366989136]
2020/03/08 15:45:39 781625	INFO [input.cpp->run:256]	frame times (ms): 54.333
2020/03/08 15:45:39 781629	INFO [input.cpp->run:257]	FPS: 18.405
2020/03/08 15:45:39 817869	INFO [input.cpp->run:173]	
frame_id 20
2020/03/08 15:45:39 846301	WARNING [visualOdometry.cpp->trackingFrame2Frame:179]	The Estimated Rotation and translation matrices(using getTransformation function) are : 
   0.999983  0.00387596 -0.00429455   0.0388198
-0.00394981    0.999842  -0.0173226     0.11388
 0.00422671   0.0173393     0.99984  -0.0461674
          0           0           0           1
2020/03/08 15:45:39 848505	INFO [input.cpp->run:235]	rotation: 
[0.9999831914901733, 0.003875961527228355, -0.004294551908969879;
 -0.003949809819459915, 0.9998420476913452, -0.01732260547578335;
 0.004226706922054291, 0.01733927987515926, 0.9998404979705811]
2020/03/08 15:45:39 848532	INFO [input.cpp->run:256]	frame times (ms): 52.593
2020/03/08 15:45:39 848534	INFO [input.cpp->run:257]	FPS: 19.0139
2020/03/08 15:45:39 884003	INFO [input.cpp->run:173]	
frame_id 21
2020/03/08 15:45:39 904708	WARNING [visualOdometry.cpp->trackingFrame2Frame:179]	The Estimated Rotation and translation matrices(using getTransformation function) are : 
    0.999997    0.0018119  -0.00172944    0.0267103
 -0.00181334     0.999998 -0.000834256    0.0295665
  0.00172791  0.000837392     0.999998   0.00247717
           0            0            0            1
2020/03/08 15:45:39 906874	INFO [input.cpp->run:235]	rotation: 
[0.9999969005584717, 0.001811901107430458, -0.001729443669319153;
 -0.001813340932130814, 0.9999979138374329, -0.000834256352391094;
 0.001727908849716187, 0.0008373919408768415, 0.9999980330467224]
2020/03/08 15:45:39 906898	INFO [input.cpp->run:256]	frame times (ms): 40.935
2020/03/08 15:45:39 906902	INFO [input.cpp->run:257]	FPS: 24.429
2020/03/08 15:45:39 950859	INFO [input.cpp->run:173]	
frame_id 22
2020/03/08 15:45:39 977340	WARNING [visualOdometry.cpp->trackingFrame2Frame:179]	The Estimated Rotation and translation matrices(using getTransformation function) are : 
    0.999996  -0.00123079   0.00240451 -1.43051e-06
  0.00124195     0.999989  -0.00464476    0.0352948
 -0.00239873    0.0046477     0.999986   -0.0291924
           0            0            0            1
2020/03/08 15:45:39 978833	INFO [input.cpp->run:235]	rotation: 
[0.9999963045120239, -0.001230786088854074, 0.002404510974884033;
 0.00124194985255599, 0.9999885559082031, -0.004644761793315411;
 -0.00239872932434082, 0.004647700116038322, 0.9999863505363464]
2020/03/08 15:45:39 978859	INFO [input.cpp->run:256]	frame times (ms): 50.852
2020/03/08 15:45:39 978862	INFO [input.cpp->run:257]	FPS: 19.6649
2020/03/08 15:45:40 017438	INFO [input.cpp->run:173]	
frame_id 23
2020/03/08 15:45:40 040638	WARNING [visualOdometry.cpp->trackingFrame2Frame:179]	The Estimated Rotation and translation matrices(using getTransformation function) are : 
    0.999998   0.00197224  0.000432059  -0.00190747
 -0.00197258     0.999998  0.000675736   0.00725496
-0.000430703 -0.000676597            1   0.00533295
           0            0            0            1
2020/03/08 15:45:40 042640	INFO [input.cpp->run:235]	rotation: 
[0.9999980926513672, 0.001972243189811707, 0.0004320591688156128;
 -0.001972578465938568, 0.9999977350234985, 0.0006757359951734543;
 -0.0004307031631469727, -0.000676596537232399, 0.9999997019767761]
2020/03/08 15:45:40 042667	INFO [input.cpp->run:256]	frame times (ms): 43.7
2020/03/08 15:45:40 042669	INFO [input.cpp->run:257]	FPS: 22.8833
2020/03/08 15:45:40 084343	INFO [input.cpp->run:173]	
frame_id 24
2020/03/08 15:45:40 110879	WARNING [visualOdometry.cpp->trackingFrame2Frame:179]	The Estimated Rotation and translation matrices(using getTransformation function) are : 
           1  0.000148908    0.0012199   -0.0125415
-0.000154576      0.99999   0.00465194   -0.0309384
 -0.00121915  -0.00465204     0.999989    0.0118933
           0            0            0            1
2020/03/08 15:45:40 113593	INFO [input.cpp->run:235]	rotation: 
[0.9999997615814209, 0.0001489082351326942, 0.001219898462295532;
 -0.0001545757986605167, 0.9999897480010986, 0.004651941824704409;
 -0.001219145953655243, -0.004652044735848904, 0.999988853931427]
2020/03/08 15:45:40 113622	INFO [input.cpp->run:256]	frame times (ms): 51.735
2020/03/08 15:45:40 113625	INFO [input.cpp->run:257]	FPS: 19.3293
2020/03/08 15:45:40 150699	INFO [input.cpp->run:173]	
frame_id 25
2020/03/08 15:45:40 174272	WARNING [visualOdometry.cpp->trackingFrame2Frame:179]	The Estimated Rotation and translation matrices(using getTransformation function) are : 
    0.999997  -0.00172982   0.00189653   -0.0135385
  0.00172834     0.999998   0.00077074   -0.0105233
 -0.00189787 -0.000767585     0.999998   0.00265169
           0            0            0            1
2020/03/08 15:45:40 176675	INFO [input.cpp->run:235]	rotation: 
[0.9999968409538269, -0.001729816198348999, 0.001896530389785767;
 0.001728340983390808, 0.9999983310699463, 0.0007707402110099792;
 -0.001897871494293213, -0.000767584890127182, 0.9999980926513672]
2020/03/08 15:45:40 176698	INFO [input.cpp->run:256]	frame times (ms): 44.646
2020/03/08 15:45:40 176700	INFO [input.cpp->run:257]	FPS: 22.3984
2020/03/08 15:45:40 217605	INFO [input.cpp->run:173]	
frame_id 26
2020/03/08 15:45:40 245799	WARNING [visualOdometry.cpp->trackingFrame2Frame:179]	The Estimated Rotation and translation matrices(using getTransformation function) are : 
    0.999999 -0.000229004  -0.00156552    0.0152099
 0.000243085     0.999959   0.00901569   -0.0441432
  0.00156325  -0.00901606     0.999958    0.0889602
           0            0            0            1
2020/03/08 15:45:40 247557	INFO [input.cpp->run:235]	rotation: 
[0.9999988675117493, -0.0002290044212713838, -0.001565515995025635;
 0.0002430846216157079, 0.9999593496322632, 0.009015686810016632;
 0.00156325101852417, -0.009016063064336777, 0.9999582767486572]
2020/03/08 15:45:40 247590	INFO [input.cpp->run:256]	frame times (ms): 54.849
2020/03/08 15:45:40 247595	INFO [input.cpp->run:257]	FPS: 18.2319
2020/03/08 15:45:40 284310	INFO [input.cpp->run:173]	
frame_id 27
2020/03/08 15:45:40 310992	WARNING [visualOdometry.cpp->trackingFrame2Frame:179]	The Estimated Rotation and translation matrices(using getTransformation function) are : 
   0.999998  -0.0015351 -0.00150608   0.0090065
 0.00153323    0.999998  -0.0011385  0.00348115
 0.00150774  0.00113621    0.999998  -0.0061903
          0           0           0           1
2020/03/08 15:45:40 312392	INFO [input.cpp->run:235]	rotation: 
[0.9999980926513672, -0.001535102725028992, -0.001506075263023376;
 0.001533225178718567, 0.9999982118606567, -0.00113849900662899;
 0.001507744193077087, 0.001136207953095436, 0.9999982118606567]
2020/03/08 15:45:40 312420	INFO [input.cpp->run:256]	frame times (ms): 50.301
2020/03/08 15:45:40 312422	INFO [input.cpp->run:257]	FPS: 19.8803
2020/03/08 15:45:40 350925	INFO [input.cpp->run:173]	
frame_id 28
2020/03/08 15:45:40 377227	WARNING [visualOdometry.cpp->trackingFrame2Frame:179]	The Estimated Rotation and translation matrices(using getTransformation function) are : 
    0.999998  -0.00104122  -0.00133914     0.018558
  0.00104132            1  8.48048e-05  -0.00368738
  0.00133905 -8.62593e-05     0.999999  0.000342846
           0            0            0            1
2020/03/08 15:45:40 379815	INFO [input.cpp->run:235]	rotation: 
[0.9999984502792358, -0.001041222363710403, -0.001339135691523552;
 0.001041315495967865, 0.9999995827674866, 8.480483666062355e-05;
 0.001339048147201538, -8.625932969152927e-05, 0.9999993443489075]
2020/03/08 15:45:40 379846	INFO [input.cpp->run:256]	frame times (ms): 50.872
2020/03/08 15:45:40 379850	INFO [input.cpp->run:257]	FPS: 19.6572
2020/03/08 15:45:40 417562	INFO [input.cpp->run:173]	
frame_id 29
2020/03/08 15:45:40 444267	WARNING [visualOdometry.cpp->trackingFrame2Frame:179]	The Estimated Rotation and translation matrices(using getTransformation function) are : 
    0.999999  0.000186272   0.00156212   -0.0106709
-0.000188142     0.999999   0.00117022   -0.0101931
 -0.00156194  -0.00117056     0.999998  0.000130177
           0            0            0            1
2020/03/08 15:45:40 446637	INFO [input.cpp->run:235]	rotation: 
[0.9999988079071045, 0.0001862719655036926, 0.001562118530273438;
 -0.0001881420612335205, 0.9999993443489075, 0.001170219853520393;
 -0.001561939716339111, -0.001170560717582703, 0.9999980926513672]
2020/03/08 15:45:40 446666	INFO [input.cpp->run:256]	frame times (ms): 52.126
2020/03/08 15:45:40 446669	INFO [input.cpp->run:257]	FPS: 19.1843
2020/03/08 15:45:40 484060	INFO [input.cpp->run:173]	
frame_id 30
2020/03/08 15:45:40 506204	WARNING [visualOdometry.cpp->trackingFrame2Frame:179]	The Estimated Rotation and translation matrices(using getTransformation function) are : 
           1  0.000710152 -0.000864655   0.00516069
-0.000710985     0.999999 -0.000963625    0.0102171
 0.000863761  0.000964239     0.999999   -0.0039506
           0            0            0            1
2020/03/08 15:45:40 508218	INFO [input.cpp->run:235]	rotation: 
[0.9999996423721313, 0.0007101520895957947, -0.0008646547794342041;
 -0.0007109846919775009, 0.9999994039535522, -0.0009636245667934418;
 0.0008637607097625732, 0.000964239239692688, 0.9999992847442627]
2020/03/08 15:45:40 508241	INFO [input.cpp->run:256]	frame times (ms): 42.809
2020/03/08 15:45:40 508243	INFO [input.cpp->run:257]	FPS: 23.3596
2020/03/08 15:45:40 551460	INFO [input.cpp->run:173]	
frame_id 31
2020/03/08 15:45:40 580413	WARNING [visualOdometry.cpp->trackingFrame2Frame:179]	The Estimated Rotation and translation matrices(using getTransformation function) are : 
   0.999945 -0.00430529  0.00954694   0.0807397
 0.00414843    0.999857   0.0163895   -0.128053
-0.00961626   -0.016349     0.99982    0.428593
          0           0           0           1
2020/03/08 15:45:40 581940	INFO [input.cpp->run:235]	rotation: 
[0.9999454021453857, -0.004305288195610046, 0.009546935558319092;
 0.004148425534367561, 0.9998571872711182, 0.01638951897621155;
 -0.009616255760192871, -0.01634901016950607, 0.9998200535774231]
2020/03/08 15:45:40 581970	INFO [input.cpp->run:256]	frame times (ms): 54.042
2020/03/08 15:45:40 581973	INFO [input.cpp->run:257]	FPS: 18.5041
2020/03/08 15:45:40 617482	INFO [input.cpp->run:173]	
frame_id 32
2020/03/08 15:45:40 639588	WARNING [visualOdometry.cpp->trackingFrame2Frame:179]	The Estimated Rotation and translation matrices(using getTransformation function) are : 
           1  0.000192463 -0.000600398   0.00486696
 -0.00019303            1 -0.000992487   0.00913763
 0.000600196   0.00099261     0.999999  0.000383854
           0            0            0            1
2020/03/08 15:45:40 640858	INFO [input.cpp->run:235]	rotation: 
[0.9999997019767761, 0.0001924633979797363, -0.0006003975868225098;
 -0.0001930296421051025, 0.9999995231628418, -0.0009924871847033501;
 0.0006001964211463928, 0.0009926101192831993, 0.9999992251396179]
2020/03/08 15:45:40 640883	INFO [input.cpp->run:256]	frame times (ms): 41.225
2020/03/08 15:45:40 640885	INFO [input.cpp->run:257]	FPS: 24.2571
2020/03/08 15:45:40 684363	INFO [input.cpp->run:173]	
frame_id 33
2020/03/08 15:45:40 710583	WARNING [visualOdometry.cpp->trackingFrame2Frame:179]	The Estimated Rotation and translation matrices(using getTransformation function) are : 
           1 -1.46627e-05  0.000825107   -0.0046165
 1.30087e-05     0.999998   0.00184264  -0.00998139
-0.000825197  -0.00184264     0.999998   0.00697756
           0            0            0            1
2020/03/08 15:45:40 713298	INFO [input.cpp->run:235]	rotation: 
[0.9999999403953552, -1.466274261474609e-05, 0.0008251070976257324;
 1.3008713722229e-05, 0.9999982118606567, 0.001842638477683067;
 -0.0008251965045928955, -0.001842636615037918, 0.9999978542327881]
2020/03/08 15:45:40 713339	INFO [input.cpp->run:256]	frame times (ms): 50.814
2020/03/08 15:45:40 713341	INFO [input.cpp->run:257]	FPS: 19.6796
2020/03/08 15:45:40 750674	INFO [input.cpp->run:173]	
frame_id 34
2020/03/08 15:45:40 773835	WARNING [visualOdometry.cpp->trackingFrame2Frame:179]	The Estimated Rotation and translation matrices(using getTransformation function) are : 
           1 -0.000292718 -0.000775628   0.00660503
 0.000293463            1   0.00106978  -0.00882041
 0.000775293  -0.00107003     0.999999 -0.000448227
           0            0            0            1
2020/03/08 15:45:40 776288	INFO [input.cpp->run:235]	rotation: 
[0.9999999403953552, -0.0002927184104919434, -0.0007756277918815613;
 0.0002934634685516357, 0.9999995231628418, 0.001069782301783562;
 0.0007752925157546997, -0.001070033758878708, 0.9999994039535522]
2020/03/08 15:45:40 776315	INFO [input.cpp->run:256]	frame times (ms): 44.49
2020/03/08 15:45:40 776318	INFO [input.cpp->run:257]	FPS: 22.477
2020/03/08 15:45:40 817459	INFO [input.cpp->run:173]	
frame_id 35
2020/03/08 15:45:40 844151	WARNING [visualOdometry.cpp->trackingFrame2Frame:179]	The Estimated Rotation and translation matrices(using getTransformation function) are : 
    0.999999 -0.000566572  -0.00111935    0.0154901
 0.000567451            1   0.00078718  -0.00404072
  0.00111887 -0.000787843     0.999999   0.00666189
           0            0            0            1
2020/03/08 15:45:40 846385	INFO [input.cpp->run:235]	rotation: 
[0.9999992251396179, -0.0005665719509124756, -0.001119345426559448;
 0.0005674511194229126, 0.9999996423721313, 0.0007871799170970917;
 0.001118868589401245, -0.0007878430187702179, 0.9999989867210388]
2020/03/08 15:45:40 846414	INFO [input.cpp->run:256]	frame times (ms): 51.256
2020/03/08 15:45:40 846417	INFO [input.cpp->run:257]	FPS: 19.5099
2020/03/08 15:45:40 884206	INFO [input.cpp->run:173]	
frame_id 36
2020/03/08 15:45:40 908559	WARNING [visualOdometry.cpp->trackingFrame2Frame:179]	The Estimated Rotation and translation matrices(using getTransformation function) are : 
    0.999927 -3.03285e-05   -0.0121265     0.182938
 9.26135e-05     0.999987    0.0051349   -0.0416255
   0.0121262  -0.00513565     0.999913     0.438102
           0            0            0            1
2020/03/08 15:45:40 910628	INFO [input.cpp->run:235]	rotation: 
[0.9999265670776367, -3.032851964235306e-05, -0.01212647557258606;
 9.261351078748703e-05, 0.9999870657920837, 0.00513489730656147;
 0.01212620735168457, -0.00513564795255661, 0.9999133348464966]
2020/03/08 15:45:40 910653	INFO [input.cpp->run:256]	frame times (ms): 46.464
2020/03/08 15:45:40 910655	INFO [input.cpp->run:257]	FPS: 21.522
2020/03/08 15:45:40 950885	INFO [input.cpp->run:173]	
frame_id 37
2020/03/08 15:45:40 975192	WARNING [visualOdometry.cpp->trackingFrame2Frame:179]	The Estimated Rotation and translation matrices(using getTransformation function) are : 
    0.999997 -0.000146523  -0.00265034    0.0184381
  0.00015147     0.999998   0.00184212  -0.00788474
  0.00265012  -0.00184251     0.999995    0.0135593
           0            0            0            1
2020/03/08 15:45:40 977274	INFO [input.cpp->run:235]	rotation: 
[0.9999967813491821, -0.000146523118019104, -0.002650335431098938;
 0.0001514703035354614, 0.9999983906745911, 0.001842115074396133;
 0.002650119364261627, -0.00184250995516777, 0.9999948740005493]
2020/03/08 15:45:40 977298	INFO [input.cpp->run:256]	frame times (ms): 45.975
2020/03/08 15:45:40 977302	INFO [input.cpp->run:257]	FPS: 21.751
2020/03/08 15:45:41 017411	INFO [input.cpp->run:173]	
frame_id 38
2020/03/08 15:45:41 041362	WARNING [visualOdometry.cpp->trackingFrame2Frame:179]	The Estimated Rotation and translation matrices(using getTransformation function) are : 
    0.999996 -0.000192761  -0.00299119     0.023006
 0.000190198            1 -0.000864292   0.00391567
  0.00299135  0.000863725     0.999995  -0.00438213
           0            0            0            1
2020/03/08 15:45:41 043486	INFO [input.cpp->run:235]	rotation: 
[0.9999957084655762, -0.0001927614212036133, -0.002991192042827606;
 0.0001901984214782715, 0.9999998807907104, -0.0008642915636301041;
 0.002991348505020142, 0.0008637253195047379, 0.9999951124191284]
2020/03/08 15:45:41 043511	INFO [input.cpp->run:256]	frame times (ms): 46.577
2020/03/08 15:45:41 043514	INFO [input.cpp->run:257]	FPS: 21.4698
2020/03/08 15:45:41 084267	INFO [input.cpp->run:173]	
frame_id 39
2020/03/08 15:45:41 108361	WARNING [visualOdometry.cpp->trackingFrame2Frame:179]	The Estimated Rotation and translation matrices(using getTransformation function) are : 
    0.999999 -0.000746459  0.000905879   0.00518918
 0.000747979     0.999998  -0.00167504   0.00597334
-0.000904627   0.00167573     0.999998   0.00744009
           0            0            0            1
2020/03/08 15:45:41 109806	INFO [input.cpp->run:235]	rotation: 
[0.9999992847442627, -0.0007464587688446045, 0.0009058788418769836;
 0.000747978687286377, 0.9999982714653015, -0.001675042323768139;
 -0.0009046271443367004, 0.001675729639828205, 0.999998152256012]
2020/03/08 15:45:41 109832	INFO [input.cpp->run:256]	frame times (ms): 45.914
2020/03/08 15:45:41 109835	INFO [input.cpp->run:257]	FPS: 21.7798
2020/03/08 15:45:41 151007	INFO [input.cpp->run:173]	
frame_id 40
2020/03/08 15:45:41 176055	WARNING [visualOdometry.cpp->trackingFrame2Frame:179]	The Estimated Rotation and translation matrices(using getTransformation function) are : 
    0.999897   0.00054415   -0.0143303    -0.123063
-0.000582024     0.999996  -0.00263609      0.18339
   0.0143288   0.00264417     0.999894     -3.29286
           0            0            0            1
2020/03/08 15:45:41 177443	INFO [input.cpp->run:235]	rotation: 
[0.999897301197052, 0.0005441501270979643, -0.01433032751083374;
 -0.0005820237565785646, 0.9999963641166687, -0.002636093646287918;
 0.01432883739471436, 0.002644173800945282, 0.9998939037322998]
2020/03/08 15:45:41 177472	INFO [input.cpp->run:256]	frame times (ms): 48.271
2020/03/08 15:45:41 177475	INFO [input.cpp->run:257]	FPS: 20.7164
2020/03/08 15:45:41 217457	INFO [input.cpp->run:173]	
frame_id 41
2020/03/08 15:45:41 243339	WARNING [visualOdometry.cpp->trackingFrame2Frame:179]	The Estimated Rotation and translation matrices(using getTransformation function) are : 
    0.999997   2.5183e-05   0.00229758  -0.00999749
-3.65674e-05     0.999988   0.00496382   -0.0267787
 -0.00229734  -0.00496389     0.999985    0.0249634
           0            0            0            1
2020/03/08 15:45:41 245705	INFO [input.cpp->run:235]	rotation: 
[0.9999973773956299, 2.518296241760254e-05, 0.002297580242156982;
 -3.656744956970215e-05, 0.9999878406524658, 0.004963815212249756;
 -0.002297341823577881, -0.004963885992765427, 0.9999850988388062]
2020/03/08 15:45:41 245730	INFO [input.cpp->run:256]	frame times (ms): 49.951
2020/03/08 15:45:41 245732	INFO [input.cpp->run:257]	FPS: 20.0196
2020/03/08 15:45:41 284428	INFO [input.cpp->run:173]	
frame_id 42
2020/03/08 15:45:41 308606	WARNING [visualOdometry.cpp->trackingFrame2Frame:179]	The Estimated Rotation and translation matrices(using getTransformation function) are : 
    0.999999  9.30643e-05 -0.000644967     0.003613
-9.59551e-05      0.99999  -0.00445334     0.028456
 0.000644624   0.00445331      0.99999   -0.0110927
           0            0            0            1
2020/03/08 15:45:41 309911	INFO [input.cpp->run:235]	rotation: 
[0.999999463558197, 9.306427091360092e-05, -0.0006449669599533081;
 -9.595509618520737e-05, 0.9999901652336121, -0.004453338216990232;
 0.0006446242332458496, 0.004453309345990419, 0.9999899864196777]
2020/03/08 15:45:41 309938	INFO [input.cpp->run:256]	frame times (ms): 45.686
2020/03/08 15:45:41 309941	INFO [input.cpp->run:257]	FPS: 21.8885
2020/03/08 15:45:41 351263	INFO [input.cpp->run:173]	
frame_id 43
2020/03/08 15:45:41 375440	WARNING [visualOdometry.cpp->trackingFrame2Frame:179]	The Estimated Rotation and translation matrices(using getTransformation function) are : 
   0.999965 -0.00164315  0.00816385    0.224655
  0.0016025    0.999986  0.00497989   -0.191252
-0.00817191 -0.00496665    0.999955     2.45237
          0           0           0           1
2020/03/08 15:45:41 377958	INFO [input.cpp->run:235]	rotation: 
[0.9999653697013855, -0.001643146388232708, 0.008163854479789734;
 0.001602502539753914, 0.9999862909317017, 0.004979886114597321;
 -0.008171908557415009, -0.004966653883457184, 0.9999545812606812]
2020/03/08 15:45:41 377989	INFO [input.cpp->run:256]	frame times (ms): 46.259
2020/03/08 15:45:41 377993	INFO [input.cpp->run:257]	FPS: 21.6174
2020/03/08 15:45:41 417843	INFO [input.cpp->run:173]	
frame_id 44
2020/03/08 15:45:41 445460	WARNING [visualOdometry.cpp->trackingFrame2Frame:179]	The Estimated Rotation and translation matrices(using getTransformation function) are : 
   0.999996  0.00206182  -0.0020442   0.0170479
-0.00206871    0.999992 -0.00337968   0.0251737
 0.00203708  0.00338387    0.999992  -0.0115776
          0           0           0           1
2020/03/08 15:45:41 446916	INFO [input.cpp->run:235]	rotation: 
[0.9999958872795105, 0.002061821520328522, -0.002044200897216797;
 -0.002068713307380676, 0.9999920129776001, -0.003379684174433351;
 0.002037078142166138, 0.003383872332051396, 0.9999921321868896]
2020/03/08 15:45:41 446945	INFO [input.cpp->run:256]	frame times (ms): 52.116
2020/03/08 15:45:41 446949	INFO [input.cpp->run:257]	FPS: 19.188
2020/03/08 15:45:41 484207	INFO [input.cpp->run:173]	
frame_id 45
2020/03/08 15:45:41 508716	WARNING [visualOdometry.cpp->trackingFrame2Frame:179]	The Estimated Rotation and translation matrices(using getTransformation function) are : 
   0.999994  0.00233206  0.00262828    -0.01212
 -0.0023147    0.999976 -0.00658525   0.0475061
 -0.0026436  0.00657911    0.999975  0.00058794
          0           0           0           1
2020/03/08 15:45:41 510067	INFO [input.cpp->run:235]	rotation: 
[0.9999943971633911, 0.002332056872546673, 0.002628281712532043;
 -0.002314699813723564, 0.999975860118866, -0.006585246417671442;
 -0.002643600106239319, 0.006579107604920864, 0.999975323677063]
2020/03/08 15:45:41 510095	INFO [input.cpp->run:256]	frame times (ms): 46.037
2020/03/08 15:45:41 510098	INFO [input.cpp->run:257]	FPS: 21.7217
2020/03/08 15:45:41 550924	INFO [input.cpp->run:173]	
frame_id 46
2020/03/08 15:45:41 575048	WARNING [visualOdometry.cpp->trackingFrame2Frame:179]	The Estimated Rotation and translation matrices(using getTransformation function) are : 
   0.999921 -0.00230719   0.0123225  -0.0506563
 0.00230706    0.999997   2.525e-05  0.00180972
 -0.0123225 3.13669e-06    0.999924   0.0731897
          0           0           0           1
2020/03/08 15:45:41 577173	INFO [input.cpp->run:235]	rotation: 
[0.9999213814735413, -0.002307189628481865, 0.01232250034809113;
 0.00230706250295043, 0.9999971985816956, 2.525001764297485e-05;
 -0.01232250779867172, 3.136694431304932e-06, 0.9999241828918457]
2020/03/08 15:45:41 577197	INFO [input.cpp->run:256]	frame times (ms): 46.613
2020/03/08 15:45:41 577199	INFO [input.cpp->run:257]	FPS: 21.4532
2020/03/08 15:45:41 617577	INFO [input.cpp->run:173]	
frame_id 47
