		g3log created log at: Mon Mar 09 13:19:00 2020
		LOG format: [YYYY/MM/DD hh:mm:ss uuu* LEVEL FILE->FUNCTION:LINE] message		(uuu*: microseconds fractions of the seconds value)

2020/03/09 13:19:00 423514	INFO [g3logger.h->logBanner:29]	Starting log.
2020/03/09 13:19:00 427501	DEBUG [main.cpp->main:48]	Filepath: /home/mitchell/KITTI/data_odometry_gray/dataset/sequences/00/
2020/03/09 13:19:00 427509	DEBUG [main.cpp->main:52]	Calibration Filepath: /home/mitchell/visual_odom_catkin_ws/tank_downsized.yaml
2020/03/09 13:19:00 427634	INFO [main.cpp->main:66]	P_left: 
[409.41, 0, 251.22, 0;
 0, 408.72, 191.78999, 0;
 0, 0, 1, 0]
2020/03/09 13:19:00 427650	INFO [main.cpp->main:67]	P_right: 
[409.41, 0, 251.22, -73.940002;
 0, 408.72, 191.78999, 0;
 0, 0, 1, 0]
2020/03/09 13:19:00 556954	INFO [input.cpp->Input:22]	frame_pose [1, 0, 0, 0;
 0, 1, 0, 0;
 0, 0, 1, 0;
 0, 0, 0, 1]
2020/03/09 13:19:01 114131	INFO [input.cpp->run:173]	
frame_id 1
2020/03/09 13:19:01 216634	INFO [input.cpp->run:235]	rotation: 
[-0.9987718267587907, 0.02370075117450368, 0.0435099122806776;
 -0.02462856555290078, -0.999477895285077, -0.02091340707104072;
 0.04299153209312812, -0.02195930851089918, 0.9988340787828625]
2020/03/09 13:19:01 216735	INFO [input.cpp->run:256]	frame times (ms): 181.107
2020/03/09 13:19:01 216740	INFO [input.cpp->run:257]	FPS: 5.5216
2020/03/09 13:19:01 248917	INFO [input.cpp->run:173]	
frame_id 2
2020/03/09 13:19:01 312976	INFO [input.cpp->run:235]	rotation: 
[-0.9996325998368124, 0.02233820464635199, -0.01535154574213821;
 -0.02202940225940368, -0.9995572864397485, -0.0199984139696131;
 -0.01579147806852303, -0.01965288117259998, 0.9996821462255022]
2020/03/09 13:19:01 313047	INFO [input.cpp->run:256]	frame times (ms): 150.029
2020/03/09 13:19:01 313053	INFO [input.cpp->run:257]	FPS: 6.66538
2020/03/09 13:19:01 377869	INFO [input.cpp->run:173]	
frame_id 3
2020/03/09 13:19:01 465668	INFO [input.cpp->run:235]	rotation: 
[-0.9888507392722579, 0.01937986107386153, 0.1476436128840896;
 0.004244897594686567, -0.9874234745494062, 0.1580406996731822;
 0.1488495760327174, 0.1569053947241336, 0.9763321672573043]
2020/03/09 13:19:01 465748	INFO [input.cpp->run:256]	frame times (ms): 151.403
2020/03/09 13:19:01 465755	INFO [input.cpp->run:257]	FPS: 6.60489
2020/03/09 13:19:01 513265	INFO [input.cpp->run:173]	
frame_id 4
2020/03/09 13:19:01 572299	INFO [input.cpp->run:235]	rotation: 
[-0.9994784982142783, 0.02211808703177734, 0.02352704472273564;
 -0.02331694050141915, -0.9983766249367836, -0.0519657104780662;
 0.02233946939799956, -0.05248718896922984, 0.9983716958633815]
2020/03/09 13:19:01 572362	INFO [input.cpp->run:256]	frame times (ms): 141.487
2020/03/09 13:19:01 572378	INFO [input.cpp->run:257]	FPS: 7.06779
2020/03/09 13:19:01 646690	INFO [input.cpp->run:173]	
frame_id 5
2020/03/09 13:19:01 701833	INFO [input.cpp->run:235]	rotation: 
[-0.9983020692648625, 0.01098660773388962, 0.0572037844202217;
 -0.01127489410198464, -0.9999252995909649, -0.00471932208142575;
 0.05714766193364865, -0.005356275610985443, 0.9983513685306873]
2020/03/09 13:19:01 701895	INFO [input.cpp->run:256]	frame times (ms): 139.262
2020/03/09 13:19:01 701900	INFO [input.cpp->run:257]	FPS: 7.18071
2020/03/09 13:19:01 778971	INFO [input.cpp->run:173]	
frame_id 6
2020/03/09 13:19:01 838852	INFO [input.cpp->run:235]	rotation: 
[-0.9998677264757315, 0.01580682898039935, 0.003830627864481431;
 -0.01585813927734903, -0.9997796138481535, -0.01375656760596021;
 0.003612335935642507, -0.01381549460647578, 0.9998980363706422]
2020/03/09 13:19:01 838922	INFO [input.cpp->run:256]	frame times (ms): 147.578
2020/03/09 13:19:01 838939	INFO [input.cpp->run:257]	FPS: 6.77608
2020/03/09 13:19:01 914086	INFO [input.cpp->run:173]	
frame_id 7
2020/03/09 13:19:01 971016	INFO [input.cpp->run:235]	rotation: 
[-0.9999675236878879, 0.001743690992104666, 0.007868361407398695;
 -0.003463574149015399, -0.974534422393102, -0.2242112022737881;
 0.007277033985605701, -0.2242311733739698, 0.9745088125120812]
2020/03/09 13:19:01 971079	INFO [input.cpp->run:256]	frame times (ms): 147.671
2020/03/09 13:19:01 971083	INFO [input.cpp->run:257]	FPS: 6.77181
2020/03/09 13:19:02 048271	INFO [input.cpp->run:173]	
frame_id 8
2020/03/09 13:19:02 100673	INFO [input.cpp->run:235]	rotation: 
[-0.9999418655067551, 0.01064849340805361, 0.001695639999819607;
 -0.01066984329690198, -0.999856953044757, -0.01312356247648059;
 0.001555651275159462, -0.01314089175791249, 0.9999124446234861]
2020/03/09 13:19:02 100733	INFO [input.cpp->run:256]	frame times (ms): 138.204
2020/03/09 13:19:02 100735	INFO [input.cpp->run:257]	FPS: 7.23568
2020/03/09 13:19:02 179456	INFO [input.cpp->run:173]	
frame_id 9
2020/03/09 13:19:02 232443	INFO [input.cpp->run:235]	rotation: 
[-0.9997578666124031, 0.01298988796668007, 0.01776150211073188;
 -0.01203087986067397, -0.9985181131745577, 0.05307386920226544;
 0.01842460518964959, 0.0528473317484833, 0.9984326183827685]
2020/03/09 13:19:02 232503	INFO [input.cpp->run:256]	frame times (ms): 141.865
2020/03/09 13:19:02 232508	INFO [input.cpp->run:257]	FPS: 7.04895
2020/03/09 13:19:02 312513	INFO [input.cpp->run:173]	
frame_id 10
2020/03/09 13:19:02 369657	INFO [input.cpp->run:235]	rotation: 
[-0.8922106024126851, -0.1899668845259484, 0.4097228620981486;
 0.008183359965472925, -0.913881478993527, -0.4058986018358269;
 0.4515454280159074, -0.3587941263957768, 0.8169293123042056]
2020/03/09 13:19:02 369720	INFO [input.cpp->run:256]	frame times (ms): 153.039
2020/03/09 13:19:02 369724	INFO [input.cpp->run:257]	FPS: 6.53428
2020/03/09 13:19:02 446754	INFO [input.cpp->run:173]	
frame_id 11
2020/03/09 13:19:02 498648	INFO [input.cpp->run:235]	rotation: 
[-0.99961414320044, 0.01461653121212505, 0.02362036682558662;
 -0.007504674040492681, -0.9608454078544806, 0.2769833606419396;
 0.02674405693226541, 0.276699221575128, 0.9605843514228836]
2020/03/09 13:19:02 498708	INFO [input.cpp->run:256]	frame times (ms): 136.784
2020/03/09 13:19:02 498713	INFO [input.cpp->run:257]	FPS: 7.3108
2020/03/09 13:19:02 578007	INFO [input.cpp->run:173]	
frame_id 12
2020/03/09 13:19:02 629389	INFO [input.cpp->run:235]	rotation: 
[-0.9621306150800765, -0.05903382578745602, 0.2661196853645556;
 0.05076305952014649, -0.9979929434883237, -0.03785758227443366;
 0.2678204460338826, -0.02291488949150186, 0.9631963021761474]
2020/03/09 13:19:02 629436	INFO [input.cpp->run:256]	frame times (ms): 143.863
2020/03/09 13:19:02 629441	INFO [input.cpp->run:257]	FPS: 6.95106
2020/03/09 13:19:02 713766	INFO [input.cpp->run:173]	
frame_id 13
2020/03/09 13:19:02 768499	INFO [input.cpp->run:235]	rotation: 
[-0.9999019493934516, 0.01013590436659694, 0.009662041287772576;
 -0.01023284386210643, -0.9998972689881869, -0.01003695055578361;
 0.009559315125529218, -0.01013483658658072, 0.9999029475812613]
2020/03/09 13:19:02 768535	INFO [input.cpp->run:256]	frame times (ms): 152.975
2020/03/09 13:19:02 768537	INFO [input.cpp->run:257]	FPS: 6.53702
2020/03/09 13:19:02 845275	INFO [input.cpp->run:173]	
frame_id 14
2020/03/09 13:19:02 903459	INFO [input.cpp->run:235]	rotation: 
[-0.9845558622763563, -0.01618489558091812, -0.1743209775451461;
 -0.02449024391640974, -0.9731944363042624, 0.2286762276655441;
 -0.1733493063446616, 0.2294136837711818, 0.9577679153575573]
2020/03/09 13:19:02 903522	INFO [input.cpp->run:256]	frame times (ms): 145.355
2020/03/09 13:19:02 903527	INFO [input.cpp->run:257]	FPS: 6.87971
2020/03/09 13:19:02 982282	INFO [input.cpp->run:173]	
frame_id 15
2020/03/09 13:19:03 038721	INFO [input.cpp->run:235]	rotation: 
[-0.8405127216592854, -0.1389244909809365, 0.5236777162860649;
 -0.003397490618817389, -0.965195815655248, -0.2615062035575743;
 0.5417811567287991, -0.2215784810113295, 0.8107873672957147]
2020/03/09 13:19:03 038783	INFO [input.cpp->run:256]	frame times (ms): 154.962
2020/03/09 13:19:03 038790	INFO [input.cpp->run:257]	FPS: 6.45319
2020/03/09 13:19:03 113432	INFO [input.cpp->run:173]	
frame_id 16
2020/03/09 13:19:03 176785	INFO [input.cpp->run:235]	rotation: 
[-0.9982669311612965, 0.02808409770722957, 0.05171477164000814;
 -0.0315871527596476, -0.9971704058819377, -0.06821607885088654;
 0.04965265280270626, -0.06973137808205476, 0.9963293376090214]
2020/03/09 13:19:03 176845	INFO [input.cpp->run:256]	frame times (ms): 144.693
2020/03/09 13:19:03 176849	INFO [input.cpp->run:257]	FPS: 6.91118
2020/03/09 13:19:03 245903	INFO [input.cpp->run:173]	
frame_id 17
2020/03/09 13:19:03 304230	INFO [input.cpp->run:235]	rotation: 
[-0.9994754195500488, 0.03053182108299827, -0.01080248196526121;
 -0.03015315424053667, -0.9989792822756193, -0.03363303247456301;
 -0.011818333410444, -0.03328966033837513, 0.9993758679845913]
2020/03/09 13:19:03 304292	INFO [input.cpp->run:256]	frame times (ms): 143.383
2020/03/09 13:19:03 304296	INFO [input.cpp->run:257]	FPS: 6.97433
2020/03/09 13:19:03 378589	INFO [input.cpp->run:173]	
frame_id 18
2020/03/09 13:19:03 437410	INFO [input.cpp->run:235]	rotation: 
[-0.3467665444044226, -0.128999291567103, 0.9290382911683465;
 -0.1305736348023162, -0.9742131325437424, -0.1840089624823204;
 0.9288183296944171, -0.1851160586078208, 0.3209806150987611]
2020/03/09 13:19:03 437473	INFO [input.cpp->run:256]	frame times (ms): 144.999
2020/03/09 13:19:03 437478	INFO [input.cpp->run:257]	FPS: 6.8966
2020/03/09 13:19:03 511931	INFO [input.cpp->run:173]	
frame_id 19
2020/03/09 13:19:03 568223	INFO [input.cpp->run:235]	rotation: 
[-0.9981945014190047, 0.02281402106077559, 0.05556309728500694;
 -0.02495211233463694, -0.9989625206184045, -0.03809559672407496;
 0.0546363379712103, -0.03941323182336333, 0.9977281532212738]
2020/03/09 13:19:03 568291	INFO [input.cpp->run:256]	frame times (ms): 149.321
2020/03/09 13:19:03 568296	INFO [input.cpp->run:257]	FPS: 6.69698
2020/03/09 13:19:03 645065	INFO [input.cpp->run:173]	
frame_id 20
2020/03/09 13:19:03 696586	INFO [input.cpp->run:235]	rotation: 
[-0.9889192605176986, -0.004557671237621172, -0.1483843785916086;
 -0.02285266856013676, -0.9829412135771911, 0.1824947292145151;
 -0.1466848721470916, 0.1838635316866518, 0.9719453431129257]
2020/03/09 13:19:03 696675	INFO [input.cpp->run:256]	frame times (ms): 140.883
2020/03/09 13:19:03 696681	INFO [input.cpp->run:257]	FPS: 7.09809
2020/03/09 13:19:03 781914	INFO [input.cpp->run:173]	
frame_id 21
2020/03/09 13:19:03 846641	INFO [input.cpp->run:235]	rotation: 
[-0.9999590329679161, 0.008629593156955799, -0.002731759106432272;
 -0.008612371215123588, -0.9999433522422042, -0.006254547839462477;
 -0.002785578561639332, -0.006230764685705578, 0.9999767087905131]
2020/03/09 13:19:03 846709	INFO [input.cpp->run:256]	frame times (ms): 158.492
2020/03/09 13:19:03 846713	INFO [input.cpp->run:257]	FPS: 6.30947
2020/03/09 13:19:03 913019	INFO [input.cpp->run:173]	
frame_id 22
2020/03/09 13:19:03 968975	INFO [input.cpp->run:235]	rotation: 
[-0.999740276765623, 0.01902455492860413, -0.01254772179974843;
 -0.01881478308252981, -0.9996846855342142, -0.01662929481116442;
 -0.01286013025411127, -0.01638889313308847, 0.9997829870685528]
2020/03/09 13:19:03 969038	INFO [input.cpp->run:256]	frame times (ms): 146.994
2020/03/09 13:19:03 969041	INFO [input.cpp->run:257]	FPS: 6.803
2020/03/09 13:19:04 047184	INFO [input.cpp->run:173]	
frame_id 23
2020/03/09 13:19:04 100476	INFO [input.cpp->run:235]	rotation: 
[-0.3136052840122671, 0.4593933821409857, 0.8310291488778544;
 0.4433735292947677, -0.7030730781959642, 0.5559749636779998;
 0.8396854407218733, 0.5428130130727502, 0.01680456719451495]
2020/03/09 13:19:04 100534	INFO [input.cpp->run:256]	frame times (ms): 144.218
2020/03/09 13:19:04 100537	INFO [input.cpp->run:257]	FPS: 6.93395
2020/03/09 13:19:04 179732	INFO [input.cpp->run:173]	
frame_id 24
2020/03/09 13:19:04 237351	INFO [input.cpp->run:235]	rotation: 
[-0.9438864226586742, 0.2126975846723461, 0.2526621431777243;
 -0.09374939085214376, -0.9060975793615288, 0.4125508797591275;
 0.3166851320088499, 0.3657142520462229, 0.8751934717619927]
2020/03/09 13:19:04 237423	INFO [input.cpp->run:256]	frame times (ms): 155.305
2020/03/09 13:19:04 237429	INFO [input.cpp->run:257]	FPS: 6.43894
2020/03/09 13:19:04 315524	INFO [input.cpp->run:173]	
frame_id 25
2020/03/09 13:19:04 370624	INFO [input.cpp->run:235]	rotation: 
[-0.9983702087352957, -0.002502306446253487, -0.05701460139552918;
 -0.01152089733938194, -0.9696322727716976, 0.2442959772982103;
 -0.05589450093110648, 0.244554685217931, 0.9680231457478808]
2020/03/09 13:19:04 370684	INFO [input.cpp->run:256]	frame times (ms): 144.307
2020/03/09 13:19:04 370687	INFO [input.cpp->run:257]	FPS: 6.92967
2020/03/09 13:19:04 445955	INFO [input.cpp->run:173]	
frame_id 26
2020/03/09 13:19:04 499817	INFO [input.cpp->run:235]	rotation: 
[-0.9998737164846331, 0.007004313920042191, -0.0142650155876944;
 -0.00695798109832507, -0.9999703641373899, -0.003295048705422316;
 -0.01428767238716692, -0.003195376886262, 0.9998928202484059]
2020/03/09 13:19:04 499878	INFO [input.cpp->run:256]	frame times (ms): 147.664
2020/03/09 13:19:04 499882	INFO [input.cpp->run:257]	FPS: 6.77213
2020/03/09 13:19:04 579931	INFO [input.cpp->run:173]	
frame_id 27
2020/03/09 13:19:04 633334	INFO [input.cpp->run:235]	rotation: 
[-0.9998754363551736, 0.009228910053589808, -0.01280386632130654;
 -0.00916422220050298, -0.9999449932339126, -0.005101719111270506;
 -0.01285024532882339, -0.004983746146549136, 0.9999050122233286]
2020/03/09 13:19:04 633393	INFO [input.cpp->run:256]	frame times (ms): 138.217
2020/03/09 13:19:04 633400	INFO [input.cpp->run:257]	FPS: 7.235
2020/03/09 13:19:04 713251	INFO [input.cpp->run:173]	
frame_id 28
2020/03/09 13:19:04 776785	INFO [input.cpp->run:235]	rotation: 
[-0.999988676440271, 0.003204638833660583, -0.003518136037842695;
 -0.003221038279817174, -0.9999839280682079, 0.004665674407536464;
 -0.003503127693208652, 0.004676953626345129, 0.9999829269548263]
2020/03/09 13:19:04 776882	INFO [input.cpp->run:256]	frame times (ms): 155.83
2020/03/09 13:19:04 776888	INFO [input.cpp->run:257]	FPS: 6.41725
2020/03/09 13:19:04 846615	INFO [input.cpp->run:173]	
frame_id 29
2020/03/09 13:19:04 900962	INFO [input.cpp->run:235]	rotation: 
[-0.9997441602019901, 0.01126842167272539, 0.01961215987654417;
 -0.01160260837033323, -0.999787993374561, -0.01701022583840072;
 0.01941632357121579, -0.01723342615600202, 0.9996629508999038]
2020/03/09 13:19:04 901028	INFO [input.cpp->run:256]	frame times (ms): 137.586
2020/03/09 13:19:04 901030	INFO [input.cpp->run:257]	FPS: 7.26818
2020/03/09 13:19:04 980681	INFO [input.cpp->run:173]	
frame_id 30
2020/03/09 13:19:05 036395	INFO [input.cpp->run:235]	rotation: 
[-0.9760168391900924, 0.07634142892941373, 0.2038703407717675;
 -0.02192685688716493, -0.9662070143141775, 0.2568330555772223;
 0.2165879557233761, 0.2462031513183738, 0.9447082437009175]
2020/03/09 13:19:05 036466	INFO [input.cpp->run:256]	frame times (ms): 148.039
2020/03/09 13:19:05 036471	INFO [input.cpp->run:257]	FPS: 6.75498
2020/03/09 13:19:05 113161	INFO [input.cpp->run:173]	
frame_id 31
2020/03/09 13:19:05 175172	INFO [input.cpp->run:235]	rotation: 
[-0.9999686510525657, 0.00750135645068807, 0.002535066766720383;
 -0.007495161924528776, -0.9999689235740633, 0.002444265504031887;
 0.002553323292711626, 0.002425188142975025, 0.9999937994820938]
2020/03/09 13:19:05 175242	INFO [input.cpp->run:256]	frame times (ms): 153.831
2020/03/09 13:19:05 175264	INFO [input.cpp->run:257]	FPS: 6.50064
2020/03/09 13:19:05 248777	INFO [input.cpp->run:173]	
frame_id 32
2020/03/09 13:19:05 306514	INFO [input.cpp->run:235]	rotation: 
[-0.9928125357519514, -0.02535058768858253, -0.1169641678362383;
 -0.03335305474022056, -0.8799831587993565, 0.4738324745825285;
 -0.1149384295754735, 0.4743279329043885, 0.8728127917677276]
2020/03/09 13:19:05 306570	INFO [input.cpp->run:256]	frame times (ms): 142.271
2020/03/09 13:19:05 306574	INFO [input.cpp->run:257]	FPS: 7.02884
2020/03/09 13:19:05 381928	INFO [input.cpp->run:173]	
frame_id 33
2020/03/09 13:19:05 438490	INFO [input.cpp->run:235]	rotation: 
[-0.9808421306712457, -0.02604388247115257, 0.1930555124468599;
 -0.003385833592301964, -0.9885940050829816, -0.1505670257555586;
 0.1947748721759974, -0.1483361361901361, 0.9695664700622675]
2020/03/09 13:19:05 438551	INFO [input.cpp->run:256]	frame times (ms): 146.913
2020/03/09 13:19:05 438555	INFO [input.cpp->run:257]	FPS: 6.80675
2020/03/09 13:19:05 513310	INFO [input.cpp->run:173]	
frame_id 34
2020/03/09 13:19:05 569266	INFO [input.cpp->run:235]	rotation: 
[-0.9970101076431582, -0.0209910462653121, 0.07436545726387718;
 0.02123079431965018, -0.9997716365238771, 0.002434784369336918;
 0.07429736623821014, 0.004006342353816592, 0.9972280835350602]
2020/03/09 13:19:05 569322	INFO [input.cpp->run:256]	frame times (ms): 147.512
2020/03/09 13:19:05 569327	INFO [input.cpp->run:257]	FPS: 6.77911
2020/03/09 13:19:05 646252	INFO [input.cpp->run:173]	
frame_id 35
2020/03/09 13:19:05 700553	INFO [input.cpp->run:235]	rotation: 
[-0.9668148493039322, 0.1843154234478728, 0.1769092192189149;
 -0.05771834029599646, -0.8321436948802001, 0.5515482429167952;
 0.2488727392843385, 0.5230341248430735, 0.8151672612971829]
2020/03/09 13:19:05 700613	INFO [input.cpp->run:256]	frame times (ms): 149.299
2020/03/09 13:19:05 700617	INFO [input.cpp->run:257]	FPS: 6.69797
2020/03/09 13:19:05 779799	INFO [input.cpp->run:173]	
frame_id 36
2020/03/09 13:19:05 835127	INFO [input.cpp->run:235]	rotation: 
[-0.999984675283035, -0.005332940291016301, 0.00148625264858327;
 0.005348930019136335, -0.9999255154375533, 0.01097052982283904;
 0.001427636765199041, 0.01097831156398258, 0.999938717386456]
2020/03/09 13:19:05 835189	INFO [input.cpp->run:256]	frame times (ms): 142.461
2020/03/09 13:19:05 835195	INFO [input.cpp->run:257]	FPS: 7.01946
2020/03/09 13:19:05 912497	INFO [input.cpp->run:173]	
frame_id 37
2020/03/09 13:19:05 965000	INFO [input.cpp->run:235]	rotation: 
[-0.9998879701900671, 0.01467709387347438, -0.00293768354602104;
 -0.01460793198982377, -0.9996441054614348, -0.02232197883675321;
 -0.003264259819319713, -0.02227656462825891, 0.9997465175114114]
2020/03/09 13:19:05 965068	INFO [input.cpp->run:256]	frame times (ms): 140.236
2020/03/09 13:19:05 965071	INFO [input.cpp->run:257]	FPS: 7.13084
2020/03/09 13:19:06 045694	INFO [input.cpp->run:173]	
frame_id 38
2020/03/09 13:19:06 099861	INFO [input.cpp->run:235]	rotation: 
[0.9999475822946122, -0.007085090538585651, -0.007391492083458356;
 0.007183704759786214, 0.9998843909763884, 0.01340145767076182;
 0.007295687019329183, -0.01345385349396373, 0.9998828765295859]
2020/03/09 13:19:06 099921	INFO [input.cpp->run:256]	frame times (ms): 137.947
2020/03/09 13:19:06 099924	INFO [input.cpp->run:257]	FPS: 7.24916
2020/03/09 13:19:06 181943	INFO [input.cpp->run:173]	
frame_id 39
2020/03/09 13:19:06 236004	INFO [input.cpp->run:235]	rotation: 
[-0.998128696047057, 0.05506315065508702, -0.0265923967956441;
 -0.05180273627154679, -0.992500299356126, -0.1107232238185861;
 -0.03248973133441339, -0.1091384680941387, 0.9934954514943097]
2020/03/09 13:19:06 236062	INFO [input.cpp->run:256]	frame times (ms): 146.568
2020/03/09 13:19:06 236066	INFO [input.cpp->run:257]	FPS: 6.82277
2020/03/09 13:19:06 314786	INFO [input.cpp->run:173]	
frame_id 40
2020/03/09 13:19:06 373723	INFO [input.cpp->run:235]	rotation: 
[-0.978128686374542, 0.0108026931012448, 0.2077199429832705;
 -0.001041961497736833, -0.9988923702746333, 0.04704196980741834;
 0.2079980461625783, 0.04579666394930031, 0.9770565379565634]
2020/03/09 13:19:06 373785	INFO [input.cpp->run:256]	frame times (ms): 152.789
2020/03/09 13:19:06 373797	INFO [input.cpp->run:257]	FPS: 6.54497
2020/03/09 13:19:06 447624	INFO [input.cpp->run:173]	
frame_id 41
2020/03/09 13:19:06 510279	INFO [input.cpp->run:235]	rotation: 
[-0.9992823863783316, -0.01279966351458628, 0.03564941637586969;
 0.01388967230754046, -0.999438321229286, 0.03049785339291343;
 0.03523903059415654, 0.03097112642930293, 0.9988988938078188]
2020/03/09 13:19:06 510388	INFO [input.cpp->run:256]	frame times (ms): 158.472
2020/03/09 13:19:06 510396	INFO [input.cpp->run:257]	FPS: 6.31026
2020/03/09 13:19:06 581673	INFO [input.cpp->run:173]	
frame_id 42
2020/03/09 13:19:06 638268	INFO [input.cpp->run:235]	rotation: 
[0.4043245016555272, 0.2969708564330706, 0.8650606960152666;
 0.1153566521567893, -0.9548238554801489, 0.2738690340458391;
 0.9073117105847287, -0.01094145490472145, -0.4203162433220744]
2020/03/09 13:19:06 638332	INFO [input.cpp->run:256]	frame times (ms): 150.246
2020/03/09 13:19:06 638335	INFO [input.cpp->run:257]	FPS: 6.65575
2020/03/09 13:19:06 712357	INFO [input.cpp->run:173]	
frame_id 43
2020/03/09 13:19:06 772332	INFO [input.cpp->run:235]	rotation: 
[-0.9993472270461183, -0.004109050613273438, 0.03589199769156889;
 0.008902003223749722, -0.990884479737318, 0.134419872616771;
 0.03501248539933119, 0.1346516376386198, 0.99027423593033]
2020/03/09 13:19:06 772396	INFO [input.cpp->run:256]	frame times (ms): 153.164
2020/03/09 13:19:06 772400	INFO [input.cpp->run:257]	FPS: 6.52895
2020/03/09 13:19:06 846636	INFO [input.cpp->run:173]	
frame_id 44
2020/03/09 13:19:06 904260	INFO [input.cpp->run:235]	rotation: 
[-0.9755959732811005, 0.1286457732699567, 0.1779403325204189;
 -0.06332307673204365, -0.9408015895295286, 0.3329903258232889;
 0.2102443456335748, 0.3135962916848465, 0.9259884885734941]
2020/03/09 13:19:06 904317	INFO [input.cpp->run:256]	frame times (ms): 138.628
2020/03/09 13:19:06 904320	INFO [input.cpp->run:257]	FPS: 7.21355
2020/03/09 13:19:06 980282	INFO [input.cpp->run:173]	
frame_id 45
2020/03/09 13:19:07 036177	INFO [input.cpp->run:235]	rotation: 
[-0.9970696637294062, 0.0001850357356592142, -0.07649870216092194;
 -0.02091105122222567, -0.9625708124240692, 0.2702224250613722;
 -0.07358541708321267, 0.2710302507674079, 0.959754025551154]
2020/03/09 13:19:07 036232	INFO [input.cpp->run:256]	frame times (ms): 143.457
2020/03/09 13:19:07 036248	INFO [input.cpp->run:257]	FPS: 6.97073
2020/03/09 13:19:07 115965	INFO [input.cpp->run:173]	
frame_id 46
2020/03/09 13:19:07 169125	INFO [input.cpp->run:235]	rotation: 
[-0.9990047654767237, 0.01121259836272989, 0.04317124265934899;
 0.001040450716981612, -0.9617661284436466, 0.273870099939414;
 0.04459143434676462, 0.2736424525114391, 0.9607972794332957]
2020/03/09 13:19:07 169191	INFO [input.cpp->run:256]	frame times (ms): 144.468
2020/03/09 13:19:07 169196	INFO [input.cpp->run:257]	FPS: 6.92195
2020/03/09 13:19:07 245812	INFO [input.cpp->run:173]	
frame_id 47
2020/03/09 13:19:07 299487	INFO [input.cpp->run:235]	rotation: 
[-0.9992379869838891, 0.01880804230489236, 0.0342009197689557;
 -0.02177083822328927, -0.9958445121255278, -0.08842928402132838;
 0.03239561654669552, -0.0891064824472764, 0.9954951324915822]
2020/03/09 13:19:07 299555	INFO [input.cpp->run:256]	frame times (ms): 144.889
2020/03/09 13:19:07 299563	INFO [input.cpp->run:257]	FPS: 6.90183
2020/03/09 13:19:07 379253	INFO [input.cpp->run:173]	
frame_id 48
2020/03/09 13:19:07 438663	INFO [input.cpp->run:235]	rotation: 
[-0.9999105960007549, 0.006067358073835331, -0.01191583700034623;
 -0.008988482524780192, -0.964745831194581, 0.2630298241161612;
 -0.00989985794426749, 0.2631134134906102, 0.9647141154010357]
2020/03/09 13:19:07 438744	INFO [input.cpp->run:256]	frame times (ms): 144.552
2020/03/09 13:19:07 438749	INFO [input.cpp->run:257]	FPS: 6.91793
2020/03/09 13:19:07 515047	INFO [input.cpp->run:173]	
frame_id 49
2020/03/09 13:19:07 568627	INFO [input.cpp->run:235]	rotation: 
[-0.9971631142813041, -0.004672562896203682, -0.07512583226022741;
 -0.01103554737916342, -0.9782111989678923, 0.2073187567680282;
 -0.07445764037929918, 0.207559671829042, 0.9753845612984484]
2020/03/09 13:19:07 568698	INFO [input.cpp->run:256]	frame times (ms): 145.762
2020/03/09 13:19:07 568712	INFO [input.cpp->run:257]	FPS: 6.8605
2020/03/09 13:19:07 646698	INFO [input.cpp->run:173]	
frame_id 50
2020/03/09 13:19:07 700136	INFO [input.cpp->run:235]	rotation: 
[-0.9994320907292495, 0.01846801014917052, -0.02818561018838031;
 -0.01788029322200623, -0.9996203481230416, -0.02096317563405346;
 -0.02856205760893761, -0.02044730347745711, 0.9993828678968061]
2020/03/09 13:19:07 700192	INFO [input.cpp->run:256]	frame times (ms): 142.827
2020/03/09 13:19:07 700208	INFO [input.cpp->run:257]	FPS: 7.00148
2020/03/09 13:19:07 780336	INFO [input.cpp->run:173]	
frame_id 51
2020/03/09 13:19:07 832588	INFO [input.cpp->run:235]	rotation: 
[-0.9856297687865552, 0.01593206858575396, 0.1681669648662915;
 -0.006806238989019724, -0.9984794159908028, 0.0547040305049798;
 0.1687828012345631, 0.05277333638537784, 0.9842394733875339]
2020/03/09 13:19:07 832641	INFO [input.cpp->run:256]	frame times (ms): 140.013
2020/03/09 13:19:07 832645	INFO [input.cpp->run:257]	FPS: 7.14219
2020/03/09 13:19:07 915349	INFO [input.cpp->run:173]	
frame_id 52
2020/03/09 13:19:07 968616	INFO [input.cpp->run:235]	rotation: 
[-0.0475134380349167, -0.5319362684286419, 0.8454503412598009;
 -0.09320530924829976, -0.8403524239991156, -0.5339668283767629;
 0.9945125657999656, -0.1041710603239806, -0.00965125157410418]
2020/03/09 13:19:07 968671	INFO [input.cpp->run:256]	frame times (ms): 144.651
2020/03/09 13:19:07 968689	INFO [input.cpp->run:257]	FPS: 6.91319
2020/03/09 13:19:08 046873	INFO [input.cpp->run:173]	
frame_id 53
2020/03/09 13:19:08 101613	INFO [input.cpp->run:235]	rotation: 
[-0.9994236819603781, 0.01052705117829185, -0.03227204874578949;
 -0.01794487374065974, -0.9708430781724815, 0.2390432995735557;
 -0.02881467409485607, 0.2394846524478564, 0.9704724703971446]
2020/03/09 13:19:08 101666	INFO [input.cpp->run:256]	frame times (ms): 141.393
2020/03/09 13:19:08 101669	INFO [input.cpp->run:257]	FPS: 7.07249
2020/03/09 13:19:08 182605	INFO [input.cpp->run:173]	
frame_id 54
2020/03/09 13:19:08 235682	INFO [input.cpp->run:235]	rotation: 
[-0.9990902634805491, 0.03974339729689792, -0.01546311060776084;
 -0.03851084514090986, -0.9965754439891261, -0.07317307731952381;
 -0.01831830300272869, -0.07251101164083341, 0.9971993747320155]
2020/03/09 13:19:08 235737	INFO [input.cpp->run:256]	frame times (ms): 144.746
2020/03/09 13:19:08 235742	INFO [input.cpp->run:257]	FPS: 6.90865
2020/03/09 13:19:08 313681	INFO [input.cpp->run:173]	
frame_id 55
2020/03/09 13:19:08 369218	INFO [input.cpp->run:235]	rotation: 
[-0.9996568888354229, -0.01169945238496808, -0.02343560150230217;
 0.003006079539083642, -0.9400377645441365, 0.3410571282302531;
 -0.02602053207925514, 0.3408696584396366, 0.93975039657643]
2020/03/09 13:19:08 369274	INFO [input.cpp->run:256]	frame times (ms): 144.601
2020/03/09 13:19:08 369278	INFO [input.cpp->run:257]	FPS: 6.91558
2020/03/09 13:19:08 448691	INFO [input.cpp->run:173]	
frame_id 56
2020/03/09 13:19:08 501358	INFO [input.cpp->run:235]	rotation: 
[-0.9927804733573041, 0.04484886900485414, 0.111245272571164;
 -0.02012737383809644, -0.9766044981768917, 0.2140993763723826;
 0.1182447484788591, 0.2103146050317169, 0.9704565659356035]
2020/03/09 13:19:08 501416	INFO [input.cpp->run:256]	frame times (ms): 147.001
2020/03/09 13:19:08 501424	INFO [input.cpp->run:257]	FPS: 6.80267
2020/03/09 13:19:08 579704	INFO [input.cpp->run:173]	
frame_id 57
2020/03/09 13:19:08 634500	INFO [input.cpp->run:235]	rotation: 
[-0.9996079579442111, 0.0274568435266141, -0.005481984874044483;
 -0.02714726168165033, -0.998368120417484, -0.05024064407676365;
 -0.006852488437948879, -0.0500721267534651, 0.9987220962432913]
2020/03/09 13:19:08 634563	INFO [input.cpp->run:256]	frame times (ms): 149.204
2020/03/09 13:19:08 634568	INFO [input.cpp->run:257]	FPS: 6.70223
2020/03/09 13:19:08 713309	INFO [input.cpp->run:173]	
frame_id 58
2020/03/09 13:19:08 769532	INFO [input.cpp->run:235]	rotation: 
[-0.9849619681789511, 0.01251450076254847, 0.1723174643259097;
 0.001852023295198172, -0.9965511301105902, 0.08296032235363909;
 0.1727613708291325, 0.08203189834430166, 0.9815417853577448]
2020/03/09 13:19:08 769586	INFO [input.cpp->run:256]	frame times (ms): 153.502
2020/03/09 13:19:08 769590	INFO [input.cpp->run:257]	FPS: 6.51457
2020/03/09 13:19:08 848675	INFO [input.cpp->run:173]	
frame_id 59
2020/03/09 13:19:08 905139	INFO [input.cpp->run:235]	rotation: 
[-0.9999009931465852, 0.01080716679809489, 0.009011606420098956;
 -0.01093118601713144, -0.9998446302461703, -0.01382839615276396;
 0.0088607605052548, -0.01392553459286438, 0.9998637739260144]
2020/03/09 13:19:08 905199	INFO [input.cpp->run:256]	frame times (ms): 140.224
2020/03/09 13:19:08 905210	INFO [input.cpp->run:257]	FPS: 7.13145
2020/03/09 13:19:08 980739	INFO [input.cpp->run:173]	
frame_id 60
2020/03/09 13:19:09 034551	INFO [input.cpp->run:235]	rotation: 
[-0.7601635342366042, -0.1548371317833057, 0.6310125702694316;
 -0.1627656069495984, -0.8948402168353474, -0.4156541152549764;
 0.6290141162257361, -0.4186722452649418, 0.6550227420735618]
2020/03/09 13:19:09 034602	INFO [input.cpp->run:256]	frame times (ms): 146.24
2020/03/09 13:19:09 034605	INFO [input.cpp->run:257]	FPS: 6.83807
2020/03/09 13:19:09 115637	INFO [input.cpp->run:173]	
frame_id 61
2020/03/09 13:19:09 169177	INFO [input.cpp->run:235]	rotation: 
[-0.9994127356986963, -0.001356273934443345, -0.03423951290925069;
 -0.005889576171326465, -0.9775476660469351, 0.2106320808868204;
 -0.03375643073208627, 0.2107100404043544, 0.9769655993211972]
2020/03/09 13:19:09 169231	INFO [input.cpp->run:256]	frame times (ms): 147.591
2020/03/09 13:19:09 169234	INFO [input.cpp->run:257]	FPS: 6.77548
2020/03/09 13:19:09 246927	INFO [input.cpp->run:173]	
frame_id 62
2020/03/09 13:19:09 303526	INFO [input.cpp->run:235]	rotation: 
[-0.993127660491738, -0.01520095390135177, -0.1160447369194147;
 -0.01649223326363326, -0.9634587643582695, 0.26734849096865;
 -0.1158682709294702, 0.2674250182419839, 0.9565868509498179]
2020/03/09 13:19:09 303585	INFO [input.cpp->run:256]	frame times (ms): 152.421
2020/03/09 13:19:09 303590	INFO [input.cpp->run:257]	FPS: 6.56078
2020/03/09 13:19:09 379895	INFO [input.cpp->run:173]	
frame_id 63
2020/03/09 13:19:09 432613	INFO [input.cpp->run:235]	rotation: 
[-0.5461843850487613, -0.2606124874863016, 0.7960928016852737;
 0.1131417881582653, -0.9646142623434485, -0.238155958682446;
 0.8299888874564867, -0.0400057027160748, 0.5563434105378946]
2020/03/09 13:19:09 432691	INFO [input.cpp->run:256]	frame times (ms): 143.822
2020/03/09 13:19:09 432696	INFO [input.cpp->run:257]	FPS: 6.95304
2020/03/09 13:19:09 516476	INFO [input.cpp->run:173]	
frame_id 64
2020/03/09 13:19:09 572792	INFO [input.cpp->run:235]	rotation: 
[-0.9992297301504194, -0.02136379358040652, -0.03291708837935016;
 0.01887831468620428, -0.9970757451308361, 0.07405111549731544;
 -0.03440284316926163, 0.07337265700274107, 0.9967110401647159]
2020/03/09 13:19:09 572855	INFO [input.cpp->run:256]	frame times (ms): 147.052
2020/03/09 13:19:09 572858	INFO [input.cpp->run:257]	FPS: 6.80032
2020/03/09 13:19:09 647253	INFO [input.cpp->run:173]	
frame_id 65
2020/03/09 13:19:09 702663	INFO [input.cpp->run:235]	rotation: 
[-0.758782489661505, 0.04943615064875284, 0.6494653188524557;
 0.1522632657723486, -0.9560250925044738, 0.2506629617597134;
 0.6332969534739823, 0.2890883766443166, 0.7178877901244225]
2020/03/09 13:19:09 702729	INFO [input.cpp->run:256]	frame times (ms): 142.09
2020/03/09 13:19:09 702734	INFO [input.cpp->run:257]	FPS: 7.03779
2020/03/09 13:19:09 780561	INFO [input.cpp->run:173]	
frame_id 66
2020/03/09 13:19:09 841004	INFO [input.cpp->run:235]	rotation: 
[-0.5554845511058166, -0.3654454325262798, -0.7469180338755046;
 0.1698569582003507, -0.929177057862057, 0.3282965258630314;
 -0.813993567071444, 0.05549442303954533, 0.5782169504414529]
2020/03/09 13:19:09 841069	INFO [input.cpp->run:256]	frame times (ms): 156.349
2020/03/09 13:19:09 841074	INFO [input.cpp->run:257]	FPS: 6.39595
2020/03/09 13:19:09 914878	INFO [input.cpp->run:173]	
frame_id 67
2020/03/09 13:19:09 967479	INFO [input.cpp->run:235]	rotation: 
[-0.9996140129622263, -0.01499314852470739, -0.02338868501797737;
 0.01376835777651561, -0.9985689533180108, 0.05167666585133283;
 -0.02413001064425701, 0.05133469554490912, 0.998389949678791]
2020/03/09 13:19:09 967545	INFO [input.cpp->run:256]	frame times (ms): 140.087
2020/03/09 13:19:09 967553	INFO [input.cpp->run:257]	FPS: 7.13842
2020/03/09 13:19:10 049780	INFO [input.cpp->run:173]	
frame_id 68
2020/03/09 13:19:10 104482	INFO [input.cpp->run:235]	rotation: 
[-0.9997463705507061, 0.0001067556644819686, -0.02252072765072633;
 -0.0002199840174878446, -0.9999873487926535, 0.005025322046601985;
 -0.0225199062547369, 0.005029001677084137, 0.9997337460366187]
2020/03/09 13:19:10 104544	INFO [input.cpp->run:256]	frame times (ms): 144.839
2020/03/09 13:19:10 104548	INFO [input.cpp->run:257]	FPS: 6.90422
2020/03/09 13:19:10 181365	INFO [input.cpp->run:173]	
frame_id 69
2020/03/09 13:19:10 237402	INFO [input.cpp->run:235]	rotation: 
[-0.999877125131385, 0.009928827209840623, -0.0121306648306519;
 -0.009778620202070794, -0.9998755541239184, -0.01237961438538325;
 -0.01225207027159652, -0.01225947207771458, 0.9998497847769108]
2020/03/09 13:19:10 237467	INFO [input.cpp->run:256]	frame times (ms): 151.159
2020/03/09 13:19:10 237472	INFO [input.cpp->run:257]	FPS: 6.61555
2020/03/09 13:19:10 315180	INFO [input.cpp->run:173]	
frame_id 70
2020/03/09 13:19:10 368544	INFO [input.cpp->run:235]	rotation: 
[-0.8383633141287541, -0.030831226969144, 0.5442392754723137;
 0.1184741085856132, -0.9848393113771408, 0.1267099694619312;
 0.5320816094528132, 0.1707072529501203, 0.8293058511021896]
2020/03/09 13:19:10 368604	INFO [input.cpp->run:256]	frame times (ms): 143.932
2020/03/09 13:19:10 368607	INFO [input.cpp->run:257]	FPS: 6.94772
2020/03/09 13:19:10 448304	INFO [input.cpp->run:173]	
frame_id 71
2020/03/09 13:19:10 500118	INFO [input.cpp->run:235]	rotation: 
[-0.2358802739465564, 0.7797628215954088, 0.5799400300207462;
 0.6224664568392883, -0.3370453080582844, 0.7063539979541692;
 0.7462546525636138, 0.527608190206959, -0.4058738611363107]
2020/03/09 13:19:10 500175	INFO [input.cpp->run:256]	frame times (ms): 131.849
2020/03/09 13:19:10 500178	INFO [input.cpp->run:257]	FPS: 7.58443
2020/03/09 13:19:10 582302	INFO [input.cpp->run:173]	
frame_id 72
2020/03/09 13:19:10 636066	INFO [input.cpp->run:235]	rotation: 
[-0.9994032600707955, -0.000100679939762338, 0.03454147685631883;
 0.004279289857878165, -0.9926528884139731, 0.120921175985468;
 0.03427552243479508, 0.1209968304830585, 0.9920609636382614]
2020/03/09 13:19:10 636125	INFO [input.cpp->run:256]	frame times (ms): 126.666
2020/03/09 13:19:10 636129	INFO [input.cpp->run:257]	FPS: 7.89478
2020/03/09 13:19:10 713029	INFO [input.cpp->run:173]	
frame_id 73
2020/03/09 13:19:10 766202	INFO [input.cpp->run:235]	rotation: 
[-0.9999099820883693, 0.01324961942035899, 0.002115491728279634;
 -0.01328493748317128, -0.9997558033900339, -0.01765910598009404;
 0.001880998698831145, -0.01768562051960881, 0.9998418278261478]
2020/03/09 13:19:10 766265	INFO [input.cpp->run:256]	frame times (ms): 129.177
2020/03/09 13:19:10 766270	INFO [input.cpp->run:257]	FPS: 7.74132
2020/03/09 13:19:10 848285	INFO [input.cpp->run:173]	
frame_id 74
2020/03/09 13:19:10 900886	INFO [input.cpp->run:235]	rotation: 
[-0.9968959941818742, -0.01678199115718636, 0.07692035853356775;
 0.01853064023572625, -0.9995845441416196, 0.02207610666862779;
 0.07651792049308824, 0.02343296579587543, 0.9967928089414683]
2020/03/09 13:19:10 900956	INFO [input.cpp->run:256]	frame times (ms): 139.138
2020/03/09 13:19:10 900961	INFO [input.cpp->run:257]	FPS: 7.18711
2020/03/09 13:19:10 983447	INFO [input.cpp->run:173]	
frame_id 75
2020/03/09 13:19:11 045968	INFO [input.cpp->run:235]	rotation: 
[-0.9999418500026607, 0.008267497902302925, -0.006924239430574576;
 -0.00824871334916466, -0.9999622329346021, -0.002737048141335824;
 -0.006946606462138167, -0.002679772915769895, 0.9999722813537284]
2020/03/09 13:19:11 046034	INFO [input.cpp->run:256]	frame times (ms): 145.912
2020/03/09 13:19:11 046058	INFO [input.cpp->run:257]	FPS: 6.85345
2020/03/09 13:19:11 115909	INFO [input.cpp->run:173]	
frame_id 76
2020/03/09 13:19:11 166299	INFO [input.cpp->run:235]	rotation: 
[-0.9852985333725427, -0.03787852952554582, 0.1665893668122268;
 0.03765626626174594, -0.9992806469985522, -0.004493789645654713;
 0.1666397483949756, 0.001845409205908568, 0.9860161199086563]
2020/03/09 13:19:11 166367	INFO [input.cpp->run:256]	frame times (ms): 131.772
2020/03/09 13:19:11 166372	INFO [input.cpp->run:257]	FPS: 7.58887
2020/03/09 13:19:11 247680	INFO [input.cpp->run:173]	
frame_id 77
2020/03/09 13:19:11 298151	INFO [input.cpp->run:235]	rotation: 
[-0.9999904051693137, 0.003227684749562387, 0.002961692163154116;
 -0.003204977663962737, -0.9999656793602115, 0.007639909675133624;
 0.002986249735930683, 0.00763034421426339, 0.9999664295163539]
2020/03/09 13:19:11 298217	INFO [input.cpp->run:256]	frame times (ms): 129.648
2020/03/09 13:19:11 298222	INFO [input.cpp->run:257]	FPS: 7.71319
2020/03/09 13:19:11 380707	INFO [input.cpp->run:173]	
frame_id 78
2020/03/09 13:19:11 442133	INFO [input.cpp->run:235]	rotation: 
[-0.2777327386719176, 0.7830932729822272, 0.5564435745695866;
 0.6105076748136148, -0.3033427391647244, 0.7316170867261886;
 0.741717537114682, 0.5429070900310888, -0.393836243546103]
2020/03/09 13:19:11 442210	INFO [input.cpp->run:256]	frame times (ms): 144.931
2020/03/09 13:19:11 442214	INFO [input.cpp->run:257]	FPS: 6.89984
2020/03/09 13:19:11 516170	INFO [input.cpp->run:173]	
frame_id 79
2020/03/09 13:19:11 576975	INFO [input.cpp->run:235]	rotation: 
[-0.9998135886432329, -0.008067193433793734, -0.01754161778291934;
 0.007788366980940099, -0.9998431615126008, 0.01590577619160757;
 -0.01766718155537206, 0.0157661906175545, 0.9997196096552781]
2020/03/09 13:19:11 577068	INFO [input.cpp->run:256]	frame times (ms): 147.974
2020/03/09 13:19:11 577072	INFO [input.cpp->run:257]	FPS: 6.75794
2020/03/09 13:19:11 647949	INFO [input.cpp->run:173]	
frame_id 80
2020/03/09 13:19:11 699276	INFO [input.cpp->run:235]	rotation: 
[-0.9994117145259449, 0.01401292602226134, -0.03130275982410848;
 -0.01405242282892772, -0.9999007167711272, 0.001042119581965896;
 -0.03128504884043207, 0.00148138613491434, 0.9995094052654884]
2020/03/09 13:19:11 699336	INFO [input.cpp->run:256]	frame times (ms): 133.474
2020/03/09 13:19:11 699340	INFO [input.cpp->run:257]	FPS: 7.4921
2020/03/09 13:19:11 782870	INFO [input.cpp->run:173]	
frame_id 81
2020/03/09 13:19:11 834702	INFO [input.cpp->run:235]	rotation: 
[-0.9997814039154947, -0.0008052470899959049, -0.02089248577566547;
 0.0006747425648212185, -0.9999802235430679, 0.006252779000341292;
 -0.02089710762841473, 0.006237315117896777, 0.9997621751161054]
2020/03/09 13:19:11 834763	INFO [input.cpp->run:256]	frame times (ms): 132.634
2020/03/09 13:19:11 834765	INFO [input.cpp->run:257]	FPS: 7.53954
2020/03/09 13:19:11 916461	INFO [input.cpp->run:173]	
frame_id 82
2020/03/09 13:19:11 966790	INFO [input.cpp->run:235]	rotation: 
[-0.9997503649970293, -0.006304942599672852, -0.02143491047617084;
 0.006130045284936717, -0.9999474634993523, 0.008215399321767436;
 -0.02148558198213986, 0.00808195149863585, 0.9997364911949862]
2020/03/09 13:19:11 966850	INFO [input.cpp->run:256]	frame times (ms): 129.893
2020/03/09 13:19:11 966852	INFO [input.cpp->run:257]	FPS: 7.69864
2020/03/09 13:19:12 050099	INFO [input.cpp->run:173]	
frame_id 83
2020/03/09 13:19:12 103013	INFO [input.cpp->run:235]	rotation: 
[-0.999918621877024, -0.004473839126164562, -0.01194714974486905;
 0.004349238696750204, -0.9999360954454042, 0.01043499631807365;
 -0.0119930707623951, 0.01038218613167378, 0.9998741803171111]
2020/03/09 13:19:12 103071	INFO [input.cpp->run:256]	frame times (ms): 132.677
2020/03/09 13:19:12 103083	INFO [input.cpp->run:257]	FPS: 7.5371
2020/03/09 13:19:12 181768	INFO [input.cpp->run:173]	
frame_id 84
2020/03/09 13:19:12 236376	INFO [input.cpp->run:235]	rotation: 
[-0.9995346693538466, -0.009444016089015659, -0.02900440173158072;
 0.009065500820542485, -0.9998723842520667, 0.01315415922665244;
 -0.02912492840453436, 0.01288509876554291, 0.9994927277250365]
