		g3log created log at: Mon Mar 09 15:41:40 2020
		LOG format: [YYYY/MM/DD hh:mm:ss uuu* LEVEL FILE->FUNCTION:LINE] message		(uuu*: microseconds fractions of the seconds value)

2020/03/09 15:41:40 452614	INFO [g3logger.h->logBanner:29]	Starting log.
2020/03/09 15:41:40 456651	DEBUG [main.cpp->main:48]	Filepath: /home/mitchell/KITTI/data_odometry_gray/dataset/sequences/00/
2020/03/09 15:41:40 456659	DEBUG [main.cpp->main:52]	Calibration Filepath: /home/mitchell/visual_odom_catkin_ws/tank_downsized.yaml
2020/03/09 15:41:40 456788	INFO [main.cpp->main:66]	P_left: 
[409.41, 0, 251.22, 0;
 0, 408.72, 191.78999, 0;
 0, 0, 1, 0]
2020/03/09 15:41:40 456805	INFO [main.cpp->main:67]	P_right: 
[409.41, 0, 251.22, -73.940002;
 0, 408.72, 191.78999, 0;
 0, 0, 1, 0]
2020/03/09 15:41:40 602653	INFO [input.cpp->Input:22]	frame_pose [1, 0, 0, 0;
 0, 1, 0, 0;
 0, 0, 1, 0;
 0, 0, 0, 1]
2020/03/09 15:41:40 918217	INFO [input.cpp->run:173]	
frame_id 1
2020/03/09 15:41:41 074609	INFO [input.cpp->run:235]	rotation: 
[-0.9407333083328037, -0.0299643221471618, -0.3378209318433055;
 -0.03610188106472614, -0.981582127801196, 0.1875984556569291;
 -0.3372202496541489, 0.1886760869308497, 0.9223252340924302]
2020/03/09 15:41:41 074729	INFO [input.cpp->run:256]	frame times (ms): 565.07
2020/03/09 15:41:41 074737	INFO [input.cpp->run:257]	FPS: 1.76969
2020/03/09 15:41:41 118337	INFO [input.cpp->run:173]	
frame_id 2
2020/03/09 15:41:41 202641	INFO [input.cpp->run:235]	rotation: 
[-0.9848910391383424, -0.01996322649357278, -0.1720206691446188;
 -0.01948770290925338, -0.9742473926364991, 0.2246380363524928;
 -0.172075188392507, 0.2245962767477447, 0.959138489484565]
2020/03/09 15:41:41 202702	INFO [input.cpp->run:256]	frame times (ms): 576.343
2020/03/09 15:41:41 202709	INFO [input.cpp->run:257]	FPS: 1.73508
2020/03/09 15:41:41 250251	INFO [input.cpp->run:173]	
frame_id 3
2020/03/09 15:41:41 397600	INFO [input.cpp->run:235]	rotation: 
[-0.9848727053428072, -0.007247529825414795, -0.1731277781933613;
 -0.00328014180933464, -0.9981661215000102, 0.06044530221065739;
 -0.1732483620137595, 0.06009881197708298, 0.9830427955376574]
2020/03/09 15:41:41 397657	INFO [input.cpp->run:256]	frame times (ms): 562.618
2020/03/09 15:41:41 397675	INFO [input.cpp->run:257]	FPS: 1.77741
2020/03/09 15:41:41 450161	INFO [input.cpp->run:173]	
frame_id 4
2020/03/09 15:41:41 537879	INFO [input.cpp->run:235]	rotation: 
[-0.9831353814105662, -0.02116601557966697, -0.1816502727858721;
 -0.01569383246454183, -0.9798511160869798, 0.1991117623990983;
 -0.1822046251917754, 0.1986046074178073, 0.9629941248372934]
2020/03/09 15:41:41 537938	INFO [input.cpp->run:256]	frame times (ms): 608.738
2020/03/09 15:41:41 537942	INFO [input.cpp->run:257]	FPS: 1.64274
2020/03/09 15:41:41 582654	INFO [input.cpp->run:173]	
frame_id 5
2020/03/09 15:41:41 674142	INFO [input.cpp->run:235]	rotation: 
[0.9999960165629306, 0.0009801441318341335, -0.002646918161145521;
 -0.0009845231041371249, 0.9999981482078691, -0.001653570406747595;
 0.002645292522272551, 0.001656169771938348, 0.9999951297527194]
2020/03/09 15:41:41 674203	INFO [input.cpp->run:256]	frame times (ms): 626.056
2020/03/09 15:41:41 674208	INFO [input.cpp->run:257]	FPS: 1.5973
2020/03/09 15:41:41 716769	INFO [input.cpp->run:173]	
frame_id 6
2020/03/09 15:41:41 807564	INFO [input.cpp->run:235]	rotation: 
[-0.9710351789681505, -0.007731252637442394, -0.2388114506026628;
 -0.01371485618894749, -0.9960250483385246, 0.08801139586415049;
 -0.2385426249667101, 0.08873742623547157, 0.9670693280520769]
2020/03/09 15:41:41 807638	INFO [input.cpp->run:256]	frame times (ms): 607.32
2020/03/09 15:41:41 807644	INFO [input.cpp->run:257]	FPS: 1.64658
2020/03/09 15:41:41 850444	INFO [input.cpp->run:173]	
frame_id 7
2020/03/09 15:41:41 943909	INFO [input.cpp->run:235]	rotation: 
[-0.9871249109345077, -0.01115459190260039, -0.1595618541256859;
 -0.006135368598658081, -0.9941907146179817, 0.1074578066942807;
 -0.159833561759409, 0.1070532486516558, 0.9813219830862999]
2020/03/09 15:41:41 943971	INFO [input.cpp->run:256]	frame times (ms): 624.051
2020/03/09 15:41:41 943976	INFO [input.cpp->run:257]	FPS: 1.60243
2020/03/09 15:41:41 984075	INFO [input.cpp->run:173]	
frame_id 8
2020/03/09 15:41:42 080723	INFO [input.cpp->run:235]	rotation: 
[-0.9952278168681913, -0.009266452787716477, -0.0971376620292401;
 -0.003106223272323973, -0.9919676415122664, 0.1264537447827241;
 -0.09752919516101999, 0.1261520156213322, 0.9872050065948401]
2020/03/09 15:41:42 080787	INFO [input.cpp->run:256]	frame times (ms): 642.283
2020/03/09 15:41:42 080791	INFO [input.cpp->run:257]	FPS: 1.55695
2020/03/09 15:41:42 116854	INFO [input.cpp->run:173]	
frame_id 9
2020/03/09 15:41:42 206971	INFO [input.cpp->run:235]	rotation: 
[-0.9926333459822204, -0.01174071954863923, -0.120586881328865;
 -0.005461327764041242, -0.9899460187891009, 0.1413402058250332;
 -0.1210339388072424, 0.1409575659128989, 0.9825893090547626]
2020/03/09 15:41:42 207029	INFO [input.cpp->run:256]	frame times (ms): 615.923
2020/03/09 15:41:42 207032	INFO [input.cpp->run:257]	FPS: 1.62358
2020/03/09 15:41:42 251111	INFO [input.cpp->run:173]	
frame_id 10
2020/03/09 15:41:42 349975	INFO [input.cpp->run:235]	rotation: 
[-0.9798934050368966, -0.01912543953720474, -0.1986029514576889;
 -0.01785165321290088, -0.9829989107567974, 0.1827415112351768;
 -0.1987214966800591, 0.182612592702307, 0.9628927290948761]
2020/03/09 15:41:42 350037	INFO [input.cpp->run:256]	frame times (ms): 646.879
2020/03/09 15:41:42 350039	INFO [input.cpp->run:257]	FPS: 1.54588
2020/03/09 15:41:42 383500	INFO [input.cpp->run:173]	
frame_id 11
2020/03/09 15:41:42 472648	INFO [input.cpp->run:235]	rotation: 
[-0.9900595451382586, -0.01366009205971274, -0.1399839239539478;
 -0.009628965505002134, -0.9863543943369829, 0.164354165737979;
 -0.1403188515628885, 0.1640683109471288, 0.9764180504471578]
2020/03/09 15:41:42 472706	INFO [input.cpp->run:256]	frame times (ms): 650.579
2020/03/09 15:41:42 472711	INFO [input.cpp->run:257]	FPS: 1.53709
2020/03/09 15:41:42 518419	INFO [input.cpp->run:173]	
frame_id 12
2020/03/09 15:41:42 607413	INFO [input.cpp->run:235]	rotation: 
[-0.977226375404189, -0.02381141070054367, -0.2108592609653205;
 -0.01528625058248273, -0.9832032255000557, 0.1818728894294479;
 -0.2116481555731603, 0.1809542320221792, 0.9604481371504359]
2020/03/09 15:41:42 607469	INFO [input.cpp->run:256]	frame times (ms): 639.679
2020/03/09 15:41:42 607471	INFO [input.cpp->run:257]	FPS: 1.56328
2020/03/09 15:41:42 650280	INFO [input.cpp->run:173]	
frame_id 13
2020/03/09 15:41:42 741259	INFO [input.cpp->run:235]	rotation: 
[-0.99466633663491, -0.01059855920193682, -0.1025989732313681;
 -0.00778768766340086, -0.9841507316081916, 0.1771628894433557;
 -0.1028505259400518, 0.1770169709883897, 0.9788190646365402]
2020/03/09 15:41:42 741318	INFO [input.cpp->run:256]	frame times (ms): 666.929
2020/03/09 15:41:42 741322	INFO [input.cpp->run:257]	FPS: 1.49941
2020/03/09 15:41:42 784374	INFO [input.cpp->run:173]	
frame_id 14
2020/03/09 15:41:42 880705	INFO [input.cpp->run:235]	rotation: 
[-0.9755084056315227, -0.02318393220829112, -0.2187369557930387;
 -0.02090668861674465, -0.9801554323087858, 0.1971249321792138;
 -0.2189663465314405, 0.1968700937241066, 0.9556651637910288]
2020/03/09 15:41:42 880771	INFO [input.cpp->run:256]	frame times (ms): 649.081
2020/03/09 15:41:42 880781	INFO [input.cpp->run:257]	FPS: 1.54064
2020/03/09 15:41:42 917262	INFO [input.cpp->run:173]	
frame_id 15
2020/03/09 15:41:43 011517	INFO [input.cpp->run:235]	rotation: 
[-0.9893304425171421, -0.01311771484992416, -0.1450972124678894;
 -0.009904414302903782, -0.9875782329872574, 0.1568156124468564;
 -0.145351911188509, 0.1565795621621235, 0.9769112869789993]
2020/03/09 15:41:43 011588	INFO [input.cpp->run:256]	frame times (ms): 668.285
2020/03/09 15:41:43 011592	INFO [input.cpp->run:257]	FPS: 1.49637
2020/03/09 15:41:43 050413	INFO [input.cpp->run:173]	
frame_id 16
2020/03/09 15:41:43 144234	INFO [input.cpp->run:235]	rotation: 
[-0.9862367809756551, -0.01774285165423237, -0.1643843151457995;
 -0.0175763449790974, -0.9773409446787727, 0.2109401572758962;
 -0.1644022017734355, 0.2109262171224335, 0.9635777327141108]
2020/03/09 15:41:43 144295	INFO [input.cpp->run:256]	frame times (ms): 665.025
2020/03/09 15:41:43 144299	INFO [input.cpp->run:257]	FPS: 1.5037
2020/03/09 15:41:43 183513	INFO [input.cpp->run:173]	
frame_id 17
2020/03/09 15:41:43 277834	INFO [input.cpp->run:235]	rotation: 
[-0.9883923980041355, -0.01150302830140376, -0.151486461136076;
 -0.003210600218174381, -0.9953251545287203, 0.09652734746494517;
 -0.1518886421490225, 0.09589325889902951, 0.9837348846533047]
2020/03/09 15:41:43 277906	INFO [input.cpp->run:256]	frame times (ms): 659.834
2020/03/09 15:41:43 277909	INFO [input.cpp->run:257]	FPS: 1.51553
2020/03/09 15:41:43 317670	INFO [input.cpp->run:173]	
frame_id 18
2020/03/09 15:41:43 439735	INFO [input.cpp->run:235]	rotation: 
[-0.989812234418649, -0.01142883384951156, -0.1419194220394158;
 -0.002155439885630433, -0.9954560656190672, 0.09519756037371296;
 -0.1423625465986788, 0.09453360872751843, 0.9852899584116805]
2020/03/09 15:41:43 439796	INFO [input.cpp->run:256]	frame times (ms): 698.642
2020/03/09 15:41:43 439800	INFO [input.cpp->run:257]	FPS: 1.43135
2020/03/09 15:41:43 450180	INFO [input.cpp->run:173]	
frame_id 19
2020/03/09 15:41:43 550260	INFO [input.cpp->run:235]	rotation: 
[-0.9817072020109989, -0.017720421830984, -0.1895704517319818;
 -0.01539751237144595, -0.9850092795855123, 0.1718127927227806;
 -0.1897732492542267, 0.1715887693893804, 0.9667178534023931]
2020/03/09 15:41:43 550329	INFO [input.cpp->run:256]	frame times (ms): 691.007
2020/03/09 15:41:43 550333	INFO [input.cpp->run:257]	FPS: 1.44716
2020/03/09 15:41:43 583557	INFO [input.cpp->run:173]	
frame_id 20
2020/03/09 15:41:43 689560	INFO [input.cpp->run:235]	rotation: 
[-0.9898834168221169, -0.01289214584139799, -0.1412961913010235;
 -0.008052255622031036, -0.9891535502908475, 0.1466642939723548;
 -0.1416544467355994, 0.1463183054939332, 0.9790428852698002]
2020/03/09 15:41:43 689619	INFO [input.cpp->run:256]	frame times (ms): 706.019
2020/03/09 15:41:43 689623	INFO [input.cpp->run:257]	FPS: 1.41639
2020/03/09 15:41:43 717463	INFO [input.cpp->run:173]	
frame_id 21
2020/03/09 15:41:43 817938	INFO [input.cpp->run:235]	rotation: 
[-0.9709646741110906, -0.02371579285339416, -0.2380444555071144;
 -0.01213268319791182, -0.9889112762052646, 0.1480111002340496;
 -0.2389150468822815, 0.1466016676692652, 0.9599101788239496]
2020/03/09 15:41:43 817999	INFO [input.cpp->run:256]	frame times (ms): 690.913
2020/03/09 15:41:43 818006	INFO [input.cpp->run:257]	FPS: 1.44736
2020/03/09 15:41:43 849428	INFO [input.cpp->run:173]	
frame_id 22
2020/03/09 15:41:43 951410	INFO [input.cpp->run:235]	rotation: 
[-0.9785984966664516, -0.02113748238655546, -0.2046904715919113;
 -0.01518695832144552, -0.9845790148945903, 0.1742800038046269;
 -0.2052177833890222, 0.1736587753830948, 0.963186529761157]
2020/03/09 15:41:43 951468	INFO [input.cpp->run:256]	frame times (ms): 711.425
2020/03/09 15:41:43 951470	INFO [input.cpp->run:257]	FPS: 1.40563
2020/03/09 15:41:43 983819	INFO [input.cpp->run:173]	
frame_id 23
2020/03/09 15:41:44 083126	INFO [input.cpp->run:235]	rotation: 
[-0.9904547057708916, -0.01287251638757783, -0.1372361983521409;
 -0.00774949519737994, -0.9888546737871281, 0.1486821423491676;
 -0.1376205694672217, 0.1483264388138672, 0.9793160094720766]
2020/03/09 15:41:44 083192	INFO [input.cpp->run:256]	frame times (ms): 690.528
2020/03/09 15:41:44 083196	INFO [input.cpp->run:257]	FPS: 1.44817
2020/03/09 15:41:44 116345	INFO [input.cpp->run:173]	
frame_id 24
2020/03/09 15:41:44 214996	INFO [input.cpp->run:235]	rotation: 
[-0.9920164477821848, -0.005437780304501923, -0.1259912611055858;
 -0.007524698021860598, -0.9947374653622407, 0.1021800074593108;
 -0.1258838601620388, 0.1023122942273556, 0.9867550092098036]
2020/03/09 15:41:44 215058	INFO [input.cpp->run:256]	frame times (ms): 688.57
2020/03/09 15:41:44 215060	INFO [input.cpp->run:257]	FPS: 1.45229
2020/03/09 15:41:44 249852	INFO [input.cpp->run:173]	
frame_id 25
2020/03/09 15:41:44 352589	INFO [input.cpp->run:235]	rotation: 
[-0.9775038828481766, -0.009042589302120936, -0.2107234932214525;
 -0.009903272962000578, -0.9960109156179132, 0.08868021850788466;
 -0.2106847982208931, 0.0887721101961603, 0.9735149861455359]
2020/03/09 15:41:44 352646	INFO [input.cpp->run:256]	frame times (ms): 698.785
2020/03/09 15:41:44 352648	INFO [input.cpp->run:257]	FPS: 1.43106
2020/03/09 15:41:44 383126	INFO [input.cpp->run:173]	
frame_id 26
2020/03/09 15:41:44 485366	INFO [input.cpp->run:235]	rotation: 
[-0.9848435239351255, -0.0110107229491136, -0.1730953417720467;
 -0.009872163855282105, -0.9928065466979629, 0.1193218387994421;
 -0.1731640082230088, 0.1192221657822212, 0.9776503983747662]
2020/03/09 15:41:44 485427	INFO [input.cpp->run:256]	frame times (ms): 711.145
2020/03/09 15:41:44 485429	INFO [input.cpp->run:257]	FPS: 1.40618
2020/03/09 15:41:44 517914	INFO [input.cpp->run:173]	
frame_id 27
2020/03/09 15:41:44 623356	INFO [input.cpp->run:235]	rotation: 
[-0.9944282932498141, -0.0124362631811018, -0.1046790759528958;
 -0.002371039439561884, -0.9901267237864764, 0.1401550891542462;
 -0.1053885560971295, 0.1396223843155138, 0.9845805411655335]
2020/03/09 15:41:44 623419	INFO [input.cpp->run:256]	frame times (ms): 739.485
2020/03/09 15:41:44 623423	INFO [input.cpp->run:257]	FPS: 1.35229
2020/03/09 15:41:44 649901	INFO [input.cpp->run:173]	
frame_id 28
2020/03/09 15:41:44 760427	INFO [input.cpp->run:235]	rotation: 
[-0.9702471079371274, -0.01351345944154342, -0.2417393967758708;
 -0.01944188037303284, -0.9908685246033073, 0.1334225627022117;
 -0.2413349598114637, 0.1341527240289466, 0.9611245932803989]
2020/03/09 15:41:44 760483	INFO [input.cpp->run:256]	frame times (ms): 722.513
2020/03/09 15:41:44 760485	INFO [input.cpp->run:257]	FPS: 1.38406
2020/03/09 15:41:44 783133	INFO [input.cpp->run:173]	
frame_id 29
2020/03/09 15:41:44 887676	INFO [input.cpp->run:235]	rotation: 
[-0.9556013978552688, -0.03019836385958818, -0.2931109469761583;
 -0.03253970054911083, -0.9778357129576801, 0.2068296070506339;
 -0.2928602675427832, 0.2071844040577122, 0.9334385284580978]
2020/03/09 15:41:44 887738	INFO [input.cpp->run:256]	frame times (ms): 716.961
2020/03/09 15:41:44 887742	INFO [input.cpp->run:257]	FPS: 1.39478
2020/03/09 15:41:44 916377	INFO [input.cpp->run:173]	
frame_id 30
2020/03/09 15:41:45 017187	INFO [input.cpp->run:235]	rotation: 
[-0.9868239899021343, -0.01403634140209286, -0.1611874501122101;
 -0.01156468723010087, -0.9875627767577145, 0.1567992983780935;
 -0.1613836142949533, 0.1565973916852907, 0.9743883137407082]
2020/03/09 15:41:45 017243	INFO [input.cpp->run:256]	frame times (ms): 713.666
2020/03/09 15:41:45 017246	INFO [input.cpp->run:257]	FPS: 1.40122
2020/03/09 15:41:45 049969	INFO [input.cpp->run:173]	
frame_id 31
2020/03/09 15:41:45 150166	INFO [input.cpp->run:235]	rotation: 
[-0.9834704098648581, -0.007499990192347401, -0.1809135237271183;
 -0.008532452584447464, -0.9961122717855205, 0.08767861341959818;
 -0.1808677698572691, 0.08777295793924161, 0.979582950893621]
2020/03/09 15:41:45 150225	INFO [input.cpp->run:256]	frame times (ms): 684.489
2020/03/09 15:41:45 150227	INFO [input.cpp->run:257]	FPS: 1.46094
2020/03/09 15:41:45 183378	INFO [input.cpp->run:173]	
frame_id 32
2020/03/09 15:41:45 280334	INFO [input.cpp->run:235]	rotation: 
[-0.9865706758055168, -0.01846826428848303, -0.1622874759641562;
 -0.01113056555593505, -0.9836755815089756, 0.1796064053796068;
 -0.1629552458531203, 0.1790007641244846, 0.9702599209963282]
2020/03/09 15:41:45 280398	INFO [input.cpp->run:256]	frame times (ms): 702.281
2020/03/09 15:41:45 280422	INFO [input.cpp->run:257]	FPS: 1.42393
2020/03/09 15:41:45 316091	INFO [input.cpp->run:173]	
frame_id 33
2020/03/09 15:41:45 416272	INFO [input.cpp->run:235]	rotation: 
[-0.9804763425537822, -0.005638713207257974, -0.1965562174181332;
 -0.006547748760983063, -0.9980982200192625, 0.06129494416787423;
 -0.1965280353499755, 0.06138524340381871, 0.9785747713965105]
2020/03/09 15:41:45 416335	INFO [input.cpp->run:256]	frame times (ms): 690.341
2020/03/09 15:41:45 416339	INFO [input.cpp->run:257]	FPS: 1.44856
2020/03/09 15:41:45 449679	INFO [input.cpp->run:173]	
frame_id 34
2020/03/09 15:41:45 551661	INFO [input.cpp->run:235]	rotation: 
[-0.9904030497969032, -0.01355741527368283, -0.1375427040743707;
 -0.008322804211287322, -0.9875207806097899, 0.15726868344935;
 -0.137958435345772, 0.1569041247224821, 0.9779307571408206]
2020/03/09 15:41:45 551720	INFO [input.cpp->run:256]	frame times (ms): 687.842
2020/03/09 15:41:45 551723	INFO [input.cpp->run:257]	FPS: 1.45382
2020/03/09 15:41:45 583858	INFO [input.cpp->run:173]	
frame_id 35
2020/03/09 15:41:45 684475	INFO [input.cpp->run:235]	rotation: 
[-0.9878176251054726, -0.01981296710869506, -0.1543495573862583;
 -0.009132193053718105, -0.9827717489914402, 0.1845976501322142;
 -0.1553478116389597, 0.183758362309462, 0.970618319268872]
2020/03/09 15:41:45 684535	INFO [input.cpp->run:256]	frame times (ms): 707.178
2020/03/09 15:41:45 684539	INFO [input.cpp->run:257]	FPS: 1.41407
2020/03/09 15:41:45 716920	INFO [input.cpp->run:173]	
frame_id 36
2020/03/09 15:41:45 819581	INFO [input.cpp->run:235]	rotation: 
[-0.94453978301084, -0.02824424232995001, -0.3271801660936102;
 -0.03035045585497929, -0.984522681434106, 0.1726092105630306;
 -0.3269915108060609, 0.1729663334785262, 0.929063614261028]
2020/03/09 15:41:45 819641	INFO [input.cpp->run:256]	frame times (ms): 695.104
2020/03/09 15:41:45 819645	INFO [input.cpp->run:257]	FPS: 1.43863
2020/03/09 15:41:45 850796	INFO [input.cpp->run:173]	
frame_id 37
2020/03/09 15:41:45 955164	INFO [input.cpp->run:235]	rotation: 
[-0.9891011024319067, -0.01450014041253712, -0.1465222000107952;
 -0.00818145818495038, -0.9881888655916705, 0.1530223175311868;
 -0.1470104517031176, 0.1525533082193374, 0.9773000640751957]
2020/03/09 15:41:45 955245	INFO [input.cpp->run:256]	frame times (ms): 698.016
2020/03/09 15:41:45 955250	INFO [input.cpp->run:257]	FPS: 1.43263
2020/03/09 15:41:45 983598	INFO [input.cpp->run:173]	
frame_id 38
2020/03/09 15:41:46 087143	INFO [input.cpp->run:235]	rotation: 
[-0.9879322696547235, -0.0106291691396956, -0.1545213620774371;
 -0.009975695093205752, -0.9912045405506689, 0.13196228362356;
 -0.1545649251359249, 0.1319112563625153, 0.9791369180878573]
2020/03/09 15:41:46 087198	INFO [input.cpp->run:256]	frame times (ms): 716.267
2020/03/09 15:41:46 087201	INFO [input.cpp->run:257]	FPS: 1.39613
2020/03/09 15:41:46 117072	INFO [input.cpp->run:173]	
frame_id 39
2020/03/09 15:41:46 216552	INFO [input.cpp->run:235]	rotation: 
[-0.989559431756394, -0.01045784827001947, -0.143745484908305;
 -0.006458129438557419, -0.9931447735292698, 0.1167122588919019;
 -0.1439806361498564, 0.1164220435358217, 0.9827082396076801]
2020/03/09 15:41:46 216616	INFO [input.cpp->run:256]	frame times (ms): 713.419
2020/03/09 15:41:46 216621	INFO [input.cpp->run:257]	FPS: 1.4017
2020/03/09 15:41:46 250203	INFO [input.cpp->run:173]	
frame_id 40
2020/03/09 15:41:46 352154	INFO [input.cpp->run:235]	rotation: 
[-0.984032257635147, -0.00811337185479331, -0.1778051999538302;
 -0.008460133917207017, -0.99569941826552, 0.09225559386729899;
 -0.1777890380973433, 0.09228673611549464, 0.9797317062694104]
2020/03/09 15:41:46 352216	INFO [input.cpp->run:256]	frame times (ms): 687.671
2020/03/09 15:41:46 352220	INFO [input.cpp->run:257]	FPS: 1.45418
2020/03/09 15:41:46 383737	INFO [input.cpp->run:173]	
frame_id 41
2020/03/09 15:41:46 492512	INFO [input.cpp->run:235]	rotation: 
[-0.9914833947123585, -0.01519468269645639, -0.1293437266643097;
 -0.001836547364452473, -0.9914403271731344, 0.1305477106218507;
 -0.1302202177215034, 0.129673433179593, 0.9829687154858904]
2020/03/09 15:41:46 492594	INFO [input.cpp->run:256]	frame times (ms): 673.22
2020/03/09 15:41:46 492598	INFO [input.cpp->run:257]	FPS: 1.4854
2020/03/09 15:41:46 516256	INFO [input.cpp->run:173]	
frame_id 42
2020/03/09 15:41:46 619275	INFO [input.cpp->run:235]	rotation: 
[-0.9865719596928993, -0.01732860292412708, -0.1624053197047749;
 -0.01572166564448666, -0.9796626206986125, 0.2000349440355097;
 -0.1625687472335171, 0.1999021488794566, 0.9662352370392522]
2020/03/09 15:41:46 619344	INFO [input.cpp->run:256]	frame times (ms): 665.981
2020/03/09 15:41:46 619351	INFO [input.cpp->run:257]	FPS: 1.50154
2020/03/09 15:41:46 650017	INFO [input.cpp->run:173]	
frame_id 43
2020/03/09 15:41:46 747483	INFO [input.cpp->run:235]	rotation: 
[-0.9927087083097025, -0.01284237809695903, -0.1198519660702186;
 -0.007090167975142251, -0.9863653726486072, 0.1644173991944232;
 -0.1203293395816928, 0.1640683545495255, 0.9790824403855094]
2020/03/09 15:41:46 747546	INFO [input.cpp->run:256]	frame times (ms): 654.402
2020/03/09 15:41:46 747551	INFO [input.cpp->run:257]	FPS: 1.52811
2020/03/09 15:41:46 782739	INFO [input.cpp->run:173]	
frame_id 44
2020/03/09 15:41:46 877759	INFO [input.cpp->run:235]	rotation: 
[-0.9890256336031287, -0.004058517346356006, -0.1476882680272175;
 -0.006762715290435864, -0.9973312969856919, 0.07269490858882906;
 -0.1475891654486549, 0.07289590173519382, 0.986358771316189]
2020/03/09 15:41:46 877822	INFO [input.cpp->run:256]	frame times (ms): 617.354
2020/03/09 15:41:46 877826	INFO [input.cpp->run:257]	FPS: 1.61982
2020/03/09 15:41:46 917568	INFO [input.cpp->run:173]	
frame_id 45
2020/03/09 15:41:47 008972	INFO [input.cpp->run:235]	rotation: 
[-0.9900324824780142, -0.01034764219843389, -0.1404585701883426;
 -0.01010423116097186, -0.9895089289954873, 0.1441179515218328;
 -0.1404762903520235, 0.1441006791765288, 0.9795414264388196]
2020/03/09 15:41:47 009029	INFO [input.cpp->run:256]	frame times (ms): 617.061
2020/03/09 15:41:47 009033	INFO [input.cpp->run:257]	FPS: 1.62059
2020/03/09 15:41:47 050750	INFO [input.cpp->run:173]	
frame_id 46
2020/03/09 15:41:47 138978	INFO [input.cpp->run:235]	rotation: 
[-0.9750467793665852, -0.003490557131902872, -0.2219720569300526;
 -0.02252231871783811, -0.9931620890324199, 0.1145504695247114;
 -0.2208540767258366, 0.1166913917976327, 0.9683008808598237]
2020/03/09 15:41:47 139036	INFO [input.cpp->run:256]	frame times (ms): 587.728
2020/03/09 15:41:47 139038	INFO [input.cpp->run:257]	FPS: 1.70147
2020/03/09 15:41:47 182920	INFO [input.cpp->run:173]	
frame_id 47
2020/03/09 15:41:47 269850	INFO [input.cpp->run:235]	rotation: 
[-0.9815159351829301, -0.02132525680145846, -0.1901885969355944;
 -0.02571327628714098, -0.9700674434947619, 0.2414704588435572;
 -0.1896451855559726, 0.2418974751705539, 0.9515883117722452]
2020/03/09 15:41:47 269910	INFO [input.cpp->run:256]	frame times (ms): 569.585
2020/03/09 15:41:47 269918	INFO [input.cpp->run:257]	FPS: 1.75566
2020/03/09 15:41:47 316388	INFO [input.cpp->run:173]	
frame_id 48
2020/03/09 15:41:47 404178	INFO [input.cpp->run:235]	rotation: 
[0.9999691912374251, -0.007385689760472383, -0.00265860164971515;
 0.007352866594008607, 0.9998991387301371, -0.01215103779850648;
 0.002748077295224242, 0.01213111509681094, 0.9999226390664867]
2020/03/09 15:41:47 404236	INFO [input.cpp->run:256]	frame times (ms): 562.762
2020/03/09 15:41:47 404239	INFO [input.cpp->run:257]	FPS: 1.77695
2020/03/09 15:41:47 451269	INFO [input.cpp->run:173]	
frame_id 49
2020/03/09 15:41:47 540273	INFO [input.cpp->run:235]	rotation: 
[-0.970171191862596, -0.008812080686061204, -0.2422606152759714;
 -0.02202678257983448, -0.9920010209433388, 0.1242931828241364;
 -0.2414180592438987, 0.1259218872212287, 0.9622167110321632]
2020/03/09 15:41:47 540330	INFO [input.cpp->run:256]	frame times (ms): 567.331
2020/03/09 15:41:47 540332	INFO [input.cpp->run:257]	FPS: 1.76264
2020/03/09 15:41:47 583090	INFO [input.cpp->run:173]	
frame_id 50
2020/03/09 15:41:47 665186	INFO [input.cpp->run:235]	rotation: 
[-0.9798173733608909, -0.01305146877742858, -0.1994682281039168;
 -0.02515953669823235, -0.9818786951465138, 0.187832972958716;
 -0.1983050997158033, 0.1890605384000883, 0.9617334351298046]
2020/03/09 15:41:47 665245	INFO [input.cpp->run:256]	frame times (ms): 548.473
2020/03/09 15:41:47 665247	INFO [input.cpp->run:257]	FPS: 1.82324
2020/03/09 15:41:47 717787	INFO [input.cpp->run:173]	
frame_id 51
2020/03/09 15:41:47 799916	INFO [input.cpp->run:235]	rotation: 
[-0.9756297498202453, -0.007632781477724331, -0.219290519431641;
 -0.01771008574280116, -0.9933950433532273, 0.1133694875362073;
 -0.2187074395823522, 0.1144902986639171, 0.9690505804049547]
2020/03/09 15:41:47 799984	INFO [input.cpp->run:256]	frame times (ms): 530.366
2020/03/09 15:41:47 799990	INFO [input.cpp->run:257]	FPS: 1.88549
2020/03/09 15:41:47 849955	INFO [input.cpp->run:173]	
frame_id 52
2020/03/09 15:41:47 935283	INFO [input.cpp->run:235]	rotation: 
[-0.9658838133526049, -0.01972764684472307, -0.2582233123739995;
 -0.02132555726329268, -0.9876493648173635, 0.1552222689670149;
 -0.2580962605518342, 0.155433433101853, 0.9535338316826163]
2020/03/09 15:41:47 935341	INFO [input.cpp->run:256]	frame times (ms): 517.638
2020/03/09 15:41:47 935345	INFO [input.cpp->run:257]	FPS: 1.93185
2020/03/09 15:41:47 983431	INFO [input.cpp->run:173]	
frame_id 53
2020/03/09 15:41:48 065894	INFO [input.cpp->run:235]	rotation: 
[-0.9588908146170204, -0.009324121526801302, -0.2836220485097385;
 -0.03176248333689039, -0.9896532396402218, 0.1399200125853607;
 -0.2819921103424364, 0.1431765554389655, 0.9486732438923593]
2020/03/09 15:41:48 065950	INFO [input.cpp->run:256]	frame times (ms): 504.931
2020/03/09 15:41:48 065952	INFO [input.cpp->run:257]	FPS: 1.98047
2020/03/09 15:41:48 117032	INFO [input.cpp->run:173]	
frame_id 54
2020/03/09 15:41:48 199174	INFO [input.cpp->run:235]	rotation: 
[0.9999273506308047, -0.01142707163677636, -0.003836077979859757;
 0.01144419159550057, 0.9999245174877142, 0.004470996050944077;
 0.003784698030894631, -0.004514572047278098, 0.9999826471994626]
2020/03/09 15:41:48 199249	INFO [input.cpp->run:256]	frame times (ms): 510.704
2020/03/09 15:41:48 199253	INFO [input.cpp->run:257]	FPS: 1.95808
2020/03/09 15:41:48 250228	INFO [input.cpp->run:173]	
frame_id 55
2020/03/09 15:41:48 331335	INFO [input.cpp->run:235]	rotation: 
[-0.9797316232460165, -0.01167473063439074, -0.1999741160158983;
 -0.01347287817088446, -0.9921990761732187, 0.1239333481949223;
 -0.1998610216263242, 0.1241156473037375, 0.9719315192588698]
2020/03/09 15:41:48 331392	INFO [input.cpp->run:256]	frame times (ms): 476.82
2020/03/09 15:41:48 331395	INFO [input.cpp->run:257]	FPS: 2.09723
2020/03/09 15:41:48 383430	INFO [input.cpp->run:173]	
frame_id 56
2020/03/09 15:41:48 461039	INFO [input.cpp->run:235]	rotation: 
[-0.9781339016938867, -0.01111402864176674, -0.2076789559017572;
 -0.02599362178168678, -0.9842081651506777, 0.1750960287311138;
 -0.2063453464068542, 0.1766656899855951, 0.9623984788008279]
2020/03/09 15:41:48 461098	INFO [input.cpp->run:256]	frame times (ms): 466.861
2020/03/09 15:41:48 461100	INFO [input.cpp->run:257]	FPS: 2.14197
2020/03/09 15:41:48 516768	INFO [input.cpp->run:173]	
frame_id 57
2020/03/09 15:41:48 593016	INFO [input.cpp->run:235]	rotation: 
[-0.9789037025167455, -0.01341784337849029, -0.2038810993645003;
 -0.02030904541312666, -0.9865102092571406, 0.1624350630431749;
 -0.2033103142327375, 0.1631489151373768, 0.9654259928218648]
2020/03/09 15:41:48 593073	INFO [input.cpp->run:256]	frame times (ms): 461.909
2020/03/09 15:41:48 593089	INFO [input.cpp->run:257]	FPS: 2.16493
2020/03/09 15:41:48 650595	INFO [input.cpp->run:173]	
frame_id 58
2020/03/09 15:41:48 723737	INFO [input.cpp->run:235]	rotation: 
[-0.9689659753892118, -0.02046538339204217, -0.2463455025378992;
 -0.03967435213044539, -0.9707720657368925, 0.2367013776215846;
 -0.2439895168261596, 0.2391291794565091, 0.939833150730167]
2020/03/09 15:41:48 723809	INFO [input.cpp->run:256]	frame times (ms): 451.722
2020/03/09 15:41:48 723813	INFO [input.cpp->run:257]	FPS: 2.21375
2020/03/09 15:41:48 783328	INFO [input.cpp->run:173]	
frame_id 59
2020/03/09 15:41:48 857518	INFO [input.cpp->run:235]	rotation: 
[-0.9714667498539158, -0.01343923979689641, -0.2367947228338313;
 -0.02882550456128709, -0.984302008563794, 0.1741225034970147;
 -0.2354175953811793, 0.1759799499118073, 0.9558292802660848]
2020/03/09 15:41:48 857582	INFO [input.cpp->run:256]	frame times (ms): 444.777
2020/03/09 15:41:48 857585	INFO [input.cpp->run:257]	FPS: 2.24832
2020/03/09 15:41:48 917321	INFO [input.cpp->run:173]	
frame_id 60
2020/03/09 15:41:48 990361	INFO [input.cpp->run:235]	rotation: 
[0.999972483648102, -0.006841800682825096, -0.002867352448313223;
 0.006891353426144485, 0.9998205890327856, 0.01764366725172385;
 0.002746123559186744, -0.01766294170148563, 0.9998402268841995]
2020/03/09 15:41:48 990421	INFO [input.cpp->run:256]	frame times (ms): 440.681
2020/03/09 15:41:48 990426	INFO [input.cpp->run:257]	FPS: 2.26922
2020/03/09 15:41:49 050289	INFO [input.cpp->run:173]	
frame_id 61
2020/03/09 15:41:49 122967	INFO [input.cpp->run:235]	rotation: 
[-0.9991204790160706, 0.008543008009354749, 0.04105222801322442;
 -0.008402361008957212, -0.9999582287439299, 0.003597373594357052;
 0.04108124560152507, 0.003249273988804643, 0.9991505259360935]
2020/03/09 15:41:49 123030	INFO [input.cpp->run:256]	frame times (ms): 426.656
2020/03/09 15:41:49 123034	INFO [input.cpp->run:257]	FPS: 2.34381
2020/03/09 15:41:49 183281	INFO [input.cpp->run:173]	
frame_id 62
2020/03/09 15:41:49 255944	INFO [input.cpp->run:235]	rotation: 
[-0.9730409876109899, -0.01350627715563611, -0.230236436965187;
 -0.02157166096391093, -0.9885777135494652, 0.149160208221126;
 -0.229621209543647, 0.1501055786794971, 0.9616352818906992]
2020/03/09 15:41:49 256007	INFO [input.cpp->run:256]	frame times (ms): 441.601
2020/03/09 15:41:49 256011	INFO [input.cpp->run:257]	FPS: 2.26449
2020/03/09 15:41:49 316839	INFO [input.cpp->run:173]	
frame_id 63
2020/03/09 15:41:49 390472	INFO [input.cpp->run:235]	rotation: 
[-0.9390350705562236, -0.01492415212465014, -0.3434973157811114;
 -0.02909992716118067, -0.9920229092495648, 0.1226529321428704;
 -0.3425876975384292, 0.1251711516579994, 0.9311100108407858]
2020/03/09 15:41:49 390530	INFO [input.cpp->run:256]	frame times (ms): 441.169
2020/03/09 15:41:49 390532	INFO [input.cpp->run:257]	FPS: 2.26671
2020/03/09 15:41:49 450552	INFO [input.cpp->run:173]	
frame_id 64
2020/03/09 15:41:49 524122	INFO [input.cpp->run:235]	rotation: 
[-0.9995606575205077, 0.002791594789116407, -0.02950760809865113;
 -0.003088491218086228, -0.9999450198078268, 0.01002090732022665;
 -0.02947801145202993, 0.01010763869843723, 0.9995143232994584]
2020/03/09 15:41:49 524183	INFO [input.cpp->run:256]	frame times (ms): 442.318
2020/03/09 15:41:49 524200	INFO [input.cpp->run:257]	FPS: 2.26082
2020/03/09 15:41:49 584408	INFO [input.cpp->run:173]	
frame_id 65
2020/03/09 15:41:49 658852	INFO [input.cpp->run:235]	rotation: 
[-0.9410536909977696, -0.02560952232086375, -0.337286381323011;
 -0.0471449221378534, -0.9774672478150778, 0.205755038250423;
 -0.3349556791220148, 0.2095278783725795, 0.9186418024500055]
2020/03/09 15:41:49 658908	INFO [input.cpp->run:256]	frame times (ms): 433.932
2020/03/09 15:41:49 658910	INFO [input.cpp->run:257]	FPS: 2.30451
2020/03/09 15:41:49 717293	INFO [input.cpp->run:173]	
frame_id 66
2020/03/09 15:41:49 792175	INFO [input.cpp->run:235]	rotation: 
[-0.9851267241246551, 0.004517701491508827, 0.1717699851215552;
 -0.001612132842304879, -0.9998533181137931, 0.0170511959855297;
 0.1718218217896797, 0.01652067280929566, 0.984989507013554]
2020/03/09 15:41:49 792243	INFO [input.cpp->run:256]	frame times (ms): 432.528
2020/03/09 15:41:49 792246	INFO [input.cpp->run:257]	FPS: 2.31199
2020/03/09 15:41:49 851687	INFO [input.cpp->run:173]	
frame_id 67
2020/03/09 15:41:49 934985	INFO [input.cpp->run:235]	rotation: 
[0.9999932500315306, 0.002467958232884712, -0.002721961340178018;
 -0.002464935152020338, 0.9999963421863308, 0.001113422047122769;
 0.002724699262858492, -0.001106705073369212, 0.9999956755995536]
2020/03/09 15:41:49 935048	INFO [input.cpp->run:256]	frame times (ms): 445.838
2020/03/09 15:41:49 935052	INFO [input.cpp->run:257]	FPS: 2.24297
2020/03/09 15:41:49 983227	INFO [input.cpp->run:173]	
frame_id 68
2020/03/09 15:41:50 057520	INFO [input.cpp->run:235]	rotation: 
[0.9999925820117018, -0.002236779306592608, -0.003135719997614112;
 0.002226205239821371, 0.9999918382026616, -0.003371578012165755;
 0.003143235880431157, 0.003364572245550213, 0.9999893998047201]
2020/03/09 15:41:50 057579	INFO [input.cpp->run:256]	frame times (ms): 443.952
2020/03/09 15:41:50 057585	INFO [input.cpp->run:257]	FPS: 2.2525
2020/03/09 15:41:50 116726	INFO [input.cpp->run:173]	
frame_id 69
2020/03/09 15:41:50 192193	INFO [input.cpp->run:235]	rotation: 
[-0.9102842190133611, -0.05175644269069614, -0.4107358168643683;
 -0.03594957913991384, -0.9785237046491497, 0.2029753364312194;
 -0.4124200145178436, 0.1995310253562295, 0.8888740639401023]
2020/03/09 15:41:50 192251	INFO [input.cpp->run:256]	frame times (ms): 469.865
2020/03/09 15:41:50 192253	INFO [input.cpp->run:257]	FPS: 2.12827
2020/03/09 15:41:50 250070	INFO [input.cpp->run:173]	
frame_id 70
2020/03/09 15:41:50 325989	INFO [input.cpp->run:235]	rotation: 
[-0.9223370442916643, -0.03049905153273935, -0.3851807167848877;
 -0.02553400995184915, -0.9898895314822567, 0.1395232231480378;
 -0.3855416852469983, 0.1385226455040532, 0.9122330215572466]
2020/03/09 15:41:50 326050	INFO [input.cpp->run:256]	frame times (ms): 470.798
2020/03/09 15:41:50 326054	INFO [input.cpp->run:257]	FPS: 2.12405
2020/03/09 15:41:50 383689	INFO [input.cpp->run:173]	
frame_id 71
2020/03/09 15:41:50 455082	INFO [input.cpp->run:235]	rotation: 
[-0.9475947088176973, -0.02456388524892469, -0.318529250402818;
 -0.04057458434635363, -0.9797125248490364, 0.1962576667522746;
 -0.3168879469557404, 0.1988969185166122, 0.9273737352754671]
2020/03/09 15:41:50 455137	INFO [input.cpp->run:256]	frame times (ms): 459.703
2020/03/09 15:41:50 455156	INFO [input.cpp->run:257]	FPS: 2.17532
2020/03/09 15:41:50 516459	INFO [input.cpp->run:173]	
frame_id 72
2020/03/09 15:41:50 595965	INFO [input.cpp->run:235]	rotation: 
[0.9999815399341787, -0.004649442836983433, -0.003911837442198493;
 0.004681116431418767, 0.9999560181922417, 0.008127043132207863;
 0.003873879170039229, -0.008145204872984424, 0.9999593235215886]
2020/03/09 15:41:50 596022	INFO [input.cpp->run:256]	frame times (ms): 473.738
2020/03/09 15:41:50 596025	INFO [input.cpp->run:257]	FPS: 2.11087
2020/03/09 15:41:50 650469	INFO [input.cpp->run:173]	
frame_id 73
2020/03/09 15:41:50 726847	INFO [input.cpp->run:235]	rotation: 
[-0.9482592100625782, -0.02767760504591521, -0.31628850866008;
 -0.03191226675080626, -0.9828394936254455, 0.181681416223298;
 -0.3158893441734313, 0.1823745594895302, 0.9311033467283204]
2020/03/09 15:41:50 726908	INFO [input.cpp->run:256]	frame times (ms): 488.174
2020/03/09 15:41:50 726913	INFO [input.cpp->run:257]	FPS: 2.04845
2020/03/09 15:41:50 783390	INFO [input.cpp->run:173]	
frame_id 74
2020/03/09 15:41:50 862233	INFO [input.cpp->run:235]	rotation: 
[-0.9962029913815547, 0.003386493453449814, 0.08699500919323958;
 -0.003286973661470817, -0.9999937694498627, 0.001287192916253589;
 0.08699882623685731, 0.0009963551297593823, 0.9962079158036563]
2020/03/09 15:41:50 862296	INFO [input.cpp->run:256]	frame times (ms): 484.89
2020/03/09 15:41:50 862298	INFO [input.cpp->run:257]	FPS: 2.06232
2020/03/09 15:41:50 918645	INFO [input.cpp->run:173]	
frame_id 75
2020/03/09 15:41:51 001405	INFO [input.cpp->run:235]	rotation: 
[-0.9511399050575323, -0.02636179414492989, -0.307632795417863;
 -0.02809978783173804, -0.9848231781526212, 0.1712708664577305;
 -0.3074789146119775, 0.1715469719430535, 0.935963863344205]
2020/03/09 15:41:51 001469	INFO [input.cpp->run:256]	frame times (ms): 493.636
2020/03/09 15:41:51 001473	INFO [input.cpp->run:257]	FPS: 2.02578
2020/03/09 15:41:51 050429	INFO [input.cpp->run:173]	
frame_id 76
2020/03/09 15:41:51 130406	INFO [input.cpp->run:235]	rotation: 
[-0.9414006162787769, -0.02888260551986377, -0.3360515953961876;
 -0.04261844990433239, -0.978155464577108, 0.2034589758297575;
 -0.3345871297550026, 0.2058584033172459, 0.9196052252928881]
2020/03/09 15:41:51 130476	INFO [input.cpp->run:256]	frame times (ms): 518.968
2020/03/09 15:41:51 130479	INFO [input.cpp->run:257]	FPS: 1.9269
2020/03/09 15:41:51 183976	INFO [input.cpp->run:173]	
frame_id 77
2020/03/09 15:41:51 269511	INFO [input.cpp->run:235]	rotation: 
[-0.9998377312634892, 0.005871941256699217, 0.0170303096788274;
 -0.005700040745951505, -0.9999324963497513, 0.01012483477638191;
 0.01708861250579992, 0.01002611837314987, 0.9998037088713929]
2020/03/09 15:41:51 269576	INFO [input.cpp->run:256]	frame times (ms): 537.863
2020/03/09 15:41:51 269581	INFO [input.cpp->run:257]	FPS: 1.85921
2020/03/09 15:41:51 317720	INFO [input.cpp->run:173]	
frame_id 78
2020/03/09 15:41:51 399002	INFO [input.cpp->run:235]	rotation: 
[-0.9536671865655136, -0.01586763144624064, -0.3004448627294266;
 -0.02723526888959636, -0.9899552442059375, 0.1387330335488779;
 -0.2996283320995015, 0.1404878384111913, 0.9436556733585725]
2020/03/09 15:41:51 399060	INFO [input.cpp->run:256]	frame times (ms): 569.176
2020/03/09 15:41:51 399063	INFO [input.cpp->run:257]	FPS: 1.75693
2020/03/09 15:41:51 449955	INFO [input.cpp->run:173]	
frame_id 79
2020/03/09 15:41:51 540540	INFO [input.cpp->run:235]	rotation: 
[-0.9999265973747412, 0.002573807335944854, 0.01183956833544454;
 -0.002550539047253377, -0.9999947872046906, 0.001979978286233974;
 0.01184460270083638, 0.001949635669287633, 0.9999279495581754]
2020/03/09 15:41:51 540604	INFO [input.cpp->run:256]	frame times (ms): 581.448
2020/03/09 15:41:51 540607	INFO [input.cpp->run:257]	FPS: 1.71984
2020/03/09 15:41:51 583498	INFO [input.cpp->run:173]	
frame_id 80
2020/03/09 15:41:51 668993	INFO [input.cpp->run:235]	rotation: 
[-0.9376921482333536, -0.03210940343268149, -0.3459803771208937;
 -0.04214680386260263, -0.9778582268645483, 0.2049803285134671;
 -0.3449015541653674, 0.2067904116841951, 0.9155766726876544]
2020/03/09 15:41:51 669053	INFO [input.cpp->run:256]	frame times (ms): 590.902
2020/03/09 15:41:51 669057	INFO [input.cpp->run:257]	FPS: 1.69233
2020/03/09 15:41:51 717091	INFO [input.cpp->run:173]	
frame_id 81
2020/03/09 15:41:51 806326	INFO [input.cpp->run:235]	rotation: 
[0.9999852699846477, 0.004762664522173849, -0.002603236520304988;
 -0.004785048555974608, 0.9999510437276056, -0.008661031023449674;
 0.002561859490367963, 0.008673360059482075, 0.9999591040143743]
2020/03/09 15:41:51 806388	INFO [input.cpp->run:256]	frame times (ms): 611.669
2020/03/09 15:41:51 806393	INFO [input.cpp->run:257]	FPS: 1.63487
2020/03/09 15:41:51 851717	INFO [input.cpp->run:173]	
frame_id 82
2020/03/09 15:41:51 942335	INFO [input.cpp->run:235]	rotation: 
[0.9999967262857951, -0.002023108342837388, -0.001566668543673537;
 0.002036052109424327, 0.9999634406889044, 0.0083049248892195;
 0.001549809504520847, -0.008308087520062036, 0.9999642862483933]
2020/03/09 15:41:51 942394	INFO [input.cpp->run:256]	frame times (ms): 633.533
2020/03/09 15:41:51 942400	INFO [input.cpp->run:257]	FPS: 1.57845
2020/03/09 15:41:51 983851	INFO [input.cpp->run:173]	
frame_id 83
2020/03/09 15:41:52 072686	INFO [input.cpp->run:235]	rotation: 
[0.9999825135823801, 0.00510720463942145, -0.002981440966371336;
 -0.005121184373317667, 0.9999758401833705, -0.004700268096266018;
 0.002957363704276522, 0.004715454414302111, 0.9999845091248101]
2020/03/09 15:41:52 072750	INFO [input.cpp->run:256]	frame times (ms): 641.222
2020/03/09 15:41:52 072754	INFO [input.cpp->run:257]	FPS: 1.55952
2020/03/09 15:41:52 117415	INFO [input.cpp->run:173]	
frame_id 84
2020/03/09 15:41:52 203916	INFO [input.cpp->run:235]	rotation: 
[0.9999877059749105, 0.004679478289208498, -0.001640238390218716;
 -0.004695855185164301, 0.9999376942872001, -0.01012701770897153;
 0.00159274703449309, 0.01013459552911135, 0.9999473751804869]
