		g3log created log at: Sun Mar 08 15:23:44 2020
		LOG format: [YYYY/MM/DD hh:mm:ss uuu* LEVEL FILE->FUNCTION:LINE] message		(uuu*: microseconds fractions of the seconds value)

2020/03/08 15:23:44 110772	INFO [g3logger.h->logBanner:29]	Starting log.
2020/03/08 15:23:44 113076	DEBUG [main.cpp->main:49]	Filepath: /home/mitchell/KITTI/data_odometry_gray/dataset/sequences/00/
2020/03/08 15:23:44 113080	DEBUG [main.cpp->main:53]	Calibration Filepath: /home/mitchell/visual_odom_ws/src/visual_odom/calibration/zed.yaml
2020/03/08 15:23:44 113155	INFO [main.cpp->main:67]	P_left: 
[684.35999, 0, 689.89001, 0;
 0, 684.35999, 406.87, 0;
 0, 0, 1, 0]
2020/03/08 15:23:44 113162	INFO [main.cpp->main:68]	P_right: 
[684.35999, 0, 689.89001, -82.120003;
 0, 684.35999, 406.87, 0;
 0, 0, 1, 0]
2020/03/08 15:23:44 199377	INFO [input.cpp->Input:22]	frame_pose [1, 0, 0, 0;
 0, 1, 0, 0;
 0, 0, 1, 0;
 0, 0, 0, 1]
2020/03/08 15:23:44 483221	INFO [input.cpp->run:173]	
frame_id 1
2020/03/08 15:23:44 507293	INFO [input.cpp->run:196]	Not enough points
2020/03/08 15:23:44 535111	INFO [input.cpp->run:173]	
frame_id 2
2020/03/08 15:23:44 547552	INFO [input.cpp->run:196]	Not enough points
2020/03/08 15:23:44 601693	INFO [input.cpp->run:173]	
frame_id 3
2020/03/08 15:23:44 614335	INFO [input.cpp->run:196]	Not enough points
2020/03/08 15:23:44 672980	INFO [input.cpp->run:173]	
frame_id 4
2020/03/08 15:23:44 678050	INFO [input.cpp->run:196]	Not enough points
2020/03/08 15:23:44 735600	INFO [input.cpp->run:173]	
frame_id 5
2020/03/08 15:23:44 750577	INFO [input.cpp->run:196]	Not enough points
2020/03/08 15:23:44 795734	INFO [input.cpp->run:173]	
frame_id 6
2020/03/08 15:23:44 802119	INFO [input.cpp->run:196]	Not enough points
2020/03/08 15:23:44 862319	INFO [input.cpp->run:173]	
frame_id 7
2020/03/08 15:23:44 868637	INFO [input.cpp->run:196]	Not enough points
2020/03/08 15:23:44 929005	INFO [input.cpp->run:173]	
frame_id 8
2020/03/08 15:23:44 935507	INFO [input.cpp->run:196]	Not enough points
2020/03/08 15:23:45 001327	INFO [input.cpp->run:173]	
frame_id 9
2020/03/08 15:23:45 014057	INFO [input.cpp->run:196]	Not enough points
2020/03/08 15:23:45 068179	INFO [input.cpp->run:173]	
frame_id 10
2020/03/08 15:23:45 081406	INFO [input.cpp->run:196]	Not enough points
2020/03/08 15:23:45 134908	INFO [input.cpp->run:173]	
frame_id 11
2020/03/08 15:23:45 156367	WARNING [visualOdometry.cpp->trackingFrame2Frame:179]	The Estimated Rotation and translation matrices(using getTransformation function) are : 
   0.999829  -0.0158692  0.00952357   -0.209657
  0.0160732    0.999634  -0.0217616    0.409438
-0.00917491   0.0219107    0.999718   0.0379553
          0           0           0           1
2020/03/08 15:23:45 241884	INFO [input.cpp->run:235]	rotation: 
[0.999829113483429, -0.01586918532848358, 0.009523570537567139;
 0.01607322692871094, 0.999634325504303, -0.02176164090633392;
 -0.009174913167953491, 0.02191074192523956, 0.9997180700302124]
2020/03/08 15:23:45 241932	INFO [input.cpp->run:256]	frame times (ms): 101.167
2020/03/08 15:23:45 241936	INFO [input.cpp->run:257]	FPS: 9.88465
2020/03/08 15:23:45 247199	INFO [input.cpp->run:173]	
frame_id 12
2020/03/08 15:23:45 250036	WARNING [visualOdometry.cpp->trackingFrame2Frame:179]	The Estimated Rotation and translation matrices(using getTransformation function) are : 
   0.999985  0.00384483  0.00387985  -0.0166044
-0.00389269    0.999916   0.0123821   -0.180029
-0.00383201  -0.0123973    0.999916   -0.112582
          0           0           0           1
2020/03/08 15:23:45 250174	INFO [input.cpp->run:235]	rotation: 
[0.9999849200248718, 0.00384482741355896, 0.003879845142364502;
 -0.003892689943313599, 0.999915599822998, 0.01238210499286652;
 -0.003832012414932251, -0.01239725947380066, 0.9999157786369324]
2020/03/08 15:23:45 250194	INFO [input.cpp->run:256]	frame times (ms): 6.293
2020/03/08 15:23:45 250198	INFO [input.cpp->run:257]	FPS: 158.907
2020/03/08 15:23:45 258618	INFO [input.cpp->run:173]	
frame_id 13
2020/03/08 15:23:45 261406	INFO [input.cpp->run:196]	Not enough points
2020/03/08 15:23:45 325685	INFO [input.cpp->run:173]	
frame_id 14
2020/03/08 15:23:45 328510	WARNING [visualOdometry.cpp->trackingFrame2Frame:179]	The Estimated Rotation and translation matrices(using getTransformation function) are : 
   0.999997 -0.00205636  0.00147319  -0.0724325
 0.00205959    0.999995 -0.00222956    0.022655
-0.00146869  0.00223255    0.999996   0.0473881
          0           0           0           1
2020/03/08 15:23:45 328648	INFO [input.cpp->run:235]	rotation: 
[0.9999968409538269, -0.002056360244750977, 0.001473188400268555;
 0.002059593796730042, 0.9999954700469971, -0.002229556441307068;
 -0.001468688249588013, 0.002232551574707031, 0.9999964237213135]
2020/03/08 15:23:45 328667	INFO [input.cpp->run:256]	frame times (ms): 5.944
2020/03/08 15:23:45 328677	INFO [input.cpp->run:257]	FPS: 168.237
2020/03/08 15:23:45 392109	INFO [input.cpp->run:173]	
frame_id 15
2020/03/08 15:23:45 394963	WARNING [visualOdometry.cpp->trackingFrame2Frame:179]	The Estimated Rotation and translation matrices(using getTransformation function) are : 
   0.999644   0.0172006  -0.0203615    0.246655
 -0.0171665    0.999851  0.00185044     -0.2246
  0.0203905 -0.00150015    0.999791    0.271649
          0           0           0           1
2020/03/08 15:23:45 395101	INFO [input.cpp->run:235]	rotation: 
[0.9996444582939148, 0.01720062643289566, -0.0203615128993988;
 -0.01716648787260056, 0.9998509883880615, 0.001850441098213196;
 0.02039051055908203, -0.001500152051448822, 0.9997908473014832]
2020/03/08 15:23:45 395126	INFO [input.cpp->run:256]	frame times (ms): 6.07
2020/03/08 15:23:45 395129	INFO [input.cpp->run:257]	FPS: 164.745
2020/03/08 15:23:45 458637	INFO [input.cpp->run:173]	
frame_id 16
2020/03/08 15:23:45 461492	WARNING [visualOdometry.cpp->trackingFrame2Frame:179]	The Estimated Rotation and translation matrices(using getTransformation function) are : 
     0.99999  -0.00238371   0.00389823    -0.037591
  0.00238468     0.999997 -0.000196405    0.0366468
 -0.00389746  0.000205547     0.999993   -0.0581951
           0            0            0            1
2020/03/08 15:23:45 461631	INFO [input.cpp->run:235]	rotation: 
[0.9999895095825195, -0.002383708953857422, 0.00389823317527771;
 0.002384677529335022, 0.9999974370002747, -0.000196404755115509;
 -0.00389745831489563, 0.0002055466175079346, 0.9999927282333374]
2020/03/08 15:23:45 461650	INFO [input.cpp->run:256]	frame times (ms): 5.861
2020/03/08 15:23:45 461660	INFO [input.cpp->run:257]	FPS: 170.619
2020/03/08 15:23:45 525528	INFO [input.cpp->run:173]	
frame_id 17
2020/03/08 15:23:45 528587	WARNING [visualOdometry.cpp->trackingFrame2Frame:179]	The Estimated Rotation and translation matrices(using getTransformation function) are : 
    0.999998  -0.00204414  7.08401e-05  -0.00995064
  0.00204429     0.999986  -0.00488153    0.0778556
-6.11246e-05   0.00488148     0.999988    0.0233402
           0            0            0            1
2020/03/08 15:23:45 528739	INFO [input.cpp->run:235]	rotation: 
[0.9999982118606567, -0.002044141292572021, 7.084012031555176e-05;
 0.00204429030418396, 0.9999862909317017, -0.004881531000137329;
 -6.112456321716309e-05, 0.004881478846073151, 0.9999880790710449]
2020/03/08 15:23:45 528788	INFO [input.cpp->run:256]	frame times (ms): 6.463
2020/03/08 15:23:45 528793	INFO [input.cpp->run:257]	FPS: 154.727
2020/03/08 15:23:45 600038	INFO [input.cpp->run:173]	
frame_id 18
2020/03/08 15:23:45 614280	WARNING [visualOdometry.cpp->trackingFrame2Frame:179]	The Estimated Rotation and translation matrices(using getTransformation function) are : 
    0.999875   -0.0100383    0.0122411    -0.191486
   0.0100511     0.999949 -0.000987872     0.107406
  -0.0122306   0.00111071     0.999925    -0.110639
           0            0            0            1
2020/03/08 15:23:45 614937	INFO [input.cpp->run:235]	rotation: 
[0.9998748898506165, -0.01003826409578323, 0.01224109530448914;
 0.01005113869905472, 0.9999489784240723, -0.0009878724813461304;
 -0.01223060488700867, 0.001110706478357315, 0.999924898147583]
2020/03/08 15:23:45 615009	INFO [input.cpp->run:256]	frame times (ms): 30.209
2020/03/08 15:23:45 615028	INFO [input.cpp->run:257]	FPS: 33.1027
2020/03/08 15:23:45 667840	INFO [input.cpp->run:173]	
frame_id 19
2020/03/08 15:23:45 685519	WARNING [visualOdometry.cpp->trackingFrame2Frame:179]	The Estimated Rotation and translation matrices(using getTransformation function) are : 
    0.999997  0.000268161   0.00240341   0.00651646
-0.000278294     0.999991   0.00419951   -0.0333848
 -0.00240228  -0.00420015     0.999988    -0.081851
           0            0            0            1
2020/03/08 15:23:45 686175	INFO [input.cpp->run:235]	rotation: 
[0.9999970197677612, 0.0002681612968444824, 0.002403408288955688;
 -0.0002782940864562988, 0.9999911189079285, 0.004199512302875519;
 -0.002402275800704956, -0.004200145602226257, 0.999988317489624]
2020/03/08 15:23:45 686247	INFO [input.cpp->run:256]	frame times (ms): 33.542
2020/03/08 15:23:45 686256	INFO [input.cpp->run:257]	FPS: 29.8134
2020/03/08 15:23:45 730438	INFO [input.cpp->run:173]	
frame_id 20
2020/03/08 15:23:45 739240	WARNING [visualOdometry.cpp->trackingFrame2Frame:179]	The Estimated Rotation and translation matrices(using getTransformation function) are : 
    0.999997   0.00226814 -0.000120103   -0.0114412
 -0.00226758     0.999984   0.00514749    -0.095614
 0.000131607  -0.00514743     0.999987   0.00287914
           0            0            0            1
2020/03/08 15:23:45 739657	INFO [input.cpp->run:235]	rotation: 
[0.9999974966049194, 0.002268135547637939, -0.0001201033592224121;
 -0.002267584204673767, 0.9999844431877136, 0.005147486925125122;
 0.0001316070556640625, -0.005147427320480347, 0.9999866485595703]
2020/03/08 15:23:45 739715	INFO [input.cpp->run:256]	frame times (ms): 19.222
2020/03/08 15:23:45 739726	INFO [input.cpp->run:257]	FPS: 52.0237
2020/03/08 15:23:45 801073	INFO [input.cpp->run:173]	
frame_id 21
2020/03/08 15:23:45 815034	WARNING [visualOdometry.cpp->trackingFrame2Frame:179]	The Estimated Rotation and translation matrices(using getTransformation function) are : 
           1  0.000162579 -0.000227213   0.00642395
-0.000162683            1 -0.000116412   0.00139284
 0.000227153  0.000116318            1 -0.000728607
           0            0            0            1
2020/03/08 15:23:45 815695	INFO [input.cpp->run:235]	rotation: 
[1.000000238418579, 0.0001625791192054749, -0.0002272129058837891;
 -0.0001626834273338318, 1.000000238418579, -0.0001164115965366364;
 0.0002271533012390137, 0.0001163184642791748, 1]
2020/03/08 15:23:45 815767	INFO [input.cpp->run:256]	frame times (ms): 28.974
2020/03/08 15:23:45 815776	INFO [input.cpp->run:257]	FPS: 34.5137
2020/03/08 15:23:45 866832	INFO [input.cpp->run:173]	
frame_id 22
2020/03/08 15:23:45 879366	WARNING [visualOdometry.cpp->trackingFrame2Frame:179]	The Estimated Rotation and translation matrices(using getTransformation function) are : 
   0.999978  0.00277285   -0.006046     -0.1578
-0.00275353    0.999991  0.00318232   -0.193133
 0.00605452 -0.00316568    0.999977    0.327634
          0           0           0           1
2020/03/08 15:23:45 879952	INFO [input.cpp->run:235]	rotation: 
[0.9999780058860779, 0.002772852778434753, -0.006045997142791748;
 -0.002753525972366333, 0.9999911785125732, 0.003182321786880493;
 0.006054520606994629, -0.003165677189826965, 0.9999767541885376]
2020/03/08 15:23:45 880021	INFO [input.cpp->run:256]	frame times (ms): 25.898
2020/03/08 15:23:45 880028	INFO [input.cpp->run:257]	FPS: 38.613
2020/03/08 15:23:45 934568	INFO [input.cpp->run:173]	
frame_id 23
2020/03/08 15:23:45 948405	WARNING [visualOdometry.cpp->trackingFrame2Frame:179]	The Estimated Rotation and translation matrices(using getTransformation function) are : 
    0.999998 -0.000120893   0.00160632   -0.0236073
  0.00012438     0.999997  -0.00225547    0.0243382
 -0.00160617   0.00225554     0.999996   0.00226021
           0            0            0            1
2020/03/08 15:23:45 948854	INFO [input.cpp->run:235]	rotation: 
[0.9999983906745911, -0.000120893120765686, 0.00160631537437439;
 0.0001243799924850464, 0.9999973177909851, -0.002255469560623169;
 -0.001606166362762451, 0.002255544066429138, 0.9999959468841553]
2020/03/08 15:23:45 948908	INFO [input.cpp->run:256]	frame times (ms): 26.729
2020/03/08 15:23:45 948914	INFO [input.cpp->run:257]	FPS: 37.4125
2020/03/08 15:23:45 992269	INFO [input.cpp->run:173]	
frame_id 24
2020/03/08 15:23:45 995537	WARNING [visualOdometry.cpp->trackingFrame2Frame:179]	The Estimated Rotation and translation matrices(using getTransformation function) are : 
    0.999998 -0.000883505   0.00158781   -0.0144787
 0.000884116            1 -0.000290111    0.0160985
 -0.00158751  0.000291616     0.999999   -0.0233173
           0            0            0            1
2020/03/08 15:23:45 995696	INFO [input.cpp->run:235]	rotation: 
[0.9999984502792358, -0.0008835047483444214, 0.001587808132171631;
 0.0008841156959533691, 0.9999995231628418, -0.00029011070728302;
 -0.001587510108947754, 0.0002916157245635986, 0.9999988079071045]
2020/03/08 15:23:45 995716	INFO [input.cpp->run:256]	frame times (ms): 7.29
2020/03/08 15:23:45 995719	INFO [input.cpp->run:257]	FPS: 137.174
2020/03/08 15:23:46 064142	INFO [input.cpp->run:173]	
frame_id 25
2020/03/08 15:23:46 080008	WARNING [visualOdometry.cpp->trackingFrame2Frame:179]	The Estimated Rotation and translation matrices(using getTransformation function) are : 
    0.999996 -0.000546679   0.00265816   -0.0221615
 0.000558257      0.99999  -0.00438857    0.0628419
 -0.00265571   0.00438994     0.999987    -0.016242
           0            0            0            1
2020/03/08 15:23:46 080674	INFO [input.cpp->run:235]	rotation: 
[0.9999962449073792, -0.000546678900718689, 0.002658158540725708;
 0.0005582571029663086, 0.9999901056289673, -0.004388570785522461;
 -0.002655714750289917, 0.004389941692352295, 0.9999867677688599]
2020/03/08 15:23:46 080749	INFO [input.cpp->run:256]	frame times (ms): 30.284
2020/03/08 15:23:46 080768	INFO [input.cpp->run:257]	FPS: 33.0207
2020/03/08 15:23:46 134881	INFO [input.cpp->run:173]	
frame_id 26
2020/03/08 15:23:46 148618	WARNING [visualOdometry.cpp->trackingFrame2Frame:179]	The Estimated Rotation and translation matrices(using getTransformation function) are : 
   0.999956 -0.00381637  0.00857657  -0.0621529
 0.00384764    0.999986 -0.00361857    0.107589
-0.00856289   0.0036514    0.999957   -0.126055
          0           0           0           1
2020/03/08 15:23:46 149075	INFO [input.cpp->run:235]	rotation: 
[0.9999558925628662, -0.003816366195678711, 0.008576571941375732;
 0.003847643733024597, 0.999985933303833, -0.003618568181991577;
 -0.00856289267539978, 0.003651395440101624, 0.9999566078186035]
2020/03/08 15:23:46 149146	INFO [input.cpp->run:256]	frame times (ms): 29.692
2020/03/08 15:23:46 149158	INFO [input.cpp->run:257]	FPS: 33.6791
2020/03/08 15:23:46 199514	INFO [input.cpp->run:173]	
frame_id 27
2020/03/08 15:23:46 210898	WARNING [visualOdometry.cpp->trackingFrame2Frame:179]	The Estimated Rotation and translation matrices(using getTransformation function) are : 
    0.99989 -0.00533165   0.0138512   -0.152349
 0.00543883    0.999956 -0.00770928    0.155209
 -0.0138095  0.00778376    0.999875   -0.125208
          0           0           0           1
2020/03/08 15:23:46 211436	INFO [input.cpp->run:235]	rotation: 
[0.9998899698257446, -0.005331650376319885, 0.01385116577148438;
 0.005438834428787231, 0.9999555945396423, -0.007709279656410217;
 -0.01380953192710876, 0.007783755660057068, 0.9998745322227478]
2020/03/08 15:23:46 211502	INFO [input.cpp->run:256]	frame times (ms): 24.183
2020/03/08 15:23:46 211517	INFO [input.cpp->run:257]	FPS: 41.3514
2020/03/08 15:23:46 268201	INFO [input.cpp->run:173]	
frame_id 28
2020/03/08 15:23:46 283098	WARNING [visualOdometry.cpp->trackingFrame2Frame:179]	The Estimated Rotation and translation matrices(using getTransformation function) are : 
   0.999947  0.00421558  -0.0093261   0.0910606
-0.00416948    0.999979  0.00497001     -0.1162
 0.00934687 -0.00493082    0.999944    0.106773
          0           0           0           1
2020/03/08 15:23:46 283759	INFO [input.cpp->run:235]	rotation: 
[0.9999474287033081, 0.004215583205223083, -0.00932610034942627;
 -0.004169479012489319, 0.9999790191650391, 0.004970014095306396;
 0.009346872568130493, -0.004930824041366577, 0.9999442100524902]
2020/03/08 15:23:46 283835	INFO [input.cpp->run:256]	frame times (ms): 29.986
2020/03/08 15:23:46 283852	INFO [input.cpp->run:257]	FPS: 33.3489
2020/03/08 15:23:46 329019	INFO [input.cpp->run:173]	
frame_id 29
2020/03/08 15:23:46 336307	WARNING [visualOdometry.cpp->trackingFrame2Frame:179]	The Estimated Rotation and translation matrices(using getTransformation function) are : 
    0.999995   -0.0012967   0.00298694    -0.023015
  0.00129701     0.999999 -0.000117615    0.0234218
 -0.00298685    0.0001214     0.999996   -0.0496807
           0            0            0            1
2020/03/08 15:23:46 336644	INFO [input.cpp->run:235]	rotation: 
[0.9999947547912598, -0.001296699047088623, 0.002986937761306763;
 0.001297011971473694, 0.999999463558197, -0.0001176148653030396;
 -0.0029868483543396, 0.0001213997602462769, 0.9999955892562866]
2020/03/08 15:23:46 336685	INFO [input.cpp->run:256]	frame times (ms): 15.825
2020/03/08 15:23:46 336690	INFO [input.cpp->run:257]	FPS: 63.1912
2020/03/08 15:23:46 402710	INFO [input.cpp->run:173]	
frame_id 30
2020/03/08 15:23:46 416893	WARNING [visualOdometry.cpp->trackingFrame2Frame:179]	The Estimated Rotation and translation matrices(using getTransformation function) are : 
   0.999993 -0.00169517  0.00349668  -0.0474672
 0.00169888    0.999998 -0.00107734   0.0284758
-0.00349468   0.0010833    0.999993  -0.0275135
          0           0           0           1
2020/03/08 15:23:46 417567	INFO [input.cpp->run:235]	rotation: 
[0.9999925494194031, -0.001695170998573303, 0.003496676683425903;
 0.001698881387710571, 0.9999980926513672, -0.001077339053153992;
 -0.003494679927825928, 0.001083299517631531, 0.9999934434890747]
2020/03/08 15:23:46 417642	INFO [input.cpp->run:256]	frame times (ms): 29.487
2020/03/08 15:23:46 417658	INFO [input.cpp->run:257]	FPS: 33.9132
2020/03/08 15:23:46 464912	INFO [input.cpp->run:173]	
frame_id 31
2020/03/08 15:23:46 474440	WARNING [visualOdometry.cpp->trackingFrame2Frame:179]	The Estimated Rotation and translation matrices(using getTransformation function) are : 
    0.999999 -0.000246555   0.00108552    -0.012784
 0.000248075     0.999999   -0.0014296    0.0194688
 -0.00108507   0.00142983     0.999999  -0.00401306
           0            0            0            1
2020/03/08 15:23:46 474892	INFO [input.cpp->run:235]	rotation: 
[0.9999994039535522, -0.0002465546131134033, 0.001085519790649414;
 0.0002480745315551758, 0.999998927116394, -0.00142960250377655;
 -0.001085072755813599, 0.001429826021194458, 0.9999985694885254]
2020/03/08 15:23:46 474948	INFO [input.cpp->run:256]	frame times (ms): 21.532
2020/03/08 15:23:46 474954	INFO [input.cpp->run:257]	FPS: 46.4425
2020/03/08 15:23:46 534541	INFO [input.cpp->run:173]	
frame_id 32
2020/03/08 15:23:46 550473	WARNING [visualOdometry.cpp->trackingFrame2Frame:179]	The Estimated Rotation and translation matrices(using getTransformation function) are : 
           1 -0.000133798  0.000558287   -0.0168428
 0.000133485            1  0.000411674  -0.00895452
-0.000558645 -0.000411689            1   0.00416565
           0            0            0            1
2020/03/08 15:23:46 551170	INFO [input.cpp->run:235]	rotation: 
[0.9999997019767761, -0.0001337975263595581, 0.0005582869052886963;
 0.0001334846019744873, 0.9999997615814209, 0.0004116743803024292;
 -0.0005586445331573486, -0.000411689281463623, 0.9999997615814209]
2020/03/08 15:23:46 551254	INFO [input.cpp->run:256]	frame times (ms): 30.729
2020/03/08 15:23:46 551263	INFO [input.cpp->run:257]	FPS: 32.5425
2020/03/08 15:23:46 593158	INFO [input.cpp->run:173]	
frame_id 33
2020/03/08 15:23:46 597955	WARNING [visualOdometry.cpp->trackingFrame2Frame:179]	The Estimated Rotation and translation matrices(using getTransformation function) are : 
    0.99999  -0.0011196  0.00436825  -0.0403204
 0.00114433    0.999983 -0.00568977   0.0850773
-0.00436187  0.00569472    0.999974  -0.0306797
          0           0           0           1
2020/03/08 15:23:46 598162	INFO [input.cpp->run:235]	rotation: 
[0.9999899864196777, -0.001119598746299744, 0.004368245601654053;
 0.001144334673881531, 0.9999834299087524, -0.005689769983291626;
 -0.004361867904663086, 0.005694717168807983, 0.9999743700027466]
2020/03/08 15:23:46 598194	INFO [input.cpp->run:256]	frame times (ms): 9.783
2020/03/08 15:23:46 598200	INFO [input.cpp->run:257]	FPS: 102.218
2020/03/08 15:23:46 658743	INFO [input.cpp->run:173]	
frame_id 34
2020/03/08 15:23:46 661684	WARNING [visualOdometry.cpp->trackingFrame2Frame:179]	The Estimated Rotation and translation matrices(using getTransformation function) are : 
   0.999947 -0.00398108  0.00953889  -0.0933895
 0.00402571    0.999981 -0.00466146    0.109476
 -0.0095202  0.00469974    0.999944   -0.105558
          0           0           0           1
2020/03/08 15:23:46 661818	INFO [input.cpp->run:235]	rotation: 
[0.9999467730522156, -0.003981083631515503, 0.009538888931274414;
 0.004025712609291077, 0.9999812841415405, -0.004661455750465393;
 -0.009520202875137329, 0.004699736833572388, 0.9999438524246216]
2020/03/08 15:23:46 661842	INFO [input.cpp->run:256]	frame times (ms): 6.584
2020/03/08 15:23:46 661847	INFO [input.cpp->run:257]	FPS: 151.883
2020/03/08 15:23:46 730559	INFO [input.cpp->run:173]	
frame_id 35
2020/03/08 15:23:46 739012	WARNING [visualOdometry.cpp->trackingFrame2Frame:179]	The Estimated Rotation and translation matrices(using getTransformation function) are : 
   0.999913 -0.00528544    0.012042    -0.13214
 0.00536321    0.999965 -0.00644462    0.140162
 -0.0120075  0.00650845    0.999907   -0.115076
          0           0           0           1
2020/03/08 15:23:46 739429	INFO [input.cpp->run:235]	rotation: 
[0.9999134540557861, -0.005285441875457764, 0.01204195618629456;
 0.005363211035728455, 0.9999648332595825, -0.006444618105888367;
 -0.01200747489929199, 0.00650845468044281, 0.9999065399169922]
2020/03/08 15:23:46 739473	INFO [input.cpp->run:256]	frame times (ms): 17.563
2020/03/08 15:23:46 739480	INFO [input.cpp->run:257]	FPS: 56.9379
2020/03/08 15:23:46 801370	INFO [input.cpp->run:173]	
frame_id 36
2020/03/08 15:23:46 815593	WARNING [visualOdometry.cpp->trackingFrame2Frame:179]	The Estimated Rotation and translation matrices(using getTransformation function) are : 
   0.999959  0.00253937 -0.00867334   0.0806656
 -0.0024737    0.999968  0.00757346   -0.124425
 0.00869271 -0.00755151    0.999934   0.0776119
          0           0           0           1
2020/03/08 15:23:46 816248	INFO [input.cpp->run:235]	rotation: 
[0.9999589920043945, 0.002539366483688354, -0.008673340082168579;
 -0.002473697066307068, 0.9999682903289795, 0.007573455572128296;
 0.008692711591720581, -0.007551506161689758, 0.9999337196350098]
2020/03/08 15:23:46 816319	INFO [input.cpp->run:256]	frame times (ms): 30.751
2020/03/08 15:23:46 816334	INFO [input.cpp->run:257]	FPS: 32.5193
2020/03/08 15:23:46 867778	INFO [input.cpp->run:173]	
frame_id 37
2020/03/08 15:23:46 881875	WARNING [visualOdometry.cpp->trackingFrame2Frame:179]	The Estimated Rotation and translation matrices(using getTransformation function) are : 
   0.999974  0.00292107 -0.00659424   0.0641947
-0.00290109    0.999991  0.00305882  -0.0753212
  0.0066033 -0.00303961    0.999974   0.0755463
          0           0           0           1
2020/03/08 15:23:46 882528	INFO [input.cpp->run:235]	rotation: 
[0.9999740719795227, 0.002921074628829956, -0.006594240665435791;
 -0.002901092171669006, 0.9999912977218628, 0.003058820962905884;
 0.00660330057144165, -0.003039613366127014, 0.9999737739562988]
2020/03/08 15:23:46 882597	INFO [input.cpp->run:256]	frame times (ms): 30.102
2020/03/08 15:23:46 882612	INFO [input.cpp->run:257]	FPS: 33.2204
2020/03/08 15:23:46 928038	INFO [input.cpp->run:173]	
frame_id 38
2020/03/08 15:23:46 934781	WARNING [visualOdometry.cpp->trackingFrame2Frame:179]	The Estimated Rotation and translation matrices(using getTransformation function) are : 
    0.999995 -0.000998646   0.00317177   -0.0356703
  0.00100823     0.999995  -0.00304286    0.0486836
 -0.00316876   0.00304581      0.99999   -0.0222902
           0            0            0            1
2020/03/08 15:23:46 935101	INFO [input.cpp->run:235]	rotation: 
[0.9999946355819702, -0.0009986460208892822, 0.003171771764755249;
 0.001008227467536926, 0.9999949932098389, -0.003042861819267273;
 -0.003168761730194092, 0.003045812249183655, 0.9999904632568359]
2020/03/08 15:23:46 935142	INFO [input.cpp->run:256]	frame times (ms): 14.959
2020/03/08 15:23:46 935150	INFO [input.cpp->run:257]	FPS: 66.8494
2020/03/08 15:23:47 001229	INFO [input.cpp->run:173]	
frame_id 39
2020/03/08 15:23:47 015852	WARNING [visualOdometry.cpp->trackingFrame2Frame:179]	The Estimated Rotation and translation matrices(using getTransformation function) are : 
    0.999999 -0.000335172   0.00128236   -0.0165472
 0.000337079     0.999999  -0.00144374    0.0199013
 -0.00128189   0.00144415     0.999998  -0.00469494
           0            0            0            1
2020/03/08 15:23:47 016508	INFO [input.cpp->run:235]	rotation: 
[0.9999992847442627, -0.0003351718187332153, 0.001282364130020142;
 0.0003370791673660278, 0.9999991059303284, -0.001443743705749512;
 -0.001281887292861938, 0.001444146037101746, 0.9999983310699463]
2020/03/08 15:23:47 016583	INFO [input.cpp->run:256]	frame times (ms): 30.387
2020/03/08 15:23:47 016596	INFO [input.cpp->run:257]	FPS: 32.9088
2020/03/08 15:23:47 067843	INFO [input.cpp->run:173]	
frame_id 40
2020/03/08 15:23:47 082309	WARNING [visualOdometry.cpp->trackingFrame2Frame:179]	The Estimated Rotation and translation matrices(using getTransformation function) are : 
    0.999995  -0.00146221   0.00275075    -0.048234
   0.0014607     0.999999   0.00057292   0.00160551
 -0.00275165 -0.000568956     0.999996   -0.0171757
           0            0            0            1
2020/03/08 15:23:47 082898	INFO [input.cpp->run:235]	rotation: 
[0.9999953508377075, -0.001462206244468689, 0.002750754356384277;
 0.00146070122718811, 0.9999991059303284, 0.0005729198455810547;
 -0.002751648426055908, -0.0005689561367034912, 0.9999961853027344]
2020/03/08 15:23:47 082953	INFO [input.cpp->run:256]	frame times (ms): 28.924
2020/03/08 15:23:47 082963	INFO [input.cpp->run:257]	FPS: 34.5734
2020/03/08 15:23:47 130776	INFO [input.cpp->run:173]	
frame_id 41
2020/03/08 15:23:47 139667	WARNING [visualOdometry.cpp->trackingFrame2Frame:179]	The Estimated Rotation and translation matrices(using getTransformation function) are : 
   0.999983 -0.00197975  0.00539392  -0.0427189
 0.00199628    0.999993 -0.00304514   0.0673552
-0.00538802  0.00305597    0.999981   -0.065897
          0           0           0           1
2020/03/08 15:23:47 140089	INFO [input.cpp->run:235]	rotation: 
[0.9999834299087524, -0.001979753375053406, 0.005393922328948975;
 0.001996278762817383, 0.9999932050704956, -0.003045141696929932;
 -0.005388021469116211, 0.003055974841117859, 0.9999808073043823]
2020/03/08 15:23:47 140143	INFO [input.cpp->run:256]	frame times (ms): 18.345
2020/03/08 15:23:47 140148	INFO [input.cpp->run:257]	FPS: 54.5108
2020/03/08 15:23:47 201974	INFO [input.cpp->run:173]	
frame_id 42
2020/03/08 15:23:47 214244	WARNING [visualOdometry.cpp->trackingFrame2Frame:179]	The Estimated Rotation and translation matrices(using getTransformation function) are : 
   0.999834 -0.00661679   0.0169883   -0.162213
 0.00679407    0.999923  -0.0104096    0.212505
 -0.0169181   0.0105232    0.999802    -0.17312
          0           0           0           1
2020/03/08 15:23:47 214824	INFO [input.cpp->run:235]	rotation: 
[0.9998335242271423, -0.006616786122322083, 0.01698827743530273;
 0.006794065237045288, 0.9999227523803711, -0.01040957868099213;
 -0.01691806316375732, 0.01052321493625641, 0.9998015165328979]
2020/03/08 15:23:47 215081	INFO [input.cpp->run:256]	frame times (ms): 24.418
2020/03/08 15:23:47 215094	INFO [input.cpp->run:257]	FPS: 40.9534
2020/03/08 15:23:47 262352	INFO [input.cpp->run:173]	
frame_id 43
2020/03/08 15:23:47 268951	WARNING [visualOdometry.cpp->trackingFrame2Frame:179]	The Estimated Rotation and translation matrices(using getTransformation function) are : 
    0.99998 -0.00154756  0.00613898  -0.0568943
 0.00157464    0.999989 -0.00441346   0.0716949
-0.00613189  0.00442323    0.999972  -0.0524998
          0           0           0           1
2020/03/08 15:23:47 269274	INFO [input.cpp->run:235]	rotation: 
[0.9999799728393555, -0.001547560095787048, 0.006138980388641357;
 0.00157463550567627, 0.9999890923500061, -0.004413455724716187;
 -0.006131887435913086, 0.004423230886459351, 0.9999716281890869]
2020/03/08 15:23:47 269314	INFO [input.cpp->run:256]	frame times (ms): 14.713
2020/03/08 15:23:47 269322	INFO [input.cpp->run:257]	FPS: 67.9671
2020/03/08 15:23:47 330007	INFO [input.cpp->run:173]	
frame_id 44
2020/03/08 15:23:47 337937	WARNING [visualOdometry.cpp->trackingFrame2Frame:179]	The Estimated Rotation and translation matrices(using getTransformation function) are : 
    0.999998 -0.000479713   0.00208569   0.00746632
 0.000484735     0.999997  -0.00234337    0.0489392
 -0.00208452   0.00234446     0.999995   -0.0467777
           0            0            0            1
2020/03/08 15:23:47 338296	INFO [input.cpp->run:235]	rotation: 
[0.9999978542327881, -0.0004797130823135376, 0.002085685729980469;
 0.0004847347736358643, 0.9999973177909851, -0.002343371510505676;
 -0.002084523439407349, 0.002344459295272827, 0.9999951124191284]
2020/03/08 15:23:47 338339	INFO [input.cpp->run:256]	frame times (ms): 15.108
2020/03/08 15:23:47 338349	INFO [input.cpp->run:257]	FPS: 66.1901
2020/03/08 15:23:47 396403	INFO [input.cpp->run:173]	
frame_id 45
2020/03/08 15:23:47 404261	WARNING [visualOdometry.cpp->trackingFrame2Frame:179]	The Estimated Rotation and translation matrices(using getTransformation function) are : 
   0.999994 -0.00111698  0.00326982  -0.0426064
 0.00112158    0.999998 -0.00141007    0.026401
-0.00326806  0.00141373    0.999994  -0.0237169
          0           0           0           1
2020/03/08 15:23:47 404623	INFO [input.cpp->run:235]	rotation: 
[0.9999940395355225, -0.001116976141929626, 0.003269821405410767;
 0.001121580600738525, 0.9999983906745911, -0.001410067081451416;
 -0.003268063068389893, 0.001413732767105103, 0.9999935626983643]
2020/03/08 15:23:47 404665	INFO [input.cpp->run:256]	frame times (ms): 17.429
2020/03/08 15:23:47 404670	INFO [input.cpp->run:257]	FPS: 57.3756
2020/03/08 15:23:47 468078	INFO [input.cpp->run:173]	
frame_id 46
2020/03/08 15:23:47 482462	WARNING [visualOdometry.cpp->trackingFrame2Frame:179]	The Estimated Rotation and translation matrices(using getTransformation function) are : 
           1 -0.000712141  0.000488639    0.0158405
 0.000711307     0.999998   0.00167488   0.00227737
-0.000489712  -0.00167455     0.999999   -0.0430479
           0            0            0            1
2020/03/08 15:23:47 483123	INFO [input.cpp->run:235]	rotation: 
[0.9999998211860657, -0.0007121413946151733, 0.0004886388778686523;
 0.0007113069295883179, 0.9999983906745911, 0.001674875617027283;
 -0.0004897117614746094, -0.001674547791481018, 0.9999985694885254]
2020/03/08 15:23:47 483197	INFO [input.cpp->run:256]	frame times (ms): 29.873
2020/03/08 15:23:47 483211	INFO [input.cpp->run:257]	FPS: 33.475
2020/03/08 15:23:47 533235	INFO [input.cpp->run:173]	
frame_id 47
2020/03/08 15:23:47 546152	WARNING [visualOdometry.cpp->trackingFrame2Frame:179]	The Estimated Rotation and translation matrices(using getTransformation function) are : 
   0.999993 -0.00149041  0.00333166    -0.03409
   0.001496    0.999997 -0.00170079    0.039434
-0.00332913  0.00170583    0.999993  -0.0352964
          0           0           0           1
2020/03/08 15:23:47 546751	INFO [input.cpp->run:235]	rotation: 
[0.9999933838844299, -0.001490414142608643, 0.003331661224365234;
 0.001496002078056335, 0.9999973773956299, -0.001700788736343384;
 -0.00332912802696228, 0.001705825328826904, 0.9999929666519165]
2020/03/08 15:23:47 546823	INFO [input.cpp->run:256]	frame times (ms): 23.607
2020/03/08 15:23:47 546835	INFO [input.cpp->run:257]	FPS: 42.3603
2020/03/08 15:23:47 643073	INFO [input.cpp->run:173]	
frame_id 48
2020/03/08 15:23:47 657972	WARNING [visualOdometry.cpp->trackingFrame2Frame:179]	The Estimated Rotation and translation matrices(using getTransformation function) are : 
    0.999962   0.00449693  -0.00741097    0.0548201
 -0.00449985      0.99999 -0.000383362   -0.0644689
  0.00740892  0.000416636     0.999973     0.128501
           0            0            0            1
2020/03/08 15:23:47 658684	INFO [input.cpp->run:235]	rotation: 
[0.9999624490737915, 0.004496932029724121, -0.007410973310470581;
 -0.004499852657318115, 0.9999898672103882, -0.0003833621740341187;
 0.00740891695022583, 0.0004166364669799805, 0.9999725818634033]
2020/03/08 15:23:47 658764	INFO [input.cpp->run:256]	frame times (ms): 30.025
2020/03/08 15:23:47 658810	INFO [input.cpp->run:257]	FPS: 33.3056
2020/03/08 15:23:47 702414	INFO [input.cpp->run:173]	
frame_id 49
2020/03/08 15:23:47 708200	WARNING [visualOdometry.cpp->trackingFrame2Frame:179]	The Estimated Rotation and translation matrices(using getTransformation function) are : 
    0.999994 -0.000928015   0.00341704   -0.0329809
 0.000939861     0.999994  -0.00348182    0.0538149
 -0.00341395    0.0034849     0.999988   -0.0261412
           0            0            0            1
2020/03/08 15:23:47 709024	INFO [input.cpp->run:235]	rotation: 
[0.9999938607215881, -0.0009280145168304443, 0.003417044878005981;
 0.0009398609399795532, 0.9999939203262329, -0.003481820225715637;
 -0.003413945436477661, 0.003484904766082764, 0.9999880790710449]
2020/03/08 15:23:47 709069	INFO [input.cpp->run:256]	frame times (ms): 10.236
2020/03/08 15:23:47 709079	INFO [input.cpp->run:257]	FPS: 97.6944
2020/03/08 15:23:47 766574	INFO [input.cpp->run:173]	
frame_id 50
2020/03/08 15:23:47 770933	WARNING [visualOdometry.cpp->trackingFrame2Frame:179]	The Estimated Rotation and translation matrices(using getTransformation function) are : 
    0.999995 -0.000766739   0.00295708   -0.0289297
 0.000774637     0.999996  -0.00277857    0.0432243
 -0.00295487   0.00278094     0.999992    -0.023057
           0            0            0            1
2020/03/08 15:23:47 771109	INFO [input.cpp->run:235]	rotation: 
[0.9999951124191284, -0.0007667392492294312, 0.002957075834274292;
 0.0007746368646621704, 0.9999959468841553, -0.002778574824333191;
 -0.002954870462417603, 0.002780944108963013, 0.9999916553497314]
2020/03/08 15:23:47 771132	INFO [input.cpp->run:256]	frame times (ms): 8.097
2020/03/08 15:23:47 771137	INFO [input.cpp->run:257]	FPS: 123.503
2020/03/08 15:23:47 842617	INFO [input.cpp->run:173]	
frame_id 51
2020/03/08 15:23:47 857643	WARNING [visualOdometry.cpp->trackingFrame2Frame:179]	The Estimated Rotation and translation matrices(using getTransformation function) are : 
   0.999964  0.00548907 -0.00644854   0.0646601
-0.00551037    0.999979 -0.00329326  -0.0332274
 0.00643018  0.00332861    0.999974    0.116156
          0           0           0           1
2020/03/08 15:23:47 858326	INFO [input.cpp->run:235]	rotation: 
[0.9999641180038452, 0.005489066243171692, -0.006448537111282349;
 -0.005510374903678894, 0.9999792575836182, -0.003293260931968689;
 0.006430178880691528, 0.003328606486320496, 0.9999737739562988]
2020/03/08 15:23:47 858408	INFO [input.cpp->run:256]	frame times (ms): 30.553
2020/03/08 15:23:47 858423	INFO [input.cpp->run:257]	FPS: 32.73
2020/03/08 15:23:47 902972	INFO [input.cpp->run:173]	
frame_id 52
2020/03/08 15:23:47 910636	WARNING [visualOdometry.cpp->trackingFrame2Frame:179]	The Estimated Rotation and translation matrices(using getTransformation function) are : 
    0.999999   0.00111416 -0.000733316   0.00765896
 -0.00111532     0.999999  -0.00143909   0.00214815
 0.000731796   0.00144005     0.999999    0.0205097
           0            0            0            1
2020/03/08 15:23:47 910997	INFO [input.cpp->run:235]	rotation: 
[0.9999990463256836, 0.001114159822463989, -0.0007333159446716309;
 -0.001115322113037109, 0.9999986290931702, -0.001439094543457031;
 0.0007317960262298584, 0.001440048217773438, 0.9999986290931702]
2020/03/08 15:23:47 911039	INFO [input.cpp->run:256]	frame times (ms): 15.723
2020/03/08 15:23:47 911048	INFO [input.cpp->run:257]	FPS: 63.6011
2020/03/08 15:23:47 973684	INFO [input.cpp->run:173]	
frame_id 53
2020/03/08 15:23:47 985598	WARNING [visualOdometry.cpp->trackingFrame2Frame:179]	The Estimated Rotation and translation matrices(using getTransformation function) are : 
    0.999997  0.000302777   0.00229955  -0.00175667
-0.000294581     0.999994   -0.0036321    0.0498819
 -0.00230077   0.00363122     0.999991   -0.0290346
           0            0            0            1
2020/03/08 15:23:47 986167	INFO [input.cpp->run:235]	rotation: 
[0.9999973177909851, 0.0003027766942977905, 0.00229954719543457;
 -0.0002945810556411743, 0.9999935030937195, -0.003632098436355591;
 -0.002300769090652466, 0.003631219267845154, 0.9999905824661255]
2020/03/08 15:23:47 986256	INFO [input.cpp->run:256]	frame times (ms): 24.55
2020/03/08 15:23:47 986270	INFO [input.cpp->run:257]	FPS: 40.7332
2020/03/08 15:23:48 038084	INFO [input.cpp->run:173]	
frame_id 54
2020/03/08 15:23:48 046416	WARNING [visualOdometry.cpp->trackingFrame2Frame:179]	The Estimated Rotation and translation matrices(using getTransformation function) are : 
    0.999999 -0.000985205  0.000687748 -0.000468254
 0.000983939     0.999998   0.00192726  -0.00522947
-0.000689507  -0.00192651     0.999998   -0.0307302
           0            0            0            1
2020/03/08 15:23:48 046802	INFO [input.cpp->run:235]	rotation: 
[0.9999991655349731, -0.0009852051734924316, 0.0006877481937408447;
 0.0009839385747909546, 0.9999975562095642, 0.00192725658416748;
 -0.0006895065307617188, -0.001926511526107788, 0.9999979138374329]
2020/03/08 15:23:48 046850	INFO [input.cpp->run:256]	frame times (ms): 17.571
2020/03/08 15:23:48 046859	INFO [input.cpp->run:257]	FPS: 56.912
2020/03/08 15:23:48 109736	INFO [input.cpp->run:173]	
frame_id 55
2020/03/08 15:23:48 124481	WARNING [visualOdometry.cpp->trackingFrame2Frame:179]	The Estimated Rotation and translation matrices(using getTransformation function) are : 
   0.999996 -0.00199097  0.00202969  -0.0261393
  0.0019865    0.999995  0.00234333 -0.00363922
-0.00203454 -0.00233917    0.999995  -0.0394669
          0           0           0           1
2020/03/08 15:23:48 125155	INFO [input.cpp->run:235]	rotation: 
[0.9999959468841553, -0.001990973949432373, 0.002029687166213989;
 0.001986503601074219, 0.9999951124191284, 0.002343326807022095;
 -0.002034544944763184, -0.002339169383049011, 0.999995231628418]
2020/03/08 15:23:48 125233	INFO [input.cpp->run:256]	frame times (ms): 27.829
2020/03/08 15:23:48 125250	INFO [input.cpp->run:257]	FPS: 35.9337
2020/03/08 15:23:48 172384	INFO [input.cpp->run:173]	
frame_id 56
2020/03/08 15:23:48 182140	WARNING [visualOdometry.cpp->trackingFrame2Frame:179]	The Estimated Rotation and translation matrices(using getTransformation function) are : 
           1  7.83056e-05  0.000932515  0.000557899
-7.71731e-05     0.999999  -0.00135274    0.0201273
-0.000932455   0.00135261     0.999999   -0.0142536
           0            0            0            1
2020/03/08 15:23:48 182592	INFO [input.cpp->run:235]	rotation: 
