		g3log created log at: Mon Mar 09 16:36:37 2020
		LOG format: [YYYY/MM/DD hh:mm:ss uuu* LEVEL FILE->FUNCTION:LINE] message		(uuu*: microseconds fractions of the seconds value)

2020/03/09 16:36:37 349209	INFO [g3logger.h->logBanner:29]	Starting log.
2020/03/09 16:36:37 354201	DEBUG [main.cpp->main:48]	Filepath: /home/mitchell/KITTI/data_odometry_gray/dataset/sequences/00/
2020/03/09 16:36:37 354209	DEBUG [main.cpp->main:52]	Calibration Filepath: /home/mitchell/visual_odom_catkin_ws/tank_downsized.yaml
2020/03/09 16:36:37 354380	INFO [main.cpp->main:66]	P_left: 
[409.41, 0, 251.22, 0;
 0, 408.72, 191.78999, 0;
 0, 0, 1, 0]
2020/03/09 16:36:37 354402	INFO [main.cpp->main:67]	P_right: 
[409.41, 0, 251.22, -73.940002;
 0, 408.72, 191.78999, 0;
 0, 0, 1, 0]
2020/03/09 16:36:37 510286	INFO [input.cpp->Input:22]	frame_pose [1, 0, 0, 0;
 0, 1, 0, 0;
 0, 0, 1, 0;
 0, 0, 0, 1]
2020/03/09 16:36:37 832044	INFO [input.cpp->run:173]	
frame_id 1
2020/03/09 16:36:37 961366	WARNING [visualOdometry.cpp->trackingFrame2Frame:187]	The Estimated Rotation and translation matrices(using getTransformation function) are : 
           1 -0.000378132  4.96134e-05  0.000245735
 0.000378311            1  0.000329189 -0.000367284
-4.96991e-05 -0.000329163            1 -0.000138283
           0            0            0            1
2020/03/09 16:36:37 965486	INFO [input.cpp->run:235]	rotation: 
[1.00000011920929, -0.0003781318664550781, 4.961341619491577e-05;
 0.0003783106803894043, 1.00000011920929, 0.0003291890025138855;
 -4.96990978717804e-05, -0.0003291629254817963, 0.9999999403953552]
2020/03/09 16:36:37 965727	INFO [input.cpp->run:258]	frame times (ms): 384.107
2020/03/09 16:36:37 965739	INFO [input.cpp->run:259]	FPS: 2.60344
2020/03/09 16:36:38 029734	INFO [input.cpp->run:173]	
frame_id 2
2020/03/09 16:36:38 076298	WARNING [visualOdometry.cpp->trackingFrame2Frame:187]	The Estimated Rotation and translation matrices(using getTransformation function) are : 
    0.999999 -0.000746369 -0.000808213 -0.000120863
 0.000745952            1 -0.000579495  -0.00192514
 0.000808663  0.000578891     0.999999  0.000133753
           0            0            0            1
2020/03/09 16:36:38 078744	INFO [input.cpp->run:235]	rotation: 
[0.9999993443489075, -0.0007463693618774414, -0.0008082129061222076;
 0.0007459521293640137, 0.9999995231628418, -0.00057949498295784;
 0.0008086627349257469, 0.0005788914859294891, 0.9999994039535522]
2020/03/09 16:36:38 078837	INFO [input.cpp->run:258]	frame times (ms): 318.398
2020/03/09 16:36:38 078844	INFO [input.cpp->run:259]	FPS: 3.14072
2020/03/09 16:36:38 096892	INFO [input.cpp->run:173]	
frame_id 3
2020/03/09 16:36:38 141931	WARNING [visualOdometry.cpp->trackingFrame2Frame:187]	The Estimated Rotation and translation matrices(using getTransformation function) are : 
    0.999997 -0.000703543  -0.00245154   -0.0017031
 0.000702709            1 -0.000304317 -0.000647336
  0.00245181  0.000302559     0.999997  0.000455856
           0            0            0            1
2020/03/09 16:36:38 143773	INFO [input.cpp->run:235]	rotation: 
[0.9999969005584717, -0.0007035434246063232, -0.002451538108289242;
 0.0007027089595794678, 0.9999997615814209, -0.0003043171018362045;
 0.00245180819183588, 0.0003025587648153305, 0.9999967813491821]
2020/03/09 16:36:38 143844	INFO [input.cpp->run:258]	frame times (ms): 348.926
2020/03/09 16:36:38 143850	INFO [input.cpp->run:259]	FPS: 2.86594
2020/03/09 16:36:38 162416	INFO [input.cpp->run:173]	
frame_id 4
2020/03/09 16:36:38 212344	WARNING [visualOdometry.cpp->trackingFrame2Frame:187]	The Estimated Rotation and translation matrices(using getTransformation function) are : 
           1 -0.000316545 -0.000543309  -0.00018321
 0.000316381            1 -0.000354484 -0.000799716
 0.000543437  0.000354301            1  0.000162959
           0            0            0            1
2020/03/09 16:36:38 214126	INFO [input.cpp->run:235]	rotation: 
[0.9999997019767761, -0.0003165453672409058, -0.0005433093756437302;
 0.0003163814544677734, 0.9999998211860657, -0.0003544837236404419;
 0.0005434369668364525, 0.0003543011844158173, 0.9999995827674866]
2020/03/09 16:36:38 214200	INFO [input.cpp->run:258]	frame times (ms): 354.176
2020/03/09 16:36:38 214208	INFO [input.cpp->run:259]	FPS: 2.82346
2020/03/09 16:36:38 228342	INFO [input.cpp->run:173]	
frame_id 5
2020/03/09 16:36:38 277693	WARNING [visualOdometry.cpp->trackingFrame2Frame:187]	The Estimated Rotation and translation matrices(using getTransformation function) are : 
    0.999999 -3.99947e-05    0.0010949  0.000782251
 3.90112e-05            1  0.000729181  8.07345e-05
  -0.0010949 -0.000729106     0.999999 -0.000810683
           0            0            0            1
2020/03/09 16:36:38 279560	INFO [input.cpp->run:235]	rotation: 
[0.9999994039535522, -3.999471664428711e-05, 0.001094900071620941;
 3.901124000549316e-05, 0.9999996423721313, 0.0007291808724403381;
 -0.001094900071620941, -0.0007291063666343689, 0.9999992847442627]
2020/03/09 16:36:38 279636	INFO [input.cpp->run:258]	frame times (ms): 350.458
2020/03/09 16:36:38 279643	INFO [input.cpp->run:259]	FPS: 2.85341
2020/03/09 16:36:38 295882	INFO [input.cpp->run:173]	
frame_id 6
2020/03/09 16:36:38 350314	WARNING [visualOdometry.cpp->trackingFrame2Frame:187]	The Estimated Rotation and translation matrices(using getTransformation function) are : 
           1 -0.000227079 -8.43974e-05  0.000219792
 0.000227004            1 -7.59847e-05 -0.000563651
 8.44006e-05   7.5981e-05            1  2.68221e-05
           0            0            0            1
2020/03/09 16:36:38 352202	INFO [input.cpp->run:235]	rotation: 
[1.00000011920929, -0.0002270787954330444, -8.439738303422928e-05;
 0.0002270042896270752, 1, -7.598474621772766e-05;
 8.440064266324043e-05, 7.59810209274292e-05, 1.00000011920929]
2020/03/09 16:36:38 352260	INFO [input.cpp->run:258]	frame times (ms): 359.636
2020/03/09 16:36:38 352267	INFO [input.cpp->run:259]	FPS: 2.78059
2020/03/09 16:36:38 362267	INFO [input.cpp->run:173]	
frame_id 7
2020/03/09 16:36:38 405320	WARNING [visualOdometry.cpp->trackingFrame2Frame:187]	The Estimated Rotation and translation matrices(using getTransformation function) are : 
           1 -0.000314467   -6.935e-05 -0.000102401
 0.000314437            1   0.00013544 -0.000140399
 6.91712e-05  -0.00013544            1 -0.000173688
           0            0            0            1
2020/03/09 16:36:38 407092	INFO [input.cpp->run:235]	rotation: 
[1.000000238418579, -0.000314466655254364, -6.935000419616699e-05;
 0.0003144368529319763, 1, 0.0001354403793811798;
 6.917119026184082e-05, -0.0001354403793811798, 1.00000011920929]
2020/03/09 16:36:38 407136	INFO [input.cpp->run:258]	frame times (ms): 346.999
2020/03/09 16:36:38 407141	INFO [input.cpp->run:259]	FPS: 2.88185
2020/03/09 16:36:38 428829	INFO [input.cpp->run:173]	
frame_id 8
2020/03/09 16:36:38 471730	WARNING [visualOdometry.cpp->trackingFrame2Frame:187]	The Estimated Rotation and translation matrices(using getTransformation function) are : 
           1 -0.000478216 -0.000260681 -0.000110909
 0.000478275            1  0.000172067 -0.000419378
 0.000260562 -0.000172187            1 -7.66516e-05
           0            0            0            1
2020/03/09 16:36:38 473265	INFO [input.cpp->run:235]	rotation: 
[0.9999998807907104, -0.0004782155156135559, -0.0002606809139251709;
 0.0004782751202583313, 0.9999998211860657, 0.0001720674335956573;
 0.0002605617046356201, -0.0001721866428852081, 1]
2020/03/09 16:36:38 473308	INFO [input.cpp->run:258]	frame times (ms): 352.469
2020/03/09 16:36:38 473314	INFO [input.cpp->run:259]	FPS: 2.83713
2020/03/09 16:36:38 495672	INFO [input.cpp->run:173]	
frame_id 9
2020/03/09 16:36:38 535661	WARNING [visualOdometry.cpp->trackingFrame2Frame:187]	The Estimated Rotation and translation matrices(using getTransformation function) are : 
           1 -0.000129819 -0.000465397  -0.00020048
  0.00012961            1 -0.000227451 -0.000518471
 0.000465441  0.000227384            1  6.00815e-05
           0            0            0            1
2020/03/09 16:36:38 537403	INFO [input.cpp->run:235]	rotation: 
[1.00000011920929, -0.0001298189163208008, -0.0004653967916965485;
 0.0001296103000640869, 0.9999998807907104, -0.0002274513244628906;
 0.00046544149518013, 0.0002273842692375183, 0.9999999403953552]
2020/03/09 16:36:38 537452	INFO [input.cpp->run:258]	frame times (ms): 350.792
2020/03/09 16:36:38 537457	INFO [input.cpp->run:259]	FPS: 2.85069
2020/03/09 16:36:38 563307	INFO [input.cpp->run:173]	
frame_id 10
2020/03/09 16:36:38 603308	WARNING [visualOdometry.cpp->trackingFrame2Frame:187]	The Estimated Rotation and translation matrices(using getTransformation function) are : 
           1 -0.000277147 -0.000568179 -0.000276387
 0.000277162            1 -3.00258e-05  -0.00038138
 0.000568196  2.98619e-05            1  6.10948e-05
           0            0            0            1
2020/03/09 16:36:38 604930	INFO [input.cpp->run:235]	rotation: 
[0.9999996423721313, -0.0002771466970443726, -0.0005681794136762619;
 0.0002771615982055664, 0.9999998211860657, -3.002583980560303e-05;
 0.000568196177482605, 2.98619270324707e-05, 0.9999997019767761]
2020/03/09 16:36:38 604996	INFO [input.cpp->run:258]	frame times (ms): 356.969
2020/03/09 16:36:38 605003	INFO [input.cpp->run:259]	FPS: 2.80136
2020/03/09 16:36:38 629220	INFO [input.cpp->run:173]	
frame_id 11
2020/03/09 16:36:38 668343	WARNING [visualOdometry.cpp->trackingFrame2Frame:187]	The Estimated Rotation and translation matrices(using getTransformation function) are : 
           1 -0.000126451  0.000138997  0.000161216
 0.000126302            1  0.000703726  0.000282347
-0.000139072  -0.00070373            1 -0.000459075
           0            0            0            1
2020/03/09 16:36:38 669931	INFO [input.cpp->run:235]	rotation: 
[1, -0.0001264512538909912, 0.0001389971002936363;
 0.0001263022422790527, 0.9999998211860657, 0.0007037259638309479;
 -0.0001390716060996056, -0.0007037296891212463, 0.9999997019767761]
2020/03/09 16:36:38 669989	INFO [input.cpp->run:258]	frame times (ms): 346.557
2020/03/09 16:36:38 669996	INFO [input.cpp->run:259]	FPS: 2.88553
2020/03/09 16:36:38 695184	INFO [input.cpp->run:173]	
frame_id 12
2020/03/09 16:36:38 737405	WARNING [visualOdometry.cpp->trackingFrame2Frame:187]	The Estimated Rotation and translation matrices(using getTransformation function) are : 
           1  -5.3674e-05  0.000336973  0.000348896
 5.36442e-05            1  0.000263717 -0.000362813
-0.000337001 -0.000263691            1  -0.00031352
           0            0            0            1
2020/03/09 16:36:38 739022	INFO [input.cpp->run:235]	rotation: 
[1.00000011920929, -5.367398262023926e-05, 0.0003369729965925217;
 5.364418029785156e-05, 1.00000011920929, 0.0002637170255184174;
 -0.0003370009362697601, -0.0002636909484863281, 1.00000011920929]
2020/03/09 16:36:38 739090	INFO [input.cpp->run:258]	frame times (ms): 351.051
2020/03/09 16:36:38 739096	INFO [input.cpp->run:259]	FPS: 2.84859
2020/03/09 16:36:38 761198	INFO [input.cpp->run:173]	
frame_id 13
2020/03/09 16:36:38 804610	WARNING [visualOdometry.cpp->trackingFrame2Frame:187]	The Estimated Rotation and translation matrices(using getTransformation function) are : 
           1 -0.000194013 -0.000479903 -0.000321269
 0.000193924            1 -0.000171259 -0.000404656
 0.000479953  0.000171172            1 -3.43323e-05
           0            0            0            1
2020/03/09 16:36:38 806214	INFO [input.cpp->run:235]	rotation: 
[1, -0.0001940131187438965, -0.0004799030721187592;
 0.0001939237117767334, 0.9999999403953552, -0.0001712590456008911;
 0.0004799533635377884, 0.0001711715012788773, 0.9999998211860657]
2020/03/09 16:36:38 806275	INFO [input.cpp->run:258]	frame times (ms): 358.031
2020/03/09 16:36:38 806280	INFO [input.cpp->run:259]	FPS: 2.79305
2020/03/09 16:36:38 829419	INFO [input.cpp->run:173]	
frame_id 14
2020/03/09 16:36:38 871407	WARNING [visualOdometry.cpp->trackingFrame2Frame:187]	The Estimated Rotation and translation matrices(using getTransformation function) are : 
           1  3.30536e-05  0.000147641  0.000309885
-3.30145e-05            1 -0.000362653 -0.000678152
-0.000147671  0.000362681            1  3.12328e-05
           0            0            0            1
2020/03/09 16:36:38 872966	INFO [input.cpp->run:235]	rotation: 
[1.000000238418579, 3.305356949567795e-05, 0.0001476407051086426;
 -3.30144539475441e-05, 1, -0.0003626532852649689;
 -0.0001476705074310303, 0.0003626812249422073, 0.9999998807907104]
2020/03/09 16:36:38 873037	INFO [input.cpp->run:258]	frame times (ms): 350.638
2020/03/09 16:36:38 873041	INFO [input.cpp->run:259]	FPS: 2.85194
2020/03/09 16:36:38 896626	INFO [input.cpp->run:173]	
frame_id 15
2020/03/09 16:36:38 937518	WARNING [visualOdometry.cpp->trackingFrame2Frame:187]	The Estimated Rotation and translation matrices(using getTransformation function) are : 
           1 -0.000219598 -0.000370413 -0.000331894
 0.000219621            1  9.64589e-05  1.31726e-05
 0.000370324 -9.65185e-05            1 -9.82881e-05
           0            0            0            1
2020/03/09 16:36:38 939065	INFO [input.cpp->run:235]	rotation: 
[1, -0.0002195984125137329, -0.000370413064956665;
 0.0002196207642555237, 1.000000238418579, 9.645894169807434e-05;
 0.000370323657989502, -9.651854634284973e-05, 0.9999999403953552]
2020/03/09 16:36:38 939126	INFO [input.cpp->run:258]	frame times (ms): 361.692
2020/03/09 16:36:38 939131	INFO [input.cpp->run:259]	FPS: 2.76478
2020/03/09 16:36:38 961706	INFO [input.cpp->run:173]	
frame_id 16
2020/03/09 16:36:39 000962	WARNING [visualOdometry.cpp->trackingFrame2Frame:187]	The Estimated Rotation and translation matrices(using getTransformation function) are : 
           1 -0.000124842 -0.000335719 -0.000183925
 0.000124842            1  6.72005e-05  1.87755e-06
 0.000335725 -6.72508e-05            1 -4.26173e-05
           0            0            0            1
2020/03/09 16:36:39 002521	INFO [input.cpp->run:235]	rotation: 
[0.9999999403953552, -0.0001248419284820557, -0.0003357194364070892;
 0.0001248419284820557, 0.9999998211860657, 6.720051169395447e-05;
 0.0003357250243425369, -6.72508031129837e-05, 0.9999997615814209]
2020/03/09 16:36:39 002581	INFO [input.cpp->run:258]	frame times (ms): 349.223
2020/03/09 16:36:39 002585	INFO [input.cpp->run:259]	FPS: 2.8635
2020/03/09 16:36:39 028280	INFO [input.cpp->run:173]	
frame_id 17
2020/03/09 16:36:39 075415	WARNING [visualOdometry.cpp->trackingFrame2Frame:187]	The Estimated Rotation and translation matrices(using getTransformation function) are : 
           1  4.10527e-05   0.00029789  0.000496164
-4.09484e-05            1 -0.000225101 -0.000483155
-0.000297884  0.000225089            1  8.39233e-05
           0            0            0            1
2020/03/09 16:36:39 077270	INFO [input.cpp->run:235]	rotation: 
[0.9999998807907104, 4.105269908905029e-05, 0.0002978900447487831;
 -4.094839096069336e-05, 0.9999999403953552, -0.0002251006662845612;
 -0.0002978844568133354, 0.0002250894904136658, 0.9999999403953552]
2020/03/09 16:36:39 077341	INFO [input.cpp->run:258]	frame times (ms): 374.103
2020/03/09 16:36:39 077350	INFO [input.cpp->run:259]	FPS: 2.67306
2020/03/09 16:36:39 094725	INFO [input.cpp->run:173]	
frame_id 18
2020/03/09 16:36:39 142503	WARNING [visualOdometry.cpp->trackingFrame2Frame:187]	The Estimated Rotation and translation matrices(using getTransformation function) are : 
           1 -0.000101402 -0.000675366 -0.000505671
 0.000101313            1 -9.59374e-05 -0.000105441
 0.000675394  9.58554e-05            1  2.74777e-05
           0            0            0            1
2020/03/09 16:36:39 144132	INFO [input.cpp->run:235]	rotation: 
[0.9999997615814209, -0.0001014024019241333, -0.0006753662601113319;
 0.0001013129949569702, 1, -9.593740105628967e-05;
 0.0006753941997885704, 9.585544466972351e-05, 0.9999997019767761]
2020/03/09 16:36:39 144192	INFO [input.cpp->run:258]	frame times (ms): 368.984
2020/03/09 16:36:39 144197	INFO [input.cpp->run:259]	FPS: 2.71014
2020/03/09 16:36:39 161375	INFO [input.cpp->run:173]	
frame_id 19
2020/03/09 16:36:39 202646	WARNING [visualOdometry.cpp->trackingFrame2Frame:187]	The Estimated Rotation and translation matrices(using getTransformation function) are : 
           1 -0.000292659  -0.00062021 -0.000258759
 0.000292629            1 -4.43868e-05 -0.000517815
 0.000620246  4.41931e-05            1  0.000111401
           0            0            0            1
2020/03/09 16:36:39 204257	INFO [input.cpp->run:235]	rotation: 
[0.9999999403953552, -0.000292658805847168, -0.0006202096119523048;
 0.0002926290035247803, 1.00000011920929, -4.438683390617371e-05;
 0.0006202459335327148, 4.419311881065369e-05, 0.9999998211860657]
2020/03/09 16:36:39 204318	INFO [input.cpp->run:258]	frame times (ms): 359.69
2020/03/09 16:36:39 204325	INFO [input.cpp->run:259]	FPS: 2.78017
2020/03/09 16:36:39 228977	INFO [input.cpp->run:173]	
frame_id 20
2020/03/09 16:36:39 269173	WARNING [visualOdometry.cpp->trackingFrame2Frame:187]	The Estimated Rotation and translation matrices(using getTransformation function) are : 
           1  1.84476e-05  0.000301904  0.000123635
-1.85072e-05            1  0.000421412  0.000305623
-0.000301909 -0.000421405            1 -0.000496984
           0            0            0            1
2020/03/09 16:36:39 270904	INFO [input.cpp->run:235]	rotation: 
[1, 1.84476375579834e-05, 0.0003019040450453758;
 -1.850724220275879e-05, 1, 0.0004214122891426086;
 -0.0003019087016582489, -0.0004214048385620117, 0.9999999403953552]
2020/03/09 16:36:39 270971	INFO [input.cpp->run:258]	frame times (ms): 355.367
2020/03/09 16:36:39 270977	INFO [input.cpp->run:259]	FPS: 2.81399
2020/03/09 16:36:39 295464	INFO [input.cpp->run:173]	
frame_id 21
2020/03/09 16:36:39 339675	WARNING [visualOdometry.cpp->trackingFrame2Frame:187]	The Estimated Rotation and translation matrices(using getTransformation function) are : 
           1 -8.68738e-05 -0.000471439 -0.000199959
 8.69036e-05            1 -9.30578e-06 -0.000168711
 0.000471447   9.2648e-06            1   2.3067e-05
           0            0            0            1
2020/03/09 16:36:39 341250	INFO [input.cpp->run:235]	rotation: 
[0.9999998211860657, -8.687376976013184e-05, -0.0004714392125606537;
 8.690357208251953e-05, 0.9999998211860657, -9.305775165557861e-06;
 0.0004714466631412506, 9.26479697227478e-06, 0.9999997615814209]
2020/03/09 16:36:39 341323	INFO [input.cpp->run:258]	frame times (ms): 367.717
2020/03/09 16:36:39 341331	INFO [input.cpp->run:259]	FPS: 2.71948
2020/03/09 16:36:39 363003	INFO [input.cpp->run:173]	
frame_id 22
2020/03/09 16:36:39 404055	WARNING [visualOdometry.cpp->trackingFrame2Frame:187]	The Estimated Rotation and translation matrices(using getTransformation function) are : 
           1  2.98619e-05  0.000143305   0.00020662
-2.99513e-05            1  5.36107e-05  6.78301e-05
-0.000143305 -5.36181e-05            1 -1.92523e-05
           0            0            0            1
2020/03/09 16:36:39 406185	INFO [input.cpp->run:235]	rotation: 
[1.000000238418579, 2.98619270324707e-05, 0.0001433053985238075;
 -2.995133399963379e-05, 1.00000011920929, 5.361065268516541e-05;
 -0.0001433053985238075, -5.361810326576233e-05, 0.9999999403953552]
2020/03/09 16:36:39 406248	INFO [input.cpp->run:258]	frame times (ms): 348.681
2020/03/09 16:36:39 406252	INFO [input.cpp->run:259]	FPS: 2.86795
2020/03/09 16:36:39 429369	INFO [input.cpp->run:173]	
frame_id 23
2020/03/09 16:36:39 485368	WARNING [visualOdometry.cpp->trackingFrame2Frame:187]	The Estimated Rotation and translation matrices(using getTransformation function) are : 
           1 -4.39286e-05 -0.000273618 -0.000168219
 4.40478e-05            1  0.000331718   0.00016126
 0.000273612 -0.000331743            1 -8.12411e-05
           0            0            0            1
2020/03/09 16:36:39 487259	INFO [input.cpp->run:235]	rotation: 
[0.9999998807907104, -4.392862319946289e-05, -0.0002736179158091545;
 4.404783248901367e-05, 0.9999998211860657, 0.0003317184746265411;
 0.0002736123278737068, -0.0003317426890134811, 0.9999998807907104]
2020/03/09 16:36:39 487316	INFO [input.cpp->run:258]	frame times (ms): 365.022
2020/03/09 16:36:39 487322	INFO [input.cpp->run:259]	FPS: 2.73956
2020/03/09 16:36:39 495460	INFO [input.cpp->run:173]	
frame_id 24
2020/03/09 16:36:39 540504	WARNING [visualOdometry.cpp->trackingFrame2Frame:187]	The Estimated Rotation and translation matrices(using getTransformation function) are : 
           1  7.18236e-06 -0.000500252 -0.000213757
-7.34627e-06            1  -0.00025757 -0.000110447
 0.000500262  0.000257567            1  5.29289e-05
           0            0            0            1
2020/03/09 16:36:39 542639	INFO [input.cpp->run:235]	rotation: 
[0.9999998211860657, 7.18235969543457e-06, -0.0005002524703741074;
 -7.346272468566895e-06, 0.9999998807907104, -0.0002575702965259552;
 0.0005002617835998535, 0.0002575665712356567, 0.9999997615814209]
2020/03/09 16:36:39 542713	INFO [input.cpp->run:258]	frame times (ms): 361.095
2020/03/09 16:36:39 542720	INFO [input.cpp->run:259]	FPS: 2.76935
2020/03/09 16:36:39 562512	INFO [input.cpp->run:173]	
frame_id 25
2020/03/09 16:36:39 612121	WARNING [visualOdometry.cpp->trackingFrame2Frame:187]	The Estimated Rotation and translation matrices(using getTransformation function) are : 
           1 -5.51492e-05 -0.000746243 -0.000461102
 5.48363e-05            1 -0.000379385 -0.000235111
 0.000746259  0.000379352            1  0.000136316
           0            0            0            1
2020/03/09 16:36:39 614124	INFO [input.cpp->run:235]	rotation: 
[0.9999997019767761, -5.514919757843018e-05, -0.000746243167668581;
 5.483627319335938e-05, 0.9999998807907104, -0.0003793854266405106;
 0.0007462585344910622, 0.0003793518990278244, 0.9999997615814209]
2020/03/09 16:36:39 614184	INFO [input.cpp->run:258]	frame times (ms): 366.6
2020/03/09 16:36:39 614191	INFO [input.cpp->run:259]	FPS: 2.72777
2020/03/09 16:36:39 629002	INFO [input.cpp->run:173]	
frame_id 26
2020/03/09 16:36:39 675496	WARNING [visualOdometry.cpp->trackingFrame2Frame:187]	The Estimated Rotation and translation matrices(using getTransformation function) are : 
           1  -6.9797e-05 -0.000776717 -0.000355452
 6.97672e-05            1   2.2091e-06  0.000162899
 0.000776721  -2.2538e-06            1  9.45926e-05
           0            0            0            1
2020/03/09 16:36:39 677655	INFO [input.cpp->run:235]	rotation: 
[0.9999998807907104, -6.979703903198242e-05, -0.0007767165079712868;
 6.976723670959473e-05, 1.00000011920929, 2.209097146987915e-06;
 0.0007767211645841599, -2.253800630569458e-06, 0.9999997615814209]
2020/03/09 16:36:39 677733	INFO [input.cpp->run:258]	frame times (ms): 350.918
2020/03/09 16:36:39 677739	INFO [input.cpp->run:259]	FPS: 2.84967
2020/03/09 16:36:39 695364	INFO [input.cpp->run:173]	
frame_id 27
2020/03/09 16:36:39 739158	WARNING [visualOdometry.cpp->trackingFrame2Frame:187]	The Estimated Rotation and translation matrices(using getTransformation function) are : 
           1 -4.32134e-05 -0.000525968 -0.000122979
 4.32134e-05            1 -4.23044e-05  0.000122756
 0.000525967   4.2269e-05            1   0.00012362
           0            0            0            1
2020/03/09 16:36:39 740784	INFO [input.cpp->run:235]	rotation: 
[0.9999998807907104, -4.32133674621582e-05, -0.00052596814930439;
 4.32133674621582e-05, 1.00000011920929, -4.23043966293335e-05;
 0.0005259672179818153, 4.226900637149811e-05, 0.9999998807907104]
2020/03/09 16:36:39 740865	INFO [input.cpp->run:258]	frame times (ms): 354.841
2020/03/09 16:36:39 740870	INFO [input.cpp->run:259]	FPS: 2.81816
2020/03/09 16:36:39 761385	INFO [input.cpp->run:173]	
frame_id 28
2020/03/09 16:36:39 809134	WARNING [visualOdometry.cpp->trackingFrame2Frame:187]	The Estimated Rotation and translation matrices(using getTransformation function) are : 
           1 -3.14415e-05 -0.000121937  0.000144601
 3.14713e-05            1 -0.000149662 -6.85751e-05
 0.000121931  0.000149675            1 -3.48091e-05
           0            0            0            1
2020/03/09 16:36:39 810768	INFO [input.cpp->run:235]	rotation: 
[0.9999998211860657, -3.144145011901855e-05, -0.00012193713337183;
 3.147125244140625e-05, 0.9999998211860657, -0.0001496616750955582;
 0.0001219306141138077, 0.0001496747136116028, 0.9999999403953552]
2020/03/09 16:36:39 810850	INFO [input.cpp->run:258]	frame times (ms): 372.505
2020/03/09 16:36:39 810854	INFO [input.cpp->run:259]	FPS: 2.68453
2020/03/09 16:36:39 828721	INFO [input.cpp->run:173]	
frame_id 29
2020/03/09 16:36:39 875394	WARNING [visualOdometry.cpp->trackingFrame2Frame:187]	The Estimated Rotation and translation matrices(using getTransformation function) are : 
           1 -2.22027e-06  0.000420206  0.000583425
 2.08616e-06            1  8.49999e-05  0.000360548
-0.000420166 -8.49925e-05            1 -0.000180542
           0            0            0            1
2020/03/09 16:36:39 877146	INFO [input.cpp->run:235]	rotation: 
[0.9999998211860657, -2.220273017883301e-06, 0.0004202062264084816;
 2.086162567138672e-06, 0.9999997615814209, 8.499994874000549e-05;
 -0.0004201661795377731, -8.499249815940857e-05, 0.9999995827674866]
2020/03/09 16:36:39 877225	INFO [input.cpp->run:258]	frame times (ms): 370.99
2020/03/09 16:36:39 877229	INFO [input.cpp->run:259]	FPS: 2.69549
2020/03/09 16:36:39 895618	INFO [input.cpp->run:173]	
frame_id 30
2020/03/09 16:36:39 946521	WARNING [visualOdometry.cpp->trackingFrame2Frame:187]	The Estimated Rotation and translation matrices(using getTransformation function) are : 
           1 -6.67274e-05 -5.53057e-05  0.000307202
 6.65784e-05            1 -0.000168754 -1.78814e-06
 5.53848e-05  0.000168728            1 -5.93662e-05
           0            0            0            1
2020/03/09 16:36:39 948584	INFO [input.cpp->run:235]	rotation: 
[1.000000238418579, -6.67273998260498e-05, -5.530565977096558e-05;
 6.657838821411133e-05, 1, -0.0001687537878751755;
 5.538482218980789e-05, 0.0001687277108430862, 0.9999998211860657]
2020/03/09 16:36:39 948665	INFO [input.cpp->run:258]	frame times (ms): 372.43
2020/03/09 16:36:39 948670	INFO [input.cpp->run:259]	FPS: 2.68507
2020/03/09 16:36:39 962308	INFO [input.cpp->run:173]	
frame_id 31
2020/03/09 16:36:40 007244	WARNING [visualOdometry.cpp->trackingFrame2Frame:187]	The Estimated Rotation and translation matrices(using getTransformation function) are : 
           1  -0.00013268 -0.000736333 -0.000349343
 0.000132471            1 -0.000197044  0.000411421
 0.000736387  0.000196945            1  1.43647e-05
           0            0            0            1
2020/03/09 16:36:40 009271	INFO [input.cpp->run:235]	rotation: 
[0.9999998807907104, -0.0001326799392700195, -0.000736333429813385;
 0.0001324713230133057, 1.00000011920929, -0.0001970436424016953;
 0.0007363874465227127, 0.000196944922208786, 0.9999997019767761]
2020/03/09 16:36:40 009356	INFO [input.cpp->run:258]	frame times (ms): 372.044
2020/03/09 16:36:40 009361	INFO [input.cpp->run:259]	FPS: 2.68785
2020/03/09 16:36:40 028331	INFO [input.cpp->run:173]	
frame_id 32
2020/03/09 16:36:40 072594	WARNING [visualOdometry.cpp->trackingFrame2Frame:187]	The Estimated Rotation and translation matrices(using getTransformation function) are : 
           1 -0.000349402 -0.000927099 -0.000222921
 0.000349522            1  8.76822e-05  0.000206769
 0.000927086 -8.80165e-05            1  0.000118136
           0            0            0            1
2020/03/09 16:36:40 074126	INFO [input.cpp->run:235]	rotation: 
[0.9999995827674866, -0.0003494024276733398, -0.0009270987939089537;
 0.0003495216369628906, 1, 8.768215775489807e-05;
 0.000927085755392909, -8.801650255918503e-05, 0.9999995231628418]
2020/03/09 16:36:40 074191	INFO [input.cpp->run:258]	frame times (ms): 353.443
2020/03/09 16:36:40 074195	INFO [input.cpp->run:259]	FPS: 2.82931
2020/03/09 16:36:40 096082	INFO [input.cpp->run:173]	
frame_id 33
2020/03/09 16:36:40 143281	WARNING [visualOdometry.cpp->trackingFrame2Frame:187]	The Estimated Rotation and translation matrices(using getTransformation function) are : 
           1 -0.000151336 -0.000468282   1.2219e-06
 0.000151306            1 -7.65659e-05  0.000341922
 0.000468316  7.64821e-05            1 -5.93066e-05
           0            0            0            1
2020/03/09 16:36:40 145172	INFO [input.cpp->run:235]	rotation: 
[1.000000238418579, -0.0001513361930847168, -0.0004682820290327072;
 0.0001513063907623291, 1.00000011920929, -7.656589150428772e-05;
 0.0004683155566453934, 7.648207247257233e-05, 1]
2020/03/09 16:36:40 145254	INFO [input.cpp->run:258]	frame times (ms): 354.381
2020/03/09 16:36:40 145257	INFO [input.cpp->run:259]	FPS: 2.82182
2020/03/09 16:36:40 162976	INFO [input.cpp->run:173]	
frame_id 34
2020/03/09 16:36:40 214761	WARNING [visualOdometry.cpp->trackingFrame2Frame:187]	The Estimated Rotation and translation matrices(using getTransformation function) are : 
           1  0.000173643  -0.00013274  0.000492275
-0.000173777            1 -0.000493169  5.78165e-06
  0.00013265  0.000493236            1  3.11136e-05
           0            0            0            1
2020/03/09 16:36:40 216605	INFO [input.cpp->run:235]	rotation: 
[1, 0.0001736432313919067, -0.0001327395439147949;
 -0.0001737773418426514, 0.9999997615814209, -0.000493168830871582;
 0.0001326501369476318, 0.0004932358860969543, 1]
2020/03/09 16:36:40 216683	INFO [input.cpp->run:258]	frame times (ms): 384.294
2020/03/09 16:36:40 216686	INFO [input.cpp->run:259]	FPS: 2.60217
2020/03/09 16:36:40 229613	INFO [input.cpp->run:173]	
frame_id 35
2020/03/09 16:36:40 275649	WARNING [visualOdometry.cpp->trackingFrame2Frame:187]	The Estimated Rotation and translation matrices(using getTransformation function) are : 
           1  0.000282861 -0.000456452  0.000247881
-0.000283197            1   -0.0007952 -6.72638e-05
 0.000456363   0.00079529     0.999999  0.000131607
           0            0            0            1
2020/03/09 16:36:40 277241	INFO [input.cpp->run:235]	rotation: 
[0.9999996423721313, 0.0002828612923622131, -0.0004564523696899414;
 -0.0002831965684890747, 0.9999995231628418, -0.0007952004671096802;
 0.0004563629627227783, 0.0007952898740768433, 0.9999994039535522]
2020/03/09 16:36:40 277322	INFO [input.cpp->run:258]	frame times (ms): 356.409
2020/03/09 16:36:40 277327	INFO [input.cpp->run:259]	FPS: 2.80577
2020/03/09 16:36:40 295959	INFO [input.cpp->run:173]	
frame_id 36
2020/03/09 16:36:40 341597	WARNING [visualOdometry.cpp->trackingFrame2Frame:187]	The Estimated Rotation and translation matrices(using getTransformation function) are : 
           1  0.000195347 -6.45816e-05  0.000694089
-0.000195347            1 -0.000435874  0.000331402
 6.44922e-05  0.000435844            1    0.0001086
           0            0            0            1
2020/03/09 16:36:40 343240	INFO [input.cpp->run:235]	rotation: 
[0.9999999403953552, 0.0001953467726707458, -6.458163261413574e-05;
 -0.0001953467726707458, 0.9999998807907104, -0.0004358738660812378;
 6.449222564697266e-05, 0.0004358440637588501, 0.9999998807907104]
2020/03/09 16:36:40 343308	INFO [input.cpp->run:258]	frame times (ms): 356.332
2020/03/09 16:36:40 343312	INFO [input.cpp->run:259]	FPS: 2.80637
2020/03/09 16:36:40 362788	INFO [input.cpp->run:173]	
frame_id 37
2020/03/09 16:36:40 405493	WARNING [visualOdometry.cpp->trackingFrame2Frame:187]	The Estimated Rotation and translation matrices(using getTransformation function) are : 
           1 -0.000162125  0.000124103  0.000797644
 0.000162125            1  -0.00023897  0.000400513
 -0.00012405  0.000238989            1  0.000109017
           0            0            0            1
2020/03/09 16:36:40 407075	INFO [input.cpp->run:235]	rotation: 
[0.9999998211860657, -0.0001621246337890625, 0.0001241033896803856;
 0.0001621246337890625, 0.9999997019767761, -0.0002389699220657349;
 -0.0001240503042936325, 0.0002389885485172272, 0.9999997615814209]
2020/03/09 16:36:40 407123	INFO [input.cpp->run:258]	frame times (ms): 333.865
2020/03/09 16:36:40 407127	INFO [input.cpp->run:259]	FPS: 2.99522
2020/03/09 16:36:40 429692	INFO [input.cpp->run:173]	
frame_id 38
2020/03/09 16:36:40 468915	WARNING [visualOdometry.cpp->trackingFrame2Frame:187]	The Estimated Rotation and translation matrices(using getTransformation function) are : 
           1 -0.000444174 -0.000266387   0.00053823
 0.000444084            1 -0.000178073  0.000593841
 0.000266469  0.000177959            1  8.86917e-05
           0            0            0            1
2020/03/09 16:36:40 470546	INFO [input.cpp->run:235]	rotation: 
[0.9999996423721313, -0.0004441738128662109, -0.0002663871273398399;
 0.0004440844058990479, 0.9999995827674866, -0.000178072601556778;
 0.0002664690837264061, 0.0001779589802026749, 0.9999998807907104]
2020/03/09 16:36:40 470616	INFO [input.cpp->run:258]	frame times (ms): 357.808
2020/03/09 16:36:40 470622	INFO [input.cpp->run:259]	FPS: 2.79479
2020/03/09 16:36:40 496008	INFO [input.cpp->run:173]	
frame_id 39
2020/03/09 16:36:40 539984	WARNING [visualOdometry.cpp->trackingFrame2Frame:187]	The Estimated Rotation and translation matrices(using getTransformation function) are : 
           1  1.84039e-05 -0.000426054  0.000577807
-1.85426e-05            1 -0.000408397  0.000458032
 0.000426352  0.000408325            1  8.36253e-05
           0            0            0            1
2020/03/09 16:36:40 541773	INFO [input.cpp->run:235]	rotation: 
[0.9999998211860657, 1.840386539697647e-05, -0.0004260540008544922;
 -1.854263246059418e-05, 0.9999998807907104, -0.00040839659050107;
 0.0004263520240783691, 0.0004083248786628246, 0.9999996423721313]
2020/03/09 16:36:40 541839	INFO [input.cpp->run:258]	frame times (ms): 355.703
2020/03/09 16:36:40 541842	INFO [input.cpp->run:259]	FPS: 2.81133
2020/03/09 16:36:40 562280	INFO [input.cpp->run:173]	
frame_id 40
2020/03/09 16:36:40 607415	WARNING [visualOdometry.cpp->trackingFrame2Frame:187]	The Estimated Rotation and translation matrices(using getTransformation function) are : 
           1  -0.00019528 -0.000735492  0.000368714
 0.000194833            1 -0.000579147   0.00045982
 0.000735581  0.000579091            1  0.000144064
           0            0            0            1
2020/03/09 16:36:40 609236	INFO [input.cpp->run:235]	rotation: 
[1, -0.0001952797174453735, -0.0007354915142059326;
 0.0001948326826095581, 1.00000011920929, -0.0005791466683149338;
 0.0007355809211730957, 0.0005790907889604568, 0.9999998807907104]
2020/03/09 16:36:40 609303	INFO [input.cpp->run:258]	frame times (ms): 343.966
2020/03/09 16:36:40 609308	INFO [input.cpp->run:259]	FPS: 2.90726
2020/03/09 16:36:40 629760	INFO [input.cpp->run:173]	
frame_id 41
2020/03/09 16:36:40 669890	WARNING [visualOdometry.cpp->trackingFrame2Frame:187]	The Estimated Rotation and translation matrices(using getTransformation function) are : 
           1  0.000162795 -0.000653207  0.000530191
-0.000163093            1 -0.000393793  0.000609964
 0.000653327   0.00039392            1  2.55704e-05
           0            0            0            1
2020/03/09 16:36:40 671653	INFO [input.cpp->run:235]	rotation: 
[0.9999997615814209, 0.0001627951860427856, -0.0006532073020935059;
 -0.0001630932092666626, 0.9999995231628418, -0.000393792986869812;
 0.0006533265113830566, 0.0003939196467399597, 0.9999997615814209]
2020/03/09 16:36:40 671710	INFO [input.cpp->run:258]	frame times (ms): 347.688
2020/03/09 16:36:40 671714	INFO [input.cpp->run:259]	FPS: 2.87614
2020/03/09 16:36:40 695176	INFO [input.cpp->run:173]	
frame_id 42
2020/03/09 16:36:40 736102	WARNING [visualOdometry.cpp->trackingFrame2Frame:187]	The Estimated Rotation and translation matrices(using getTransformation function) are : 
           1  6.66976e-05 -0.000720173  0.000640869
-6.71595e-05            1 -0.000641301  0.000534385
 0.000720322  0.000641324            1  0.000151157
           0            0            0            1
2020/03/09 16:36:40 737869	INFO [input.cpp->run:235]	rotation: 
[0.9999998807907104, 6.669759750366211e-05, -0.0007201731204986572;
 -6.715953350067139e-05, 0.9999999403953552, -0.0006413012742996216;
 0.0007203221321105957, 0.0006413236260414124, 0.9999995827674866]
2020/03/09 16:36:40 737924	INFO [input.cpp->run:258]	frame times (ms): 345.43
2020/03/09 16:36:40 737927	INFO [input.cpp->run:259]	FPS: 2.89494
2020/03/09 16:36:40 762544	INFO [input.cpp->run:173]	
frame_id 43
2020/03/09 16:36:40 801263	WARNING [visualOdometry.cpp->trackingFrame2Frame:187]	The Estimated Rotation and translation matrices(using getTransformation function) are : 
           1  -0.00086686 -0.000633177  0.000728637
 0.000867009            1  0.000352863   0.00118503
 0.000632919 -0.000353418            1 -8.92878e-05
           0            0            0            1
2020/03/09 16:36:40 803097	INFO [input.cpp->run:235]	rotation: 
[1, -0.0008668601512908936, -0.0006331768818199635;
 0.000867009162902832, 0.9999999403953552, 0.000352863222360611;
 0.0006329193711280823, -0.0003534182906150818, 0.9999999403953552]
2020/03/09 16:36:40 803152	INFO [input.cpp->run:258]	frame times (ms): 341.737
2020/03/09 16:36:40 803158	INFO [input.cpp->run:259]	FPS: 2.92623
2020/03/09 16:36:40 830373	INFO [input.cpp->run:173]	
frame_id 44
2020/03/09 16:36:40 869087	WARNING [visualOdometry.cpp->trackingFrame2Frame:187]	The Estimated Rotation and translation matrices(using getTransformation function) are : 
           1 -0.000994124 -0.000782627  0.000736669
 0.000994429            1  0.000469357   0.00158054
 0.000782136 -0.000470109            1  9.83477e-06
           0            0            0            1
2020/03/09 16:36:40 870803	INFO [input.cpp->run:235]	rotation: 
[0.9999996423721313, -0.0009941235184669495, -0.0007826271466910839;
 0.0009944289922714233, 0.9999995231628418, 0.0004693567752838135;
 0.0007821363396942616, -0.0004701092839241028, 1]
2020/03/09 16:36:40 870866	INFO [input.cpp->run:258]	frame times (ms): 340.504
2020/03/09 16:36:40 870870	INFO [input.cpp->run:259]	FPS: 2.93682
2020/03/09 16:36:40 895382	INFO [input.cpp->run:173]	
frame_id 45
2020/03/09 16:36:40 934032	WARNING [visualOdometry.cpp->trackingFrame2Frame:187]	The Estimated Rotation and translation matrices(using getTransformation function) are : 
    0.999999  -0.00107986 -0.000559066   0.00108188
  0.00108001     0.999999  0.000274185   0.00135636
 0.000558767 -0.000274777            1   1.3113e-05
           0            0            0            1
2020/03/09 16:36:40 935998	INFO [input.cpp->run:235]	rotation: 
[0.9999989867210388, -0.001079857349395752, -0.0005590664222836494;
 0.00108000636100769, 0.9999991655349731, 0.0002741850912570953;
 0.0005587665364146233, -0.0002747774124145508, 0.9999996423721313]
2020/03/09 16:36:40 936042	INFO [input.cpp->run:258]	frame times (ms): 335.438
2020/03/09 16:36:40 936047	INFO [input.cpp->run:259]	FPS: 2.98118
2020/03/09 16:36:40 961882	INFO [input.cpp->run:173]	
frame_id 46
2020/03/09 16:36:40 998622	WARNING [visualOdometry.cpp->trackingFrame2Frame:187]	The Estimated Rotation and translation matrices(using getTransformation function) are : 
           1 -0.000389263 -0.000539184   0.00147284
 0.000388816            1 -0.000784893  0.000615805
 0.000539422  0.000784714            1  0.000423372
           0            0            0            1
2020/03/09 16:36:41 000464	INFO [input.cpp->run:235]	rotation: 
[1, -0.0003892630338668823, -0.0005391836166381836;
 0.0003888159990310669, 0.9999997019767761, -0.0007848925888538361;
 0.0005394220352172852, 0.0007847137749195099, 0.9999996423721313]
2020/03/09 16:36:41 000506	INFO [input.cpp->run:258]	frame times (ms): 329.178
2020/03/09 16:36:41 000507	INFO [input.cpp->run:259]	FPS: 3.03787
2020/03/09 16:36:41 028673	INFO [input.cpp->run:173]	
frame_id 47
