		g3log created log at: Mon Mar 09 14:53:35 2020
		LOG format: [YYYY/MM/DD hh:mm:ss uuu* LEVEL FILE->FUNCTION:LINE] message		(uuu*: microseconds fractions of the seconds value)

2020/03/09 14:53:35 124336	INFO [g3logger.h->logBanner:29]	Starting log.
2020/03/09 14:53:35 127987	DEBUG [main.cpp->main:48]	Filepath: /home/mitchell/KITTI/data_odometry_gray/dataset/sequences/00/
2020/03/09 14:53:35 127997	DEBUG [main.cpp->main:52]	Calibration Filepath: /home/mitchell/visual_odom_catkin_ws/tank_downsized.yaml
2020/03/09 14:53:35 128136	INFO [main.cpp->main:66]	P_left: 
[409.41, 0, 251.22, 0;
 0, 408.72, 191.78999, 0;
 0, 0, 1, 0]
2020/03/09 14:53:35 128153	INFO [main.cpp->main:67]	P_right: 
[409.41, 0, 251.22, -73.940002;
 0, 408.72, 191.78999, 0;
 0, 0, 1, 0]
2020/03/09 14:53:35 278142	INFO [input.cpp->Input:22]	frame_pose [1, 0, 0, 0;
 0, 1, 0, 0;
 0, 0, 1, 0;
 0, 0, 0, 1]
2020/03/09 14:53:35 735002	INFO [input.cpp->run:173]	
frame_id 1
2020/03/09 14:53:35 869702	INFO [input.cpp->run:235]	rotation: 
[-0.9532981402937404, 0.1143180642361406, 0.2795604333624443;
 0.09920933222510679, -0.7557227369239113, 0.6473334946499223;
 0.2852720878598963, 0.6448368205100685, 0.709087660873126]
2020/03/09 14:53:35 869825	INFO [input.cpp->run:256]	frame times (ms): 225.201
2020/03/09 14:53:35 869830	INFO [input.cpp->run:257]	FPS: 4.44048
2020/03/09 14:53:35 877409	INFO [input.cpp->run:173]	
frame_id 2
2020/03/09 14:53:35 936548	INFO [input.cpp->run:235]	rotation: 
[-0.999656413460863, -0.02421263437173031, -0.01004008781560595;
 0.02387171916717806, -0.9991772031661441, 0.0327880724820054;
 -0.01082571247390023, 0.03253713278490837, 0.9994118965369427]
2020/03/09 14:53:35 936623	INFO [input.cpp->run:256]	frame times (ms): 161.806
2020/03/09 14:53:35 936628	INFO [input.cpp->run:257]	FPS: 6.18024
2020/03/09 14:53:36 000872	INFO [input.cpp->run:173]	
frame_id 3
2020/03/09 14:53:36 066912	INFO [input.cpp->run:235]	rotation: 
[-0.9999995402181965, 0.0008531689871686985, 0.0004377968421684875;
 -0.0008535532057392137, -0.9999992501201852, -0.0008781833477387946;
 0.0004370472750761338, -0.0008785566268641666, 0.9999995185638511]
2020/03/09 14:53:36 066984	INFO [input.cpp->run:256]	frame times (ms): 172.065
2020/03/09 14:53:36 066992	INFO [input.cpp->run:257]	FPS: 5.81176
2020/03/09 14:53:36 134818	INFO [input.cpp->run:173]	
frame_id 4
2020/03/09 14:53:36 200636	INFO [input.cpp->run:235]	rotation: 
[-0.9027152876653638, 0.02967389402545656, -0.4292138970590369;
 0.02322432927318934, -0.9928033021232628, -0.117482908641878;
 -0.4296111496982475, -0.1160218225443444, 0.8955295621856596]
2020/03/09 14:53:36 200698	INFO [input.cpp->run:256]	frame times (ms): 167.464
2020/03/09 14:53:36 200711	INFO [input.cpp->run:257]	FPS: 5.97143
2020/03/09 14:53:36 266737	INFO [input.cpp->run:173]	
frame_id 5
2020/03/09 14:53:36 346249	INFO [input.cpp->run:235]	rotation: 
[-0.9998449810349239, -0.001751654985386853, 0.01751986312973867;
 0.001500490109118311, -0.9998960669513105, -0.01433889203295552;
 0.01754315902866543, -0.01431038085141296, 0.9997436924388079]
2020/03/09 14:53:36 346313	INFO [input.cpp->run:256]	frame times (ms): 169.982
2020/03/09 14:53:36 346325	INFO [input.cpp->run:257]	FPS: 5.88298
2020/03/09 14:53:36 401976	INFO [input.cpp->run:173]	
frame_id 6
2020/03/09 14:53:36 457139	INFO [input.cpp->run:235]	rotation: 
[-0.9995012107357393, -0.01628999528294577, -0.02705486631777779;
 0.01641061996005736, -0.9998563361712873, -0.004242472233998517;
 -0.0269818696594174, -0.004684343263605482, 0.9996249474867419]
2020/03/09 14:53:36 457200	INFO [input.cpp->run:256]	frame times (ms): 159.46
2020/03/09 14:53:36 457202	INFO [input.cpp->run:257]	FPS: 6.27116
2020/03/09 14:53:36 533465	INFO [input.cpp->run:173]	
frame_id 7
2020/03/09 14:53:36 584226	INFO [input.cpp->run:235]	rotation: 
[-0.9997434371733764, -0.02097433527965021, -0.008552022470737542;
 0.02068422287080898, -0.9992509379514333, 0.03270666487753705;
 -0.009231617030286843, 0.03252138162436573, 0.9994284051317772]
2020/03/09 14:53:36 584284	INFO [input.cpp->run:256]	frame times (ms): 157.989
2020/03/09 14:53:36 584286	INFO [input.cpp->run:257]	FPS: 6.32955
2020/03/09 14:53:36 667923	INFO [input.cpp->run:173]	
frame_id 8
2020/03/09 14:53:36 719669	INFO [input.cpp->run:235]	rotation: 
[-0.3557608534574833, 0.2397290954461417, 0.903307354084853;
 0.6889548436650654, -0.5858119613562017, 0.4268085862801324;
 0.6314866891215113, 0.7741797638330356, 0.04324644186262039]
2020/03/09 14:53:36 719734	INFO [input.cpp->run:256]	frame times (ms): 156.874
2020/03/09 14:53:36 719739	INFO [input.cpp->run:257]	FPS: 6.37454
2020/03/09 14:53:36 800893	INFO [input.cpp->run:173]	
frame_id 9
2020/03/09 14:53:36 853617	INFO [input.cpp->run:235]	rotation: 
[-0.9997331421615979, 0.01208040540299854, 0.01969030901223683;
 -0.0118992038893893, -0.9998860096422154, 0.009293904914852923;
 0.01980033864601598, 0.009057125761895346, 0.9997629294299901]
2020/03/09 14:53:36 853679	INFO [input.cpp->run:256]	frame times (ms): 169.181
2020/03/09 14:53:36 853684	INFO [input.cpp->run:257]	FPS: 5.91083
2020/03/09 14:53:36 934837	INFO [input.cpp->run:173]	
frame_id 10
2020/03/09 14:53:36 992256	INFO [input.cpp->run:235]	rotation: 
[-0.9643473650857911, 0.0311413297690635, -0.262801021748977;
 0.03261453706800918, -0.9714966194429376, -0.2347990851404314;
 -0.2626222599551137, -0.2349990127450721, 0.9358445450954502]
2020/03/09 14:53:36 992318	INFO [input.cpp->run:256]	frame times (ms): 173.674
2020/03/09 14:53:36 992323	INFO [input.cpp->run:257]	FPS: 5.75791
2020/03/09 14:53:37 066494	INFO [input.cpp->run:173]	
frame_id 11
2020/03/09 14:53:37 118627	INFO [input.cpp->run:235]	rotation: 
[0.9999712696043318, -0.002797944517117127, -0.007044960779155117;
 0.00267208567022257, 0.9998377909292728, -0.01781156331832739;
 0.00709365378854162, 0.01779222684632052, 0.9998165415413857]
2020/03/09 14:53:37 118686	INFO [input.cpp->run:256]	frame times (ms): 165.084
2020/03/09 14:53:37 118688	INFO [input.cpp->run:257]	FPS: 6.05752
2020/03/09 14:53:37 200926	INFO [input.cpp->run:173]	
frame_id 12
2020/03/09 14:53:37 254883	INFO [input.cpp->run:235]	rotation: 
[-0.9782270052665714, -0.1892177275887572, -0.08525595423982016;
 0.1996450446809642, -0.9701692073245742, -0.1375265984947757;
 -0.05669023109435364, -0.1515531613835697, 0.9868220999618492]
2020/03/09 14:53:37 254947	INFO [input.cpp->run:256]	frame times (ms): 162.17
2020/03/09 14:53:37 254949	INFO [input.cpp->run:257]	FPS: 6.16637
2020/03/09 14:53:37 333809	INFO [input.cpp->run:173]	
frame_id 13
2020/03/09 14:53:37 391506	INFO [input.cpp->run:235]	rotation: 
[-0.9999898239472294, 0.00296619638275781, 0.003399070609456901;
 -0.002980172469286597, -0.9999870963921631, -0.004114075986670698;
 0.003386823591872693, -0.004124163938267819, 0.9999857602474983]
2020/03/09 14:53:37 391566	INFO [input.cpp->run:256]	frame times (ms): 163.618
2020/03/09 14:53:37 391570	INFO [input.cpp->run:257]	FPS: 6.1118
2020/03/09 14:53:37 466353	INFO [input.cpp->run:173]	
frame_id 14
2020/03/09 14:53:37 520148	INFO [input.cpp->run:235]	rotation: 
[-0.9458703570747173, 0.03507191359165706, -0.3226441204862813;
 0.0371244154139219, -0.9759259387784751, -0.2149193797672204;
 -0.322414400093298, -0.2152638448424897, 0.9217973919013365]
2020/03/09 14:53:37 520203	INFO [input.cpp->run:256]	frame times (ms): 165.339
2020/03/09 14:53:37 520205	INFO [input.cpp->run:257]	FPS: 6.04818
2020/03/09 14:53:37 602119	INFO [input.cpp->run:173]	
frame_id 15
2020/03/09 14:53:37 652504	INFO [input.cpp->run:235]	rotation: 
[-0.9909323443582869, -0.0540905940111738, -0.122993075187621;
 0.06327093051930267, -0.9953956979835298, -0.07200134573119532;
 -0.1185321823633185, -0.07913034863691626, 0.9897921547824009]
2020/03/09 14:53:37 652562	INFO [input.cpp->run:256]	frame times (ms): 164.368
2020/03/09 14:53:37 652567	INFO [input.cpp->run:257]	FPS: 6.08391
2020/03/09 14:53:37 734872	INFO [input.cpp->run:173]	
frame_id 16
2020/03/09 14:53:37 788031	INFO [input.cpp->run:235]	rotation: 
[-0.9921946946210904, 0.001631043607834601, 0.1246877205762875;
 -0.003807260632467531, -0.9998445270222573, -0.01721704243227795;
 0.1246402532580766, -0.0175573768082746, 0.9920466449655357]
2020/03/09 14:53:37 788085	INFO [input.cpp->run:256]	frame times (ms): 157.655
2020/03/09 14:53:37 788092	INFO [input.cpp->run:257]	FPS: 6.34296
2020/03/09 14:53:37 867815	INFO [input.cpp->run:173]	
frame_id 17
2020/03/09 14:53:37 919563	INFO [input.cpp->run:235]	rotation: 
[-0.5631810090329359, 0.541936117218624, 0.6238047738825394;
 0.501806664128516, -0.3754745616605526, 0.7792361165795811;
 0.6565190194509638, 0.7518803750596352, -0.06048701265004897]
2020/03/09 14:53:37 919629	INFO [input.cpp->run:256]	frame times (ms): 155.639
2020/03/09 14:53:37 919633	INFO [input.cpp->run:257]	FPS: 6.42512
2020/03/09 14:53:38 000260	INFO [input.cpp->run:173]	
frame_id 18
2020/03/09 14:53:38 052279	INFO [input.cpp->run:235]	rotation: 
[0.9999677789440966, -0.007527285503461064, -0.002789452734816956;
 0.007473818609631193, 0.9997970876719697, -0.01870629621378841;
 0.002929694352782103, 0.0186848456134122, 0.9998211307205915]
2020/03/09 14:53:38 052344	INFO [input.cpp->run:256]	frame times (ms): 163.706
2020/03/09 14:53:38 052348	INFO [input.cpp->run:257]	FPS: 6.10851
2020/03/09 14:53:38 134298	INFO [input.cpp->run:173]	
frame_id 19
2020/03/09 14:53:38 189002	INFO [input.cpp->run:235]	rotation: 
[-0.9650109699296742, 0.03115503602368593, -0.2603520532773888;
 0.03262268875212399, -0.9709361088555942, -0.2371051089684483;
 -0.2601722277530242, -0.237302415180968, 0.935947635103219]
2020/03/09 14:53:38 189057	INFO [input.cpp->run:256]	frame times (ms): 162.878
2020/03/09 14:53:38 189062	INFO [input.cpp->run:257]	FPS: 6.13956
2020/03/09 14:53:38 267556	INFO [input.cpp->run:173]	
frame_id 20
2020/03/09 14:53:38 319079	INFO [input.cpp->run:235]	rotation: 
[-0.9997544835506812, 0.0002044078866933465, 0.0221569591263449;
 -0.0005392705145843038, -0.9998857179699367, -0.0151082820683286;
 0.02215133873206675, -0.01511652133130957, 0.9996403398098819]
2020/03/09 14:53:38 319144	INFO [input.cpp->run:256]	frame times (ms): 163.532
2020/03/09 14:53:38 319149	INFO [input.cpp->run:257]	FPS: 6.11501
2020/03/09 14:53:38 400491	INFO [input.cpp->run:173]	
frame_id 21
2020/03/09 14:53:38 451417	INFO [input.cpp->run:235]	rotation: 
[-0.9999999564397027, -9.678276257367173e-05, -0.0002788434855343801;
 9.903480005045198e-05, -0.9999672892156242, -0.008087687609236721;
 -0.0002780516155955954, -0.00808771487214348, 0.999967255241613]
2020/03/09 14:53:38 451479	INFO [input.cpp->run:256]	frame times (ms): 162.145
2020/03/09 14:53:38 451483	INFO [input.cpp->run:257]	FPS: 6.16732
2020/03/09 14:53:38 535190	INFO [input.cpp->run:173]	
frame_id 22
2020/03/09 14:53:38 587290	INFO [input.cpp->run:235]	rotation: 
[-0.9447581804161893, -0.008602419539704934, -0.3276552745108097;
 -0.05103071244230759, -0.9836049991057144, 0.1729655229283515;
 -0.3237712879863218, 0.1801310748102905, 0.9288298816055435]
2020/03/09 14:53:38 587359	INFO [input.cpp->run:256]	frame times (ms): 161.047
2020/03/09 14:53:38 587363	INFO [input.cpp->run:257]	FPS: 6.20937
2020/03/09 14:53:38 668025	INFO [input.cpp->run:173]	
frame_id 23
2020/03/09 14:53:38 719503	INFO [input.cpp->run:235]	rotation: 
[-0.9999829756709639, -0.002950389267727374, -0.005034239904225297;
 0.0030073246785091, -0.9999311801332089, -0.01133979698610571;
 -0.00500043663317968, -0.01135474352757213, 0.999923029754241]
2020/03/09 14:53:38 719570	INFO [input.cpp->run:256]	frame times (ms): 161.082
2020/03/09 14:53:38 719575	INFO [input.cpp->run:257]	FPS: 6.20802
2020/03/09 14:53:38 801582	INFO [input.cpp->run:173]	
frame_id 24
2020/03/09 14:53:38 853525	INFO [input.cpp->run:235]	rotation: 
[-0.9730703133557558, 0.020489544250253, -0.2295960449183481;
 -0.1176073434337794, -0.9007767578228105, 0.4180547157211301;
 -0.198249030353695, 0.4337988141323612, 0.8789288428656652]
2020/03/09 14:53:38 853587	INFO [input.cpp->run:256]	frame times (ms): 158.831
2020/03/09 14:53:38 853591	INFO [input.cpp->run:257]	FPS: 6.296
2020/03/09 14:53:38 936352	INFO [input.cpp->run:173]	
frame_id 25
2020/03/09 14:53:38 986072	INFO [input.cpp->run:235]	rotation: 
[-0.9931019023437924, 0.1161184753251192, -0.01628223723296023;
 0.007319708350716339, 0.1999861461914033, 0.9797713831303559;
 0.1170257810518741, 0.9728936432209226, -0.1994565755985965]
2020/03/09 14:53:38 986127	INFO [input.cpp->run:256]	frame times (ms): 157.78
2020/03/09 14:53:38 986131	INFO [input.cpp->run:257]	FPS: 6.33794
2020/03/09 14:53:39 067882	INFO [input.cpp->run:173]	
frame_id 26
2020/03/09 14:53:39 119421	INFO [input.cpp->run:235]	rotation: 
[-0.5202498172726231, 0.5441538099467097, 0.6582072308538417;
 0.5166439893566029, -0.4131547840592888, 0.7499214043288916;
 0.6800140556558348, 0.7302052831426261, -0.06619009428230749]
2020/03/09 14:53:39 119493	INFO [input.cpp->run:256]	frame times (ms): 146.955
2020/03/09 14:53:39 119498	INFO [input.cpp->run:257]	FPS: 6.8048
2020/03/09 14:53:39 202543	INFO [input.cpp->run:173]	
frame_id 27
2020/03/09 14:53:39 254901	INFO [input.cpp->run:235]	rotation: 
[-0.9908804872770181, 0.1300986328791628, 0.03507428768531107;
 0.067702313887937, 0.2556474059434439, 0.9643965991896731;
 0.1165000284458266, 0.9579763825676292, -0.2621240046519219]
2020/03/09 14:53:39 254966	INFO [input.cpp->run:256]	frame times (ms): 160.999
2020/03/09 14:53:39 254970	INFO [input.cpp->run:257]	FPS: 6.21122
2020/03/09 14:53:39 335394	INFO [input.cpp->run:173]	
frame_id 28
2020/03/09 14:53:39 386862	INFO [input.cpp->run:235]	rotation: 
[-0.9999996142439865, 0.0004688678983516085, 0.0007427481214902507;
 -0.000473694296669413, -0.9999786894906102, -0.006511234779602136;
 0.0007396793841826475, -0.006511584103403176, 0.9999785258428666]
2020/03/09 14:53:39 386923	INFO [input.cpp->run:256]	frame times (ms): 162.551
2020/03/09 14:53:39 386926	INFO [input.cpp->run:257]	FPS: 6.15192
2020/03/09 14:53:40 652019	INFO [input.cpp->run:173]	
frame_id 29
2020/03/09 14:53:40 687657	INFO [input.cpp->run:196]	Not enough points
2020/03/09 14:53:40 831847	INFO [input.cpp->run:173]	
frame_id 30
2020/03/09 14:53:40 876010	INFO [input.cpp->run:235]	rotation: 
[-0.9980987134144721, 0.01616133133781754, 0.05947915306865716;
 -0.01593226127641397, -0.9998637258146014, 0.004323522957458357;
 0.05954092148258668, 0.003367665294067455, 0.998220184878803]
2020/03/09 14:53:40 876075	INFO [input.cpp->run:256]	frame times (ms): 110.033
2020/03/09 14:53:40 876079	INFO [input.cpp->run:257]	FPS: 9.08818
2020/03/09 14:53:40 962676	INFO [input.cpp->run:173]	
frame_id 31
2020/03/09 14:53:41 008897	INFO [input.cpp->run:235]	rotation: 
[-0.9915435168884442, 0.01965509114269613, 0.1282775565275074;
 -0.01400035462225448, -0.998896258192021, 0.0448358722501343;
 0.1290172243808813, 0.04266078717219776, 0.9907242871005537]
2020/03/09 14:53:41 008958	INFO [input.cpp->run:256]	frame times (ms): 121.707
2020/03/09 14:53:41 008962	INFO [input.cpp->run:257]	FPS: 8.21645
2020/03/09 14:53:41 096962	INFO [input.cpp->run:173]	
frame_id 32
2020/03/09 14:53:41 142218	INFO [input.cpp->run:235]	rotation: 
[-0.9911957925986297, 0.002600236985692188, 0.1323787728542324;
 -0.007802972843839365, -0.9992165951534014, -0.03879831935589242;
 0.1321741818570197, -0.0394896788751409, 0.9904395745893668]
2020/03/09 14:53:41 142286	INFO [input.cpp->run:256]	frame times (ms): 119.52
2020/03/09 14:53:41 142290	INFO [input.cpp->run:257]	FPS: 8.3668
2020/03/09 14:53:41 228463	INFO [input.cpp->run:173]	
frame_id 33
2020/03/09 14:53:41 274600	INFO [input.cpp->run:235]	rotation: 
[-0.9999359602309973, 0.01107342258906713, -0.002335540425131147;
 -0.01107022337962102, -0.9999377732821635, -0.001378302519010539;
 -0.002350657618364697, -0.001352359298617269, 0.9999963227597831]
2020/03/09 14:53:41 274661	INFO [input.cpp->run:256]	frame times (ms): 127.487
2020/03/09 14:53:41 274665	INFO [input.cpp->run:257]	FPS: 7.84394
2020/03/09 14:53:41 364049	INFO [input.cpp->run:173]	
frame_id 34
2020/03/09 14:53:41 409778	INFO [input.cpp->run:235]	rotation: 
[-0.8936007745931271, -0.00692611600422979, 0.448809185025952;
 -0.004282650260276692, -0.9997038741728086, -0.02395460019756915;
 0.4488421933745884, -0.02332794206468244, 0.8933064941920634]
2020/03/09 14:53:41 409835	INFO [input.cpp->run:256]	frame times (ms): 115.538
2020/03/09 14:53:41 409838	INFO [input.cpp->run:257]	FPS: 8.65516
2020/03/09 14:53:41 496284	INFO [input.cpp->run:173]	
frame_id 35
2020/03/09 14:53:41 541433	INFO [input.cpp->run:235]	rotation: 
[-0.9456220523479997, 0.02123426096611366, 0.3245736284333341;
 -0.005502524673707942, -0.9987683534078128, 0.04931022666001107;
 0.3252209346511573, 0.04484286333709538, 0.9445742222146218]
2020/03/09 14:53:41 541506	INFO [input.cpp->run:256]	frame times (ms): 121.727
2020/03/09 14:53:41 541511	INFO [input.cpp->run:257]	FPS: 8.2151
2020/03/09 14:53:41 632972	INFO [input.cpp->run:173]	
frame_id 36
2020/03/09 14:53:41 678041	INFO [input.cpp->run:235]	rotation: 
[0.9999597676946944, -0.001387970548811968, -0.008862083825398213;
 0.00147253653821275, 0.9999533796741429, 0.009543066299834731;
 0.00884842517719297, -0.009555732102515408, 0.9999151930818276]
2020/03/09 14:53:41 678099	INFO [input.cpp->run:256]	frame times (ms): 119.319
2020/03/09 14:53:41 678107	INFO [input.cpp->run:257]	FPS: 8.38089
2020/03/09 14:53:41 764237	INFO [input.cpp->run:173]	
frame_id 37
2020/03/09 14:53:41 810350	INFO [input.cpp->run:235]	rotation: 
[-0.9958925468504127, 0.004889602677476122, 0.09041087829157952;
 0.01289540236613124, -0.9807018440291494, 0.1950835762324485;
 0.08961999623752483, 0.195448164236665, 0.9766106037571496]
2020/03/09 14:53:41 810409	INFO [input.cpp->run:256]	frame times (ms): 120.749
2020/03/09 14:53:41 810414	INFO [input.cpp->run:257]	FPS: 8.28164
2020/03/09 14:53:41 897105	INFO [input.cpp->run:173]	
frame_id 38
2020/03/09 14:53:41 942301	INFO [input.cpp->run:235]	rotation: 
[-0.9969895699525707, 0.07331791928419962, -0.02522459350760182;
 -0.07017811595732798, -0.9916178206054427, -0.1084856206987452;
 -0.03296709642155321, -0.1063888178783267, 0.9937779379640023]
2020/03/09 14:53:41 942364	INFO [input.cpp->run:256]	frame times (ms): 117.528
2020/03/09 14:53:41 942368	INFO [input.cpp->run:257]	FPS: 8.50861
2020/03/09 14:53:42 029689	INFO [input.cpp->run:173]	
frame_id 39
2020/03/09 14:53:42 074773	INFO [input.cpp->run:235]	rotation: 
[-0.9999034011459589, 0.00469785307544621, -0.01308122904108182;
 -0.004665604621345144, -0.9999860042707215, -0.002494673564584645;
 -0.01309276556961915, -0.002433400739310154, 0.9999113250936708]
2020/03/09 14:53:42 074837	INFO [input.cpp->run:256]	frame times (ms): 119.335
2020/03/09 14:53:42 074844	INFO [input.cpp->run:257]	FPS: 8.37977
2020/03/09 14:53:42 163012	INFO [input.cpp->run:173]	
frame_id 40
2020/03/09 14:53:42 206152	INFO [input.cpp->run:235]	rotation: 
[-0.9992465381526151, -0.00154957934668305, -0.03878085602282074;
 0.0008091428234779581, -0.99981722699914, 0.01910125345733728;
 -0.03880336683724277, 0.01905548214028074, 0.999065156695246]
2020/03/09 14:53:42 206199	INFO [input.cpp->run:256]	frame times (ms): 116.376
2020/03/09 14:53:42 206201	INFO [input.cpp->run:257]	FPS: 8.59284
2020/03/09 14:53:42 295915	INFO [input.cpp->run:173]	
frame_id 41
2020/03/09 14:53:42 339387	INFO [input.cpp->run:235]	rotation: 
[-0.9964250845209517, -0.01565388084581221, -0.08301811219173488;
 0.009772094466354768, -0.997443501517574, 0.07078818722147011;
 -0.08391398636195879, 0.06972386460048223, 0.994030696506913]
2020/03/09 14:53:42 339440	INFO [input.cpp->run:256]	frame times (ms): 116.761
2020/03/09 14:53:42 339444	INFO [input.cpp->run:257]	FPS: 8.5645
2020/03/09 14:53:42 433050	INFO [input.cpp->run:173]	
frame_id 42
2020/03/09 14:53:42 476873	INFO [input.cpp->run:235]	rotation: 
[-0.9973889084445445, 0.0139501877039899, 0.07085730431524619;
 -0.01280394237376141, -0.9997801365072386, 0.01660535170529637;
 0.07107337315401142, 0.01565474077047082, 0.9973482364349575]
2020/03/09 14:53:42 476925	INFO [input.cpp->run:256]	frame times (ms): 125.263
2020/03/09 14:53:42 476928	INFO [input.cpp->run:257]	FPS: 7.9832
2020/03/09 14:53:42 563896	INFO [input.cpp->run:173]	
frame_id 43
2020/03/09 14:53:42 608771	INFO [input.cpp->run:235]	rotation: 
[-0.9998629784242868, 0.0144656376226193, -0.008047962766139496;
 -0.01436989285452954, -0.9998267630880243, -0.0118300461652965;
 -0.008217697722808231, -0.01171277683108351, 0.9998976349122158]
2020/03/09 14:53:42 608816	INFO [input.cpp->run:256]	frame times (ms): 126.069
2020/03/09 14:53:42 608818	INFO [input.cpp->run:257]	FPS: 7.93216
2020/03/09 14:53:42 698115	INFO [input.cpp->run:173]	
frame_id 44
2020/03/09 14:53:42 742009	INFO [input.cpp->run:235]	rotation: 
[0.1532778522384657, 0.5628764233004681, 0.8122044275338787;
 0.4154801436209705, -0.7824472907341516, 0.4638453271075216;
 0.8965947525330833, 0.2663575966914746, -0.3537958174072736]
2020/03/09 14:53:42 742068	INFO [input.cpp->run:256]	frame times (ms): 122.382
2020/03/09 14:53:42 742071	INFO [input.cpp->run:257]	FPS: 8.17114
2020/03/09 14:53:42 829901	INFO [input.cpp->run:173]	
frame_id 45
2020/03/09 14:53:42 874067	INFO [input.cpp->run:235]	rotation: 
[-0.9995792862877561, -0.02898202307289923, 0.001136997388815342;
 0.02900215302886213, -0.998257538270133, 0.0513883489377155;
 -0.000354322100212695, 0.05139970452693167, 0.9986780987036781]
2020/03/09 14:53:42 874125	INFO [input.cpp->run:256]	frame times (ms): 122.114
2020/03/09 14:53:42 874136	INFO [input.cpp->run:257]	FPS: 8.18907
2020/03/09 14:53:42 965316	INFO [input.cpp->run:173]	
frame_id 46
2020/03/09 14:53:43 011240	INFO [input.cpp->run:235]	rotation: 
[-0.9944819904541127, 0.01415623544448595, 0.1039479276391135;
 0.0127233123527253, -0.9672640051549556, 0.2534530758431806;
 0.1041330302315316, 0.2533770813030143, 0.9617465189358182]
2020/03/09 14:53:43 011297	INFO [input.cpp->run:256]	frame times (ms): 133.222
2020/03/09 14:53:43 011302	INFO [input.cpp->run:257]	FPS: 7.50627
2020/03/09 14:53:43 096142	INFO [input.cpp->run:173]	
frame_id 47
2020/03/09 14:53:43 139933	INFO [input.cpp->run:235]	rotation: 
[-0.9998452518450109, -0.003738074358833705, -0.0171900890944289;
 0.003516419394682033, -0.9999105239446977, 0.01290654482349454;
 -0.01723679661733228, 0.01284409999680786, 0.9997689342731366]
2020/03/09 14:53:43 139993	INFO [input.cpp->run:256]	frame times (ms): 121.2
2020/03/09 14:53:43 140035	INFO [input.cpp->run:257]	FPS: 8.25082
2020/03/09 14:53:43 230213	INFO [input.cpp->run:173]	
frame_id 48
2020/03/09 14:53:43 277127	INFO [input.cpp->run:235]	rotation: 
[-0.9881130928141427, 0.02995103143388296, 0.1507827958532268;
 0.004515302885593573, -0.9747592446629612, 0.223212963297262;
 0.1536623826742272, 0.2212404815130812, 0.9630371340144364]
2020/03/09 14:53:43 277186	INFO [input.cpp->run:256]	frame times (ms): 133.367
2020/03/09 14:53:43 277188	INFO [input.cpp->run:257]	FPS: 7.49811
2020/03/09 14:53:43 364065	INFO [input.cpp->run:173]	
frame_id 49
2020/03/09 14:53:43 409485	INFO [input.cpp->run:235]	rotation: 
[-0.9865809868365778, 0.001515598138484325, 0.1632656098964106;
 0.01781565292408682, -0.9929869087579404, 0.1168742980566655;
 0.1622977477460879, 0.1182146437529312, 0.979635002987804]
2020/03/09 14:53:43 409533	INFO [input.cpp->run:256]	frame times (ms): 130.995
2020/03/09 14:53:43 409536	INFO [input.cpp->run:257]	FPS: 7.63388
2020/03/09 14:53:43 497373	INFO [input.cpp->run:173]	
frame_id 50
2020/03/09 14:53:43 543951	INFO [input.cpp->run:235]	rotation: 
[-0.9669155449181005, 0.003181494727441799, 0.255076865056461;
 -0.0169689945185145, -0.9985096687689511, -0.05186997782870271;
 0.2545316919771748, -0.05448228580207282, 0.9655285072503133]
2020/03/09 14:53:43 544002	INFO [input.cpp->run:256]	frame times (ms): 139.151
2020/03/09 14:53:43 544006	INFO [input.cpp->run:257]	FPS: 7.18644
2020/03/09 14:53:43 631172	INFO [input.cpp->run:173]	
frame_id 51
2020/03/09 14:53:43 676624	INFO [input.cpp->run:235]	rotation: 
[-0.9838151947315434, 0.01238077601208877, 0.1787578781499539;
 0.01280433878186381, -0.9902023478497965, 0.1390516422812392;
 0.1787280378779293, 0.1390899949604174, 0.9740175880230375]
2020/03/09 14:53:43 676666	INFO [input.cpp->run:256]	frame times (ms): 142.822
2020/03/09 14:53:43 676670	INFO [input.cpp->run:257]	FPS: 7.00172
2020/03/09 14:53:43 763581	INFO [input.cpp->run:173]	
frame_id 52
2020/03/09 14:53:43 813477	INFO [input.cpp->run:235]	rotation: 
[-0.9801142477450799, -0.1171200110258367, 0.1601841577198074;
 0.05587223945369282, -0.937463400433612, -0.3435704668708861;
 0.1904057620596746, -0.3277884620677752, 0.9253649928053889]
2020/03/09 14:53:43 813543	INFO [input.cpp->run:256]	frame times (ms): 142.464
2020/03/09 14:53:43 813548	INFO [input.cpp->run:257]	FPS: 7.01932
2020/03/09 14:53:43 899546	INFO [input.cpp->run:173]	
frame_id 53
2020/03/09 14:53:43 945092	INFO [input.cpp->run:235]	rotation: 
[-0.9997272505420036, 0.0003577654611866091, 0.02335158511966002;
 0.0009450591479102081, -0.9984439312472585, 0.05575682037855783;
 0.02333519631228537, 0.05576368136515552, 0.998171268096649]
2020/03/09 14:53:43 945157	INFO [input.cpp->run:256]	frame times (ms): 133.938
2020/03/09 14:53:43 945162	INFO [input.cpp->run:257]	FPS: 7.46614
2020/03/09 14:53:44 032214	INFO [input.cpp->run:173]	
frame_id 54
2020/03/09 14:53:44 079723	INFO [input.cpp->run:235]	rotation: 
[-0.9969892754018802, 0.01520021902937544, -0.07603511080476517;
 -0.009633329835200131, -0.9972815546778182, -0.07305271833190118;
 -0.07693883083281257, -0.07210030541442151, 0.9944254432933759]
2020/03/09 14:53:44 079801	INFO [input.cpp->run:256]	frame times (ms): 138.698
2020/03/09 14:53:44 079805	INFO [input.cpp->run:257]	FPS: 7.20991
2020/03/09 14:53:44 163981	INFO [input.cpp->run:173]	
frame_id 55
2020/03/09 14:53:44 212344	INFO [input.cpp->run:235]	rotation: 
[-0.988837575555493, -0.01393771605852392, 0.1483441580939626;
 0.007753634828504407, -0.9990797567127306, -0.04218436764699903;
 0.1487955991166433, -0.04056328139959759, 0.9880356723750496]
2020/03/09 14:53:44 212438	INFO [input.cpp->run:256]	frame times (ms): 139.245
2020/03/09 14:53:44 212444	INFO [input.cpp->run:257]	FPS: 7.18159
2020/03/09 14:53:44 296805	INFO [input.cpp->run:173]	
frame_id 56
2020/03/09 14:53:44 344956	INFO [input.cpp->run:235]	rotation: 
[-0.5401879046500037, -0.1314541339756939, -0.8312140749112342;
 -0.1000536163876868, -0.9706864498651129, 0.2185339559336474;
 -0.8355754313750401, 0.2012153739378878, 0.5112006179314068]
2020/03/09 14:53:44 345016	INFO [input.cpp->run:256]	frame times (ms): 142.587
2020/03/09 14:53:44 345018	INFO [input.cpp->run:257]	FPS: 7.01326
2020/03/09 14:53:44 430639	INFO [input.cpp->run:173]	
frame_id 57
2020/03/09 14:53:44 477610	INFO [input.cpp->run:235]	rotation: 
[-0.9731813024211923, 0.02559741905611367, 0.2286108587872797;
 -0.002320802985843938, -0.9948316898147309, 0.1015111955099922;
 0.2300277515677027, 0.09825823669307659, 0.9682110061503506]
2020/03/09 14:53:44 477658	INFO [input.cpp->run:256]	frame times (ms): 143.792
2020/03/09 14:53:44 477660	INFO [input.cpp->run:257]	FPS: 6.95449
2020/03/09 14:53:44 563385	INFO [input.cpp->run:173]	
frame_id 58
2020/03/09 14:53:44 610419	INFO [input.cpp->run:235]	rotation: 
[-0.9988455133758734, 0.01282774445636068, -0.04629351337984951;
 -0.02314595257962864, -0.9729622422950089, 0.2298015229441485;
 -0.04209400536976234, 0.2306077276251399, 0.9721358807653901]
2020/03/09 14:53:44 610475	INFO [input.cpp->run:256]	frame times (ms): 140.045
2020/03/09 14:53:44 610478	INFO [input.cpp->run:257]	FPS: 7.14056
2020/03/09 14:53:44 696205	INFO [input.cpp->run:173]	
frame_id 59
2020/03/09 14:53:44 743456	INFO [input.cpp->run:235]	rotation: 
[0.4882730540354987, 0.04246542306967999, 0.8716571072080809;
 0.3457407638715818, -0.9264991271962808, -0.1485351524118954;
 0.8012819409548314, 0.3738931065799996, -0.4670665862075932]
2020/03/09 14:53:44 743503	INFO [input.cpp->run:256]	frame times (ms): 141.209
2020/03/09 14:53:44 743506	INFO [input.cpp->run:257]	FPS: 7.0817
2020/03/09 14:53:44 832587	INFO [input.cpp->run:173]	
frame_id 60
2020/03/09 14:53:44 879196	INFO [input.cpp->run:235]	rotation: 
[-0.9975083174208235, -0.003239220228133479, -0.07047456369919169;
 -0.01521150266681535, -0.9655731180326842, 0.2596866648853142;
 -0.06888952651089458, 0.260111632160028, 0.9631179429084222]
2020/03/09 14:53:44 879261	INFO [input.cpp->run:256]	frame times (ms): 128.671
2020/03/09 14:53:44 879265	INFO [input.cpp->run:257]	FPS: 7.77176
2020/03/09 14:53:44 965388	INFO [input.cpp->run:173]	
frame_id 61
2020/03/09 14:53:45 012347	INFO [input.cpp->run:235]	rotation: 
[-0.9921661541506402, -0.05143648769202085, -0.1138446761681743;
 -0.06949444730359899, -0.5300318498766163, 0.8451252924332219;
 -0.1038115810104787, 0.8464162840176696, 0.522305111786036]
2020/03/09 14:53:45 012424	INFO [input.cpp->run:256]	frame times (ms): 142.895
2020/03/09 14:53:45 012428	INFO [input.cpp->run:257]	FPS: 6.99815
2020/03/09 14:53:45 098056	INFO [input.cpp->run:173]	
frame_id 62
2020/03/09 14:53:45 144040	INFO [input.cpp->run:235]	rotation: 
[-0.999584126378403, 0.02232496070075468, -0.01825295652859315;
 -0.02657511627566106, -0.9588935864385467, 0.2825187658934472;
 -0.01119542260301265, 0.2828863482332279, 0.9590880963165005]
2020/03/09 14:53:45 144104	INFO [input.cpp->run:256]	frame times (ms): 142.103
2020/03/09 14:53:45 144109	INFO [input.cpp->run:257]	FPS: 7.03715
2020/03/09 14:53:45 231970	INFO [input.cpp->run:173]	
frame_id 63
2020/03/09 14:53:45 279812	INFO [input.cpp->run:235]	rotation: 
[-0.9998979113368978, 0.01035971510864628, -0.009840894622797759;
 -0.01015145500261416, -0.9997283144460867, -0.02098202221227522;
 -0.01005558876641362, -0.02087998078672959, 0.9997314197007646]
2020/03/09 14:53:45 279878	INFO [input.cpp->run:256]	frame times (ms): 143.342
2020/03/09 14:53:45 279882	INFO [input.cpp->run:257]	FPS: 6.97632
2020/03/09 14:53:45 362845	INFO [input.cpp->run:173]	
frame_id 64
2020/03/09 14:53:45 409113	INFO [input.cpp->run:235]	rotation: 
[-0.9986582255648616, -0.004212752835937963, -0.05161396347099501;
 -0.01086323648510357, -0.9574672648025727, 0.2883373491668203;
 -0.05063337441560286, 0.2885111601741316, 0.956136795573869]
2020/03/09 14:53:45 409169	INFO [input.cpp->run:256]	frame times (ms): 139.598
2020/03/09 14:53:45 409173	INFO [input.cpp->run:257]	FPS: 7.16343
2020/03/09 14:53:45 497220	INFO [input.cpp->run:173]	
frame_id 65
2020/03/09 14:53:45 544736	INFO [input.cpp->run:235]	rotation: 
[-0.9998950878982683, 0.01374285201671121, 0.004576812795076436;
 -0.01383225248200155, -0.9997020661683274, -0.02011088486495264;
 0.004299068293079389, -0.02017208261989813, 0.999787279922378]
2020/03/09 14:53:45 544796	INFO [input.cpp->run:256]	frame times (ms): 145.811
2020/03/09 14:53:45 544800	INFO [input.cpp->run:257]	FPS: 6.85819
2020/03/09 14:53:45 630878	INFO [input.cpp->run:173]	
frame_id 66
2020/03/09 14:53:45 678766	INFO [input.cpp->run:235]	rotation: 
[-0.9990209820625511, 0.03314487628435021, -0.02930007806937064;
 -0.03528387588252023, -0.9964998110727699, 0.07578373595067014;
 -0.02668567970809443, 0.07674336263175538, 0.9966936995840234]
2020/03/09 14:53:45 678830	INFO [input.cpp->run:256]	frame times (ms): 141.223
2020/03/09 14:53:45 678833	INFO [input.cpp->run:257]	FPS: 7.081
2020/03/09 14:53:45 766154	INFO [input.cpp->run:173]	
frame_id 67
2020/03/09 14:53:45 812241	INFO [input.cpp->run:235]	rotation: 
[0.9999720569334312, 0.006922303837174348, -0.002822598432027294;
 -0.00696661796680318, 0.9998476506774456, -0.01600442654072091;
 0.002711380907813725, 0.01602364329291431, 0.9998679369142678]
2020/03/09 14:53:45 812301	INFO [input.cpp->run:256]	frame times (ms): 138.045
2020/03/09 14:53:45 812309	INFO [input.cpp->run:257]	FPS: 7.24401
2020/03/09 14:53:45 896544	INFO [input.cpp->run:173]	
frame_id 68
2020/03/09 14:53:45 944701	INFO [input.cpp->run:235]	rotation: 
[-0.9935099120339141, 0.01600160055698885, -0.1126144016988003;
 -0.009166561424807596, -0.9980985887663814, -0.06095228670200328;
 -0.1133756095551835, -0.05952441416908319, 0.9917675207808624]
2020/03/09 14:53:45 944761	INFO [input.cpp->run:256]	frame times (ms): 144.722
2020/03/09 14:53:45 944774	INFO [input.cpp->run:257]	FPS: 6.9098
2020/03/09 14:53:46 029911	INFO [input.cpp->run:173]	
frame_id 69
2020/03/09 14:53:46 078545	INFO [input.cpp->run:235]	rotation: 
[-0.8428273851334579, -0.09221484197191472, 0.5302248785083483;
 -0.08680317426939176, -0.949019661970617, -0.3030295202285306;
 0.5311376542911033, -0.301426780683586, 0.7918552191410206]
2020/03/09 14:53:46 078602	INFO [input.cpp->run:256]	frame times (ms): 148.308
2020/03/09 14:53:46 078606	INFO [input.cpp->run:257]	FPS: 6.74272
2020/03/09 14:53:46 165558	INFO [input.cpp->run:173]	
frame_id 70
2020/03/09 14:53:46 212000	INFO [input.cpp->run:235]	rotation: 
[-0.9899292494076801, 0.03751263145695655, 0.1365023210363901;
 -0.01291849738280184, -0.9841664067989337, 0.176775553043531;
 0.1409723149860202, 0.1732318856609552, 0.9747397192060208]
2020/03/09 14:53:46 212061	INFO [input.cpp->run:256]	frame times (ms): 141.407
2020/03/09 14:53:46 212064	INFO [input.cpp->run:257]	FPS: 7.07179
2020/03/09 14:53:46 297130	INFO [input.cpp->run:173]	
frame_id 71
2020/03/09 14:53:46 346154	INFO [input.cpp->run:235]	rotation: 
[-0.999870027727302, 0.004449526801635411, -0.01549610802252853;
 -0.008152241564933497, -0.9687653715215201, 0.2478451046485248;
 -0.01390929940979472, 0.2479392196729125, 0.9686757325018087]
2020/03/09 14:53:46 346221	INFO [input.cpp->run:256]	frame times (ms): 150.32
2020/03/09 14:53:46 346225	INFO [input.cpp->run:257]	FPS: 6.65247
2020/03/09 14:53:46 430773	INFO [input.cpp->run:173]	
frame_id 72
2020/03/09 14:53:46 481845	INFO [input.cpp->run:235]	rotation: 
[-0.9965530998099078, -0.004877333420164309, -0.08281383264873372;
 -0.01718983026058535, -0.9644628617078355, 0.2636586773120601;
 -0.08115681730376194, 0.2641734278935739, 0.9610546139528616]
2020/03/09 14:53:46 481897	INFO [input.cpp->run:256]	frame times (ms): 148.093
2020/03/09 14:53:46 481902	INFO [input.cpp->run:257]	FPS: 6.75251
2020/03/09 14:53:46 565575	INFO [input.cpp->run:173]	
frame_id 73
2020/03/09 14:53:46 612590	INFO [input.cpp->run:235]	rotation: 
[-0.9999810741483148, 0.005006352801782103, 0.003576000112788481;
 -0.005044811266515714, -0.9999286518669931, -0.01082779085238591;
 0.003521537230785848, -0.01084562617288021, 0.9999349834706506]
2020/03/09 14:53:46 612663	INFO [input.cpp->run:256]	frame times (ms): 149.364
2020/03/09 14:53:46 612666	INFO [input.cpp->run:257]	FPS: 6.69505
2020/03/09 14:53:46 697224	INFO [input.cpp->run:173]	
frame_id 74
2020/03/09 14:53:46 750671	INFO [input.cpp->run:235]	rotation: 
[-0.9999261965437061, 0.01210110814782451, -0.001079188228449723;
 -0.01208549113834773, -0.9998363387699346, -0.01346241356806224;
 -0.001241921729694644, -0.01344837747563932, 0.9999087952276898]
2020/03/09 14:53:46 750741	INFO [input.cpp->run:256]	frame times (ms): 149.876
2020/03/09 14:53:46 750744	INFO [input.cpp->run:257]	FPS: 6.67218
2020/03/09 14:53:46 833278	INFO [input.cpp->run:173]	
frame_id 75
2020/03/09 14:53:46 880695	INFO [input.cpp->run:235]	rotation: 
[-0.999964811124795, 0.0046267432173235, -0.00699783962048137;
 -0.004607521621141983, -0.9999855753034589, -0.002760421982439593;
 -0.007010510442452603, -0.002728082148942288, 0.9999717047552515]
2020/03/09 14:53:46 880761	INFO [input.cpp->run:256]	frame times (ms): 149.435
2020/03/09 14:53:46 880767	INFO [input.cpp->run:257]	FPS: 6.69187
2020/03/09 14:53:46 964262	INFO [input.cpp->run:173]	
frame_id 76
2020/03/09 14:53:47 012447	INFO [input.cpp->run:235]	rotation: 
[-0.8090270119827511, 0.1999402091926433, 0.5527198265217774;
 -0.05977881307850533, -0.9634784967206902, 0.2610281208294692;
 0.5847236846487294, 0.1781378654437088, 0.7914323177037778]
2020/03/09 14:53:47 012520	INFO [input.cpp->run:256]	frame times (ms): 148.341
2020/03/09 14:53:47 012524	INFO [input.cpp->run:257]	FPS: 6.74122
2020/03/09 14:53:47 099517	INFO [input.cpp->run:173]	
frame_id 77
2020/03/09 14:53:47 149521	INFO [input.cpp->run:235]	rotation: 
[-0.9974284634261136, -0.01963529970209908, 0.0689268841094003;
 0.02119083284048954, -0.9995353500430615, 0.02190964668407414;
 0.06846465475665807, 0.02331392330568321, 0.9973810966872938]
2020/03/09 14:53:47 149586	INFO [input.cpp->run:256]	frame times (ms): 143.134
2020/03/09 14:53:47 149589	INFO [input.cpp->run:257]	FPS: 6.98646
2020/03/09 14:53:47 230334	INFO [input.cpp->run:173]	
frame_id 78
2020/03/09 14:53:47 279346	INFO [input.cpp->run:235]	rotation: 
[-0.8500590103483054, -0.06258140007987355, 0.522956257529922;
 -0.07227525988517482, -0.9696620188641534, -0.2335205686461574;
 0.5217048645874311, -0.2363030629008796, 0.8197468491732506]
2020/03/09 14:53:47 279426	INFO [input.cpp->run:256]	frame times (ms): 148.54
2020/03/09 14:53:47 279431	INFO [input.cpp->run:257]	FPS: 6.73219
2020/03/09 14:53:47 364093	INFO [input.cpp->run:173]	
frame_id 79
2020/03/09 14:53:47 412155	INFO [input.cpp->run:235]	rotation: 
[-0.9993387127884066, 0.01598013431555442, 0.0326614823556334;
 -0.01533098670245243, -0.9996818342794144, 0.02002975432886412;
 0.03297116875604713, 0.01951577615679849, 0.999265748693439]
2020/03/09 14:53:47 412229	INFO [input.cpp->run:256]	frame times (ms): 145.372
2020/03/09 14:53:47 412252	INFO [input.cpp->run:257]	FPS: 6.8789
2020/03/09 14:53:47 499508	INFO [input.cpp->run:173]	
frame_id 80
2020/03/09 14:53:47 548853	INFO [input.cpp->run:235]	rotation: 
[-0.9893532620744278, -0.09178299034694364, 0.1129424876017064;
 0.04621826417774642, -0.9340336623211816, -0.3541821419937447;
 0.1379999814459581, -0.345191251821152, 0.9283313011996643]
2020/03/09 14:53:47 548915	INFO [input.cpp->run:256]	frame times (ms): 145.261
2020/03/09 14:53:47 548921	INFO [input.cpp->run:257]	FPS: 6.88416
2020/03/09 14:53:47 631437	INFO [input.cpp->run:173]	
frame_id 81
2020/03/09 14:53:47 678501	INFO [input.cpp->run:235]	rotation: 
[-0.9955684451421589, -0.007181681114056904, 0.09376510274937046;
 0.01015838775077565, -0.9994581671595626, 0.03130781462115789;
 0.0934894549964267, 0.03212157459440454, 0.9951019677651373]
2020/03/09 14:53:47 678564	INFO [input.cpp->run:256]	frame times (ms): 141.969
2020/03/09 14:53:47 678571	INFO [input.cpp->run:257]	FPS: 7.04379
2020/03/09 14:53:47 766145	INFO [input.cpp->run:173]	
frame_id 82
2020/03/09 14:53:47 814754	INFO [input.cpp->run:235]	rotation: 
[-0.9871334192089558, -0.01517088094041365, -0.1591774388923499;
 -0.02298234649849313, -0.9716911744525385, 0.2351341600883834;
 -0.1582385048913797, 0.2357670584762386, 0.9588401690100405]
2020/03/09 14:53:47 814811	INFO [input.cpp->run:256]	frame times (ms): 153.225
2020/03/09 14:53:47 814815	INFO [input.cpp->run:257]	FPS: 6.52635
2020/03/09 14:53:47 897655	INFO [input.cpp->run:173]	
frame_id 83
2020/03/09 14:53:47 945862	INFO [input.cpp->run:235]	rotation: 
[-0.9984633679000222, -0.00196450431478664, -0.0553808963862281;
 -0.006960561722412934, -0.9870106548638303, 0.160503949377519;
 -0.05497684551020936, 0.1606427960042712, 0.9854803085550097]
2020/03/09 14:53:47 945922	INFO [input.cpp->run:256]	frame times (ms): 145.47
2020/03/09 14:53:47 945926	INFO [input.cpp->run:257]	FPS: 6.87427
2020/03/09 14:53:48 030725	INFO [input.cpp->run:173]	
frame_id 84
2020/03/09 14:53:48 083611	INFO [input.cpp->run:235]	rotation: 
[-0.9979201639497122, -0.0113799967649146, -0.06344952368781057;
 0.004208781522682914, -0.9936959498741554, 0.1120296628656639;
 -0.06432443191100737, 0.1115296143512141, 0.9916771211346948]
2020/03/09 14:53:48 083678	INFO [input.cpp->run:256]	frame times (ms): 149.931
2020/03/09 14:53:48 083682	INFO [input.cpp->run:257]	FPS: 6.66973
2020/03/09 14:53:48 167647	INFO [input.cpp->run:173]	
frame_id 85
2020/03/09 14:53:48 218621	INFO [input.cpp->run:235]	rotation: 
[-0.9998795991532134, 0.01080898322268195, -0.01113342170677386;
