		g3log created log at: Mon Mar 09 13:18:04 2020
		LOG format: [YYYY/MM/DD hh:mm:ss uuu* LEVEL FILE->FUNCTION:LINE] message		(uuu*: microseconds fractions of the seconds value)

2020/03/09 13:18:04 781238	INFO [g3logger.h->logBanner:29]	Starting log.
2020/03/09 13:18:04 785008	DEBUG [main.cpp->main:48]	Filepath: /home/mitchell/KITTI/data_odometry_gray/dataset/sequences/00/
2020/03/09 13:18:04 785012	DEBUG [main.cpp->main:52]	Calibration Filepath: /home/mitchell/visual_odom_catkin_ws/tank_downsized.yaml
2020/03/09 13:18:04 785117	INFO [main.cpp->main:66]	P_left: 
[409.41, 0, 251.22, 0;
 0, 408.72, 191.78999, 0;
 0, 0, 1, 0]
2020/03/09 13:18:04 785128	INFO [main.cpp->main:67]	P_right: 
[409.41, 0, 251.22, -73.940002;
 0, 408.72, 191.78999, 0;
 0, 0, 1, 0]
2020/03/09 13:18:04 933233	INFO [input.cpp->Input:22]	frame_pose [1, 0, 0, 0;
 0, 1, 0, 0;
 0, 0, 1, 0;
 0, 0, 0, 1]
2020/03/09 13:18:05 476398	INFO [input.cpp->run:173]	
frame_id 1
2020/03/09 13:18:05 606217	INFO [input.cpp->run:235]	rotation: 
[-0.9998865913543518, -0.002264620146817407, 0.014888785221304;
 0.002308226658690634, -0.9999930953210784, 0.002912284302883589;
 0.01488208720131694, 0.00294632071562839, 0.9998849147150756]
2020/03/09 13:18:05 606341	INFO [input.cpp->run:256]	frame times (ms): 234.039
2020/03/09 13:18:05 606349	INFO [input.cpp->run:257]	FPS: 4.27279
2020/03/09 13:18:05 616196	INFO [input.cpp->run:173]	
frame_id 2
2020/03/09 13:18:05 668650	INFO [input.cpp->run:235]	rotation: 
[-0.9998839890055278, -0.007011878703039021, 0.01352191138291611;
 0.007093970472288648, -0.9999566404792531, 0.006032639918313673;
 0.01347902493995264, 0.006127864105836767, 0.9998903765754372]
2020/03/09 13:18:05 668717	INFO [input.cpp->run:256]	frame times (ms): 107.72
2020/03/09 13:18:05 668722	INFO [input.cpp->run:257]	FPS: 9.28333
2020/03/09 13:18:05 742663	INFO [input.cpp->run:173]	
frame_id 3
2020/03/09 13:18:05 791678	INFO [input.cpp->run:235]	rotation: 
[-0.9999017736017632, -0.006418748689648653, 0.01245964739899765;
 0.006504622204336704, -0.9999552874864202, 0.006863885046366583;
 0.01241503274369686, 0.006944256130790293, 0.9998988170153835]
2020/03/09 13:18:05 791735	INFO [input.cpp->run:256]	frame times (ms): 100.114
2020/03/09 13:18:05 791738	INFO [input.cpp->run:257]	FPS: 9.98861
2020/03/09 13:18:05 874949	INFO [input.cpp->run:173]	
frame_id 4
2020/03/09 13:18:05 943433	INFO [input.cpp->run:235]	rotation: 
[-0.8540646452577749, 0.4041883840993031, 0.327422253183722;
 0.4176679935621258, 0.1576838225572077, 0.8948124156813737;
 0.3100435918939452, 0.9009814439060007, -0.3034887293830848]
2020/03/09 13:18:05 943497	INFO [input.cpp->run:256]	frame times (ms): 118.152
2020/03/09 13:18:05 943501	INFO [input.cpp->run:257]	FPS: 8.46367
2020/03/09 13:18:06 007433	INFO [input.cpp->run:173]	
frame_id 5
2020/03/09 13:18:06 059377	INFO [input.cpp->run:235]	rotation: 
[-0.6304571576795406, 0.5158706447631175, 0.5800010777596196;
 0.5565405190753115, -0.2204576929982714, 0.8010374874032193;
 0.5410974246455231, 0.8278139183835733, -0.1481137858959022]
2020/03/09 13:18:06 059437	INFO [input.cpp->run:256]	frame times (ms): 107.356
2020/03/09 13:18:06 059441	INFO [input.cpp->run:257]	FPS: 9.3148
2020/03/09 13:18:06 140608	INFO [input.cpp->run:173]	
frame_id 6
2020/03/09 13:18:06 187470	INFO [input.cpp->run:235]	rotation: 
[-0.9999054424288478, -0.005142080140285383, 0.01275402732476751;
 0.005220158331842649, -0.9999677930600342, 0.006096129069738472;
 0.01272226977235302, 0.00616213067658414, 0.999900081006779]
2020/03/09 13:18:06 187530	INFO [input.cpp->run:256]	frame times (ms): 107.206
2020/03/09 13:18:06 187535	INFO [input.cpp->run:257]	FPS: 9.32784
2020/03/09 13:18:06 273435	INFO [input.cpp->run:173]	
frame_id 7
2020/03/09 13:18:06 322064	INFO [input.cpp->run:235]	rotation: 
[-0.8587730316910451, 0.3987857941704084, 0.321681162656516;
 0.4110992712214943, 0.1616002471636546, 0.8971525786162584;
 0.3057879481623296, 0.9026933313614995, -0.3027184835356939]
2020/03/09 13:18:06 322121	INFO [input.cpp->run:256]	frame times (ms): 108.452
2020/03/09 13:18:06 322125	INFO [input.cpp->run:257]	FPS: 9.22067
2020/03/09 13:18:06 406261	INFO [input.cpp->run:173]	
frame_id 8
2020/03/09 13:18:06 455768	INFO [input.cpp->run:235]	rotation: 
[-0.9999104558527584, -0.006027527258237728, 0.0119477693098009;
 0.006101166314572829, -0.999962558391853, 0.006136577549571391;
 0.01191033357765184, 0.006208923382614976, 0.9999097925435572]
2020/03/09 13:18:06 455838	INFO [input.cpp->run:256]	frame times (ms): 99.487
2020/03/09 13:18:06 455842	INFO [input.cpp->run:257]	FPS: 10.0516
2020/03/09 13:18:06 542506	INFO [input.cpp->run:173]	
frame_id 9
2020/03/09 13:18:06 590329	INFO [input.cpp->run:235]	rotation: 
[-0.9938092677469932, 0.06125702676928438, -0.09268611552747466;
 -0.06721390625592652, -0.9957745507516521, 0.06257263684043526;
 -0.08846146136032756, 0.06841506227968117, 0.993727301178378]
2020/03/09 13:18:06 590392	INFO [input.cpp->run:256]	frame times (ms): 102.358
2020/03/09 13:18:06 590396	INFO [input.cpp->run:257]	FPS: 9.76963
2020/03/09 13:18:06 674759	INFO [input.cpp->run:173]	
frame_id 10
2020/03/09 13:18:06 716573	INFO [input.cpp->run:235]	rotation: 
[-0.9947482994026724, 0.007906760421021012, -0.1020455975294174;
 0.005615481575359352, -0.9912938713864455, -0.1315481923796369;
 -0.1021972954738434, -0.1314303758319124, 0.986043492502493]
2020/03/09 13:18:06 716631	INFO [input.cpp->run:256]	frame times (ms): 93.47
2020/03/09 13:18:06 716635	INFO [input.cpp->run:257]	FPS: 10.6986
2020/03/09 13:18:06 806789	INFO [input.cpp->run:173]	
frame_id 11
2020/03/09 13:18:06 854050	INFO [input.cpp->run:235]	rotation: 
[-0.624617050463566, 0.5338031043282491, 0.5700068298535728;
 0.5622453582884969, -0.1991666762255015, 0.8026286763904755;
 0.5419720448078806, 0.8218192507424071, -0.1757254157939427]
2020/03/09 13:18:06 854111	INFO [input.cpp->run:256]	frame times (ms): 106.515
2020/03/09 13:18:06 854116	INFO [input.cpp->run:257]	FPS: 9.38835
2020/03/09 13:18:06 945242	INFO [input.cpp->run:173]	
frame_id 12
2020/03/09 13:18:06 994679	INFO [input.cpp->run:235]	rotation: 
[-0.7172416911874272, 0.5218661834262862, 0.4617575587022709;
 0.5509906387504363, 0.01907026934395262, 0.834293498018854;
 0.4265837226524068, 0.8528141716829235, -0.3012213739839581]
2020/03/09 13:18:06 994741	INFO [input.cpp->run:256]	frame times (ms): 101.833
2020/03/09 13:18:06 994744	INFO [input.cpp->run:257]	FPS: 9.82
2020/03/09 13:18:07 074389	INFO [input.cpp->run:173]	
frame_id 13
2020/03/09 13:18:07 123307	INFO [input.cpp->run:235]	rotation: 
[-0.9999402659045596, -0.00402398823794679, 0.01016229016409803;
 0.004024443728961014, -0.9999919015965301, 2.437269402204134e-05;
 0.01016210979033803, 6.526880306399701e-05, 0.9999483622990697]
2020/03/09 13:18:07 123367	INFO [input.cpp->run:256]	frame times (ms): 105.107
2020/03/09 13:18:07 123371	INFO [input.cpp->run:257]	FPS: 9.51411
2020/03/09 13:18:07 208188	INFO [input.cpp->run:173]	
frame_id 14
2020/03/09 13:18:07 254633	INFO [input.cpp->run:235]	rotation: 
[-0.6880277425700896, 0.4926580358500989, 0.5328281947928704;
 0.5038576018927191, -0.2040965615697309, 0.8393283687391548;
 0.5222502680409311, 0.8459507392677987, -0.1078053999734696]
2020/03/09 13:18:07 254695	INFO [input.cpp->run:256]	frame times (ms): 105.945
2020/03/09 13:18:07 254699	INFO [input.cpp->run:257]	FPS: 9.43886
2020/03/09 13:18:07 339561	INFO [input.cpp->run:173]	
frame_id 15
2020/03/09 13:18:07 387118	INFO [input.cpp->run:235]	rotation: 
[-0.9997919034072434, 0.003257077587133957, 0.02013805668162888;
 -0.003172607983202575, -0.9999860416469993, 0.004225052632896065;
 0.02015153691176004, 0.004160283254444621, 0.9997882813892837]
2020/03/09 13:18:07 387176	INFO [input.cpp->run:256]	frame times (ms): 108.618
2020/03/09 13:18:07 387179	INFO [input.cpp->run:257]	FPS: 9.20658
2020/03/09 13:18:07 476611	INFO [input.cpp->run:173]	
frame_id 16
2020/03/09 13:18:07 522882	INFO [input.cpp->run:235]	rotation: 
[-0.9998719352876855, -0.001332378271784446, 0.0159479714132982;
 0.001438014159341779, -0.9999770923154047, 0.006614148449060287;
 0.01593879353451924, 0.006636234818747054, 0.9998509465155762]
2020/03/09 13:18:07 522943	INFO [input.cpp->run:256]	frame times (ms): 104.091
2020/03/09 13:18:07 522947	INFO [input.cpp->run:257]	FPS: 9.60698
2020/03/09 13:18:07 608687	INFO [input.cpp->run:173]	
frame_id 17
2020/03/09 13:18:07 654767	INFO [input.cpp->run:235]	rotation: 
[-0.9998234864700356, -0.003358233026692936, 0.01848562073182569;
 0.00335081835384074, -0.9999942926522478, -0.0004320639885592127;
 0.01848696619951578, -0.0003700457661890813, 0.9998290329585693]
2020/03/09 13:18:07 654828	INFO [input.cpp->run:256]	frame times (ms): 110.982
2020/03/09 13:18:07 654832	INFO [input.cpp->run:257]	FPS: 9.01047
2020/03/09 13:18:07 742768	INFO [input.cpp->run:173]	
frame_id 18
2020/03/09 13:18:07 785509	INFO [input.cpp->run:235]	rotation: 
[-0.9928049412005542, -0.001932607673887239, -0.1197272473388705;
 0.004789964301593022, -0.9997104221162473, -0.02358236956168828;
 -0.1196470015075752, -0.02398618226674286, 0.9925267039684686]
2020/03/09 13:18:07 785568	INFO [input.cpp->run:256]	frame times (ms): 104.098
2020/03/09 13:18:07 785572	INFO [input.cpp->run:257]	FPS: 9.60633
2020/03/09 13:18:07 873517	INFO [input.cpp->run:173]	
frame_id 19
2020/03/09 13:18:07 923850	INFO [input.cpp->run:235]	rotation: 
[-0.9999132397508105, -0.002092180715497615, 0.0130052201400797;
 0.002136454082854984, -0.9999919672368469, 0.003391316224244175;
 0.01299802042582204, 0.00341880704847018, 0.9999096775326134]
2020/03/09 13:18:07 923912	INFO [input.cpp->run:256]	frame times (ms): 112.53
2020/03/09 13:18:07 923916	INFO [input.cpp->run:257]	FPS: 8.88652
2020/03/09 13:18:08 007461	INFO [input.cpp->run:173]	
frame_id 20
2020/03/09 13:18:08 054234	INFO [input.cpp->run:235]	rotation: 
[-0.7882609900257603, 0.4575832660083921, 0.4114148347747091;
 0.4696750389891874, 0.01544835404293365, 0.8827042007988116;
 0.3975549890947331, 0.8890325657851105, -0.2270927731554433]
2020/03/09 13:18:08 054295	INFO [input.cpp->run:256]	frame times (ms): 106.28
2020/03/09 13:18:08 054299	INFO [input.cpp->run:257]	FPS: 9.40911
2020/03/09 13:18:08 142417	INFO [input.cpp->run:173]	
frame_id 21
2020/03/09 13:18:08 191187	INFO [input.cpp->run:235]	rotation: 
[-0.9848514577120077, 0.01190472652843707, -0.1729909932014287;
 0.007509007850930283, -0.9937765997623118, -0.1111381328165656;
 -0.1732374700912833, -0.1107535428378751, 0.9786329402310303]
2020/03/09 13:18:08 191265	INFO [input.cpp->run:256]	frame times (ms): 107.728
2020/03/09 13:18:08 191272	INFO [input.cpp->run:257]	FPS: 9.28264
2020/03/09 13:18:08 275228	INFO [input.cpp->run:173]	
frame_id 22
2020/03/09 13:18:08 323301	INFO [input.cpp->run:235]	rotation: 
[-0.7400267420572242, 0.5295217378229714, 0.4146892212405707;
 0.5379356358406676, 0.09589565284175805, 0.8375137464297225;
 0.4037148408627893, 0.8428586791028453, -0.3558139602771923]
2020/03/09 13:18:08 323361	INFO [input.cpp->run:256]	frame times (ms): 111.803
2020/03/09 13:18:08 323364	INFO [input.cpp->run:257]	FPS: 8.9443
2020/03/09 13:18:08 408459	INFO [input.cpp->run:173]	
frame_id 23
2020/03/09 13:18:08 455596	INFO [input.cpp->run:235]	rotation: 
[-0.9998739509935587, -4.421004289891003e-05, 0.01587703278332456;
 0.0001320489585809299, -0.9999846927175479, 0.005531445892701204;
 0.01587654520363904, 0.005532845205086638, 0.9998586514784646]
2020/03/09 13:18:08 455653	INFO [input.cpp->run:256]	frame times (ms): 106.555
2020/03/09 13:18:08 455657	INFO [input.cpp->run:257]	FPS: 9.38482
2020/03/09 13:18:08 543081	INFO [input.cpp->run:173]	
frame_id 24
2020/03/09 13:18:08 590879	INFO [input.cpp->run:235]	rotation: 
[-0.9510861783372142, 0.2363957050678338, 0.1988772284636795;
 0.2491677132591227, 0.206442246174359, 0.9462013790223014;
 0.1826212803731605, 0.9494728377473296, -0.2552465442173518]
2020/03/09 13:18:08 590935	INFO [input.cpp->run:256]	frame times (ms): 111.115
2020/03/09 13:18:08 590939	INFO [input.cpp->run:257]	FPS: 8.99969
2020/03/09 13:18:08 675018	INFO [input.cpp->run:173]	
frame_id 25
2020/03/09 13:18:08 737349	INFO [input.cpp->run:235]	rotation: 
[-0.9511099952652781, 0.2334018408083496, 0.2022705060401951;
 0.2475410244971132, 0.1844322469396633, 0.9511614939008555;
 0.1846976396638635, 0.9547294522512968, -0.2331918843067585]
2020/03/09 13:18:08 737415	INFO [input.cpp->run:256]	frame times (ms): 115.631
2020/03/09 13:18:08 737428	INFO [input.cpp->run:257]	FPS: 8.6482
2020/03/09 13:18:08 808101	INFO [input.cpp->run:173]	
frame_id 26
2020/03/09 13:18:08 859885	INFO [input.cpp->run:235]	rotation: 
[-0.9473387324720357, 0.2435782347330168, 0.2078917254789717;
 0.2572549266920012, 0.1922529606907941, 0.9470262413462033;
 0.190707180386502, 0.9506358096926349, -0.244790377014822]
2020/03/09 13:18:08 859946	INFO [input.cpp->run:256]	frame times (ms): 109.711
2020/03/09 13:18:08 859950	INFO [input.cpp->run:257]	FPS: 9.11486
2020/03/09 13:18:08 944203	INFO [input.cpp->run:173]	
frame_id 27
2020/03/09 13:18:08 994068	INFO [input.cpp->run:235]	rotation: 
[-0.6019432455703504, 0.5912663246059857, 0.5367200969771504;
 0.6035506956859022, -0.1032278968795917, 0.7906140392396784;
 0.5228679439870989, 0.7998425686925806, -0.2947218662704864]
2020/03/09 13:18:08 994134	INFO [input.cpp->run:256]	frame times (ms): 101.767
2020/03/09 13:18:08 994138	INFO [input.cpp->run:257]	FPS: 9.82637
2020/03/09 13:18:09 077151	INFO [input.cpp->run:173]	
frame_id 28
2020/03/09 13:18:09 130651	INFO [input.cpp->run:235]	rotation: 
[-0.9986961889285829, -0.007333468968124832, 0.05051873367789153;
 0.001476260999058786, -0.993362554737464, -0.1150158923754518;
 0.05102688382594846, -0.1147913545453332, 0.9920782237548915]
2020/03/09 13:18:09 130711	INFO [input.cpp->run:256]	frame times (ms): 114.273
2020/03/09 13:18:09 130716	INFO [input.cpp->run:257]	FPS: 8.75097
2020/03/09 13:18:09 208934	INFO [input.cpp->run:173]	
frame_id 29
2020/03/09 13:18:09 259497	INFO [input.cpp->run:235]	rotation: 
[-0.9997410672885776, -0.003011523212895231, 0.0225550239333481;
 -0.0001695946787951272, -0.9901901413199791, -0.1397263585382688;
 0.02275455150822879, -0.1396940040254345, 0.9899332379635515]
2020/03/09 13:18:09 259551	INFO [input.cpp->run:256]	frame times (ms): 113.168
2020/03/09 13:18:09 259553	INFO [input.cpp->run:257]	FPS: 8.83642
2020/03/09 13:18:09 343453	INFO [input.cpp->run:173]	
frame_id 30
2020/03/09 13:18:09 392384	INFO [input.cpp->run:235]	rotation: 
[-0.9972395689098628, 0.004968387927318972, -0.07408479818339715;
 0.005115180082461438, -0.9907914316443981, -0.1353003100985654;
 -0.07407480768247059, -0.135305780000145, 0.9880310059736771]
2020/03/09 13:18:09 392441	INFO [input.cpp->run:256]	frame times (ms): 112
2020/03/09 13:18:09 392445	INFO [input.cpp->run:257]	FPS: 8.92857
2020/03/09 13:18:09 474139	INFO [input.cpp->run:173]	
frame_id 31
2020/03/09 13:18:09 524222	INFO [input.cpp->run:235]	rotation: 
[-0.9999133759646266, -0.008260485142989495, 0.01024719240698537;
 0.008327463978996667, -0.9999441288488468, 0.006510954185014219;
 0.01019283624423751, 0.0065957233055436, 0.9999262985457351]
2020/03/09 13:18:09 524291	INFO [input.cpp->run:256]	frame times (ms): 111.558
2020/03/09 13:18:09 524295	INFO [input.cpp->run:257]	FPS: 8.96395
2020/03/09 13:18:09 607967	INFO [input.cpp->run:173]	
frame_id 32
2020/03/09 13:18:09 655380	INFO [input.cpp->run:235]	rotation: 
[-0.9999110541281819, -0.005063385078412334, 0.01233879912373067;
 0.00512344007120592, -0.9999751600048561, 0.004840427160827767;
 0.01231398368136107, 0.004903213722675057, 0.9999121582924606]
2020/03/09 13:18:09 655440	INFO [input.cpp->run:256]	frame times (ms): 112.043
2020/03/09 13:18:09 655445	INFO [input.cpp->run:257]	FPS: 8.92515
2020/03/09 13:18:09 740873	INFO [input.cpp->run:173]	
frame_id 33
2020/03/09 13:18:09 789894	INFO [input.cpp->run:235]	rotation: 
[-0.9999150476575935, -0.007890804686999335, 0.01037461658587901;
 0.007953159163894634, -0.9999504752411592, 0.005982835807008001;
 0.01032689339666704, 0.006064838528063839, 0.9999282839316042]
2020/03/09 13:18:09 789954	INFO [input.cpp->run:256]	frame times (ms): 98.927
2020/03/09 13:18:09 789958	INFO [input.cpp->run:257]	FPS: 10.1085
2020/03/09 13:18:09 874089	INFO [input.cpp->run:173]	
frame_id 34
2020/03/09 13:18:09 923432	INFO [input.cpp->run:235]	rotation: 
[-0.9999045275084781, -0.004768737218638814, 0.01296900201968576;
 0.004841025402407618, -0.9999728903246916, 0.005548250961833708;
 0.01294219228339189, 0.005610504524711968, 0.9999005059994106]
2020/03/09 13:18:09 923492	INFO [input.cpp->run:256]	frame times (ms): 106.929
2020/03/09 13:18:09 923495	INFO [input.cpp->run:257]	FPS: 9.352
2020/03/09 13:18:10 009652	INFO [input.cpp->run:173]	
frame_id 35
2020/03/09 13:18:10 058286	INFO [input.cpp->run:235]	rotation: 
[-0.9971285154904708, -0.004212253227058204, -0.07561071695547636;
 0.006399221181070068, -0.9995674394573184, -0.02870512053651381;
 -0.07545709750610452, -0.02910654392900642, 0.9967241521787571]
2020/03/09 13:18:10 058334	INFO [input.cpp->run:256]	frame times (ms): 112.319
2020/03/09 13:18:10 058341	INFO [input.cpp->run:257]	FPS: 8.90321
2020/03/09 13:18:10 143847	INFO [input.cpp->run:173]	
frame_id 36
2020/03/09 13:18:10 191833	INFO [input.cpp->run:235]	rotation: 
[-0.9330398897378122, 0.2702563624548583, 0.2374827629760098;
 0.2836905778019487, 0.1467116017639555, 0.9476261720606133;
 0.2212605256805829, 0.951544641338767, -0.2135569603525702]
2020/03/09 13:18:10 191873	INFO [input.cpp->run:256]	frame times (ms): 104.355
2020/03/09 13:18:10 191876	INFO [input.cpp->run:257]	FPS: 9.58267
2020/03/09 13:18:10 274374	INFO [input.cpp->run:173]	
frame_id 37
2020/03/09 13:18:10 320513	INFO [input.cpp->run:235]	rotation: 
[-0.999910460464004, -0.006707997809048958, 0.01157902500460646;
 0.006774677964281113, -0.9999606397070538, 0.005729116436242807;
 0.01154013835028814, 0.005807047619362005, 0.9999165482203011]
2020/03/09 13:18:10 320558	INFO [input.cpp->run:256]	frame times (ms): 107.853
2020/03/09 13:18:10 320560	INFO [input.cpp->run:257]	FPS: 9.27188
2020/03/09 13:18:10 409896	INFO [input.cpp->run:173]	
frame_id 38
2020/03/09 13:18:10 456585	INFO [input.cpp->run:235]	rotation: 
[-0.9999069515988089, -0.006424507740889092, 0.01203386241671165;
 0.006505633612406274, -0.9999562951859183, 0.006714495465311784;
 0.01199019915089898, 0.006792158592069165, 0.9999050463448932]
2020/03/09 13:18:10 456630	INFO [input.cpp->run:256]	frame times (ms): 106.727
2020/03/09 13:18:10 456633	INFO [input.cpp->run:257]	FPS: 9.3697
2020/03/09 13:18:10 541116	INFO [input.cpp->run:173]	
frame_id 39
2020/03/09 13:18:10 590124	INFO [input.cpp->run:235]	rotation: 
[-0.9861158100774109, 0.01445347208390338, 0.1654288555847844;
 0.139930608897996, -0.4640844259809214, 0.8746685487974258;
 0.08941495293745727, 0.8856730450378846, 0.455618506521096]
2020/03/09 13:18:10 590172	INFO [input.cpp->run:256]	frame times (ms): 114.768
2020/03/09 13:18:10 590175	INFO [input.cpp->run:257]	FPS: 8.71323
2020/03/09 13:18:10 674706	INFO [input.cpp->run:173]	
frame_id 40
2020/03/09 13:18:10 726247	INFO [input.cpp->run:235]	rotation: 
[-0.9998976638401927, -0.005223127938308539, 0.01331843765105119;
 0.005292294988399701, -0.9999726651574106, 0.005163385685863285;
 0.01329110456962236, 0.005233342385634562, 0.9998979741287581]
2020/03/09 13:18:10 726317	INFO [input.cpp->run:256]	frame times (ms): 110.68
2020/03/09 13:18:10 726321	INFO [input.cpp->run:257]	FPS: 9.03506
2020/03/09 13:18:10 808827	INFO [input.cpp->run:173]	
frame_id 41
2020/03/09 13:18:10 857203	INFO [input.cpp->run:235]	rotation: 
[-0.9998943312621377, -0.003039809790706716, 0.01421569084774729;
 0.003087184017119054, -0.9999897506694629, 0.003311774580162281;
 0.01420547798163959, 0.003355311082699781, 0.9998934674668354]
2020/03/09 13:18:10 857266	INFO [input.cpp->run:256]	frame times (ms): 111.763
2020/03/09 13:18:10 857272	INFO [input.cpp->run:257]	FPS: 8.9475
2020/03/09 13:18:10 940433	INFO [input.cpp->run:173]	
frame_id 42
2020/03/09 13:18:10 989919	INFO [input.cpp->run:235]	rotation: 
[-0.999867755723183, -0.0007103502800201426, 0.01624704488714743;
 0.0007556063907626511, -0.999995851630072, 0.002779529030123369;
 0.01624500304917013, 0.002791437824264625, 0.999864144647064]
2020/03/09 13:18:10 989981	INFO [input.cpp->run:256]	frame times (ms): 113.144
2020/03/09 13:18:10 989986	INFO [input.cpp->run:257]	FPS: 8.83829
2020/03/09 13:18:11 076623	INFO [input.cpp->run:173]	
frame_id 43
2020/03/09 13:18:11 123653	INFO [input.cpp->run:235]	rotation: 
[-0.9999002572992377, -0.004992622856281353, 0.0132117057919551;
 0.005058889551280251, -0.9999747679227663, 0.00498709878763906;
 0.01318647372978047, 0.005053437921322523, 0.9999002848663208]
2020/03/09 13:18:11 123715	INFO [input.cpp->run:256]	frame times (ms): 109.145
2020/03/09 13:18:11 123721	INFO [input.cpp->run:257]	FPS: 9.16212
2020/03/09 13:18:11 208647	INFO [input.cpp->run:173]	
frame_id 44
2020/03/09 13:18:11 254800	INFO [input.cpp->run:235]	rotation: 
[-0.9998957934507385, -0.003743425899540917, 0.01394234564385173;
 0.003794175475599385, -0.9999862668651058, 0.003615288875006145;
 0.01392862060572924, 0.003667811844142129, 0.9998962649616696]
2020/03/09 13:18:11 254860	INFO [input.cpp->run:256]	frame times (ms): 110.02
2020/03/09 13:18:11 254862	INFO [input.cpp->run:257]	FPS: 9.08926
2020/03/09 13:18:11 340212	INFO [input.cpp->run:173]	
frame_id 45
2020/03/09 13:18:11 387243	INFO [input.cpp->run:235]	rotation: 
[-0.9973288598102568, 0.00140666537475242, -0.07302853334209025;
 0.00581959708775399, -0.9951057614763484, -0.09864408632205464;
 -0.07280987350153495, -0.09880559077855987, 0.9924395082581055]
2020/03/09 13:18:11 387303	INFO [input.cpp->run:256]	frame times (ms): 109.957
2020/03/09 13:18:11 387308	INFO [input.cpp->run:257]	FPS: 9.09446
2020/03/09 13:18:11 477289	INFO [input.cpp->run:173]	
frame_id 46
2020/03/09 13:18:11 525629	INFO [input.cpp->run:235]	rotation: 
[-0.9999020365637399, -0.0006259073083739359, -0.01398304386486248;
 0.001927487104078961, -0.9956395110569375, -0.09326440272561747;
 -0.0138636960854223, -0.09328221836097102, 0.9955431812174225]
2020/03/09 13:18:11 525671	INFO [input.cpp->run:256]	frame times (ms): 108.593
2020/03/09 13:18:11 525674	INFO [input.cpp->run:257]	FPS: 9.2087
2020/03/09 13:18:11 607535	INFO [input.cpp->run:173]	
frame_id 47
2020/03/09 13:18:11 659913	INFO [input.cpp->run:235]	rotation: 
[-0.9996583772377072, 0.0005377924474841689, -0.02613119969992185;
 0.002261094298016336, -0.9942606110726308, -0.1069613234868301;
 -0.02603874557364937, -0.1069838681706839, 0.9939197330168006]
2020/03/09 13:18:11 659977	INFO [input.cpp->run:256]	frame times (ms): 113.786
2020/03/09 13:18:11 659982	INFO [input.cpp->run:257]	FPS: 8.78843
2020/03/09 13:18:11 743034	INFO [input.cpp->run:173]	
frame_id 48
2020/03/09 13:18:11 793658	INFO [input.cpp->run:235]	rotation: 
[-0.9998894069991905, -0.002124951069798262, 0.0147193190657102;
 0.002163966967000665, -0.9999941863629221, 0.002635239519099684;
 0.01471363373789583, 0.002666800200288354, 0.9998881923289822]
2020/03/09 13:18:11 793721	INFO [input.cpp->run:256]	frame times (ms): 107.645
2020/03/09 13:18:11 793725	INFO [input.cpp->run:257]	FPS: 9.2898
2020/03/09 13:18:11 874398	INFO [input.cpp->run:173]	
frame_id 49
2020/03/09 13:18:11 927902	INFO [input.cpp->run:235]	rotation: 
[-0.9998976106779744, -0.004423897443397997, 0.01360872117019859;
 0.004504566380838643, -0.9999724324873056, 0.005902808411398308;
 0.01358223259256492, 0.005963505414716501, 0.9998899737275941]
2020/03/09 13:18:11 927971	INFO [input.cpp->run:256]	frame times (ms): 118.204
2020/03/09 13:18:11 927977	INFO [input.cpp->run:257]	FPS: 8.45995
2020/03/09 13:18:12 009001	INFO [input.cpp->run:173]	
frame_id 50
2020/03/09 13:18:12 059591	INFO [input.cpp->run:235]	rotation: 
[-0.9999252520326319, -0.003708679406974212, 0.01165058129595977;
 0.003688743582757946, -0.9999916963493194, -0.001732167194948187;
 0.0116569086064078, -0.001689061711980351, 0.9999306293699958]
2020/03/09 13:18:12 059656	INFO [input.cpp->run:256]	frame times (ms): 116.773
2020/03/09 13:18:12 059660	INFO [input.cpp->run:257]	FPS: 8.56362
2020/03/09 13:18:12 140830	INFO [input.cpp->run:173]	
frame_id 51
2020/03/09 13:18:12 188676	INFO [input.cpp->run:235]	rotation: 
[-0.9999367595507954, -0.004702011049941448, 0.01021606534537928;
 0.00467115765688684, -0.9999844635941579, -0.003041850826183759;
 0.01023020944063895, -0.002993937606309772, 0.9999431879624014]
2020/03/09 13:18:12 188737	INFO [input.cpp->run:256]	frame times (ms): 106.346
2020/03/09 13:18:12 188742	INFO [input.cpp->run:257]	FPS: 9.40327
2020/03/09 13:18:12 276863	INFO [input.cpp->run:173]	
frame_id 52
2020/03/09 13:18:12 325893	INFO [input.cpp->run:235]	rotation: 
[-0.6419137991376793, 0.5476554624482789, 0.5366751055593999;
 0.5708339934259375, -0.1259923296756933, 0.8113411642535389;
 0.5119523673409743, 0.8271634828215357, -0.2317441396465485]
2020/03/09 13:18:12 325955	INFO [input.cpp->run:256]	frame times (ms): 107.461
2020/03/09 13:18:12 325959	INFO [input.cpp->run:257]	FPS: 9.3057
2020/03/09 13:18:12 409206	INFO [input.cpp->run:173]	
frame_id 53
2020/03/09 13:18:12 455392	INFO [input.cpp->run:235]	rotation: 
[-0.9999192794668781, -0.0009210249187844168, 0.01267226355227465;
 0.0008541987927459957, -0.9999857073832839, -0.005277819016967041;
 0.01267694343530023, -0.005266568356374558, 0.9999057747422433]
2020/03/09 13:18:12 455455	INFO [input.cpp->run:256]	frame times (ms): 102.781
2020/03/09 13:18:12 455460	INFO [input.cpp->run:257]	FPS: 9.72942
2020/03/09 13:18:12 543610	INFO [input.cpp->run:173]	
frame_id 54
2020/03/09 13:18:12 592087	INFO [input.cpp->run:235]	rotation: 
[-0.9990626858127589, -0.02163625829803186, 0.03749162764481363;
 0.0206417081521752, -0.9994299691455174, -0.02671435304009002;
 0.03804825490291151, -0.02591542206198832, 0.9989397985855766]
2020/03/09 13:18:12 592154	INFO [input.cpp->run:256]	frame times (ms): 106.603
2020/03/09 13:18:12 592159	INFO [input.cpp->run:257]	FPS: 9.3806
2020/03/09 13:18:12 674031	INFO [input.cpp->run:173]	
frame_id 55
2020/03/09 13:18:12 722796	INFO [input.cpp->run:235]	rotation: 
[-0.999905781622345, -0.001202023997474062, 0.01367417333943281;
 0.001156762611935724, -0.9999938282984072, -0.003317418477556643;
 0.01367807656313512, -0.003301288143301501, 0.9999010009586586]
2020/03/09 13:18:12 722856	INFO [input.cpp->run:256]	frame times (ms): 111.066
2020/03/09 13:18:12 722860	INFO [input.cpp->run:257]	FPS: 9.00366
2020/03/09 13:18:12 810016	INFO [input.cpp->run:173]	
frame_id 56
2020/03/09 13:18:12 860447	INFO [input.cpp->run:235]	rotation: 
[-0.9839577913398572, 0.007444614324163448, -0.178246017007827;
 0.005717035644770529, -0.9972999780464537, -0.07321249409752105;
 -0.1783097876310397, -0.07305704282345125, 0.9812585225764237]
2020/03/09 13:18:12 860516	INFO [input.cpp->run:256]	frame times (ms): 109.598
2020/03/09 13:18:12 860521	INFO [input.cpp->run:257]	FPS: 9.12425
2020/03/09 13:18:12 946077	INFO [input.cpp->run:173]	
frame_id 57
2020/03/09 13:18:12 991636	INFO [input.cpp->run:235]	rotation: 
[-0.9989393196447987, -0.04042190092589346, -0.02205233758865588;
 0.04047315678145978, -0.9991788522670659, -0.001882753943635749;
 -0.02195812486826158, -0.002773284660137406, 0.9997550448207115]
2020/03/09 13:18:12 991694	INFO [input.cpp->run:256]	frame times (ms): 104.875
2020/03/09 13:18:12 991698	INFO [input.cpp->run:257]	FPS: 9.53516
2020/03/09 13:18:13 077746	INFO [input.cpp->run:173]	
frame_id 58
2020/03/09 13:18:13 125608	INFO [input.cpp->run:235]	rotation: 
[-0.9999057185583989, -0.004017254059356498, 0.01313071452871065;
 0.004064399581035365, -0.9999853828804641, 0.003565765199413959;
 0.01311619801076474, 0.003618797484559733, 0.9999074305427016]
2020/03/09 13:18:13 125673	INFO [input.cpp->run:256]	frame times (ms): 110.71
2020/03/09 13:18:13 125678	INFO [input.cpp->run:257]	FPS: 9.03261
2020/03/09 13:18:13 210333	INFO [input.cpp->run:173]	
frame_id 59
2020/03/09 13:18:13 262373	INFO [input.cpp->run:235]	rotation: 
[-0.9919296040828688, 0.00560147084727876, -0.1266660336015547;
 0.0005706036409918354, -0.9988162874324901, -0.04863844540137203;
 -0.1267885442596767, -0.04831818999015223, 0.9907522483247712]
2020/03/09 13:18:13 262449	INFO [input.cpp->run:256]	frame times (ms): 109.527
2020/03/09 13:18:13 262457	INFO [input.cpp->run:257]	FPS: 9.13017
2020/03/09 13:18:13 342944	INFO [input.cpp->run:173]	
frame_id 60
2020/03/09 13:18:13 396042	INFO [input.cpp->run:235]	rotation: 
[-0.9998983706203272, -0.001354320593736823, 0.01419204870848949;
 0.001390197273816501, -0.9999958625435057, 0.00251838190311963;
 0.0141885792930311, 0.002537855708953449, 0.9998961163571174]
2020/03/09 13:18:13 396113	INFO [input.cpp->run:256]	frame times (ms): 105.564
2020/03/09 13:18:13 396118	INFO [input.cpp->run:257]	FPS: 9.47293
2020/03/09 13:18:13 476864	INFO [input.cpp->run:173]	
frame_id 61
2020/03/09 13:18:13 527281	INFO [input.cpp->run:235]	rotation: 
[-0.9999522088560432, 0.0008150342044406106, 0.009742470075179317;
 -0.0009106798558979879, -0.999951397493161, -0.009816991070308284;
 0.00973399538320387, -0.009825394176318974, 0.9999043509072058]
2020/03/09 13:18:13 527342	INFO [input.cpp->run:256]	frame times (ms): 111.402
2020/03/09 13:18:13 527344	INFO [input.cpp->run:257]	FPS: 8.9765
2020/03/09 13:18:13 609651	INFO [input.cpp->run:173]	
frame_id 62
2020/03/09 13:18:13 659944	INFO [input.cpp->run:235]	rotation: 
[-0.9997032453970962, -0.002310740856291239, -0.02425039420727736;
 0.003467866781018157, -0.9988517327950002, -0.04778273529649237;
 -0.02411213475622587, -0.04785265268635181, 0.9985633322871303]
2020/03/09 13:18:13 660014	INFO [input.cpp->run:256]	frame times (ms): 109.041
2020/03/09 13:18:13 660019	INFO [input.cpp->run:257]	FPS: 9.17086
2020/03/09 13:18:13 744392	INFO [input.cpp->run:173]	
frame_id 63
2020/03/09 13:18:13 791343	INFO [input.cpp->run:235]	rotation: 
[-0.9999435203214545, 0.003159134140290336, 0.01014771100399063;
 -0.00325288623801946, -0.9999520604053262, -0.00923556291004002;
 0.01011804814474432, -0.009268050637887956, 0.9999058597383625]
2020/03/09 13:18:13 791408	INFO [input.cpp->run:256]	frame times (ms): 108.802
2020/03/09 13:18:13 791413	INFO [input.cpp->run:257]	FPS: 9.19101
2020/03/09 13:18:13 877193	INFO [input.cpp->run:173]	
frame_id 64
2020/03/09 13:18:13 926802	INFO [input.cpp->run:235]	rotation: 
[-0.998059890952141, -0.0039122351361092, 0.06213814037159578;
 0.01380576615225912, -0.9870851596132078, 0.1596004025443457;
 0.06071124190419338, 0.160148624994434, 0.9852241181674564]
2020/03/09 13:18:13 926864	INFO [input.cpp->run:256]	frame times (ms): 111.053
2020/03/09 13:18:13 926868	INFO [input.cpp->run:257]	FPS: 9.00471
2020/03/09 13:18:14 010816	INFO [input.cpp->run:173]	
frame_id 65
2020/03/09 13:18:14 060669	INFO [input.cpp->run:235]	rotation: 
[-0.9998726126059571, 0.0007632942257866112, 0.01594289630094302;
 -0.0007218937979321553, -0.9999963532159738, 0.002602388152804225;
 0.01594482454849375, 0.002590547563398425, 0.9998695173038528]
2020/03/09 13:18:14 060734	INFO [input.cpp->run:256]	frame times (ms): 115.848
2020/03/09 13:18:14 060738	INFO [input.cpp->run:257]	FPS: 8.632
2020/03/09 13:18:14 142394	INFO [input.cpp->run:173]	
frame_id 66
2020/03/09 13:18:14 189668	INFO [input.cpp->run:235]	rotation: 
[-0.9957749407079102, -0.0405095988760124, 0.08240897922594635;
 0.03784678407920521, -0.9987177599898799, -0.03362226666450007;
 0.0836653356714709, -0.03036129575135601, 0.9960312762796554]
2020/03/09 13:18:14 189743	INFO [input.cpp->run:256]	frame times (ms): 109.574
2020/03/09 13:18:14 189749	INFO [input.cpp->run:257]	FPS: 9.12625
2020/03/09 13:18:14 275098	INFO [input.cpp->run:173]	
frame_id 67
2020/03/09 13:18:14 321175	INFO [input.cpp->run:235]	rotation: 
[-0.809095017163702, 0.396845748939752, 0.4334497718874887;
 0.3986185516367372, -0.1713590810689626, 0.9009657682876915;
 0.4318199896853995, 0.9017480340337025, -0.01954429902691213]
2020/03/09 13:18:14 321238	INFO [input.cpp->run:256]	frame times (ms): 105.218
2020/03/09 13:18:14 321255	INFO [input.cpp->run:257]	FPS: 9.50408
2020/03/09 13:18:14 408513	INFO [input.cpp->run:173]	
frame_id 68
2020/03/09 13:18:14 443167	INFO [input.cpp->run:235]	rotation: 
[0.9999741926673785, 0.0006645779416166505, -0.007153484142995182;
 -0.0005400049455605111, 0.9998484248242322, 0.01740217719598552;
 0.007163964955479411, -0.01739786517539508, 0.9998229802787368]
2020/03/09 13:18:14 443248	INFO [input.cpp->run:256]	frame times (ms): 95.422
2020/03/09 13:18:14 443259	INFO [input.cpp->run:257]	FPS: 10.4798
2020/03/09 13:18:14 542285	INFO [input.cpp->run:173]	
frame_id 69
2020/03/09 13:18:14 591473	INFO [input.cpp->run:235]	rotation: 
[-0.9999640736949834, 0.003183217770228505, 0.0078561087034974;
 -0.003173360335922055, -0.9999941623645284, 0.001266894251145761;
 0.00786009564269181, 0.0012419184725621, 0.9999683377662489]
2020/03/09 13:18:14 591540	INFO [input.cpp->run:256]	frame times (ms): 109.872
2020/03/09 13:18:14 591545	INFO [input.cpp->run:257]	FPS: 9.1015
2020/03/09 13:18:14 674075	INFO [input.cpp->run:173]	
frame_id 70
2020/03/09 13:18:14 724199	INFO [input.cpp->run:235]	rotation: 
[-0.7624601471516703, 0.2619071763832171, 0.5916579712675423;
 0.08667769958855238, -0.8648275509001195, 0.4945303667098089;
 0.6412031662425648, 0.4283432480652307, 0.6366950301654933]
2020/03/09 13:18:14 724260	INFO [input.cpp->run:256]	frame times (ms): 108.595
2020/03/09 13:18:14 724266	INFO [input.cpp->run:257]	FPS: 9.20853
2020/03/09 13:18:14 810978	INFO [input.cpp->run:173]	
frame_id 71
2020/03/09 13:18:14 845130	INFO [input.cpp->run:235]	rotation: 
[0.9999373067999839, -0.009248656426610838, -0.006312275651236887;
 0.0093824002690438, 0.9997248691143016, 0.02149782871789666;
 0.006111712917516236, -0.02155570524698937, 0.9997489677596666]
2020/03/09 13:18:14 845207	INFO [input.cpp->run:256]	frame times (ms): 99.922
2020/03/09 13:18:14 845213	INFO [input.cpp->run:257]	FPS: 10.0078
2020/03/09 13:18:14 941916	INFO [input.cpp->run:173]	
frame_id 72
2020/03/09 13:18:14 974263	INFO [input.cpp->run:235]	rotation: 
[-0.9951176361234731, 0.01092647116448227, -0.09808925784163448;
 0.001149004968510125, -0.9925030192065359, -0.1222147153721392;
 -0.0986892601229397, -0.1217307237052437, 0.9876447037485615]
2020/03/09 13:18:14 974318	INFO [input.cpp->run:256]	frame times (ms): 94.512
2020/03/09 13:18:14 974326	INFO [input.cpp->run:257]	FPS: 10.5807
2020/03/09 13:18:15 078616	INFO [input.cpp->run:173]	
frame_id 73
2020/03/09 13:18:15 127549	INFO [input.cpp->run:235]	rotation: 
[-0.9995022487945389, 0.01786449039868556, 0.02600220447298527;
 -0.01813854585808081, -0.9997819916321604, -0.01034226098031714;
 0.02581177655284431, -0.01080875528569143, 0.9996083848189551]
2020/03/09 13:18:15 127614	INFO [input.cpp->run:256]	frame times (ms): 112.336
2020/03/09 13:18:15 127620	INFO [input.cpp->run:257]	FPS: 8.90187
2020/03/09 13:18:15 208321	INFO [input.cpp->run:173]	
frame_id 74
2020/03/09 13:18:15 245623	INFO [input.cpp->run:235]	rotation: 
[-0.9992567391914344, 0.007029455657851652, -0.03790192519722351;
 -0.002063052295331262, -0.9915758281732019, -0.1295110836872876;
 -0.03849302528677575, -0.1293366295207324, 0.9908533308560294]
2020/03/09 13:18:15 245690	INFO [input.cpp->run:256]	frame times (ms): 93.371
2020/03/09 13:18:15 245695	INFO [input.cpp->run:257]	FPS: 10.71
2020/03/09 13:18:15 343372	INFO [input.cpp->run:173]	
frame_id 75
2020/03/09 13:18:15 390875	INFO [input.cpp->run:235]	rotation: 
[-0.9994775706110438, 0.0001198721271644539, 0.03231983100387443;
 -0.00722540648383529, -0.9755126472031781, -0.2198246315766072;
 0.03150205305355867, -0.219943312645147, 0.9750038768518248]
2020/03/09 13:18:15 390932	INFO [input.cpp->run:256]	frame times (ms): 110.348
2020/03/09 13:18:15 390934	INFO [input.cpp->run:257]	FPS: 9.06224
2020/03/09 13:18:15 475498	INFO [input.cpp->run:173]	
frame_id 76
2020/03/09 13:18:15 524474	INFO [input.cpp->run:235]	rotation: 
[0.9998867301206251, -0.01377155469281667, -0.006072166831281132;
 0.0138737290534911, 0.9997572085061374, 0.01711851869076763;
 0.005834943944415271, -0.01720082327560524, 0.9998350289461791]
2020/03/09 13:18:15 524533	INFO [input.cpp->run:256]	frame times (ms): 115.375
2020/03/09 13:18:15 524536	INFO [input.cpp->run:257]	FPS: 8.66739
2020/03/09 13:18:15 609251	INFO [input.cpp->run:173]	
frame_id 77
2020/03/09 13:18:15 658955	INFO [input.cpp->run:235]	rotation: 
[-0.9996195801099271, 0.00836889127090761, 0.02628034854693993;
 -0.008359099646232994, -0.9999649457464954, 0.0004824223386663478;
 0.02628346464903873, 0.0002625587633716983, 0.9996544955878195]
2020/03/09 13:18:15 659016	INFO [input.cpp->run:256]	frame times (ms): 111.099
2020/03/09 13:18:15 659018	INFO [input.cpp->run:257]	FPS: 9.00098
2020/03/09 13:18:15 744697	INFO [input.cpp->run:173]	
frame_id 78
2020/03/09 13:18:15 792307	INFO [input.cpp->run:235]	rotation: 
[-0.5037050800132161, 0.5494119211672437, 0.6666541331516649;
 0.6347206505584375, -0.2881141850912209, 0.7170215562337688;
 0.586012703039408, 0.7843065454454273, -0.2035985133735181]
2020/03/09 13:18:15 792374	INFO [input.cpp->run:256]	frame times (ms): 111.651
2020/03/09 13:18:15 792379	INFO [input.cpp->run:257]	FPS: 8.95648
2020/03/09 13:18:15 875706	INFO [input.cpp->run:173]	
frame_id 79
2020/03/09 13:18:15 913711	INFO [input.cpp->run:235]	rotation: 
[-0.9999848207369825, 0.002671388653407175, -0.004818918788222418;
 -0.002285902800431356, -0.9969273677753111, -0.07829813553959349;
 -0.005013276773928974, -0.07828593145164729, 0.9969183416873906]
2020/03/09 13:18:15 913775	INFO [input.cpp->run:256]	frame times (ms): 97.85
2020/03/09 13:18:15 913782	INFO [input.cpp->run:257]	FPS: 10.2197
2020/03/09 13:18:16 009008	INFO [input.cpp->run:173]	
frame_id 80
2020/03/09 13:18:16 051334	INFO [input.cpp->run:235]	rotation: 
[-0.9998824015458088, 0.0009267924923013111, -0.01530764954727604;
 0.002977713345495951, -0.96744211641836, -0.2530748596822618;
 -0.01504381275535101, -0.2530906802623136, 0.9673255869985764]
2020/03/09 13:18:16 051393	INFO [input.cpp->run:256]	frame times (ms): 107.569
2020/03/09 13:18:16 051398	INFO [input.cpp->run:257]	FPS: 9.29636
2020/03/09 13:18:16 143906	INFO [input.cpp->run:173]	
frame_id 81
2020/03/09 13:18:16 194390	INFO [input.cpp->run:235]	rotation: 
[-0.9998346687310175, 0.002432756272527124, 0.01801990289804598;
 -0.002416866646060727, -0.9999966712096395, 0.0009035071971496891;
 0.01802204092636805, 0.0008598061168787091, 0.9998372201385036]
2020/03/09 13:18:16 194448	INFO [input.cpp->run:256]	frame times (ms): 113.106
2020/03/09 13:18:16 194453	INFO [input.cpp->run:257]	FPS: 8.84126
2020/03/09 13:18:16 277134	INFO [input.cpp->run:173]	
frame_id 82
2020/03/09 13:18:16 325887	INFO [input.cpp->run:235]	rotation: 
[-0.9998135127352066, 0.006237943699983509, 0.01827642772761779;
 -0.006295838081024285, -0.9999753389966132, -0.003111883909470589;
 0.01825656525594354, -0.003226369012424582, 0.9998281294142763]
2020/03/09 13:18:16 325932	INFO [input.cpp->run:256]	frame times (ms): 107.303
2020/03/09 13:18:16 325935	INFO [input.cpp->run:257]	FPS: 9.3194
2020/03/09 13:18:16 409195	INFO [input.cpp->run:173]	
frame_id 83
2020/03/09 13:18:16 458183	INFO [input.cpp->run:235]	rotation: 
[-0.9711724240722721, 0.001793733785835767, -0.238371359942197;
 -0.001613854502883446, -0.9999982466970458, -0.0009497770674574873;
 -0.2383726456522023, -0.0005377006043297764, 0.9711736161381386]
2020/03/09 13:18:16 458231	INFO [input.cpp->run:256]	frame times (ms): 110.537
2020/03/09 13:18:16 458233	INFO [input.cpp->run:257]	FPS: 9.04674
2020/03/09 13:18:16 543718	INFO [input.cpp->run:173]	
frame_id 84
2020/03/09 13:18:16 592901	INFO [input.cpp->run:235]	rotation: 
[-0.9998265072377287, 0.001349668475596679, 0.01857777757994891;
 -0.001411719864510621, -0.9999934677811358, -0.003327377658546701;
