		g3log created log at: Mon Mar 09 13:05:22 2020
		LOG format: [YYYY/MM/DD hh:mm:ss uuu* LEVEL FILE->FUNCTION:LINE] message		(uuu*: microseconds fractions of the seconds value)

2020/03/09 13:05:22 811736	INFO [g3logger.h->logBanner:29]	Starting log.
2020/03/09 13:05:22 815670	DEBUG [main.cpp->main:48]	Filepath: /home/mitchell/KITTI/data_odometry_gray/dataset/sequences/00/
2020/03/09 13:05:22 815678	DEBUG [main.cpp->main:52]	Calibration Filepath: /home/mitchell/visual_odom_catkin_ws/tank_downsized.yaml
2020/03/09 13:05:22 815825	INFO [main.cpp->main:66]	P_left: 
[409.41, 0, 251.22, 0;
 0, 408.72, 191.78999, 0;
 0, 0, 1, 0]
2020/03/09 13:05:22 815842	INFO [main.cpp->main:67]	P_right: 
[409.41, 0, 251.22, -73.940002;
 0, 408.72, 191.78999, 0;
 0, 0, 1, 0]
2020/03/09 13:05:22 950876	INFO [input.cpp->Input:22]	frame_pose [1, 0, 0, 0;
 0, 1, 0, 0;
 0, 0, 1, 0;
 0, 0, 0, 1]
2020/03/09 13:05:27 374578	INFO [input.cpp->run:173]	
frame_id 1
2020/03/09 13:05:27 431518	INFO [input.cpp->run:196]	Not enough points
2020/03/09 13:05:27 507698	INFO [input.cpp->run:173]	
frame_id 2
2020/03/09 13:05:27 555973	INFO [input.cpp->run:196]	Not enough points
2020/03/09 13:05:27 638667	INFO [input.cpp->run:173]	
frame_id 3
2020/03/09 13:05:27 686348	INFO [input.cpp->run:196]	Not enough points
2020/03/09 13:05:27 773795	INFO [input.cpp->run:173]	
frame_id 4
2020/03/09 13:05:27 822160	INFO [input.cpp->run:196]	Not enough points
2020/03/09 13:05:27 906914	INFO [input.cpp->run:173]	
frame_id 5
2020/03/09 13:05:27 954393	INFO [input.cpp->run:196]	Not enough points
2020/03/09 13:05:28 039327	INFO [input.cpp->run:173]	
frame_id 6
2020/03/09 13:05:28 086064	INFO [input.cpp->run:196]	Not enough points
2020/03/09 13:05:28 174067	INFO [input.cpp->run:173]	
frame_id 7
2020/03/09 13:05:28 222366	INFO [input.cpp->run:196]	Not enough points
2020/03/09 13:05:28 308388	INFO [input.cpp->run:173]	
frame_id 8
2020/03/09 13:05:28 354816	INFO [input.cpp->run:196]	Not enough points
2020/03/09 13:05:28 439642	INFO [input.cpp->run:173]	
frame_id 9
2020/03/09 13:05:28 484760	INFO [input.cpp->run:196]	Not enough points
2020/03/09 13:05:28 572646	INFO [input.cpp->run:173]	
frame_id 10
2020/03/09 13:05:28 619384	INFO [input.cpp->run:196]	Not enough points
2020/03/09 13:05:28 706290	INFO [input.cpp->run:173]	
frame_id 11
2020/03/09 13:05:28 752704	INFO [input.cpp->run:196]	Not enough points
2020/03/09 13:05:28 838777	INFO [input.cpp->run:173]	
frame_id 12
2020/03/09 13:05:28 884964	INFO [input.cpp->run:196]	Not enough points
2020/03/09 13:05:28 974414	INFO [input.cpp->run:173]	
frame_id 13
2020/03/09 13:05:29 019486	INFO [input.cpp->run:196]	Not enough points
2020/03/09 13:05:29 106436	INFO [input.cpp->run:173]	
frame_id 14
2020/03/09 13:05:29 150577	INFO [input.cpp->run:196]	Not enough points
2020/03/09 13:05:29 242638	INFO [input.cpp->run:173]	
frame_id 15
2020/03/09 13:05:29 291144	INFO [input.cpp->run:196]	Not enough points
2020/03/09 13:05:29 373577	INFO [input.cpp->run:173]	
frame_id 16
2020/03/09 13:05:29 423896	INFO [input.cpp->run:196]	Not enough points
2020/03/09 13:05:29 506633	INFO [input.cpp->run:173]	
frame_id 17
2020/03/09 13:05:29 554701	INFO [input.cpp->run:196]	Not enough points
2020/03/09 13:05:29 639517	INFO [input.cpp->run:173]	
frame_id 18
2020/03/09 13:05:29 688475	INFO [input.cpp->run:196]	Not enough points
2020/03/09 13:05:29 772982	INFO [input.cpp->run:173]	
frame_id 19
2020/03/09 13:05:29 824811	INFO [input.cpp->run:196]	Not enough points
2020/03/09 13:05:29 905905	INFO [input.cpp->run:173]	
frame_id 20
2020/03/09 13:05:29 954032	INFO [input.cpp->run:196]	Not enough points
2020/03/09 13:05:30 042340	INFO [input.cpp->run:173]	
frame_id 21
2020/03/09 13:05:30 091516	INFO [input.cpp->run:196]	Not enough points
2020/03/09 13:05:30 173011	INFO [input.cpp->run:173]	
frame_id 22
2020/03/09 13:05:30 221991	INFO [input.cpp->run:196]	Not enough points
2020/03/09 13:05:30 307634	INFO [input.cpp->run:173]	
frame_id 23
2020/03/09 13:05:30 356375	INFO [input.cpp->run:196]	Not enough points
2020/03/09 13:05:30 439570	INFO [input.cpp->run:173]	
frame_id 24
2020/03/09 13:05:30 489922	INFO [input.cpp->run:196]	Not enough points
2020/03/09 13:05:30 575295	INFO [input.cpp->run:173]	
frame_id 25
2020/03/09 13:05:30 622782	INFO [input.cpp->run:196]	Not enough points
2020/03/09 13:05:30 705874	INFO [input.cpp->run:173]	
frame_id 26
2020/03/09 13:05:30 755729	INFO [input.cpp->run:196]	Not enough points
2020/03/09 13:05:30 839636	INFO [input.cpp->run:173]	
frame_id 27
2020/03/09 13:05:30 889256	INFO [input.cpp->run:196]	Not enough points
2020/03/09 13:05:30 973654	INFO [input.cpp->run:173]	
frame_id 28
2020/03/09 13:05:31 023281	INFO [input.cpp->run:196]	Not enough points
2020/03/09 13:05:31 106914	INFO [input.cpp->run:173]	
frame_id 29
2020/03/09 13:05:31 226594	INFO [input.cpp->run:235]	rotation: 
[-0.9992517384146424, 0.0109886692479743, 0.03708385664239455;
 -0.006564451844815667, -0.9930653034977689, 0.1173806242991632;
 0.03811654820799154, 0.1170493576959858, 0.9923943654695279]
2020/03/09 13:05:31 226711	INFO [input.cpp->run:256]	frame times (ms): 236.264
2020/03/09 13:05:31 226718	INFO [input.cpp->run:257]	FPS: 4.23255
2020/03/09 13:05:31 240773	INFO [input.cpp->run:173]	
frame_id 30
2020/03/09 13:05:31 297475	INFO [input.cpp->run:196]	Not enough points
2020/03/09 13:05:31 372722	INFO [input.cpp->run:173]	
frame_id 31
2020/03/09 13:05:31 426693	INFO [input.cpp->run:196]	Not enough points
2020/03/09 13:05:31 508844	INFO [input.cpp->run:173]	
frame_id 32
2020/03/09 13:05:31 590483	INFO [input.cpp->run:235]	rotation: 
[-0.9995803990999642, 0.02697890991844882, -0.01054344131526209;
 -0.02681765812338449, -0.9995255732527062, -0.01514733067660126;
 -0.01094709769452259, -0.01485822443837956, 0.9998296826052947]
2020/03/09 13:05:31 590568	INFO [input.cpp->run:256]	frame times (ms): 217.148
2020/03/09 13:05:31 590573	INFO [input.cpp->run:257]	FPS: 4.60515
2020/03/09 13:05:31 641878	INFO [input.cpp->run:173]	
frame_id 33
2020/03/09 13:05:31 695760	INFO [input.cpp->run:196]	Not enough points
2020/03/09 13:05:31 773465	INFO [input.cpp->run:173]	
frame_id 34
2020/03/09 13:05:31 826869	INFO [input.cpp->run:196]	Not enough points
2020/03/09 13:05:31 906156	INFO [input.cpp->run:173]	
frame_id 35
2020/03/09 13:05:31 962965	INFO [input.cpp->run:196]	Not enough points
2020/03/09 13:05:32 039883	INFO [input.cpp->run:173]	
frame_id 36
2020/03/09 13:05:32 093855	INFO [input.cpp->run:196]	Not enough points
2020/03/09 13:05:32 172594	INFO [input.cpp->run:173]	
frame_id 37
2020/03/09 13:05:32 225511	INFO [input.cpp->run:196]	Not enough points
2020/03/09 13:05:32 305724	INFO [input.cpp->run:173]	
frame_id 38
2020/03/09 13:05:32 361543	INFO [input.cpp->run:196]	Not enough points
2020/03/09 13:05:32 442203	INFO [input.cpp->run:173]	
frame_id 39
2020/03/09 13:05:32 500514	INFO [input.cpp->run:196]	Not enough points
2020/03/09 13:05:32 574818	INFO [input.cpp->run:173]	
frame_id 40
2020/03/09 13:05:32 630482	INFO [input.cpp->run:196]	Not enough points
2020/03/09 13:05:32 707539	INFO [input.cpp->run:173]	
frame_id 41
2020/03/09 13:05:32 785111	INFO [input.cpp->run:235]	rotation: 
[-0.9962384480539256, 0.08137456920147396, 0.02978479656436088;
 -0.07337923544097186, -0.9750456872581337, 0.2095265987062558;
 0.04609167414191262, 0.2065528679214802, 0.9773492059280595]
2020/03/09 13:05:32 785195	INFO [input.cpp->run:256]	frame times (ms): 244.799
2020/03/09 13:05:32 785203	INFO [input.cpp->run:257]	FPS: 4.08498
2020/03/09 13:05:32 841550	INFO [input.cpp->run:173]	
frame_id 42
2020/03/09 13:05:32 928354	INFO [input.cpp->run:235]	rotation: 
[0.1824941256945073, 0.9153806610300352, 0.3588511383557437;
 0.6770311416192012, -0.3816596858486014, 0.6292572744718554;
 0.7129689525952715, 0.1281176397306892, -0.6893918646350846]
2020/03/09 13:05:32 928438	INFO [input.cpp->run:256]	frame times (ms): 270.506
2020/03/09 13:05:32 928443	INFO [input.cpp->run:257]	FPS: 3.69678
2020/03/09 13:05:32 972513	INFO [input.cpp->run:173]	
frame_id 43
2020/03/09 13:05:33 027982	INFO [input.cpp->run:196]	Not enough points
2020/03/09 13:05:33 106740	INFO [input.cpp->run:173]	
frame_id 44
2020/03/09 13:05:33 190726	INFO [input.cpp->run:235]	rotation: 
[-0.9997148478374092, 0.01923503746124776, 0.01415048929508453;
 -0.01939188852788473, -0.9997510930891405, -0.01103206809219636;
 0.01393476489747851, -0.01130332698514733, 0.9998390156051717]
2020/03/09 13:05:33 190814	INFO [input.cpp->run:256]	frame times (ms): 267.577
2020/03/09 13:05:33 190816	INFO [input.cpp->run:257]	FPS: 3.73724
2020/03/09 13:05:33 240067	INFO [input.cpp->run:173]	
frame_id 45
2020/03/09 13:05:33 315134	INFO [input.cpp->run:235]	rotation: 
[-0.10580005360455, -0.0865035978040234, 0.990617724565957;
 -0.2453123073150527, -0.963148343400051, -0.1103047618441865;
 0.9636535791128674, -0.2546809693964143, 0.08068074919250079]
2020/03/09 13:05:33 315241	INFO [input.cpp->run:256]	frame times (ms): 253.477
2020/03/09 13:05:33 315247	INFO [input.cpp->run:257]	FPS: 3.94513
2020/03/09 13:05:33 375655	INFO [input.cpp->run:173]	
frame_id 46
2020/03/09 13:05:33 431816	INFO [input.cpp->run:196]	Not enough points
2020/03/09 13:05:33 506893	INFO [input.cpp->run:173]	
frame_id 47
2020/03/09 13:05:33 563670	INFO [input.cpp->run:196]	Not enough points
2020/03/09 13:05:33 639851	INFO [input.cpp->run:173]	
frame_id 48
2020/03/09 13:05:33 721019	INFO [input.cpp->run:235]	rotation: 
[-0.999995979402425, 0.00111563678734757, -0.002607016214653656;
 -0.001120183794469371, -0.9999978529860497, 0.001743333461354712;
 -0.002605065690411373, 0.001746246789427999, 0.9999950821153567]
2020/03/09 13:05:33 721102	INFO [input.cpp->run:256]	frame times (ms): 268.343
2020/03/09 13:05:33 721107	INFO [input.cpp->run:257]	FPS: 3.72657
2020/03/09 13:05:33 775435	INFO [input.cpp->run:173]	
frame_id 49
2020/03/09 13:05:33 830638	INFO [input.cpp->run:196]	Not enough points
2020/03/09 13:05:33 907238	INFO [input.cpp->run:173]	
frame_id 50
2020/03/09 13:05:33 966847	INFO [input.cpp->run:196]	Not enough points
2020/03/09 13:05:34 040168	INFO [input.cpp->run:173]	
frame_id 51
2020/03/09 13:05:34 097883	INFO [input.cpp->run:196]	Not enough points
2020/03/09 13:05:34 175409	INFO [input.cpp->run:173]	
frame_id 52
2020/03/09 13:05:34 232158	INFO [input.cpp->run:196]	Not enough points
2020/03/09 13:05:34 306651	INFO [input.cpp->run:173]	
frame_id 53
2020/03/09 13:05:34 390209	INFO [input.cpp->run:235]	rotation: 
[-0.9999623242156852, -0.008562591630163872, -0.001425543313942134;
 0.008542026823548177, -0.9998675148186226, 0.01385592249463463;
 -0.001543997056558383, 0.01384322343266142, 0.9999029859131751]
2020/03/09 13:05:34 390293	INFO [input.cpp->run:256]	frame times (ms): 270.542
2020/03/09 13:05:34 390296	INFO [input.cpp->run:257]	FPS: 3.69628
2020/03/09 13:05:34 442445	INFO [input.cpp->run:173]	
frame_id 54
2020/03/09 13:05:34 499068	INFO [input.cpp->run:196]	Not enough points
2020/03/09 13:05:34 573501	INFO [input.cpp->run:173]	
frame_id 55
2020/03/09 13:05:34 631793	INFO [input.cpp->run:196]	Not enough points
2020/03/09 13:05:34 708512	INFO [input.cpp->run:173]	
frame_id 56
2020/03/09 13:05:34 788961	INFO [input.cpp->run:235]	rotation: 
[-0.9999110392289813, 0.001309100292762089, -0.01327403045205789;
 -0.00139389913416079, -0.9999786691497745, 0.00638108851604655;
 -0.01326539382085793, 0.006399023509046171, 0.9998915350301288]
2020/03/09 13:05:34 789043	INFO [input.cpp->run:256]	frame times (ms): 265.925
2020/03/09 13:05:34 789048	INFO [input.cpp->run:257]	FPS: 3.76046
2020/03/09 13:05:34 839593	INFO [input.cpp->run:173]	
frame_id 57
2020/03/09 13:05:34 919075	INFO [input.cpp->run:235]	rotation: 
[-0.9999719329638778, -0.007289769302584244, -0.001729898263190555;
 0.007263771241213775, -0.9998672199499892, 0.01458698381555374;
 -0.001836004314048572, 0.01457400881689769, 0.9998921078572239]
2020/03/09 13:05:34 919169	INFO [input.cpp->run:256]	frame times (ms): 275
2020/03/09 13:05:34 919174	INFO [input.cpp->run:257]	FPS: 3.63636
2020/03/09 13:05:34 973057	INFO [input.cpp->run:173]	
frame_id 58
2020/03/09 13:05:35 058303	INFO [input.cpp->run:235]	rotation: 
[-0.9999954389331541, 0.002494885038047882, -0.001702251901285896;
 -0.00251093366433724, -0.9999517993428301, 0.009491796624965557;
 -0.001678488910241766, 0.009496027573850782, 0.9999535029866607]
2020/03/09 13:05:35 058385	INFO [input.cpp->run:256]	frame times (ms): 266.445
2020/03/09 13:05:35 058388	INFO [input.cpp->run:257]	FPS: 3.75312
2020/03/09 13:05:35 108349	INFO [input.cpp->run:173]	
frame_id 59
2020/03/09 13:05:35 160717	INFO [input.cpp->run:196]	Not enough points
2020/03/09 13:05:35 240769	INFO [input.cpp->run:173]	
frame_id 60
2020/03/09 13:05:35 322159	INFO [input.cpp->run:235]	rotation: 
[-0.9999993878073563, 0.0008473927005866571, 0.0007115550039520019;
 -0.0008458890824482823, -0.9999974145097194, 0.002110792632354853;
 0.0007133418345025646, 0.002110189443533726, 0.999997519118892]
2020/03/09 13:05:35 322236	INFO [input.cpp->run:256]	frame times (ms): 240.445
2020/03/09 13:05:35 322238	INFO [input.cpp->run:257]	FPS: 4.15896
2020/03/09 13:05:35 375525	INFO [input.cpp->run:173]	
frame_id 61
2020/03/09 13:05:35 459718	INFO [input.cpp->run:235]	rotation: 
[-0.9999684152357592, 0.007039633575270178, -0.003689456600945587;
 -0.007036140896096722, -0.9999747864022364, -0.0009587914747522684;
 -0.003696113117128233, -0.000932801655075295, 0.9999927342880537]
2020/03/09 13:05:35 459792	INFO [input.cpp->run:256]	frame times (ms): 277.543
2020/03/09 13:05:35 459797	INFO [input.cpp->run:257]	FPS: 3.60305
2020/03/09 13:05:35 506958	INFO [input.cpp->run:173]	
frame_id 62
2020/03/09 13:05:35 569740	INFO [input.cpp->run:235]	rotation: 
[0.999977733078668, -0.006621147549309201, 0.0008329177501994943;
 0.006625740064063283, 0.9999621586404644, -0.005637451171062844;
 -0.0007955598354538123, 0.005642844338888672, 0.9999837625643305]
2020/03/09 13:05:35 569833	INFO [input.cpp->run:256]	frame times (ms): 239.384
2020/03/09 13:05:35 569840	INFO [input.cpp->run:257]	FPS: 4.17739
2020/03/09 13:05:35 639659	INFO [input.cpp->run:173]	
frame_id 63
2020/03/09 13:05:35 698078	INFO [input.cpp->run:196]	Not enough points
2020/03/09 13:05:35 776583	INFO [input.cpp->run:173]	
frame_id 64
2020/03/09 13:05:35 834999	INFO [input.cpp->run:196]	Not enough points
2020/03/09 13:05:35 907048	INFO [input.cpp->run:173]	
frame_id 65
2020/03/09 13:05:35 991989	INFO [input.cpp->run:235]	rotation: 
[-0.9999400944448663, 0.0106041961993136, -0.002712663738533231;
 -0.01058834641533806, -0.9999271671699081, -0.005792001014450762;
 -0.002773885682699925, -0.00576293141804274, 0.9999795468806798]
2020/03/09 13:05:35 992061	INFO [input.cpp->run:256]	frame times (ms): 247.999
2020/03/09 13:05:35 992065	INFO [input.cpp->run:257]	FPS: 4.03227
2020/03/09 13:05:36 040027	INFO [input.cpp->run:173]	
frame_id 66
2020/03/09 13:05:36 111552	INFO [input.cpp->run:235]	rotation: 
[0.9999948580070949, 0.001338317746129243, -0.002914252044789836;
 -0.00132510173046203, 0.9999888516713483, 0.004532178110142858;
 0.002920285050143689, -0.004528293125287618, 0.9999854831429291]
2020/03/09 13:05:36 111627	INFO [input.cpp->run:256]	frame times (ms): 239.211
2020/03/09 13:05:36 111631	INFO [input.cpp->run:257]	FPS: 4.18041
2020/03/09 13:05:36 174166	INFO [input.cpp->run:173]	
frame_id 67
2020/03/09 13:05:36 254238	INFO [input.cpp->run:235]	rotation: 
[-0.9999165614043254, 0.01264965388260393, -0.002618489259137942;
 -0.01263625384735607, -0.9999072942728238, -0.005072272538604155;
 -0.00268240900219865, -0.005038761420331613, 0.9999837076499262]
2020/03/09 13:05:36 254317	INFO [input.cpp->run:256]	frame times (ms): 244.242
2020/03/09 13:05:36 254322	INFO [input.cpp->run:257]	FPS: 4.0943
2020/03/09 13:05:36 309427	INFO [input.cpp->run:173]	
frame_id 68
2020/03/09 13:05:36 395390	INFO [input.cpp->run:235]	rotation: 
[-0.9999533470699968, 0.00403447847659374, -0.008776483745344017;
 -0.004320370495641002, -0.999452482414011, 0.03280350278936066;
 -0.008639333440189734, 0.03283989007127003, 0.9994232854690828]
2020/03/09 13:05:36 395482	INFO [input.cpp->run:256]	frame times (ms): 232.328
2020/03/09 13:05:36 395489	INFO [input.cpp->run:257]	FPS: 4.30426
2020/03/09 13:05:36 440852	INFO [input.cpp->run:173]	
frame_id 69
2020/03/09 13:05:36 518689	INFO [input.cpp->run:235]	rotation: 
[-0.9998232509957427, 0.0176663827869839, -0.006431616245385553;
 -0.01760491664955085, -0.9997999716339883, -0.009491239668173156;
 -0.006598005612798127, -0.00937633403309073, 0.9999342731810087]
2020/03/09 13:05:36 518765	INFO [input.cpp->run:256]	frame times (ms): 232.659
2020/03/09 13:05:36 518767	INFO [input.cpp->run:257]	FPS: 4.29814
2020/03/09 13:05:36 574655	INFO [input.cpp->run:173]	
frame_id 70
2020/03/09 13:05:36 649459	INFO [input.cpp->run:235]	rotation: 
[-0.9999396814555319, 0.005862768619685617, 0.009287701261416297;
 -0.005919020802474233, -0.9999642365305628, -0.006040765894199896;
 0.009251953488272711, -0.006095375620967175, 0.9999386219927153]
2020/03/09 13:05:36 649533	INFO [input.cpp->run:256]	frame times (ms): 222.567
2020/03/09 13:05:36 649539	INFO [input.cpp->run:257]	FPS: 4.49303
2020/03/09 13:05:36 707800	INFO [input.cpp->run:173]	
frame_id 71
2020/03/09 13:05:36 791066	INFO [input.cpp->run:235]	rotation: 
[-0.9999537559683002, 0.009613077661725781, 0.0002732448696110729;
 -0.00961395750579975, -0.99994791854895, -0.003425202285853648;
 0.0002403039030407398, -0.003427670855255682, 0.9999940966458465]
2020/03/09 13:05:36 791140	INFO [input.cpp->run:256]	frame times (ms): 213.055
2020/03/09 13:05:36 791149	INFO [input.cpp->run:257]	FPS: 4.69362
2020/03/09 13:05:36 841920	INFO [input.cpp->run:173]	
frame_id 72
2020/03/09 13:05:36 913307	INFO [input.cpp->run:235]	rotation: 
[-0.999733206930919, 0.01846477836789678, -0.01387684832534813;
 -0.01833277969677036, -0.9997860442804949, -0.009579919130662064;
 -0.01405077037781027, -0.009322962071401542, 0.9998578190072851]
2020/03/09 13:05:36 913390	INFO [input.cpp->run:256]	frame times (ms): 201.382
2020/03/09 13:05:36 913394	INFO [input.cpp->run:257]	FPS: 4.96569
2020/03/09 13:05:36 973292	INFO [input.cpp->run:173]	
frame_id 73
2020/03/09 13:05:37 045374	INFO [input.cpp->run:235]	rotation: 
[-0.9997929415245226, 0.0180932473664082, -0.009311738692671559;
 -0.01801276378776068, -0.9998002894295011, -0.008655726278730158;
 -0.009466489236721894, -0.008486203887718291, 0.9999191816967548]
2020/03/09 13:05:37 045454	INFO [input.cpp->run:256]	frame times (ms): 206.149
2020/03/09 13:05:37 045457	INFO [input.cpp->run:257]	FPS: 4.85086
2020/03/09 13:05:37 108178	INFO [input.cpp->run:173]	
frame_id 74
2020/03/09 13:05:37 181913	INFO [input.cpp->run:235]	rotation: 
[-0.9999942867365119, -0.003254115880158952, -0.0009149995482248429;
 0.003241842147886672, -0.9999088070659767, 0.0131098440640395;
 -0.0009575770584866089, 0.01310680287994534, 0.999913643653512]
2020/03/09 13:05:37 181992	INFO [input.cpp->run:256]	frame times (ms): 210.97
2020/03/09 13:05:37 181995	INFO [input.cpp->run:257]	FPS: 4.74001
2020/03/09 13:05:37 243334	INFO [input.cpp->run:173]	
frame_id 75
2020/03/09 13:05:37 313243	INFO [input.cpp->run:235]	rotation: 
[-0.9999255371967282, 0.008347612213835199, -0.008901540999290792;
 -0.008335808531753438, -0.9999643285736587, -0.001362305528821158;
 -0.008912595466898075, -0.001288002546324928, 0.9999594525236932]
2020/03/09 13:05:37 313315	INFO [input.cpp->run:256]	frame times (ms): 200.63
2020/03/09 13:05:37 313324	INFO [input.cpp->run:257]	FPS: 4.9843
2020/03/09 13:05:37 376059	INFO [input.cpp->run:173]	
frame_id 76
2020/03/09 13:05:37 452863	INFO [input.cpp->run:235]	rotation: 
[-0.9998277539739253, 0.01850919653675952, -0.001368220384064529;
 -0.01849818716493336, -0.9997995258485296, -0.007663235913531128;
 -0.001509786430875111, -0.007636606354850847, 0.9999697009351405]
2020/03/09 13:05:37 452939	INFO [input.cpp->run:256]	frame times (ms): 202.642
2020/03/09 13:05:37 452947	INFO [input.cpp->run:257]	FPS: 4.93481
2020/03/09 13:05:37 507323	INFO [input.cpp->run:173]	
frame_id 77
2020/03/09 13:05:37 582094	INFO [input.cpp->run:235]	rotation: 
[-0.9999720440052018, 0.004920060914756823, -0.005630649043756761;
 -0.005096197397502718, -0.999484210268512, 0.03170713162704429;
 -0.005471743793761107, 0.03173494012164051, 0.9994813422947578]
2020/03/09 13:05:37 582172	INFO [input.cpp->run:256]	frame times (ms): 199.606
2020/03/09 13:05:37 582178	INFO [input.cpp->run:257]	FPS: 5.00987
2020/03/09 13:05:37 640778	INFO [input.cpp->run:173]	
frame_id 78
2020/03/09 13:05:37 711799	INFO [input.cpp->run:235]	rotation: 
[-0.9997723447786859, 0.02126063703747533, -0.00180109091636911;
 -0.02125393790484784, -0.9997674088434432, -0.003660374025214951;
 -0.001878493882121306, -0.003621260447458654, 0.9999916788321321]
2020/03/09 13:05:37 711879	INFO [input.cpp->run:256]	frame times (ms): 197.658
2020/03/09 13:05:37 711883	INFO [input.cpp->run:257]	FPS: 5.05924
2020/03/09 13:05:37 775806	INFO [input.cpp->run:173]	
frame_id 79
2020/03/09 13:05:37 827361	INFO [input.cpp->run:196]	Not enough points
2020/03/09 13:05:37 907200	INFO [input.cpp->run:173]	
frame_id 80
2020/03/09 13:05:37 983039	INFO [input.cpp->run:235]	rotation: 
[0.8473159665940106, 0.4585374067233966, 0.2679535396113285;
 0.03586689755004241, -0.5527899739867442, 0.8325483831705335;
 0.5298766067821755, -0.6958208758690106, -0.4848340853218663]
2020/03/09 13:05:37 983123	INFO [input.cpp->run:256]	frame times (ms): 203.163
2020/03/09 13:05:37 983127	INFO [input.cpp->run:257]	FPS: 4.92216
2020/03/09 13:05:38 042542	INFO [input.cpp->run:173]	
frame_id 81
2020/03/09 13:05:38 114535	INFO [input.cpp->run:235]	rotation: 
[-0.6676084978389609, 0.5023554466392736, 0.5494887613455459;
 -0.04559983526184297, -0.7642561439506054, 0.643298687592198;
 0.7431147614179785, 0.4044150734896112, 0.5331312218367005]
2020/03/09 13:05:38 114614	INFO [input.cpp->run:256]	frame times (ms): 193.91
2020/03/09 13:05:38 114619	INFO [input.cpp->run:257]	FPS: 5.15703
2020/03/09 13:05:38 175455	INFO [input.cpp->run:173]	
frame_id 82
2020/03/09 13:05:38 247730	INFO [input.cpp->run:235]	rotation: 
[-0.9998252224510115, 0.01185376917933781, -0.01445727176988809;
 -0.01183322186524047, -0.9999288509373251, -0.001505962631943903;
 -0.0144740944819846, -0.00133462331906706, 0.9998943541042342]
2020/03/09 13:05:38 247808	INFO [input.cpp->run:256]	frame times (ms): 200.316
2020/03/09 13:05:38 247813	INFO [input.cpp->run:257]	FPS: 4.99211
2020/03/09 13:05:38 310160	INFO [input.cpp->run:173]	
frame_id 83
2020/03/09 13:05:38 358622	INFO [input.cpp->run:196]	Not enough points
2020/03/09 13:05:38 441678	INFO [input.cpp->run:173]	
frame_id 84
2020/03/09 13:05:38 520563	INFO [input.cpp->run:235]	rotation: 
[-0.999612409019876, 0.02625352669120248, -0.009261968999865349;
 -0.02609556827046252, -0.9995185780287188, -0.01678193946150141;
 -0.009698095180074161, -0.01653373858878225, 0.9998162743415191]
2020/03/09 13:05:38 520643	INFO [input.cpp->run:256]	frame times (ms): 206.135
2020/03/09 13:05:38 520647	INFO [input.cpp->run:257]	FPS: 4.85119
2020/03/09 13:05:38 575755	INFO [input.cpp->run:173]	
frame_id 85
2020/03/09 13:05:38 646866	INFO [input.cpp->run:235]	rotation: 
[-0.9998430855853739, 0.0174435133775127, -0.003086753661567254;
 -0.01743557390610932, -0.9998446585779865, -0.002580595984296402;
 -0.003131288821438091, -0.00252637172999193, 0.9999919062053444]
2020/03/09 13:05:38 646950	INFO [input.cpp->run:256]	frame times (ms): 188.457
2020/03/09 13:05:38 646958	INFO [input.cpp->run:257]	FPS: 5.30625
2020/03/09 13:05:38 708464	INFO [input.cpp->run:173]	
frame_id 86
2020/03/09 13:05:38 780791	INFO [input.cpp->run:235]	rotation: 
[-0.9999192690665898, 0.008139314922996453, -0.009757402416687945;
 -0.008122400168212864, -0.9999654428829347, -0.001771907289844426;
 -0.009771487340436773, -0.001692510715084374, 0.999950825512252]
2020/03/09 13:05:38 780866	INFO [input.cpp->run:256]	frame times (ms): 199.962
2020/03/09 13:05:38 780869	INFO [input.cpp->run:257]	FPS: 5.00095
2020/03/09 13:05:38 843382	INFO [input.cpp->run:173]	
frame_id 87
2020/03/09 13:05:38 917031	INFO [input.cpp->run:235]	rotation: 
[-0.999978473055729, 0.005833940888560213, -0.003003091547321163;
 -0.005892794278158565, -0.9997830784632079, 0.01997676135479136;
 -0.002885896867198864, 0.0199940279168498, 0.9997959344020819]
2020/03/09 13:05:38 917109	INFO [input.cpp->run:256]	frame times (ms): 202.621
2020/03/09 13:05:38 917114	INFO [input.cpp->run:257]	FPS: 4.93532
2020/03/09 13:05:38 975053	INFO [input.cpp->run:173]	
frame_id 88
2020/03/09 13:05:39 033885	INFO [input.cpp->run:235]	rotation: 
[0.9999977110160853, -0.0009665063440105939, -0.001908881367962438;
 0.000960501433045912, 0.9999945957375708, -0.003144190301095637;
 0.001911909931739364, 0.003142349620805171, 0.9999932350967549]
2020/03/09 13:05:39 033966	INFO [input.cpp->run:256]	frame times (ms): 190.279
2020/03/09 13:05:39 033970	INFO [input.cpp->run:257]	FPS: 5.25544
2020/03/09 13:05:39 107700	INFO [input.cpp->run:173]	
frame_id 89
2020/03/09 13:05:39 182352	INFO [input.cpp->run:235]	rotation: 
[-0.9996439591122209, 0.01625774714868544, 0.02115752036732302;
 -0.01635532104269843, -0.9998563538091514, -0.004446933894202068;
 0.0210821840432756, -0.004791388641985481, 0.9997662647393375]
2020/03/09 13:05:39 182432	INFO [input.cpp->run:256]	frame times (ms): 208.066
2020/03/09 13:05:39 182439	INFO [input.cpp->run:257]	FPS: 4.80617
2020/03/09 13:05:39 242422	INFO [input.cpp->run:173]	
frame_id 90
2020/03/09 13:05:39 319990	INFO [input.cpp->run:235]	rotation: 
[-0.9999319115953151, 0.006307336642322483, -0.009817824495242872;
 -0.006251797487029161, -0.9999643403296343, -0.005677419951037419;
 -0.009853283793748694, -0.005615654334062774, 0.99993568654433]
2020/03/09 13:05:39 320073	INFO [input.cpp->run:256]	frame times (ms): 211.972
2020/03/09 13:05:39 320081	INFO [input.cpp->run:257]	FPS: 4.7176
2020/03/09 13:05:39 374854	INFO [input.cpp->run:173]	
frame_id 91
2020/03/09 13:05:39 429622	INFO [input.cpp->run:196]	Not enough points
2020/03/09 13:05:39 508303	INFO [input.cpp->run:173]	
frame_id 92
2020/03/09 13:05:39 585167	INFO [input.cpp->run:235]	rotation: 
[-0.9681544944305991, 0.2393269889350998, 0.07348106750102279;
 -0.2176504505366317, -0.9496555798357619, 0.2253498636964401;
 0.1237140101000387, 0.2021802959095211, 0.9715029447463892]
2020/03/09 13:05:39 585252	INFO [input.cpp->run:256]	frame times (ms): 203.424
2020/03/09 13:05:39 585256	INFO [input.cpp->run:257]	FPS: 4.91584
2020/03/09 13:05:39 640849	INFO [input.cpp->run:173]	
frame_id 93
2020/03/09 13:05:39 718611	INFO [input.cpp->run:235]	rotation: 
[-0.9998453843388909, 0.01723746974032014, -0.003475205485594975;
 -0.01721987512616127, -0.9998390705327072, -0.005030798836329221;
 -0.003561364465338308, -0.004970178391541539, 0.999981306830233]
2020/03/09 13:05:39 718694	INFO [input.cpp->run:256]	frame times (ms): 208.159
2020/03/09 13:05:39 718698	INFO [input.cpp->run:257]	FPS: 4.80402
2020/03/09 13:05:39 774791	INFO [input.cpp->run:173]	
frame_id 94
2020/03/09 13:05:39 845021	INFO [input.cpp->run:235]	rotation: 
[0.688282690846435, -0.2134477230316273, 0.6933303736414582;
 -0.2102649804073873, -0.9734059082765206, -0.09093720771303127;
 0.6943022220153636, -0.0831925914067814, -0.7148590191356285]
2020/03/09 13:05:39 845096	INFO [input.cpp->run:256]	frame times (ms): 193.037
2020/03/09 13:05:39 845103	INFO [input.cpp->run:257]	FPS: 5.18035
2020/03/09 13:05:39 908811	INFO [input.cpp->run:173]	
frame_id 95
2020/03/09 13:05:39 985159	INFO [input.cpp->run:235]	rotation: 
[-0.9989230953516299, 0.006864373625793525, 0.04588605395808106;
 -0.004623401364911343, -0.9987994969244219, 0.04876668025753318;
 0.04616572032295557, 0.04850201354837807, 0.9977556218577854]
2020/03/09 13:05:39 985242	INFO [input.cpp->run:256]	frame times (ms): 201.335
2020/03/09 13:05:39 985246	INFO [input.cpp->run:257]	FPS: 4.96685
2020/03/09 13:05:40 042821	INFO [input.cpp->run:173]	
frame_id 96
2020/03/09 13:05:40 118935	INFO [input.cpp->run:235]	rotation: 
[-0.9999778213536346, 0.006564573264972871, -0.001123912223999116;
 -0.006578462575622236, -0.9998959781272322, 0.01283576079267619;
 -0.00103953402040956, 0.0128428697273806, 0.9999169865874801]
2020/03/09 13:05:40 119020	INFO [input.cpp->run:256]	frame times (ms): 206.892
2020/03/09 13:05:40 119024	INFO [input.cpp->run:257]	FPS: 4.83344
2020/03/09 13:05:40 174852	INFO [input.cpp->run:173]	
frame_id 97
2020/03/09 13:05:40 252350	INFO [input.cpp->run:235]	rotation: 
[-0.99980513303436, 0.01860332433845294, -0.006603959547416837;
 -0.01851845652297528, -0.9997480135243763, -0.01268764052415656;
 -0.006838327730685906, -0.01256287298438816, 0.9998977005155211]
2020/03/09 13:05:40 252432	INFO [input.cpp->run:256]	frame times (ms): 215.68
2020/03/09 13:05:40 252436	INFO [input.cpp->run:257]	FPS: 4.6365
2020/03/09 13:05:40 309840	INFO [input.cpp->run:173]	
frame_id 98
2020/03/09 13:05:40 388571	INFO [input.cpp->run:235]	rotation: 
[-0.9998720063411093, 0.01599895718370884, -6.560822001818237e-05;
 -0.01599850982259967, -0.9998622084357534, -0.004428524069519871;
 -0.0001364509467341911, -0.004426907612768324, 0.999990191886964]
2020/03/09 13:05:40 388664	INFO [input.cpp->run:256]	frame times (ms): 224.323
2020/03/09 13:05:40 388669	INFO [input.cpp->run:257]	FPS: 4.45786
2020/03/09 13:05:40 440963	INFO [input.cpp->run:173]	
frame_id 99
2020/03/09 13:05:40 520034	INFO [input.cpp->run:235]	rotation: 
[-0.9996528852779023, 0.01603328935868596, -0.02090556356345852;
 -0.01594927787967871, -0.9998640682238068, -0.00417918772675829;
 -0.02096972795917841, -0.003844308426667036, 0.9997727200729366]
2020/03/09 13:05:40 520117	INFO [input.cpp->run:256]	frame times (ms): 228.608
2020/03/09 13:05:40 520124	INFO [input.cpp->run:257]	FPS: 4.3743
2020/03/09 13:05:40 579908	INFO [input.cpp->run:173]	
frame_id 100
2020/03/09 13:05:40 657402	INFO [input.cpp->run:235]	rotation: 
[-0.999739772291844, 0.02178128226972839, -0.006779634248125451;
 -0.02163522759457787, -0.9995470656391345, -0.02091842487202595;
 -0.00723219363559608, -0.02076630238829708, 0.9997581987962557]
2020/03/09 13:05:40 657480	INFO [input.cpp->run:256]	frame times (ms): 227.821
2020/03/09 13:05:40 657485	INFO [input.cpp->run:257]	FPS: 4.38941
2020/03/09 13:05:40 708958	INFO [input.cpp->run:173]	
frame_id 101
2020/03/09 13:05:40 785581	INFO [input.cpp->run:235]	rotation: 
[-0.9999301449207862, 0.0101584961195445, 0.006042370005604578;
 -0.01016336775390727, -0.9999480504736022, -0.0007760862974652327;
 0.006034172237703235, -0.0008374429123675847, 0.999981443555216]
2020/03/09 13:05:40 785664	INFO [input.cpp->run:256]	frame times (ms): 227.77
2020/03/09 13:05:40 785669	INFO [input.cpp->run:257]	FPS: 4.39039
2020/03/09 13:05:40 842579	INFO [input.cpp->run:173]	
frame_id 102
2020/03/09 13:05:40 920686	INFO [input.cpp->run:235]	rotation: 
[-0.9997588427566935, 0.01196041166937307, -0.01841751564397549;
 -0.01188030288074276, -0.9999195118558269, -0.004452888216261599;
 -0.01846929162850521, -0.004233008705853367, 0.9998204673360294]
2020/03/09 13:05:40 920765	INFO [input.cpp->run:256]	frame times (ms): 246.35
2020/03/09 13:05:40 920769	INFO [input.cpp->run:257]	FPS: 4.05927
2020/03/09 13:05:40 975355	INFO [input.cpp->run:173]	
frame_id 103
2020/03/09 13:05:41 057677	INFO [input.cpp->run:235]	rotation: 
[0.8529301406037086, 0.07633771004600669, 0.5164133318134503;
 0.067383368159687, -0.9970739587382755, 0.03609712594431447;
 0.5176578570302908, 0.004009342953082404, -0.8555783238394317]
2020/03/09 13:05:41 057761	INFO [input.cpp->run:256]	frame times (ms): 252.661
2020/03/09 13:05:41 057766	INFO [input.cpp->run:257]	FPS: 3.95787
2020/03/09 13:05:41 108563	INFO [input.cpp->run:173]	
frame_id 104
2020/03/09 13:05:41 187965	INFO [input.cpp->run:235]	rotation: 
[-0.9997577576071757, 0.02117449740141222, -0.006005561095309324;
 -0.02103215956826697, -0.9995176745511446, -0.02284877510430885;
 -0.006486475789430041, -0.02271693024310095, 0.9997208944061158]
2020/03/09 13:05:41 188048	INFO [input.cpp->run:256]	frame times (ms): 243.191
2020/03/09 13:05:41 188052	INFO [input.cpp->run:257]	FPS: 4.11199
2020/03/09 13:05:41 241922	INFO [input.cpp->run:173]	
frame_id 105
2020/03/09 13:05:41 322110	INFO [input.cpp->run:235]	rotation: 
[-0.9999253470829168, 0.01014097456603328, -0.006816222998075741;
 -0.01010570667991415, -0.9999354734972004, -0.005188789302849474;
 -0.006868402551392074, -0.005119519194308447, 0.9999633071116214]
2020/03/09 13:05:41 322221	INFO [input.cpp->run:256]	frame times (ms): 259.285
2020/03/09 13:05:41 322227	INFO [input.cpp->run:257]	FPS: 3.85676
2020/03/09 13:05:41 377154	INFO [input.cpp->run:173]	
frame_id 106
2020/03/09 13:05:41 461088	INFO [input.cpp->run:235]	rotation: 
[-0.9998690459028446, 0.01616668627881305, -0.0007275301351845114;
 -0.01616207688517731, -0.9998516867388536, -0.005949100455271037;
 -0.0008235994735190905, -0.005936562998210895, 0.9999820392905445]
2020/03/09 13:05:41 461160	INFO [input.cpp->run:256]	frame times (ms): 264.613
2020/03/09 13:05:41 461164	INFO [input.cpp->run:257]	FPS: 3.7791
2020/03/09 13:05:41 507595	INFO [input.cpp->run:173]	
frame_id 107
2020/03/09 13:05:41 588488	INFO [input.cpp->run:235]	rotation: 
[-0.98761837751806, 0.02210344908850544, 0.1553105853668272;
 -0.005677171442799181, -0.9944114435972246, 0.1054213003490899;
 0.1567727977456667, 0.1032342887866033, 0.9822245015808352]
2020/03/09 13:05:41 588569	INFO [input.cpp->run:256]	frame times (ms): 268.831
2020/03/09 13:05:41 588571	INFO [input.cpp->run:257]	FPS: 3.71981
2020/03/09 13:05:41 642010	INFO [input.cpp->run:173]	
frame_id 108
2020/03/09 13:05:41 724277	INFO [input.cpp->run:235]	rotation: 
[-0.9992517174162373, 0.008059119734882153, -0.0378292985634038;
 -0.01098259352074604, -0.9969146757710016, 0.07772073000144085;
 -0.03708622224301606, 0.07807803674208026, 0.9962572119178076]
2020/03/09 13:05:41 724364	INFO [input.cpp->run:256]	frame times (ms): 266.098
2020/03/09 13:05:41 724369	INFO [input.cpp->run:257]	FPS: 3.75801
2020/03/09 13:05:41 776940	INFO [input.cpp->run:173]	
frame_id 109
2020/03/09 13:05:41 859456	INFO [input.cpp->run:235]	rotation: 
[-0.9999773167540319, 0.005882056249207006, -0.003281370397826889;
 -0.005878041190176705, -0.9999819653677693, -0.001231897309090702;
 -0.003288557308783869, -0.001212581335302379, 0.9999938574998011]
2020/03/09 13:05:41 859542	INFO [input.cpp->run:256]	frame times (ms): 284.673
2020/03/09 13:05:41 859547	INFO [input.cpp->run:257]	FPS: 3.5128
2020/03/09 13:05:41 909829	INFO [input.cpp->run:173]	
frame_id 110
2020/03/09 13:05:41 992098	INFO [input.cpp->run:235]	rotation: 
[-0.9998610162889422, -0.009054391477695716, 0.01399878925523138;
 0.008436227078913764, -0.9990132753754672, -0.04360396422636317;
 0.01437978366724453, -0.04347980702061117, 0.9989508137056269]
2020/03/09 13:05:41 992178	INFO [input.cpp->run:256]	frame times (ms): 292.241
2020/03/09 13:05:41 992182	INFO [input.cpp->run:257]	FPS: 3.42183
2020/03/09 13:05:42 042377	INFO [input.cpp->run:173]	
frame_id 111
2020/03/09 13:05:42 124285	INFO [input.cpp->run:235]	rotation: 
[0.9999140704639237, -0.01298121397494228, -0.001827504310335468;
 0.0129977066344003, 0.9998720693775025, 0.009322258363552072;
 0.001706256286024465, -0.009345210671114551, 0.9999548768454499]
2020/03/09 13:05:42 124360	INFO [input.cpp->run:256]	frame times (ms): 293.815
2020/03/09 13:05:42 124365	INFO [input.cpp->run:257]	FPS: 3.4035
2020/03/09 13:05:42 175913	INFO [input.cpp->run:173]	
frame_id 112
2020/03/09 13:05:42 260150	INFO [input.cpp->run:235]	rotation: 
[-0.9998474022041948, 0.0163939801224267, -0.006034046840102869;
 -0.01628078003629196, -0.9996989857647761, -0.0183541292980011;
 -0.006333127736983871, -0.0182530895089939, 0.9998133406873728]
2020/03/09 13:05:42 260229	INFO [input.cpp->run:256]	frame times (ms): 302.862
2020/03/09 13:05:42 260235	INFO [input.cpp->run:257]	FPS: 3.30183
2020/03/09 13:05:42 310685	INFO [input.cpp->run:173]	
frame_id 113
2020/03/09 13:05:42 395392	INFO [input.cpp->run:235]	rotation: 
[-0.9999848835886398, 0.002981538192953042, -0.004619851103501698;
 -0.002978364473162549, -0.9999953240502928, -0.0006937021082735532;
 -0.004621897800640633, -0.0006799320215891529, 0.999989087817045]
2020/03/09 13:05:42 395475	INFO [input.cpp->run:256]	frame times (ms): 295.486
2020/03/09 13:05:42 395480	INFO [input.cpp->run:257]	FPS: 3.38426
2020/03/09 13:05:42 443062	INFO [input.cpp->run:173]	
frame_id 114
2020/03/09 13:05:42 528553	INFO [input.cpp->run:235]	rotation: 
[-0.9999689207432543, 0.003770849803554955, -0.006923744603191408;
 -0.003754143716951585, -0.9999900145811295, -0.002424281952469253;
 -0.006932817069825623, -0.00239821387528818, 0.9999730919468213]
2020/03/09 13:05:42 528630	INFO [input.cpp->run:256]	frame times (ms): 310.234
2020/03/09 13:05:42 528634	INFO [input.cpp->run:257]	FPS: 3.22337
2020/03/09 13:05:42 577774	INFO [input.cpp->run:173]	
frame_id 115
2020/03/09 13:05:42 664205	INFO [input.cpp->run:235]	rotation: 
[-0.998330462322944, 0.03945946629813624, -0.04218102082125656;
 -0.04217545718257288, -0.9969564838659817, 0.06556676054998807;
 -0.03946541282563748, 0.06723629821045148, 0.9969562484850862]
2020/03/09 13:05:42 664276	INFO [input.cpp->run:256]	frame times (ms): 303.837
2020/03/09 13:05:42 664289	INFO [input.cpp->run:257]	FPS: 3.29124
2020/03/09 13:05:42 708404	INFO [input.cpp->run:173]	
frame_id 116
2020/03/09 13:05:42 797981	INFO [input.cpp->run:235]	rotation: 
[-0.999984315035727, -0.004569429916176126, 0.003238825831837757;
 0.004551255671046365, -0.9999739811656846, -0.005596701123681375;
 0.003264315294911508, -0.005581872615189521, 0.9999790932533356]
2020/03/09 13:05:42 798087	INFO [input.cpp->run:256]	frame times (ms): 309.965
2020/03/09 13:05:42 798094	INFO [input.cpp->run:257]	FPS: 3.22617
2020/03/09 13:05:42 841696	INFO [input.cpp->run:173]	
frame_id 117
2020/03/09 13:05:42 935344	INFO [input.cpp->run:235]	rotation: 
[-0.9948251264900285, 0.01209228924656293, -0.1008798505395211;
 -0.0238659419294974, -0.9929234098178261, 0.116333653993843;
 -0.09875922498641082, 0.1181392347043046, 0.9880737506398825]
2020/03/09 13:05:42 935425	INFO [input.cpp->run:256]	frame times (ms): 320.939
2020/03/09 13:05:42 935432	INFO [input.cpp->run:257]	FPS: 3.11586
2020/03/09 13:05:42 975518	INFO [input.cpp->run:173]	
frame_id 118
2020/03/09 13:05:43 066781	INFO [input.cpp->run:235]	rotation: 
[-0.9999796330164537, 0.004464004072071408, -0.004561383553610617;
 -0.004453981654890934, -0.999987649862651, -0.002205032786636995;
 -0.004571170495235827, -0.002184671558101807, 0.999987165722884]
2020/03/09 13:05:43 066878	INFO [input.cpp->run:256]	frame times (ms): 315.649
2020/03/09 13:05:43 066886	INFO [input.cpp->run:257]	FPS: 3.16808
2020/03/09 13:05:43 108485	INFO [input.cpp->run:173]	
frame_id 119
2020/03/09 13:05:43 200362	INFO [input.cpp->run:235]	rotation: 
[-0.9999922655082711, 0.001479994188967197, -0.003643973221097556;
 -0.001470016174142812, -0.9999951674093329, -0.00273938139512823;
 -0.003648009879812732, -0.00273400350783233, 0.9999896085703774]
2020/03/09 13:05:43 200455	INFO [input.cpp->run:256]	frame times (ms): 322.331
2020/03/09 13:05:43 200461	INFO [input.cpp->run:257]	FPS: 3.1024
2020/03/09 13:05:43 242507	INFO [input.cpp->run:173]	
frame_id 120
2020/03/09 13:05:43 329607	INFO [input.cpp->run:235]	rotation: 
[-0.9998011531198756, 0.01834740464929965, -0.007811975601720375;
 -0.01814641463495176, -0.9995210973276094, -0.02506558662604968;
 -0.008268122886328269, -0.02491884306396366, 0.9996552852880287]
2020/03/09 13:05:43 329694	INFO [input.cpp->run:256]	frame times (ms): 305.167
2020/03/09 13:05:43 329699	INFO [input.cpp->run:257]	FPS: 3.27689
2020/03/09 13:05:43 376164	INFO [input.cpp->run:173]	
frame_id 121
2020/03/09 13:05:43 459628	INFO [input.cpp->run:235]	rotation: 
[-0.9999307568426792, 0.01029509276216184, -0.005700226753852913;
 -0.01040512740638675, -0.9997533110336718, 0.01962270116133816;
