		g3log created log at: Sun Mar 08 15:47:06 2020
		LOG format: [YYYY/MM/DD hh:mm:ss uuu* LEVEL FILE->FUNCTION:LINE] message		(uuu*: microseconds fractions of the seconds value)

2020/03/08 15:47:06 828327	INFO [g3logger.h->logBanner:29]	Starting log.
2020/03/08 15:47:06 833708	DEBUG [main.cpp->main:49]	Filepath: /home/mitchell/KITTI/data_odometry_gray/dataset/sequences/00/
2020/03/08 15:47:06 833713	DEBUG [main.cpp->main:53]	Calibration Filepath: /home/mitchell/visual_odom_ws/src/visual_odom/calibration/old/zed.yaml
2020/03/08 15:47:06 833801	INFO [main.cpp->main:67]	P_left: 
[718.85602, 0, 607.19281, 0;
 0, 718.85602, 185.2157, 0;
 0, 0, 1, 0]
2020/03/08 15:47:06 833810	INFO [main.cpp->main:68]	P_right: 
[718.85602, 0, 607.19281, -386.14481;
 0, 718.85602, 185.2157, 0;
 0, 0, 1, 0]
2020/03/08 15:47:06 899258	INFO [input.cpp->Input:22]	frame_pose [1, 0, 0, 0;
 0, 1, 0, 0;
 0, 0, 1, 0;
 0, 0, 0, 1]
2020/03/08 15:47:07 170488	INFO [input.cpp->run:173]	
frame_id 1
2020/03/08 15:47:07 275758	INFO [input.cpp->run:235]	rotation: 
[0.9999371058884889, -0.0043643372062695, 0.01033135170743479;
 0.004190850129214459, 0.9998508456586463, 0.01675479665302451;
 -0.01040293432389185, -0.01671044572833741, 0.9998062512112099]
2020/03/08 15:47:07 275811	INFO [input.cpp->run:256]	frame times (ms): 127.949
2020/03/08 15:47:07 275814	INFO [input.cpp->run:257]	FPS: 7.81561
2020/03/08 15:47:07 288929	INFO [input.cpp->run:173]	
frame_id 2
2020/03/08 15:47:07 337748	INFO [input.cpp->run:235]	rotation: 
[0.9999941723014406, -0.002790173954486027, -0.001967305888897003;
 0.002795088586237185, 0.9999929691020896, 0.002499845231701229;
 0.001960317053914401, -0.002505329457592467, 0.9999949402278778]
2020/03/08 15:47:07 337779	INFO [input.cpp->run:256]	frame times (ms): 68.621
2020/03/08 15:47:07 337781	INFO [input.cpp->run:257]	FPS: 14.5728
2020/03/08 15:47:07 340993	INFO [input.cpp->run:173]	
frame_id 3
2020/03/08 15:47:07 390503	INFO [input.cpp->run:235]	rotation: 
[0.9999537860658744, -0.0004485074803427993, 0.009603362617522747;
 0.000341492135505241, 0.9999378646717353, 0.01114226991469109;
 -0.009607763300838798, -0.01113847551375496, 0.9998918067709048]
2020/03/08 15:47:07 390541	INFO [input.cpp->run:256]	frame times (ms): 71.467
2020/03/08 15:47:07 390546	INFO [input.cpp->run:257]	FPS: 13.9925
2020/03/08 15:47:07 394923	INFO [input.cpp->run:173]	
frame_id 4
2020/03/08 15:47:07 441568	INFO [input.cpp->run:235]	rotation: 
[0.9999927354953744, -0.003529759522711686, 0.001438664029581327;
 0.003505867410368402, 0.9998612533254441, 0.01628444018605424;
 -0.001495944577550173, -0.01627927812232741, 0.9998663646976214]
2020/03/08 15:47:07 441603	INFO [input.cpp->run:256]	frame times (ms): 67.366
2020/03/08 15:47:07 441607	INFO [input.cpp->run:257]	FPS: 14.8443
2020/03/08 15:47:07 449341	INFO [input.cpp->run:173]	
frame_id 5
2020/03/08 15:47:07 494490	INFO [input.cpp->run:235]	rotation: 
[0.999964108619065, -0.007910514306336274, -0.003034013363160045;
 0.007929851696015495, 0.9999479789474655, 0.006415360547810469;
 0.00298310672919773, -0.006439189567674801, 0.9999748186389265]
2020/03/08 15:47:07 494536	INFO [input.cpp->run:256]	frame times (ms): 65.527
2020/03/08 15:47:07 494538	INFO [input.cpp->run:257]	FPS: 15.2609
2020/03/08 15:47:07 499917	INFO [input.cpp->run:173]	
frame_id 6
2020/03/08 15:47:07 546307	INFO [input.cpp->run:235]	rotation: 
[0.999964567306207, 0.006056183341797223, -0.005846945821613142;
 -0.006074793507434644, 0.9999765224772595, -0.003170390847957152;
 0.005827608081569269, 0.00320579750098449, 0.999977880678583]
2020/03/08 15:47:07 546338	INFO [input.cpp->run:256]	frame times (ms): 65.653
2020/03/08 15:47:07 546341	INFO [input.cpp->run:257]	FPS: 15.2316
2020/03/08 15:47:07 562205	INFO [input.cpp->run:173]	
frame_id 7
2020/03/08 15:47:07 607202	INFO [input.cpp->run:235]	rotation: 
[0.9999968106035569, 0.001216976464155016, 0.002213086306398293;
 -0.001236532633764575, 0.9999600131365156, 0.008856811788967505;
 -0.002202219280523656, -0.008859520094522687, 0.9999583286987189]
2020/03/08 15:47:07 607231	INFO [input.cpp->run:256]	frame times (ms): 65.211
2020/03/08 15:47:07 607233	INFO [input.cpp->run:257]	FPS: 15.3348
2020/03/08 15:47:07 628295	INFO [input.cpp->run:173]	
frame_id 8
2020/03/08 15:47:07 674484	INFO [input.cpp->run:235]	rotation: 
[0.9999905633484552, 0.004305711015570706, 0.0005779850255283844;
 -0.004308893740385649, 0.9999749063709562, 0.00562317198130707;
 -0.0005537587682441984, -0.005625609393451041, 0.9999840228074541]
2020/03/08 15:47:07 674514	INFO [input.cpp->run:256]	frame times (ms): 66.839
2020/03/08 15:47:07 674516	INFO [input.cpp->run:257]	FPS: 14.9613
2020/03/08 15:47:07 695121	INFO [input.cpp->run:173]	
frame_id 9
2020/03/08 15:47:07 733093	INFO [input.cpp->run:235]	rotation: 
[0.9999921883253146, -0.001902381879337795, 0.003464712330611835;
 0.001873493025510373, 0.9999636142660562, 0.008322269392983264;
 -0.00348041839899896, -0.008315713267735319, 0.999959366974787]
2020/03/08 15:47:07 733128	INFO [input.cpp->run:256]	frame times (ms): 59.529
2020/03/08 15:47:07 733132	INFO [input.cpp->run:257]	FPS: 16.7985
2020/03/08 15:47:07 761600	INFO [input.cpp->run:173]	
frame_id 10
2020/03/08 15:47:07 807697	INFO [input.cpp->run:235]	rotation: 
[0.9999919453019308, -0.003170732839602518, 0.002460850365224299;
 0.003147470754538035, 0.9999508668232622, 0.009399859959379519;
 -0.002490533900489249, -0.009392038791789814, 0.999952792309829]
2020/03/08 15:47:07 807725	INFO [input.cpp->run:256]	frame times (ms): 66.434
2020/03/08 15:47:07 807727	INFO [input.cpp->run:257]	FPS: 15.0525
2020/03/08 15:47:07 828326	INFO [input.cpp->run:173]	
frame_id 11
2020/03/08 15:47:07 874449	INFO [input.cpp->run:235]	rotation: 
[0.9999985967868241, -0.001533515238281281, -0.000674355541782009;
 0.001537503287862314, 0.9999810948304177, 0.00595365983230214;
 0.0006652127648997543, -0.005954688301910897, 0.9999820494284908]
2020/03/08 15:47:07 874481	INFO [input.cpp->run:256]	frame times (ms): 66.454
2020/03/08 15:47:07 874485	INFO [input.cpp->run:257]	FPS: 15.048
2020/03/08 15:47:07 894984	INFO [input.cpp->run:173]	
frame_id 12
2020/03/08 15:47:07 940663	INFO [input.cpp->run:235]	rotation: 
[0.9999986058391666, -0.001173483067034509, -0.00118796347354589;
 0.001181746731919635, 0.999974944546303, 0.006979523929316916;
 0.001179743355435069, -0.006980918070690522, 0.9999749371801804]
2020/03/08 15:47:07 940696	INFO [input.cpp->run:256]	frame times (ms): 65.96
2020/03/08 15:47:07 940699	INFO [input.cpp->run:257]	FPS: 15.1607
2020/03/08 15:47:07 961729	INFO [input.cpp->run:173]	
frame_id 13
2020/03/08 15:47:08 007252	INFO [input.cpp->run:235]	rotation: 
[0.9999785735735477, 0.006349812301801407, -0.001591313151039373;
 -0.006346792854331401, 0.9999780626424895, 0.001895377070030489;
 0.001603313530469699, -0.001885236723937079, 0.9999969376294198]
2020/03/08 15:47:08 007282	INFO [input.cpp->run:256]	frame times (ms): 66.439
2020/03/08 15:47:08 007285	INFO [input.cpp->run:257]	FPS: 15.0514
2020/03/08 15:47:08 028473	INFO [input.cpp->run:173]	
frame_id 14
2020/03/08 15:47:08 073186	INFO [input.cpp->run:235]	rotation: 
[0.9999975715186945, -0.0005248318767153037, 0.002140445798105149;
 0.0005077942766484003, 0.9999682484230592, 0.007952627911048112;
 -0.002144551628207077, -0.007951521692114147, 0.999966086525485]
2020/03/08 15:47:08 073216	INFO [input.cpp->run:256]	frame times (ms): 65.52
2020/03/08 15:47:08 073219	INFO [input.cpp->run:257]	FPS: 15.2625
2020/03/08 15:47:08 094989	INFO [input.cpp->run:173]	
frame_id 15
2020/03/08 15:47:08 139960	INFO [input.cpp->run:235]	rotation: 
[0.9999995704394041, 0.0008742162848138068, -0.0003080046987957351;
 -0.0008723688303183125, 0.9999819295880196, 0.005948064394814098;
 0.0003131990277810036, -0.005947793146061192, 0.999982262674224]
2020/03/08 15:47:08 139989	INFO [input.cpp->run:256]	frame times (ms): 65.375
2020/03/08 15:47:08 139991	INFO [input.cpp->run:257]	FPS: 15.2964
2020/03/08 15:47:08 161728	INFO [input.cpp->run:173]	
frame_id 16
2020/03/08 15:47:08 207079	INFO [input.cpp->run:235]	rotation: 
[0.9999892902460517, 0.004606837189383998, -0.0004432203835348889;
 -0.004604617058178935, 0.999977461560089, 0.004886089805570672;
 0.0004657198142658803, -0.004883996616612528, 0.9999879647686284]
2020/03/08 15:47:08 207108	INFO [input.cpp->run:256]	frame times (ms): 66.685
2020/03/08 15:47:08 207110	INFO [input.cpp->run:257]	FPS: 14.9959
2020/03/08 15:47:08 228808	INFO [input.cpp->run:173]	
frame_id 17
2020/03/08 15:47:08 274337	INFO [input.cpp->run:235]	rotation: 
[0.9999989925274215, 0.001347610295293439, -0.0004459715617174774;
 -0.001346146925640913, 0.9999937621827437, 0.003265499051726129;
 0.000450369399969751, -0.00326489541857865, 0.9999945687979057]
2020/03/08 15:47:08 274368	INFO [input.cpp->run:256]	frame times (ms): 66.226
2020/03/08 15:47:08 274371	INFO [input.cpp->run:257]	FPS: 15.0998
2020/03/08 15:47:08 295314	INFO [input.cpp->run:173]	
frame_id 18
2020/03/08 15:47:08 340664	INFO [input.cpp->run:235]	rotation: 
[0.9999998062643165, -0.0005683396114936292, 0.0002538925274702052;
 0.0005671548322957151, 0.9999890631224609, 0.004642410027014426;
 -0.0002565282161898718, -0.004642265131240108, 0.9999891917254534]
2020/03/08 15:47:08 340695	INFO [input.cpp->run:256]	frame times (ms): 65.529
2020/03/08 15:47:08 340699	INFO [input.cpp->run:257]	FPS: 15.2604
2020/03/08 15:47:08 361753	INFO [input.cpp->run:173]	
frame_id 19
2020/03/08 15:47:08 407879	INFO [input.cpp->run:235]	rotation: 
[0.9999979697054648, -0.00198444305846034, -0.0003501009795773436;
 0.001986503982833991, 0.9999800989911627, 0.00598793984194365;
 0.0003382112865608318, -0.005988623161652436, 0.9999820108410717]
2020/03/08 15:47:08 407909	INFO [input.cpp->run:256]	frame times (ms): 66.923
2020/03/08 15:47:08 407912	INFO [input.cpp->run:257]	FPS: 14.9425
2020/03/08 15:47:08 428727	INFO [input.cpp->run:173]	
frame_id 20
2020/03/08 15:47:08 474323	INFO [input.cpp->run:235]	rotation: 
[0.9999990909102731, 0.0007764362700569238, -0.001102417954271225;
 -0.0007697902314145468, 0.999981605722294, 0.006016281248594367;
 0.001107068935061498, -0.006015427148682756, 0.9999812943423452]
2020/03/08 15:47:08 474354	INFO [input.cpp->run:256]	frame times (ms): 66.492
2020/03/08 15:47:08 474357	INFO [input.cpp->run:257]	FPS: 15.0394
2020/03/08 15:47:08 494966	INFO [input.cpp->run:173]	
frame_id 21
2020/03/08 15:47:08 541197	INFO [input.cpp->run:235]	rotation: 
[0.9999974181496882, 0.0006040251201409024, -0.002190627218825768;
 -0.0005916027595602785, 0.9999837679468334, 0.00566690824246374;
 0.002194014615380266, -0.005665597630247102, 0.9999815434813583]
2020/03/08 15:47:08 541226	INFO [input.cpp->run:256]	frame times (ms): 67.602
2020/03/08 15:47:08 541229	INFO [input.cpp->run:257]	FPS: 14.7925
2020/03/08 15:47:08 561606	INFO [input.cpp->run:173]	
frame_id 22
2020/03/08 15:47:08 607199	INFO [input.cpp->run:235]	rotation: 
[0.9999999150623383, 0.0003726733613987428, 0.0001760394327192983;
 -0.0003738023195988469, 0.9999790821963201, 0.006457200758151204;
 -0.0001736293236492381, -0.006457266013639961, 0.9999791365666021]
2020/03/08 15:47:08 607228	INFO [input.cpp->run:256]	frame times (ms): 65.559
2020/03/08 15:47:08 607230	INFO [input.cpp->run:257]	FPS: 15.2534
2020/03/08 15:47:08 628587	INFO [input.cpp->run:173]	
frame_id 23
2020/03/08 15:47:08 674247	INFO [input.cpp->run:235]	rotation: 
[0.9999998748569174, -0.0001383432670489892, 0.0004807777968886945;
 0.0001356373018889731, 0.999984177171602, 0.005623789554777458;
 -0.0004815482030443207, -0.005623723639595919, 0.9999840707950071]
2020/03/08 15:47:08 674278	INFO [input.cpp->run:256]	frame times (ms): 66.585
2020/03/08 15:47:08 674280	INFO [input.cpp->run:257]	FPS: 15.0184
2020/03/08 15:47:08 695092	INFO [input.cpp->run:173]	
frame_id 24
2020/03/08 15:47:08 740090	INFO [input.cpp->run:235]	rotation: 
[0.9999971551054243, -0.002194418120056433, 0.0009350455455842503;
 0.002188393434054684, 0.9999771493171387, 0.006396231526984484;
 -0.0009490601855179181, -0.00639416708284761, 0.9999791067377762]
2020/03/08 15:47:08 740120	INFO [input.cpp->run:256]	frame times (ms): 65.442
2020/03/08 15:47:08 740122	INFO [input.cpp->run:257]	FPS: 15.2807
2020/03/08 15:47:08 761748	INFO [input.cpp->run:173]	
frame_id 25
2020/03/08 15:47:08 806957	INFO [input.cpp->run:235]	rotation: 
[0.9999990980788398, 0.0008194022723970521, -0.001064152913305485;
 -0.000814121225072556, 0.9999873991283746, 0.004953664411289958;
 0.001068198547926538, -0.004952793594001761, 0.9999871643113613]
2020/03/08 15:47:08 806990	INFO [input.cpp->run:256]	frame times (ms): 65.814
2020/03/08 15:47:08 806992	INFO [input.cpp->run:257]	FPS: 15.1943
2020/03/08 15:47:08 828664	INFO [input.cpp->run:173]	
frame_id 26
2020/03/08 15:47:08 873339	INFO [input.cpp->run:235]	rotation: 
[0.9999964867768977, 0.002588072758647995, -0.0005729862632412316;
 -0.002584599853377785, 0.9999787733226914, 0.005981032322555416;
 0.0005884534474693183, -0.005979530369642524, 0.9999819493066355]
2020/03/08 15:47:08 873373	INFO [input.cpp->run:256]	frame times (ms): 64.961
2020/03/08 15:47:08 873376	INFO [input.cpp->run:257]	FPS: 15.3939
2020/03/08 15:47:08 895087	INFO [input.cpp->run:173]	
frame_id 27
2020/03/08 15:47:08 938774	INFO [input.cpp->run:235]	rotation: 
[0.9999952525119805, -0.003080884815415951, 5.569788488752884e-05;
 0.003080470776601915, 0.9999752413636895, 0.006326717903098665;
 -7.518839500293058e-05, -0.006326516291374503, 0.9999799845688514]
2020/03/08 15:47:08 938806	INFO [input.cpp->run:256]	frame times (ms): 64.284
2020/03/08 15:47:08 938808	INFO [input.cpp->run:257]	FPS: 15.556
2020/03/08 15:47:08 961665	INFO [input.cpp->run:173]	
frame_id 28
2020/03/08 15:47:08 999475	INFO [input.cpp->run:235]	rotation: 
[0.9999998100841302, 0.0006159236751388033, -2.167325530966813e-05;
 -0.000615786454874105, 0.9999827238588976, 0.0058457498049234;
 2.527341658324161e-05, -0.005845735348625689, 0.9999829132237652]
2020/03/08 15:47:08 999513	INFO [input.cpp->run:256]	frame times (ms): 58.318
2020/03/08 15:47:08 999516	INFO [input.cpp->run:257]	FPS: 17.1474
2020/03/08 15:47:09 028919	INFO [input.cpp->run:173]	
frame_id 29
2020/03/08 15:47:09 074480	INFO [input.cpp->run:235]	rotation: 
[0.9999714895418217, 0.003437234554365415, -0.006723505196594922;
 -0.003426696598515161, 0.9999928834557894, 0.001578223114041939;
 0.006728882071495024, -0.001555138705790579, 0.9999761515604628]
2020/03/08 15:47:09 074513	INFO [input.cpp->run:256]	frame times (ms): 65.907
2020/03/08 15:47:09 074516	INFO [input.cpp->run:257]	FPS: 15.1729
2020/03/08 15:47:09 095443	INFO [input.cpp->run:173]	
frame_id 30
2020/03/08 15:47:09 139936	INFO [input.cpp->run:235]	rotation: 
[0.9999982392526173, 0.001876126520962747, -4.050854757553355e-05;
 -0.0018758960547297, 0.9999852887856349, 0.005089521225253813;
 5.005653739530804e-05, -0.005089436274068057, 0.9999870474824938]
2020/03/08 15:47:09 139966	INFO [input.cpp->run:256]	frame times (ms): 64.928
2020/03/08 15:47:09 139970	INFO [input.cpp->run:257]	FPS: 15.4017
2020/03/08 15:47:09 161763	INFO [input.cpp->run:173]	
frame_id 31
2020/03/08 15:47:09 206870	INFO [input.cpp->run:235]	rotation: 
[0.9999951365932016, 0.0002919804716752804, 0.003105082502634985;
 -0.000313364090066668, 0.999976225623269, 0.006888395400097243;
 -0.00310299740429578, -0.006889334920381245, 0.9999714538282899]
2020/03/08 15:47:09 206901	INFO [input.cpp->run:256]	frame times (ms): 65.768
2020/03/08 15:47:09 206905	INFO [input.cpp->run:257]	FPS: 15.205
2020/03/08 15:47:09 228708	INFO [input.cpp->run:173]	
frame_id 32
2020/03/08 15:47:09 272527	INFO [input.cpp->run:235]	rotation: 
[0.9999963257115407, -0.002709073900330801, -9.737566762718662e-05;
 0.002709627370844877, 0.9999769699221633, 0.006222342388528992;
 8.051663969429585e-05, -0.006222583377622421, 0.9999806362991132]
2020/03/08 15:47:09 272557	INFO [input.cpp->run:256]	frame times (ms): 64.883
2020/03/08 15:47:09 272559	INFO [input.cpp->run:257]	FPS: 15.4124
2020/03/08 15:47:09 295080	INFO [input.cpp->run:173]	
frame_id 33
2020/03/08 15:47:09 340326	INFO [input.cpp->run:235]	rotation: 
[0.999999199498475, 0.001079755023163066, 0.0006596449795012884;
 -0.001083559293467159, 0.9999826260034786, 0.005794272210079865;
 -0.0006533771243073012, -0.005794982336204053, 0.9999829954944517]
2020/03/08 15:47:09 340355	INFO [input.cpp->run:256]	frame times (ms): 66.228
2020/03/08 15:47:09 340357	INFO [input.cpp->run:257]	FPS: 15.0994
2020/03/08 15:47:09 361709	INFO [input.cpp->run:173]	
frame_id 34
2020/03/08 15:47:09 407070	INFO [input.cpp->run:235]	rotation: 
[0.9999992315507817, 0.0005346089558856124, -0.001118521841665257;
 -0.0005283045411691304, 0.9999840169124132, 0.00562910419393613;
 0.001121513333748385, -0.005628508948087065, 0.9999835309118164]
2020/03/08 15:47:09 407102	INFO [input.cpp->run:256]	frame times (ms): 65.931
2020/03/08 15:47:09 407105	INFO [input.cpp->run:257]	FPS: 15.1674
2020/03/08 15:47:09 428386	INFO [input.cpp->run:173]	
frame_id 35
2020/03/08 15:47:09 474227	INFO [input.cpp->run:235]	rotation: 
[0.9999998899567005, -0.0002406525686335366, -0.0004027070001552321;
 0.0002432318792987361, 0.9999793800618152, 0.006417187034876594;
 0.0004011543838184375, -0.006417284279888615, 0.9999793285551614]
2020/03/08 15:47:09 474260	INFO [input.cpp->run:256]	frame times (ms): 66.387
2020/03/08 15:47:09 474265	INFO [input.cpp->run:257]	FPS: 15.0632
2020/03/08 15:47:09 495157	INFO [input.cpp->run:173]	
frame_id 36
2020/03/08 15:47:09 539924	INFO [input.cpp->run:235]	rotation: 
[0.999999984033183, -0.0001262332545130514, -0.0001264863592085647;
 0.0001269027369491253, 0.9999859098943682, 0.005306967912837339;
 0.0001258146611711687, -0.005306983879567124, 0.9999859099471218]
2020/03/08 15:47:09 539960	INFO [input.cpp->run:256]	frame times (ms): 65.635
2020/03/08 15:47:09 539964	INFO [input.cpp->run:257]	FPS: 15.2358
2020/03/08 15:47:09 561740	INFO [input.cpp->run:173]	
frame_id 37
2020/03/08 15:47:09 606609	INFO [input.cpp->run:235]	rotation: 
[0.999998615681519, -0.001606080759211734, 0.000434901874432679;
 0.001603885165716621, 0.999986200555169, 0.005002624472466331;
 -0.0004429304919390458, -0.005001920014575876, 0.9999873922248955]
2020/03/08 15:47:09 606642	INFO [input.cpp->run:256]	frame times (ms): 65.299
2020/03/08 15:47:09 606645	INFO [input.cpp->run:257]	FPS: 15.3142
2020/03/08 15:47:09 628674	INFO [input.cpp->run:173]	
frame_id 38
2020/03/08 15:47:09 674429	INFO [input.cpp->run:235]	rotation: 
[0.9999921800711566, -0.002252030164883017, 0.003250870140716416;
 0.002228095910111129, 0.9999705255382295, 0.007347356219247963;
 -0.00326732079090662, -0.007340055512980309, 0.9999677235790742]
2020/03/08 15:47:09 674461	INFO [input.cpp->run:256]	frame times (ms): 66.695
2020/03/08 15:47:09 674463	INFO [input.cpp->run:257]	FPS: 14.9936
2020/03/08 15:47:09 695141	INFO [input.cpp->run:173]	
frame_id 39
2020/03/08 15:47:09 740337	INFO [input.cpp->run:235]	rotation: 
[0.9999966413477078, -0.002589958332791731, -9.700071250046645e-05;
 0.002590380667167652, 0.9999858734605606, 0.004641422984278365;
 8.497825008193285e-05, -0.004641658664122783, 0.9999892238337085]
2020/03/08 15:47:09 740368	INFO [input.cpp->run:256]	frame times (ms): 66.054
2020/03/08 15:47:09 740371	INFO [input.cpp->run:257]	FPS: 15.1391
2020/03/08 15:47:09 761799	INFO [input.cpp->run:173]	
frame_id 40
2020/03/08 15:47:09 807399	INFO [input.cpp->run:235]	rotation: 
[0.9999991803251569, 0.001067416590053446, -0.0007070861599410009;
 -0.001063115017338655, 0.9999810958469779, 0.006056214588087152;
 0.0007135372970002814, -0.006055457910045224, 0.9999814109742368]
2020/03/08 15:47:09 807431	INFO [input.cpp->run:256]	frame times (ms): 66.731
2020/03/08 15:47:09 807434	INFO [input.cpp->run:257]	FPS: 14.9855
2020/03/08 15:47:09 828843	INFO [input.cpp->run:173]	
frame_id 41
2020/03/08 15:47:09 874460	INFO [input.cpp->run:235]	rotation: 
[0.9999981818398304, -0.001866903244986461, -0.0003885734261399533;
 0.001869068221709779, 0.9999823038708056, 0.005647878293533398;
 0.0003780225075809167, -0.00564859429502864, 0.9999839751123385]
2020/03/08 15:47:09 874490	INFO [input.cpp->run:256]	frame times (ms): 66.366
2020/03/08 15:47:09 874492	INFO [input.cpp->run:257]	FPS: 15.068
2020/03/08 15:47:09 895449	INFO [input.cpp->run:173]	
frame_id 42
2020/03/08 15:47:09 940448	INFO [input.cpp->run:235]	rotation: 
[0.9999966092446916, -0.002416688608653871, -0.000970110967120568;
 0.002423252608373401, 0.9999737864517066, 0.006823067948695199;
 0.0009535963064821985, -0.006825395637272819, 0.9999762520322565]
2020/03/08 15:47:09 940481	INFO [input.cpp->run:256]	frame times (ms): 65.866
2020/03/08 15:47:09 940483	INFO [input.cpp->run:257]	FPS: 15.1823
2020/03/08 15:47:09 961944	INFO [input.cpp->run:173]	
frame_id 43
2020/03/08 15:47:10 008014	INFO [input.cpp->run:235]	rotation: 
[0.9999985469036058, 0.0006435371529847407, -0.001578623010596771;
 -0.0006360868265292875, 0.9999886797553355, 0.00471548032870149;
 0.001581639726983746, -0.004714469335352931, 0.999987636020896]
2020/03/08 15:47:10 008045	INFO [input.cpp->run:256]	frame times (ms): 66.951
2020/03/08 15:47:10 008049	INFO [input.cpp->run:257]	FPS: 14.9363
2020/03/08 15:47:10 028738	INFO [input.cpp->run:173]	
frame_id 44
2020/03/08 15:47:10 073481	INFO [input.cpp->run:235]	rotation: 
[0.999999660267143, 0.0004607693452433572, -0.0006834889969646859;
 -0.0004569216284054959, 0.9999841086976197, 0.005619036826070605;
 0.0006860672153536084, -0.005618722616193681, 0.999983979505641]
2020/03/08 15:47:10 073525	INFO [input.cpp->run:256]	frame times (ms): 65.874
2020/03/08 15:47:10 073529	INFO [input.cpp->run:257]	FPS: 15.1805
2020/03/08 15:47:10 095186	INFO [input.cpp->run:173]	
frame_id 45
2020/03/08 15:47:10 139902	INFO [input.cpp->run:235]	rotation: 
[0.9999999885292422, 0.0001494098793554836, 2.486369759713921e-05;
 -0.0001494822244015534, 0.9999956800743598, 0.002935555770775478;
 -2.442498915426159e-05, -0.002935559453783252, 0.9999956909377726]
2020/03/08 15:47:10 139931	INFO [input.cpp->run:256]	frame times (ms): 64.915
2020/03/08 15:47:10 139933	INFO [input.cpp->run:257]	FPS: 15.4048
2020/03/08 15:47:10 161739	INFO [input.cpp->run:173]	
frame_id 46
2020/03/08 15:47:10 207357	INFO [input.cpp->run:235]	rotation: 
[0.9999963310427085, -0.002616215835001192, -0.0007023644542230722;
 0.0026198130301105, 0.999983201434664, 0.005170437908682591;
 0.0006888256739773124, -0.005172259002115785, 0.9999863865353398]
2020/03/08 15:47:10 207387	INFO [input.cpp->run:256]	frame times (ms): 66.642
2020/03/08 15:47:10 207389	INFO [input.cpp->run:257]	FPS: 15.0056
2020/03/08 15:47:10 228391	INFO [input.cpp->run:173]	
frame_id 47
2020/03/08 15:47:10 274815	INFO [input.cpp->run:235]	rotation: 
[0.999997095177617, -0.002085262074711386, -0.001208850035207981;
 0.002092501364663731, 0.9999796989400395, 0.006018566758535297;
 0.001196275205265241, -0.006021078796016211, 0.9999811575903645]
2020/03/08 15:47:10 274848	INFO [input.cpp->run:256]	frame times (ms): 67.228
2020/03/08 15:47:10 274851	INFO [input.cpp->run:257]	FPS: 14.8748
2020/03/08 15:47:10 295145	INFO [input.cpp->run:173]	
frame_id 48
2020/03/08 15:47:10 341816	INFO [input.cpp->run:235]	rotation: 
[0.9999946551195824, 0.003230869218904815, -0.0005012148817945623;
 -0.00322842471620821, 0.9999832511238694, 0.004803617968581621;
 0.0005167263484426607, -0.004801974159305489, 0.9999883369510137]
2020/03/08 15:47:10 341845	INFO [input.cpp->run:256]	frame times (ms): 67.665
2020/03/08 15:47:10 341847	INFO [input.cpp->run:257]	FPS: 14.7787
2020/03/08 15:47:10 361676	INFO [input.cpp->run:173]	
frame_id 49
2020/03/08 15:47:10 406440	INFO [input.cpp->run:235]	rotation: 
[0.9999497221993146, -0.00511023514783074, 0.008627778986938263;
 0.005004690474784463, 0.9999129220234583, 0.01221071020706811;
 -0.008689427297882166, -0.01216691691609962, 0.9998882237460303]
2020/03/08 15:47:10 406471	INFO [input.cpp->run:256]	frame times (ms): 64.965
2020/03/08 15:47:10 406473	INFO [input.cpp->run:257]	FPS: 15.3929
2020/03/08 15:47:10 428791	INFO [input.cpp->run:173]	
frame_id 50
2020/03/08 15:47:10 474911	INFO [input.cpp->run:235]	rotation: 
[0.9999972945604229, 0.001410368834994991, -0.001849792308389334;
 -0.001398529126249002, 0.999978629335695, 0.006386312565763013;
 0.001858759833312166, -0.006383708299559452, 0.9999778963958295]
2020/03/08 15:47:10 474947	INFO [input.cpp->run:256]	frame times (ms): 66.229
2020/03/08 15:47:10 474951	INFO [input.cpp->run:257]	FPS: 15.0991
2020/03/08 15:47:10 495199	INFO [input.cpp->run:173]	
frame_id 51
2020/03/08 15:47:10 541108	INFO [input.cpp->run:235]	rotation: 
[0.9999960289702106, -0.002066306862195767, 0.001916355854516693;
 0.002051793502685411, 0.999969433288488, 0.007544708882563751;
 -0.001931886961557445, -0.007540746955808896, 0.9999697020150742]
2020/03/08 15:47:10 541139	INFO [input.cpp->run:256]	frame times (ms): 66.523
2020/03/08 15:47:10 541143	INFO [input.cpp->run:257]	FPS: 15.0324
2020/03/08 15:47:10 561738	INFO [input.cpp->run:173]	
frame_id 52
2020/03/08 15:47:10 607270	INFO [input.cpp->run:235]	rotation: 
[0.9999989840946459, -0.0006647758010818496, 0.001260905551754548;
 0.0006572524207874128, 0.9999820367090683, 0.005957707481831402;
 -0.00126484344150513, -0.005956872696138199, 0.9999814577474677]
2020/03/08 15:47:10 607303	INFO [input.cpp->run:256]	frame times (ms): 65.944
2020/03/08 15:47:10 607305	INFO [input.cpp->run:257]	FPS: 15.1644
2020/03/08 15:47:10 628726	INFO [input.cpp->run:173]	
frame_id 53
2020/03/08 15:47:10 675154	INFO [input.cpp->run:235]	rotation: 
[0.9999983687043369, 0.0004860808977115776, -0.001739630428013275;
 -0.0004782354529685618, 0.9999897272101225, 0.004507412237244802;
 0.00174180352414206, -0.00450657293137703, 0.9999883283923355]
2020/03/08 15:47:10 675183	INFO [input.cpp->run:256]	frame times (ms): 66.47
2020/03/08 15:47:10 675185	INFO [input.cpp->run:257]	FPS: 15.0444
2020/03/08 15:47:10 695489	INFO [input.cpp->run:173]	
frame_id 54
2020/03/08 15:47:10 740250	INFO [input.cpp->run:235]	rotation: 
[0.9999978663326035, -2.508394487607895e-06, 0.002065750214474942;
 -5.120140573526306e-06, 0.9999931813906651, 0.003692850655050804;
 -0.002065745392057472, -0.003692853352667249, 0.9999910477249738]
2020/03/08 15:47:10 740282	INFO [input.cpp->run:256]	frame times (ms): 65.074
2020/03/08 15:47:10 740284	INFO [input.cpp->run:257]	FPS: 15.3671
2020/03/08 15:47:10 762179	INFO [input.cpp->run:173]	
frame_id 55
2020/03/08 15:47:10 807684	INFO [input.cpp->run:235]	rotation: 
[0.9999890836473077, 0.003203145082242316, -0.00340183006629891;
 -0.003195134472223427, 0.999992116330974, 0.002357624143977778;
 0.003409355059579142, -0.002346729102807629, 0.9999914345436144]
2020/03/08 15:47:10 807719	INFO [input.cpp->run:256]	frame times (ms): 66.056
2020/03/08 15:47:10 807723	INFO [input.cpp->run:257]	FPS: 15.1387
2020/03/08 15:47:10 828906	INFO [input.cpp->run:173]	
frame_id 56
2020/03/08 15:47:10 874120	INFO [input.cpp->run:235]	rotation: 
[0.9999989383082243, 0.0009741809574942545, 0.001083676098476854;
 -0.0009810481388138166, 0.9999793283841173, 0.006354553406736543;
 -0.001077463212218582, -0.006355609798578939, 0.9999792224327037]
2020/03/08 15:47:10 874149	INFO [input.cpp->run:256]	frame times (ms): 65.391
2020/03/08 15:47:10 874151	INFO [input.cpp->run:257]	FPS: 15.2926
2020/03/08 15:47:10 895143	INFO [input.cpp->run:173]	
frame_id 57
2020/03/08 15:47:10 941133	INFO [input.cpp->run:235]	rotation: 
[0.9999974789317855, -0.001408356069362428, 0.001748903443625817;
 0.001396160366573973, 0.9999748383922328, 0.00695509300144425;
 -0.00175865468584491, -0.0069526337175074, 0.9999742836783785]
2020/03/08 15:47:10 941162	INFO [input.cpp->run:256]	frame times (ms): 67.521
2020/03/08 15:47:10 941164	INFO [input.cpp->run:257]	FPS: 14.8102
2020/03/08 15:47:10 961828	INFO [input.cpp->run:173]	
frame_id 58
2020/03/08 15:47:11 007745	INFO [input.cpp->run:235]	rotation: 
[0.9999990061281446, -0.001096346372119085, 0.0008864351952157784;
 0.00109187435884724, 0.9999867544585129, 0.005029783088203191;
 -0.0008919378383429221, -0.005028810213382905, 0.999986957672314]
2020/03/08 15:47:11 007774	INFO [input.cpp->run:256]	frame times (ms): 65.736
2020/03/08 15:47:11 007776	INFO [input.cpp->run:257]	FPS: 15.2124
2020/03/08 15:47:11 028508	INFO [input.cpp->run:173]	
frame_id 59
2020/03/08 15:47:11 073749	INFO [input.cpp->run:235]	rotation: 
[0.9999997562392015, 0.0006007788382098916, 0.0003557897206607363;
 -0.0006029268645135835, 0.9999814057362255, 0.006068332637424527;
 -0.000352137379181039, -0.006068545673383621, 0.9999815242056607]
2020/03/08 15:47:11 073779	INFO [input.cpp->run:256]	frame times (ms): 65.228
2020/03/08 15:47:11 073781	INFO [input.cpp->run:257]	FPS: 15.3308
2020/03/08 15:47:11 095267	INFO [input.cpp->run:173]	
frame_id 60
2020/03/08 15:47:11 140906	INFO [input.cpp->run:235]	rotation: 
[0.9999989985235351, -1.229903819103461e-05, 0.001415203398960915;
 4.925494450477133e-06, 0.999986427212423, 0.005210121560268469;
 -0.001415248270189852, -0.005210109371877859, 0.9999854258101299]
2020/03/08 15:47:11 140936	INFO [input.cpp->run:256]	frame times (ms): 65.848
2020/03/08 15:47:11 140938	INFO [input.cpp->run:257]	FPS: 15.1865
2020/03/08 15:47:11 162116	INFO [input.cpp->run:173]	
frame_id 61
2020/03/08 15:47:11 207740	INFO [input.cpp->run:235]	rotation: 
[0.9999995731338372, -0.0005660150024633575, 0.0007303144256126564;
 0.0005627133967007432, 0.999989657526125, 0.004513113605529311;
 -0.0007328613623633401, -0.004512700721322728, 0.9999895491686017]
2020/03/08 15:47:11 207774	INFO [input.cpp->run:256]	frame times (ms): 66.805
2020/03/08 15:47:11 207776	INFO [input.cpp->run:257]	FPS: 14.9689
2020/03/08 15:47:11 228618	INFO [input.cpp->run:173]	
frame_id 62
2020/03/08 15:47:11 273273	INFO [input.cpp->run:235]	rotation: 
[0.9999992552838171, 0.0006854582536832134, 0.001009741944138225;
 -0.0006916610194121263, 0.9999808159308462, 0.00615543461612258;
 -0.001005503279716313, -0.006156128431213235, 0.9999805453337044]
2020/03/08 15:47:11 273302	INFO [input.cpp->run:256]	frame times (ms): 65.455
2020/03/08 15:47:11 273304	INFO [input.cpp->run:257]	FPS: 15.2777
2020/03/08 15:47:11 295222	INFO [input.cpp->run:173]	
frame_id 63
2020/03/08 15:47:11 340065	INFO [input.cpp->run:235]	rotation: 
[0.9999998587526907, 0.0003000183126118295, 0.0004387295416255639;
 -0.0003029707518762278, 0.9999772062667497, 0.006745009686419409;
 -0.0004366959149167531, -0.006745141655924037, 0.9999771559194337]
2020/03/08 15:47:11 340096	INFO [input.cpp->run:256]	frame times (ms): 65.149
2020/03/08 15:47:11 340098	INFO [input.cpp->run:257]	FPS: 15.3494
2020/03/08 15:47:11 361856	INFO [input.cpp->run:173]	
frame_id 64
2020/03/08 15:47:11 406189	INFO [input.cpp->run:235]	rotation: 
[0.9999989095153009, 0.001067613975673592, -0.0010203766991009;
 -0.001061614738786783, 0.9999822547999991, 0.005862001301270446;
 0.001026616946826951, -0.005860911661904841, 0.9999822977293827]
2020/03/08 15:47:11 406222	INFO [input.cpp->run:256]	frame times (ms): 64.783
2020/03/08 15:47:11 406225	INFO [input.cpp->run:257]	FPS: 15.4361
2020/03/08 15:47:11 428989	INFO [input.cpp->run:173]	
frame_id 65
2020/03/08 15:47:11 473550	INFO [input.cpp->run:235]	rotation: 
[0.9999982242840659, 0.0007321888599017297, 0.001736470036719709;
 -0.0007457057616762, 0.9999693303792297, 0.007796295519792922;
 -0.00173070841911411, -0.007797576571498101, 0.9999681007152076]
2020/03/08 15:47:11 473580	INFO [input.cpp->run:256]	frame times (ms): 65.349
2020/03/08 15:47:11 473582	INFO [input.cpp->run:257]	FPS: 15.3025
2020/03/08 15:47:11 495551	INFO [input.cpp->run:173]	
frame_id 66
2020/03/08 15:47:11 541585	INFO [input.cpp->run:235]	rotation: 
[0.9999980585736615, -0.001714336427518213, 0.0009715449145547085;
 0.001709344247631609, 0.9999854515332238, 0.005116137619089872;
 -0.0009803015611543997, -0.005114466981774537, 0.9999864405262411]
2020/03/08 15:47:11 541617	INFO [input.cpp->run:256]	frame times (ms): 66.454
2020/03/08 15:47:11 541620	INFO [input.cpp->run:257]	FPS: 15.048
2020/03/08 15:47:11 562285	INFO [input.cpp->run:173]	
frame_id 67
2020/03/08 15:47:11 607481	INFO [input.cpp->run:235]	rotation: 
[0.9999973073781462, -0.002059557880013591, -0.001069325860698191;
 0.002066383774840596, 0.9999772438009827, 0.006421988654996861;
 0.001056075069566334, -0.006424181000618427, 0.9999788070773894]
2020/03/08 15:47:11 607511	INFO [input.cpp->run:256]	frame times (ms): 65.897
2020/03/08 15:47:11 607514	INFO [input.cpp->run:257]	FPS: 15.1752
2020/03/08 15:47:11 628734	INFO [input.cpp->run:173]	
frame_id 68
2020/03/08 15:47:11 673528	INFO [input.cpp->run:235]	rotation: 
[0.9999995990705002, 0.0004607167908066087, -0.0007678534219930038;
 -0.0004554567514615829, 0.999976527335789, 0.006836471063606494;
 0.0007709850754363331, -0.00683611859863839, 0.9999763362522729]
2020/03/08 15:47:11 673556	INFO [input.cpp->run:256]	frame times (ms): 64.809
2020/03/08 15:47:11 673559	INFO [input.cpp->run:257]	FPS: 15.43
2020/03/08 15:47:11 695245	INFO [input.cpp->run:173]	
frame_id 69
2020/03/08 15:47:11 741148	INFO [input.cpp->run:235]	rotation: 
[0.9999995939964101, 2.440465253930614e-06, -0.0009011110137192792;
 2.28068658788298e-06, 0.9999862751983913, 0.005239218419336697;
 0.0009011114322798987, -0.005239218347347013, 0.9999858691948079]
2020/03/08 15:47:11 741178	INFO [input.cpp->run:256]	frame times (ms): 67.216
2020/03/08 15:47:11 741180	INFO [input.cpp->run:257]	FPS: 14.8774
2020/03/08 15:47:11 761939	INFO [input.cpp->run:173]	
frame_id 70
2020/03/08 15:47:11 811876	INFO [input.cpp->run:235]	rotation: 
[0.9999979980960632, -0.001897793015563325, -0.0006341809964085754;
 0.001901818684571337, 0.9999776556671556, 0.006408685677315326;
 0.0006220044671399583, -0.006409878945010609, 0.9999792630661664]
2020/03/08 15:47:11 811906	INFO [input.cpp->run:256]	frame times (ms): 83.449
2020/03/08 15:47:11 811909	INFO [input.cpp->run:257]	FPS: 11.9834
2020/03/08 15:47:11 828737	INFO [input.cpp->run:173]	
frame_id 71
2020/03/08 15:47:11 874107	INFO [input.cpp->run:235]	rotation: 
[0.9999979101073144, -0.001749182441834803, -0.001058367511186637;
 0.001754569963362557, 0.999985399098568, 0.005111073656423624;
 0.001049411857768187, -0.0051129199546735, 0.9999863782993695]
2020/03/08 15:47:11 874139	INFO [input.cpp->run:256]	frame times (ms): 65.78
2020/03/08 15:47:11 874142	INFO [input.cpp->run:257]	FPS: 15.2022
2020/03/08 15:47:11 895381	INFO [input.cpp->run:173]	
frame_id 72
2020/03/08 15:47:11 940458	INFO [input.cpp->run:235]	rotation: 
[0.9999997738648898, 0.0004317550496728696, 0.0005156139509381218;
 -0.0004343031859894471, 0.9999876439568134, 0.004952102022788133;
 -0.0005134694849350424, -0.004952324835725629, 0.999987605337091]
2020/03/08 15:47:11 940488	INFO [input.cpp->run:256]	frame times (ms): 65.035
2020/03/08 15:47:11 940491	INFO [input.cpp->run:257]	FPS: 15.3763
2020/03/08 15:47:11 962204	INFO [input.cpp->run:173]	
frame_id 73
2020/03/08 15:47:12 007640	INFO [input.cpp->run:235]	rotation: 
[0.9999997975190649, 0.0004667576650306588, 0.0004325495479906489;
 -0.0004696807156103059, 0.9999768886630029, 0.006782443504050119;
 -0.0004293737936991246, -0.006782645290915853, 0.9999769054138214]
2020/03/08 15:47:12 007668	INFO [input.cpp->run:256]	frame times (ms): 65.581
2020/03/08 15:47:12 007670	INFO [input.cpp->run:257]	FPS: 15.2483
2020/03/08 15:47:12 028750	INFO [input.cpp->run:173]	
frame_id 74
2020/03/08 15:47:12 075177	INFO [input.cpp->run:235]	rotation: 
[0.9999993076117831, 0.0007787407924542703, -0.0008822350778660556;
 -0.0007745243459697056, 0.9999883255379749, 0.004769580672834484;
 0.0008859390452789795, -0.00476889405788635, 0.9999882363115442]
2020/03/08 15:47:12 075208	INFO [input.cpp->run:256]	frame times (ms): 66.576
2020/03/08 15:47:12 075212	INFO [input.cpp->run:257]	FPS: 15.0204
2020/03/08 15:47:12 095279	INFO [input.cpp->run:173]	
frame_id 75
2020/03/08 15:47:12 140087	INFO [input.cpp->run:235]	rotation: 
[0.999996961925818, 0.002368135331025013, -0.0006841594756624597;
 -0.002363665168518119, 0.9999763252742362, 0.006462350811122106;
 0.0006994469996517911, -0.006460714054098616, 0.9999788847509761]
2020/03/08 15:47:12 140116	INFO [input.cpp->run:256]	frame times (ms): 64.845
2020/03/08 15:47:12 140118	INFO [input.cpp->run:257]	FPS: 15.4214
2020/03/08 15:47:12 161955	INFO [input.cpp->run:173]	
frame_id 76
2020/03/08 15:47:12 207402	INFO [input.cpp->run:235]	rotation: 
[0.9999953575661372, -0.001941074505822706, 0.002348845660377753;
 0.001926215412150529, 0.9999782243303589, 0.006311937839398605;
 -0.002361046454313009, -0.006307384153932857, 0.9999773209252174]
2020/03/08 15:47:12 207434	INFO [input.cpp->run:256]	frame times (ms): 65.894
2020/03/08 15:47:12 207437	INFO [input.cpp->run:257]	FPS: 15.1759
2020/03/08 15:47:12 228966	INFO [input.cpp->run:173]	
frame_id 77
2020/03/08 15:47:12 274985	INFO [input.cpp->run:235]	rotation: 
[0.9999997961261216, -3.992299804594896e-05, 0.0006373020237622046;
 3.615212333480743e-05, 0.9999825005502434, 0.005915850429691163;
 -0.0006375270498126047, -0.005915826183782428, 0.9999822981232338]
2020/03/08 15:47:12 275014	INFO [input.cpp->run:256]	frame times (ms): 66.867
2020/03/08 15:47:12 275016	INFO [input.cpp->run:257]	FPS: 14.9551
2020/03/08 15:47:12 295766	INFO [input.cpp->run:173]	
frame_id 78
2020/03/08 15:47:12 340706	INFO [input.cpp->run:235]	rotation: 
[0.9999915260386329, 0.003879516458078271, -0.001377389914852071;
 -0.003872867994743245, 0.9999809939368334, 0.004797151091849591;
 0.001395974362705063, -0.004791775991659054, 0.9999875449916485]
2020/03/08 15:47:12 340738	INFO [input.cpp->run:256]	frame times (ms): 65.165
2020/03/08 15:47:12 340742	INFO [input.cpp->run:257]	FPS: 15.3457
2020/03/08 15:47:12 362063	INFO [input.cpp->run:173]	
frame_id 79
2020/03/08 15:47:12 408074	INFO [input.cpp->run:235]	rotation: 
[0.999999753337446, -0.000659480071795078, 0.0002416838477558853;
 0.0006581697493169068, 0.9999852992779561, 0.005382196629405822;
 -0.0002452297462483927, -0.005382036232821964, 0.9999854866688617]
2020/03/08 15:47:12 408105	INFO [input.cpp->run:256]	frame times (ms): 66.802
2020/03/08 15:47:12 408107	INFO [input.cpp->run:257]	FPS: 14.9696
2020/03/08 15:47:12 428766	INFO [input.cpp->run:173]	
frame_id 80
2020/03/08 15:47:12 474159	INFO [input.cpp->run:235]	rotation: 
[0.9999991844572935, -0.001267675965315605, -0.0001551850341794938;
 0.001268533117949377, 0.9999832120089885, 0.005653894579394316;
 0.0001480151226658085, -0.005654086825757095, 0.9999840045689182]
2020/03/08 15:47:12 474190	INFO [input.cpp->run:256]	frame times (ms): 66.106
2020/03/08 15:47:12 474192	INFO [input.cpp->run:257]	FPS: 15.1272
2020/03/08 15:47:12 495355	INFO [input.cpp->run:173]	
frame_id 81
2020/03/08 15:47:12 540847	INFO [input.cpp->run:235]	rotation: 
[0.9999996741186316, 0.0001467756539756487, -0.0007938636772060471;
 -0.0001418086400570756, 0.9999804384937289, 0.006253200796341007;
 0.0007947659656730709, -0.006253086181810919, 0.9999801334327911]
2020/03/08 15:47:12 540879	INFO [input.cpp->run:256]	frame times (ms): 66.117
2020/03/08 15:47:12 540882	INFO [input.cpp->run:257]	FPS: 15.1247
2020/03/08 15:47:12 561992	INFO [input.cpp->run:173]	
frame_id 82
2020/03/08 15:47:12 607504	INFO [input.cpp->run:235]	rotation: 
[0.9999998586975302, -0.0005290370123005847, 5.21992265033627e-05;
 0.000528827299959989, 0.9999921025603152, 0.003938928621680281;
 -5.428265329279879e-05, -0.003938900460723926, 0.9999922410281762]
2020/03/08 15:47:12 607533	INFO [input.cpp->run:256]	frame times (ms): 66.171
2020/03/08 15:47:12 607535	INFO [input.cpp->run:257]	FPS: 15.1124
2020/03/08 15:47:12 628756	INFO [input.cpp->run:173]	
frame_id 83
2020/03/08 15:47:12 673626	INFO [input.cpp->run:235]	rotation: 
[0.9999998020276735, 0.000597664395926232, -0.0001968295805599949;
 -0.0005967286620355717, 0.9999886814532593, 0.004720262733772646;
 0.0001996484857105807, -0.004720144345438994, 0.9999888401266488]
