		g3log created log at: Sun Mar 08 15:45:02 2020
		LOG format: [YYYY/MM/DD hh:mm:ss uuu* LEVEL FILE->FUNCTION:LINE] message		(uuu*: microseconds fractions of the seconds value)

2020/03/08 15:45:02 681222	INFO [g3logger.h->logBanner:29]	Starting log.
2020/03/08 15:45:02 685339	DEBUG [main.cpp->main:49]	Filepath: /home/mitchell/KITTI/data_odometry_gray/dataset/sequences/00/
2020/03/08 15:45:02 685343	DEBUG [main.cpp->main:53]	Calibration Filepath: /home/mitchell/visual_odom_ws/src/visual_odom/calibration/old/zed.yaml
2020/03/08 15:45:02 698442	INFO [main.cpp->main:67]	P_left: 
[718.85602, 0, 607.19281, 0;
 0, 718.85602, 185.2157, 0;
 0, 0, 1, 0]
2020/03/08 15:45:02 698454	INFO [main.cpp->main:68]	P_right: 
[718.85602, 0, 607.19281, -386.14481;
 0, 718.85602, 185.2157, 0;
 0, 0, 1, 0]
2020/03/08 15:45:02 769058	INFO [input.cpp->Input:22]	frame_pose [1, 0, 0, 0;
 0, 1, 0, 0;
 0, 0, 1, 0;
 0, 0, 0, 1]
2020/03/08 15:45:09 619641	INFO [input.cpp->run:173]	
frame_id 1
2020/03/08 15:45:09 678962	INFO [input.cpp->run:196]	Not enough points
2020/03/08 15:45:09 680381	INFO [input.cpp->run:173]	
frame_id 2
2020/03/08 15:45:09 703621	INFO [input.cpp->run:196]	Not enough points
2020/03/08 15:45:09 741837	INFO [input.cpp->run:173]	
frame_id 3
2020/03/08 15:45:09 764655	INFO [input.cpp->run:196]	Not enough points
2020/03/08 15:45:09 811633	INFO [input.cpp->run:173]	
frame_id 4
2020/03/08 15:45:09 845213	INFO [input.cpp->run:196]	Not enough points
2020/03/08 15:45:09 875395	INFO [input.cpp->run:173]	
frame_id 5
2020/03/08 15:45:09 902101	INFO [input.cpp->run:196]	Not enough points
2020/03/08 15:45:09 942099	INFO [input.cpp->run:173]	
frame_id 6
2020/03/08 15:45:09 968635	INFO [input.cpp->run:196]	Not enough points
2020/03/08 15:45:10 008787	INFO [input.cpp->run:173]	
frame_id 7
2020/03/08 15:45:10 038271	INFO [input.cpp->run:196]	Not enough points
2020/03/08 15:45:10 076068	INFO [input.cpp->run:173]	
frame_id 8
2020/03/08 15:45:10 114253	INFO [input.cpp->run:196]	Not enough points
2020/03/08 15:45:10 142727	INFO [input.cpp->run:173]	
frame_id 9
2020/03/08 15:45:10 166736	INFO [input.cpp->run:196]	Not enough points
2020/03/08 15:45:10 209121	INFO [input.cpp->run:173]	
frame_id 10
2020/03/08 15:45:10 242647	INFO [input.cpp->run:196]	Not enough points
2020/03/08 15:45:10 275374	INFO [input.cpp->run:173]	
frame_id 11
2020/03/08 15:45:10 299061	INFO [input.cpp->run:196]	Not enough points
2020/03/08 15:45:10 342663	INFO [input.cpp->run:173]	
frame_id 12
2020/03/08 15:45:10 373811	INFO [input.cpp->run:196]	Not enough points
2020/03/08 15:45:10 408877	INFO [input.cpp->run:173]	
frame_id 13
2020/03/08 15:45:10 440870	INFO [input.cpp->run:196]	Not enough points
2020/03/08 15:45:10 476231	INFO [input.cpp->run:173]	
frame_id 14
2020/03/08 15:45:10 507045	INFO [input.cpp->run:196]	Not enough points
2020/03/08 15:45:10 542094	INFO [input.cpp->run:173]	
frame_id 15
2020/03/08 15:45:10 568836	INFO [input.cpp->run:196]	Not enough points
2020/03/08 15:45:10 608729	INFO [input.cpp->run:173]	
frame_id 16
2020/03/08 15:45:10 635373	INFO [input.cpp->run:196]	Not enough points
2020/03/08 15:45:10 676375	INFO [input.cpp->run:173]	
frame_id 17
2020/03/08 15:45:10 711757	INFO [input.cpp->run:196]	Not enough points
2020/03/08 15:45:10 741929	INFO [input.cpp->run:173]	
frame_id 18
2020/03/08 15:45:10 765690	INFO [input.cpp->run:196]	Not enough points
2020/03/08 15:45:10 808974	INFO [input.cpp->run:173]	
frame_id 19
2020/03/08 15:45:10 842517	INFO [input.cpp->run:196]	Not enough points
2020/03/08 15:45:10 875602	INFO [input.cpp->run:173]	
frame_id 20
2020/03/08 15:45:10 907930	INFO [input.cpp->run:196]	Not enough points
2020/03/08 15:45:10 942068	INFO [input.cpp->run:173]	
frame_id 21
2020/03/08 15:45:10 969049	INFO [input.cpp->run:196]	Not enough points
2020/03/08 15:45:11 008746	INFO [input.cpp->run:173]	
frame_id 22
2020/03/08 15:45:11 038017	INFO [input.cpp->run:196]	Not enough points
2020/03/08 15:45:11 075975	INFO [input.cpp->run:173]	
frame_id 23
2020/03/08 15:45:11 105386	INFO [input.cpp->run:196]	Not enough points
2020/03/08 15:45:11 142699	INFO [input.cpp->run:173]	
frame_id 24
2020/03/08 15:45:11 169450	INFO [input.cpp->run:196]	Not enough points
2020/03/08 15:45:11 208965	INFO [input.cpp->run:173]	
frame_id 25
2020/03/08 15:45:11 236146	INFO [input.cpp->run:196]	Not enough points
2020/03/08 15:45:11 276138	INFO [input.cpp->run:173]	
frame_id 26
2020/03/08 15:45:11 301353	INFO [input.cpp->run:196]	Not enough points
2020/03/08 15:45:11 342540	INFO [input.cpp->run:173]	
frame_id 27
2020/03/08 15:45:11 375149	INFO [input.cpp->run:196]	Not enough points
2020/03/08 15:45:11 408922	INFO [input.cpp->run:173]	
frame_id 28
2020/03/08 15:45:11 432582	INFO [input.cpp->run:196]	Not enough points
2020/03/08 15:45:11 475744	INFO [input.cpp->run:173]	
frame_id 29
2020/03/08 15:45:11 507749	INFO [input.cpp->run:196]	Not enough points
2020/03/08 15:45:11 542097	INFO [input.cpp->run:173]	
frame_id 30
2020/03/08 15:45:11 568577	INFO [input.cpp->run:196]	Not enough points
2020/03/08 15:45:11 608976	INFO [input.cpp->run:173]	
frame_id 31
2020/03/08 15:45:11 637255	INFO [input.cpp->run:196]	Not enough points
2020/03/08 15:45:11 675432	INFO [input.cpp->run:173]	
frame_id 32
2020/03/08 15:45:11 703257	INFO [input.cpp->run:196]	Not enough points
2020/03/08 15:45:11 742025	INFO [input.cpp->run:173]	
frame_id 33
2020/03/08 15:45:11 765125	INFO [input.cpp->run:196]	Not enough points
2020/03/08 15:45:11 808872	INFO [input.cpp->run:173]	
frame_id 34
2020/03/08 15:45:11 833091	INFO [input.cpp->run:196]	Not enough points
2020/03/08 15:45:11 876211	INFO [input.cpp->run:173]	
frame_id 35
2020/03/08 15:45:11 903946	INFO [input.cpp->run:196]	Not enough points
2020/03/08 15:45:11 942320	INFO [input.cpp->run:173]	
frame_id 36
2020/03/08 15:45:11 968536	INFO [input.cpp->run:196]	Not enough points
2020/03/08 15:45:12 008904	INFO [input.cpp->run:173]	
frame_id 37
2020/03/08 15:45:12 037025	INFO [input.cpp->run:196]	Not enough points
2020/03/08 15:45:12 075710	INFO [input.cpp->run:173]	
frame_id 38
2020/03/08 15:45:12 107465	INFO [input.cpp->run:196]	Not enough points
2020/03/08 15:45:12 142470	INFO [input.cpp->run:173]	
frame_id 39
2020/03/08 15:45:12 179399	INFO [input.cpp->run:196]	Not enough points
2020/03/08 15:45:12 208994	INFO [input.cpp->run:173]	
frame_id 40
2020/03/08 15:45:12 234657	INFO [input.cpp->run:196]	Not enough points
2020/03/08 15:45:12 275602	INFO [input.cpp->run:173]	
frame_id 41
2020/03/08 15:45:12 304013	INFO [input.cpp->run:196]	Not enough points
2020/03/08 15:45:12 342377	INFO [input.cpp->run:173]	
frame_id 42
2020/03/08 15:45:12 372080	INFO [input.cpp->run:196]	Not enough points
2020/03/08 15:45:12 409062	INFO [input.cpp->run:173]	
frame_id 43
2020/03/08 15:45:12 439737	INFO [input.cpp->run:196]	Not enough points
2020/03/08 15:45:12 475393	INFO [input.cpp->run:173]	
frame_id 44
2020/03/08 15:45:12 499186	INFO [input.cpp->run:196]	Not enough points
2020/03/08 15:45:12 542331	INFO [input.cpp->run:173]	
frame_id 45
2020/03/08 15:45:12 576821	INFO [input.cpp->run:196]	Not enough points
2020/03/08 15:45:12 608983	INFO [input.cpp->run:173]	
frame_id 46
2020/03/08 15:45:12 638211	INFO [input.cpp->run:196]	Not enough points
2020/03/08 15:45:12 675676	INFO [input.cpp->run:173]	
frame_id 47
2020/03/08 15:45:12 702855	INFO [input.cpp->run:196]	Not enough points
2020/03/08 15:45:12 742406	INFO [input.cpp->run:173]	
frame_id 48
2020/03/08 15:45:12 770857	INFO [input.cpp->run:196]	Not enough points
2020/03/08 15:45:12 809229	INFO [input.cpp->run:173]	
frame_id 49
2020/03/08 15:45:12 842087	INFO [input.cpp->run:196]	Not enough points
2020/03/08 15:45:12 875558	INFO [input.cpp->run:173]	
frame_id 50
2020/03/08 15:45:12 901067	INFO [input.cpp->run:196]	Not enough points
2020/03/08 15:45:12 942460	INFO [input.cpp->run:173]	
frame_id 51
2020/03/08 15:45:12 973584	INFO [input.cpp->run:196]	Not enough points
2020/03/08 15:45:13 008872	INFO [input.cpp->run:173]	
frame_id 52
2020/03/08 15:45:13 038546	INFO [input.cpp->run:196]	Not enough points
2020/03/08 15:45:13 075581	INFO [input.cpp->run:173]	
frame_id 53
2020/03/08 15:45:13 103552	INFO [input.cpp->run:196]	Not enough points
2020/03/08 15:45:13 142233	INFO [input.cpp->run:173]	
frame_id 54
2020/03/08 15:45:13 171002	INFO [input.cpp->run:196]	Not enough points
2020/03/08 15:45:13 209132	INFO [input.cpp->run:173]	
frame_id 55
2020/03/08 15:45:13 240891	INFO [input.cpp->run:196]	Not enough points
2020/03/08 15:45:13 275890	INFO [input.cpp->run:173]	
frame_id 56
2020/03/08 15:45:13 309025	INFO [input.cpp->run:196]	Not enough points
2020/03/08 15:45:13 342352	INFO [input.cpp->run:173]	
frame_id 57
2020/03/08 15:45:13 373592	INFO [input.cpp->run:196]	Not enough points
2020/03/08 15:45:13 408914	INFO [input.cpp->run:173]	
frame_id 58
2020/03/08 15:45:13 435428	INFO [input.cpp->run:196]	Not enough points
2020/03/08 15:45:13 476372	INFO [input.cpp->run:173]	
frame_id 59
2020/03/08 15:45:13 504500	INFO [input.cpp->run:196]	Not enough points
2020/03/08 15:45:13 542790	INFO [input.cpp->run:173]	
frame_id 60
2020/03/08 15:45:13 574170	INFO [input.cpp->run:196]	Not enough points
2020/03/08 15:45:13 609237	INFO [input.cpp->run:173]	
frame_id 61
2020/03/08 15:45:13 639081	INFO [input.cpp->run:196]	Not enough points
2020/03/08 15:45:13 675719	INFO [input.cpp->run:173]	
frame_id 62
2020/03/08 15:45:13 702303	INFO [input.cpp->run:196]	Not enough points
2020/03/08 15:45:13 742604	INFO [input.cpp->run:173]	
frame_id 63
2020/03/08 15:45:13 773864	INFO [input.cpp->run:196]	Not enough points
2020/03/08 15:45:13 809158	INFO [input.cpp->run:173]	
frame_id 64
2020/03/08 15:45:13 835600	INFO [input.cpp->run:196]	Not enough points
2020/03/08 15:45:13 875772	INFO [input.cpp->run:173]	
frame_id 65
2020/03/08 15:45:13 907164	INFO [input.cpp->run:196]	Not enough points
2020/03/08 15:45:13 942729	INFO [input.cpp->run:173]	
frame_id 66
2020/03/08 15:45:13 972217	INFO [input.cpp->run:196]	Not enough points
2020/03/08 15:45:14 009129	INFO [input.cpp->run:173]	
frame_id 67
2020/03/08 15:45:14 042766	INFO [input.cpp->run:196]	Not enough points
2020/03/08 15:45:14 075766	INFO [input.cpp->run:173]	
frame_id 68
2020/03/08 15:45:14 102377	INFO [input.cpp->run:196]	Not enough points
2020/03/08 15:45:14 142054	INFO [input.cpp->run:173]	
frame_id 69
2020/03/08 15:45:14 170459	INFO [input.cpp->run:196]	Not enough points
2020/03/08 15:45:14 209036	INFO [input.cpp->run:173]	
frame_id 70
2020/03/08 15:45:14 245279	INFO [input.cpp->run:196]	Not enough points
2020/03/08 15:45:14 276027	INFO [input.cpp->run:173]	
frame_id 71
2020/03/08 15:45:14 301954	INFO [input.cpp->run:196]	Not enough points
2020/03/08 15:45:14 343127	INFO [input.cpp->run:173]	
frame_id 72
2020/03/08 15:45:14 384344	INFO [input.cpp->run:196]	Not enough points
2020/03/08 15:45:14 409155	INFO [input.cpp->run:173]	
frame_id 73
2020/03/08 15:45:14 433947	INFO [input.cpp->run:196]	Not enough points
2020/03/08 15:45:14 475829	INFO [input.cpp->run:173]	
frame_id 74
2020/03/08 15:45:14 504383	INFO [input.cpp->run:196]	Not enough points
2020/03/08 15:45:14 542452	INFO [input.cpp->run:173]	
frame_id 75
2020/03/08 15:45:14 568959	INFO [input.cpp->run:196]	Not enough points
2020/03/08 15:45:14 609131	INFO [input.cpp->run:173]	
frame_id 76
2020/03/08 15:45:14 637478	INFO [input.cpp->run:196]	Not enough points
2020/03/08 15:45:14 675619	INFO [input.cpp->run:173]	
frame_id 77
2020/03/08 15:45:14 701406	INFO [input.cpp->run:196]	Not enough points
2020/03/08 15:45:14 742345	INFO [input.cpp->run:173]	
frame_id 78
2020/03/08 15:45:14 771531	INFO [input.cpp->run:196]	Not enough points
2020/03/08 15:45:14 808978	INFO [input.cpp->run:173]	
frame_id 79
2020/03/08 15:45:14 838062	INFO [input.cpp->run:196]	Not enough points
2020/03/08 15:45:14 875857	INFO [input.cpp->run:173]	
frame_id 80
2020/03/08 15:45:14 902985	INFO [input.cpp->run:196]	Not enough points
2020/03/08 15:45:14 942209	INFO [input.cpp->run:173]	
frame_id 81
2020/03/08 15:45:14 969710	INFO [input.cpp->run:196]	Not enough points
2020/03/08 15:45:15 008989	INFO [input.cpp->run:173]	
frame_id 82
2020/03/08 15:45:15 042007	INFO [input.cpp->run:196]	Not enough points
2020/03/08 15:45:15 075706	INFO [input.cpp->run:173]	
frame_id 83
2020/03/08 15:45:15 101534	INFO [input.cpp->run:196]	Not enough points
2020/03/08 15:45:15 142896	INFO [input.cpp->run:173]	
frame_id 84
2020/03/08 15:45:15 176136	INFO [input.cpp->run:196]	Not enough points
2020/03/08 15:45:15 209210	INFO [input.cpp->run:173]	
frame_id 85
2020/03/08 15:45:15 234063	INFO [input.cpp->run:196]	Not enough points
2020/03/08 15:45:15 275836	INFO [input.cpp->run:173]	
frame_id 86
2020/03/08 15:45:15 302117	INFO [input.cpp->run:196]	Not enough points
2020/03/08 15:45:15 343330	INFO [input.cpp->run:173]	
frame_id 87
2020/03/08 15:45:15 382108	INFO [input.cpp->run:196]	Not enough points
2020/03/08 15:45:15 409166	INFO [input.cpp->run:173]	
frame_id 88
2020/03/08 15:45:15 432351	INFO [input.cpp->run:196]	Not enough points
2020/03/08 15:45:15 475841	INFO [input.cpp->run:173]	
frame_id 89
2020/03/08 15:45:15 505273	INFO [input.cpp->run:196]	Not enough points
2020/03/08 15:45:15 542527	INFO [input.cpp->run:173]	
frame_id 90
2020/03/08 15:45:15 568749	INFO [input.cpp->run:196]	Not enough points
2020/03/08 15:45:15 609483	INFO [input.cpp->run:173]	
frame_id 91
2020/03/08 15:45:15 643283	INFO [input.cpp->run:196]	Not enough points
2020/03/08 15:45:15 675418	INFO [input.cpp->run:173]	
frame_id 92
2020/03/08 15:45:15 697253	INFO [input.cpp->run:196]	Not enough points
2020/03/08 15:45:15 742390	INFO [input.cpp->run:173]	
frame_id 93
2020/03/08 15:45:15 774109	INFO [input.cpp->run:196]	Not enough points
2020/03/08 15:45:15 808950	INFO [input.cpp->run:173]	
frame_id 94
2020/03/08 15:45:15 835353	INFO [input.cpp->run:196]	Not enough points
2020/03/08 15:45:15 876865	INFO [input.cpp->run:173]	
frame_id 95
2020/03/08 15:45:15 915374	INFO [input.cpp->run:196]	Not enough points
2020/03/08 15:45:15 942388	INFO [input.cpp->run:173]	
frame_id 96
2020/03/08 15:45:15 966313	INFO [input.cpp->run:196]	Not enough points
2020/03/08 15:45:16 009615	INFO [input.cpp->run:173]	
frame_id 97
2020/03/08 15:45:16 048567	INFO [input.cpp->run:196]	Not enough points
2020/03/08 15:45:16 075463	INFO [input.cpp->run:173]	
frame_id 98
2020/03/08 15:45:16 098915	INFO [input.cpp->run:196]	Not enough points
2020/03/08 15:45:16 142522	INFO [input.cpp->run:173]	
frame_id 99
2020/03/08 15:45:16 174399	INFO [input.cpp->run:196]	Not enough points
2020/03/08 15:45:16 209576	INFO [input.cpp->run:173]	
frame_id 100
2020/03/08 15:45:16 242569	INFO [input.cpp->run:196]	Not enough points
2020/03/08 15:45:16 275181	INFO [input.cpp->run:173]	
frame_id 101
2020/03/08 15:45:16 296046	INFO [input.cpp->run:196]	Not enough points
2020/03/08 15:45:16 342757	INFO [input.cpp->run:173]	
frame_id 102
2020/03/08 15:45:16 377434	INFO [input.cpp->run:196]	Not enough points
2020/03/08 15:45:16 408930	INFO [input.cpp->run:173]	
frame_id 103
2020/03/08 15:45:16 432897	INFO [input.cpp->run:196]	Not enough points
2020/03/08 15:45:16 476631	INFO [input.cpp->run:173]	
frame_id 104
2020/03/08 15:45:16 515329	INFO [input.cpp->run:196]	Not enough points
2020/03/08 15:45:16 542328	INFO [input.cpp->run:173]	
frame_id 105
2020/03/08 15:45:16 566071	INFO [input.cpp->run:196]	Not enough points
2020/03/08 15:45:16 608858	INFO [input.cpp->run:173]	
frame_id 106
2020/03/08 15:45:16 638533	INFO [input.cpp->run:196]	Not enough points
2020/03/08 15:45:16 676628	INFO [input.cpp->run:173]	
frame_id 107
2020/03/08 15:45:16 705914	INFO [input.cpp->run:196]	Not enough points
2020/03/08 15:45:16 742562	INFO [input.cpp->run:173]	
frame_id 108
2020/03/08 15:45:16 770117	INFO [input.cpp->run:196]	Not enough points
2020/03/08 15:45:16 809689	INFO [input.cpp->run:173]	
frame_id 109
2020/03/08 15:45:16 841318	INFO [input.cpp->run:196]	Not enough points
2020/03/08 15:45:16 875667	INFO [input.cpp->run:173]	
frame_id 110
2020/03/08 15:45:16 897419	INFO [input.cpp->run:196]	Not enough points
2020/03/08 15:45:16 942879	INFO [input.cpp->run:173]	
frame_id 111
2020/03/08 15:45:16 976898	INFO [input.cpp->run:196]	Not enough points
2020/03/08 15:45:17 008884	INFO [input.cpp->run:173]	
frame_id 112
2020/03/08 15:45:17 032625	INFO [input.cpp->run:196]	Not enough points
2020/03/08 15:45:17 075529	INFO [input.cpp->run:173]	
frame_id 113
2020/03/08 15:45:17 100695	INFO [input.cpp->run:196]	Not enough points
2020/03/08 15:45:17 143162	INFO [input.cpp->run:173]	
frame_id 114
2020/03/08 15:45:17 185760	INFO [input.cpp->run:196]	Not enough points
2020/03/08 15:45:17 209444	INFO [input.cpp->run:173]	
frame_id 115
2020/03/08 15:45:17 234234	INFO [input.cpp->run:196]	Not enough points
2020/03/08 15:45:17 276202	INFO [input.cpp->run:173]	
frame_id 116
2020/03/08 15:45:17 310589	INFO [input.cpp->run:196]	Not enough points
2020/03/08 15:45:17 342410	INFO [input.cpp->run:173]	
frame_id 117
2020/03/08 15:45:17 365476	INFO [input.cpp->run:196]	Not enough points
2020/03/08 15:45:17 409287	INFO [input.cpp->run:173]	
frame_id 118
2020/03/08 15:45:17 438251	INFO [input.cpp->run:196]	Not enough points
2020/03/08 15:45:17 476599	INFO [input.cpp->run:173]	
frame_id 119
2020/03/08 15:45:17 506922	INFO [input.cpp->run:196]	Not enough points
2020/03/08 15:45:17 542563	INFO [input.cpp->run:173]	
frame_id 120
2020/03/08 15:45:17 566266	INFO [input.cpp->run:196]	Not enough points
2020/03/08 15:45:17 610655	INFO [input.cpp->run:173]	
frame_id 121
2020/03/08 15:45:17 653979	WARNING [visualOdometry.cpp->trackingFrame2Frame:179]	The Estimated Rotation and translation matrices(using getTransformation function) are : 
   0.998785 -0.00362977   0.0491383    -1.33656
 0.00218895    0.999567   0.0293448   -0.319634
 -0.0492235  -0.0292017    0.998361   0.0122542
          0           0           0           1
2020/03/08 15:45:17 682825	INFO [input.cpp->run:235]	rotation: 
[0.9987854957580566, -0.003629773855209351, 0.04913832247257233;
 0.002188950777053833, 0.9995670318603516, 0.0293448194861412;
 -0.04922348260879517, -0.02920173481106758, 0.9983607530593872]
2020/03/08 15:45:17 682873	INFO [input.cpp->run:256]	frame times (ms): 97.045
2020/03/08 15:45:17 682877	INFO [input.cpp->run:257]	FPS: 10.3045
2020/03/08 15:45:17 693997	INFO [input.cpp->run:173]	
frame_id 122
2020/03/08 15:45:17 716535	WARNING [visualOdometry.cpp->trackingFrame2Frame:179]	The Estimated Rotation and translation matrices(using getTransformation function) are : 
  0.995779  0.0224547  0.0889967   -1.23958
-0.0241905   0.999537  0.0184737  -0.146114
-0.0885407 -0.0205486   0.995861    0.11746
         0          0          0          1
2020/03/08 15:45:17 717850	INFO [input.cpp->run:235]	rotation: 
[0.9957786798477173, 0.02245467901229858, 0.08899673819541931;
 -0.0241905152797699, 0.9995367527008057, 0.01847367361187935;
 -0.08854068070650101, -0.02054856531322002, 0.9958605766296387]
2020/03/08 15:45:17 717875	INFO [input.cpp->run:256]	frame times (ms): 38.838
2020/03/08 15:45:17 717878	INFO [input.cpp->run:257]	FPS: 25.748
2020/03/08 15:45:17 742833	INFO [input.cpp->run:173]	
frame_id 123
2020/03/08 15:45:17 767363	WARNING [visualOdometry.cpp->trackingFrame2Frame:179]	The Estimated Rotation and translation matrices(using getTransformation function) are : 
  0.997751  0.0413105  0.0527972  -0.570307
-0.0399455   0.998846 -0.0266529   0.189489
-0.0538373   0.024484    0.99825 0.00665617
         0          0          0          1
2020/03/08 15:45:17 768603	INFO [input.cpp->run:235]	rotation: 
[0.9977508187294006, 0.04131053388118744, 0.05279717594385147;
 -0.03994546830654144, 0.9988464117050171, -0.0266528557986021;
 -0.05383732914924622, 0.02448400110006332, 0.9982498288154602]
2020/03/08 15:45:17 768628	INFO [input.cpp->run:256]	frame times (ms): 58.203
2020/03/08 15:45:17 768631	INFO [input.cpp->run:257]	FPS: 17.1812
2020/03/08 15:45:17 808688	INFO [input.cpp->run:173]	
frame_id 124
2020/03/08 15:45:17 829827	WARNING [visualOdometry.cpp->trackingFrame2Frame:179]	The Estimated Rotation and translation matrices(using getTransformation function) are : 
   0.999885   0.0139937   0.0059377    -0.25655
 -0.0138937    0.999766  -0.0165622  -0.0233636
-0.00616795   0.0164777    0.999845  -0.0904698
          0           0           0           1
2020/03/08 15:45:17 832021	INFO [input.cpp->run:235]	rotation: 
[0.9998848438262939, 0.01399371773004532, 0.005937695503234863;
 -0.01389367878437042, 0.99976646900177, -0.01656215079128742;
 -0.006167948246002197, 0.01647772639989853, 0.9998453855514526]
2020/03/08 15:45:17 832050	INFO [input.cpp->run:256]	frame times (ms): 38.725
2020/03/08 15:45:17 832052	INFO [input.cpp->run:257]	FPS: 25.8231
2020/03/08 15:45:17 875373	INFO [input.cpp->run:173]	
frame_id 125
2020/03/08 15:45:17 895423	WARNING [visualOdometry.cpp->trackingFrame2Frame:179]	The Estimated Rotation and translation matrices(using getTransformation function) are : 
   0.999976  0.00658569 -0.00232755  -0.0639229
-0.00659978     0.99996 -0.00606322  -0.0596995
 0.00228748  0.00607841    0.999979  -0.0521984
          0           0           0           1
2020/03/08 15:45:17 896680	INFO [input.cpp->run:235]	rotation: 
[0.9999757409095764, 0.006585687398910522, -0.00232754647731781;
 -0.006599783897399902, 0.9999601244926453, -0.006063215434551239;
 0.002287477254867554, 0.006078410893678665, 0.9999791383743286]
2020/03/08 15:45:17 896705	INFO [input.cpp->run:256]	frame times (ms): 38.42
2020/03/08 15:45:17 896708	INFO [input.cpp->run:257]	FPS: 26.0281
2020/03/08 15:45:17 941925	INFO [input.cpp->run:173]	
frame_id 126
2020/03/08 15:45:17 961920	WARNING [visualOdometry.cpp->trackingFrame2Frame:179]	The Estimated Rotation and translation matrices(using getTransformation function) are : 
   0.999855   0.0170131 -0.00105035  -0.0129688
 -0.0170207    0.999826 -0.00765331 -0.00473332
0.000920177  0.00767014     0.99997  -0.0247102
          0           0           0           1
2020/03/08 15:45:17 963196	INFO [input.cpp->run:235]	rotation: 
[0.9998551607131958, 0.01701312698423862, -0.001050353050231934;
 -0.01702069491147995, 0.9998260140419006, -0.007653307169675827;
 0.0009201765060424805, 0.007670139893889427, 0.9999701976776123]
2020/03/08 15:45:17 963219	INFO [input.cpp->run:256]	frame times (ms): 37.237
2020/03/08 15:45:17 963221	INFO [input.cpp->run:257]	FPS: 26.855
2020/03/08 15:45:18 008893	INFO [input.cpp->run:173]	
frame_id 127
2020/03/08 15:45:18 033931	WARNING [visualOdometry.cpp->trackingFrame2Frame:179]	The Estimated Rotation and translation matrices(using getTransformation function) are : 
    0.999891    0.0143554  -0.00343978    0.0216191
  -0.0143576     0.999897 -0.000596436   -0.0400167
  0.00343089  0.000645811     0.999994   -0.0186534
           0            0            0            1
2020/03/08 15:45:18 036182	INFO [input.cpp->run:235]	rotation: 
[0.9998911023139954, 0.01435544341802597, -0.003439784049987793;
 -0.01435759104788303, 0.9998968243598938, -0.0005964355077594519;
 0.003430888056755066, 0.0006458106799982488, 0.9999939203262329]
2020/03/08 15:45:18 036209	INFO [input.cpp->run:256]	frame times (ms): 47.006
2020/03/08 15:45:18 036211	INFO [input.cpp->run:257]	FPS: 21.2739
2020/03/08 15:45:18 075439	INFO [input.cpp->run:173]	
frame_id 128
2020/03/08 15:45:18 098892	WARNING [visualOdometry.cpp->trackingFrame2Frame:179]	The Estimated Rotation and translation matrices(using getTransformation function) are : 
    0.999993   0.00380874  0.000176758   -0.0208027
 -0.00380815     0.999987  -0.00325288   -0.0262511
-0.000189155   0.00325217     0.999995  -0.00808907
           0            0            0            1
2020/03/08 15:45:18 100129	INFO [input.cpp->run:235]	rotation: 
[0.9999926090240479, 0.003808744251728058, 0.0001767575740814209;
 -0.003808148205280304, 0.9999874830245972, -0.003252876922488213;
 -0.0001891553401947021, 0.003252167254686356, 0.9999948143959045]
2020/03/08 15:45:18 100152	INFO [input.cpp->run:256]	frame times (ms): 44.623
2020/03/08 15:45:18 100154	INFO [input.cpp->run:257]	FPS: 22.41
2020/03/08 15:45:18 142001	INFO [input.cpp->run:173]	
frame_id 129
2020/03/08 15:45:18 165320	WARNING [visualOdometry.cpp->trackingFrame2Frame:179]	The Estimated Rotation and translation matrices(using getTransformation function) are : 
   0.999981  0.00564689 -0.00257534   0.0132673
-0.00565397     0.99998 -0.00275534  0.00620508
 0.00255975  0.00276982    0.999993  -0.0145712
          0           0           0           1
2020/03/08 15:45:18 166593	INFO [input.cpp->run:235]	rotation: 
[0.9999808073043823, 0.005646888166666031, -0.002575337886810303;
 -0.005653973668813705, 0.9999803900718689, -0.002755342051386833;
 0.002559751272201538, 0.002769822254776955, 0.9999929666519165]
2020/03/08 15:45:18 166616	INFO [input.cpp->run:256]	frame times (ms): 43.378
2020/03/08 15:45:18 166618	INFO [input.cpp->run:257]	FPS: 23.0532
2020/03/08 15:45:18 208828	INFO [input.cpp->run:173]	
frame_id 130
2020/03/08 15:45:18 233900	WARNING [visualOdometry.cpp->trackingFrame2Frame:179]	The Estimated Rotation and translation matrices(using getTransformation function) are : 
   0.999995 -0.00219484  -0.0023351   0.0387273
 0.00218024    0.999978 -0.00627184   0.0299258
 0.00234857  0.00626667    0.999978   -0.019969
          0           0           0           1
2020/03/08 15:45:18 235329	INFO [input.cpp->run:235]	rotation: 
[0.9999951124191284, -0.002194844186306, -0.002335101366043091;
 0.002180241048336029, 0.9999781847000122, -0.006271839141845703;
 0.002348572015762329, 0.006266668438911438, 0.9999778866767883]
2020/03/08 15:45:18 235354	INFO [input.cpp->run:256]	frame times (ms): 47.218
2020/03/08 15:45:18 235357	INFO [input.cpp->run:257]	FPS: 21.1784
2020/03/08 15:45:18 275458	INFO [input.cpp->run:173]	
frame_id 131
2020/03/08 15:45:18 299607	WARNING [visualOdometry.cpp->trackingFrame2Frame:179]	The Estimated Rotation and translation matrices(using getTransformation function) are : 
   0.999996  0.00235477 -0.00107639   0.0127136
-0.00235657    0.999996 -0.00160867   0.0256035
 0.00107262  0.00161122    0.999998 -0.00712204
          0           0           0           1
2020/03/08 15:45:18 301979	INFO [input.cpp->run:235]	rotation: 
[0.9999964237213135, 0.00235477089881897, -0.001076385378837585;
 -0.002356573939323425, 0.9999958276748657, -0.001608671620488167;
 0.001072615385055542, 0.001611221581697464, 0.9999980330467224]
2020/03/08 15:45:18 302003	INFO [input.cpp->run:256]	frame times (ms): 46.087
2020/03/08 15:45:18 302005	INFO [input.cpp->run:257]	FPS: 21.6981
2020/03/08 15:45:18 342753	INFO [input.cpp->run:173]	
frame_id 132
2020/03/08 15:45:18 367754	WARNING [visualOdometry.cpp->trackingFrame2Frame:179]	The Estimated Rotation and translation matrices(using getTransformation function) are : 
           1 -0.000217654 -0.000875354    0.0335498
 0.000213183     0.999987  -0.00501147    0.0411561
 0.000876248   0.00501122     0.999987  -0.00760317
           0            0            0            1
2020/03/08 15:45:18 369116	INFO [input.cpp->run:235]	rotation: 
[0.9999996423721313, -0.0002176538109779358, -0.0008753538131713867;
 0.0002131834626197815, 0.9999873638153076, -0.005011472851037979;
 0.0008762478828430176, 0.005011223256587982, 0.9999872446060181]
2020/03/08 15:45:18 369140	INFO [input.cpp->run:256]	frame times (ms): 46.205
2020/03/08 15:45:18 369143	INFO [input.cpp->run:257]	FPS: 21.6427
2020/03/08 15:45:18 409306	INFO [input.cpp->run:173]	
frame_id 133
2020/03/08 15:45:18 434654	WARNING [visualOdometry.cpp->trackingFrame2Frame:179]	The Estimated Rotation and translation matrices(using getTransformation function) are : 
    0.999999  9.73493e-05   0.00139844   0.00268626
-0.000106066     0.999981    0.0062207   -0.0221627
 -0.00139776  -0.00622077     0.999979    0.0186305
           0            0            0            1
2020/03/08 15:45:18 436867	INFO [input.cpp->run:235]	rotation: 
[0.9999989867210388, 9.734928607940674e-05, 0.001398444175720215;
 -0.0001060664653778076, 0.9999807476997375, 0.006220698356628418;
 -0.001397758722305298, -0.006220772862434387, 0.9999794960021973]
2020/03/08 15:45:18 436898	INFO [input.cpp->run:256]	frame times (ms): 47.677
2020/03/08 15:45:18 436900	INFO [input.cpp->run:257]	FPS: 20.9745
2020/03/08 15:45:18 475339	INFO [input.cpp->run:173]	
frame_id 134
2020/03/08 15:45:18 498491	WARNING [visualOdometry.cpp->trackingFrame2Frame:179]	The Estimated Rotation and translation matrices(using getTransformation function) are : 
    0.999935 -0.000346735   -0.0113718     0.513506
 0.000505567     0.999902    0.0139628     0.106494
   0.0113658   -0.0139677     0.999838     0.958279
           0            0            0            1
2020/03/08 15:45:18 499954	INFO [input.cpp->run:235]	rotation: 
[0.9999352693557739, -0.0003467351198196411, -0.01137179136276245;
 0.0005055665969848633, 0.9999021887779236, 0.01396283507347107;
 0.01136580109596252, -0.01396769285202026, 0.9998378157615662]
2020/03/08 15:45:18 499984	INFO [input.cpp->run:256]	frame times (ms): 43.501
2020/03/08 15:45:18 499989	INFO [input.cpp->run:257]	FPS: 22.988
2020/03/08 15:45:18 542114	INFO [input.cpp->run:173]	
frame_id 135
2020/03/08 15:45:18 567797	WARNING [visualOdometry.cpp->trackingFrame2Frame:179]	The Estimated Rotation and translation matrices(using getTransformation function) are : 
    0.999995  0.000372708  -0.00331536    0.0311966
-0.000364661     0.999997   0.00239807   -0.0124631
  0.00331612  -0.00239671     0.999992    0.0146127
           0            0            0            1
2020/03/08 15:45:18 569273	INFO [input.cpp->run:235]	rotation: 
[0.9999947547912598, 0.0003727078437805176, -0.003315359354019165;
 -0.0003646612167358398, 0.9999972581863403, 0.002398073673248291;
 0.003316119313240051, -0.002396706491708755, 0.9999918341636658]
2020/03/08 15:45:18 569297	INFO [input.cpp->run:256]	frame times (ms): 48.391
2020/03/08 15:45:18 569299	INFO [input.cpp->run:257]	FPS: 20.665
2020/03/08 15:45:18 608862	INFO [input.cpp->run:173]	
frame_id 136
2020/03/08 15:45:18 635164	WARNING [visualOdometry.cpp->trackingFrame2Frame:179]	The Estimated Rotation and translation matrices(using getTransformation function) are : 
   0.999994 -0.00111184 -0.00325254   0.0360949
  0.0011076    0.999998 -0.00134803 -0.00476718
 0.00325407  0.00134445    0.999994 -0.00406504
          0           0           0           1
2020/03/08 15:45:18 636593	INFO [input.cpp->run:235]	rotation: 
[0.9999943375587463, -0.001111835241317749, -0.0032525435090065;
 0.001107603311538696, 0.9999984502792358, -0.001348026096820831;
 0.00325407087802887, 0.001344453543424606, 0.9999938011169434]
2020/03/08 15:45:18 636619	INFO [input.cpp->run:256]	frame times (ms): 47.864
2020/03/08 15:45:18 636623	INFO [input.cpp->run:257]	FPS: 20.8925
2020/03/08 15:45:18 675491	INFO [input.cpp->run:173]	
frame_id 137
2020/03/08 15:45:18 699225	WARNING [visualOdometry.cpp->trackingFrame2Frame:179]	The Estimated Rotation and translation matrices(using getTransformation function) are : 
    0.999999 -4.87715e-05  -0.00121632    0.0134242
 4.44874e-05     0.999994   -0.0035568    0.0140119
  0.00121653   0.00355639     0.999993  -0.00710297
           0            0            0            1
2020/03/08 15:45:18 700528	INFO [input.cpp->run:235]	rotation: 
[0.9999991655349731, -4.877150058746338e-05, -0.001216322183609009;
 4.448741674423218e-05, 0.9999935030937195, -0.003556802868843079;
 0.001216530799865723, 0.003556394949555397, 0.999992847442627]
2020/03/08 15:45:18 700552	INFO [input.cpp->run:256]	frame times (ms): 43.332
2020/03/08 15:45:18 700555	INFO [input.cpp->run:257]	FPS: 23.0776
2020/03/08 15:45:18 742097	INFO [input.cpp->run:173]	
frame_id 138
2020/03/08 15:45:18 767150	WARNING [visualOdometry.cpp->trackingFrame2Frame:179]	The Estimated Rotation and translation matrices(using getTransformation function) are : 
    0.999994  -0.00193003   0.00279015 -0.000875235
  0.00193197     0.999998 -0.000632033    -0.013938
 -0.00278866  0.000637472     0.999996   0.00232363
           0            0            0            1
2020/03/08 15:45:18 768675	INFO [input.cpp->run:235]	rotation: 
[0.9999942183494568, -0.001930028200149536, 0.002790153026580811;
 0.001931965351104736, 0.9999980330467224, -0.0006320327520370483;
 -0.002788662910461426, 0.0006374716758728027, 0.9999960064888]
2020/03/08 15:45:18 768706	INFO [input.cpp->run:256]	frame times (ms): 47.897
2020/03/08 15:45:18 768710	INFO [input.cpp->run:257]	FPS: 20.8781
2020/03/08 15:45:18 809461	INFO [input.cpp->run:173]	
frame_id 139
2020/03/08 15:45:18 846716	WARNING [visualOdometry.cpp->trackingFrame2Frame:179]	The Estimated Rotation and translation matrices(using getTransformation function) are : 
    0.999997  -0.00258389  0.000639826    0.0134277
  0.00258522     0.999995  -0.00211826  9.46522e-05
-0.000634223   0.00211997     0.999998  -0.00500774
           0            0            0            1
2020/03/08 15:45:18 848577	INFO [input.cpp->run:235]	rotation: 
[0.9999969005584717, -0.002583891153335571, 0.0006398260593414307;
 0.002585217356681824, 0.9999947547912598, -0.002118263393640518;
 -0.0006342232227325439, 0.002119973301887512, 0.9999979734420776]
2020/03/08 15:45:18 848618	INFO [input.cpp->run:256]	frame times (ms): 67.968
2020/03/08 15:45:18 848623	INFO [input.cpp->run:257]	FPS: 14.7128
2020/03/08 15:45:18 875489	INFO [input.cpp->run:173]	
frame_id 140
2020/03/08 15:45:18 898081	WARNING [visualOdometry.cpp->trackingFrame2Frame:179]	The Estimated Rotation and translation matrices(using getTransformation function) are : 
   0.999992 -0.00367691  -0.0013569   0.0448239
 0.00366565    0.999959 -0.00823857   0.0503919
 0.00138727  0.00823354    0.999965  -0.0119038
          0           0           0           1
2020/03/08 15:45:18 899364	INFO [input.cpp->run:235]	rotation: 
[0.9999922513961792, -0.003676913678646088, -0.001356899738311768;
 0.003665652126073837, 0.9999591708183289, -0.008238572627305984;
 0.001387268304824829, 0.008233543485403061, 0.9999650716781616]
2020/03/08 15:45:18 899390	INFO [input.cpp->run:256]	frame times (ms): 41.958
2020/03/08 15:45:18 899393	INFO [input.cpp->run:257]	FPS: 23.8334
2020/03/08 15:45:18 942064	INFO [input.cpp->run:173]	
frame_id 141
2020/03/08 15:45:18 965369	WARNING [visualOdometry.cpp->trackingFrame2Frame:179]	The Estimated Rotation and translation matrices(using getTransformation function) are : 
           1 -0.000985801 -0.000297189      0.01597
 0.000984669     0.999991  -0.00405905    0.0295382
 0.000301212   0.00405863     0.999992   -0.0107703
           0            0            0            1
2020/03/08 15:45:18 967460	INFO [input.cpp->run:235]	rotation: 
[0.9999996423721313, -0.0009858012199401855, -0.0002971887588500977;
 0.0009846687316894531, 0.9999911785125732, -0.004059053957462311;
 0.0003012120723724365, 0.004058629274368286, 0.9999918937683105]
2020/03/08 15:45:18 967482	INFO [input.cpp->run:256]	frame times (ms): 44.562
2020/03/08 15:45:18 967484	INFO [input.cpp->run:257]	FPS: 22.4406
2020/03/08 15:45:19 009002	INFO [input.cpp->run:173]	
frame_id 142
2020/03/08 15:45:19 034226	WARNING [visualOdometry.cpp->trackingFrame2Frame:179]	The Estimated Rotation and translation matrices(using getTransformation function) are : 
    0.999987  -0.00497814 -0.000870675    0.0157368
   0.0049753     0.999983  -0.00308178    0.0102558
 0.000886232   0.00307752     0.999995   -0.0122309
           0            0            0            1
2020/03/08 15:45:19 035615	INFO [input.cpp->run:235]	rotation: 
[0.9999872446060181, -0.004978135228157043, -0.0008706748485565186;
 0.004975304007530212, 0.9999828934669495, -0.003081776201725006;
 0.0008862316608428955, 0.003077518194913864, 0.9999948740005493]
2020/03/08 15:45:19 035644	INFO [input.cpp->run:256]	frame times (ms): 47.29
2020/03/08 15:45:19 035648	INFO [input.cpp->run:257]	FPS: 21.1461
2020/03/08 15:45:19 075448	INFO [input.cpp->run:173]	
frame_id 143
2020/03/08 15:45:19 099513	WARNING [visualOdometry.cpp->trackingFrame2Frame:179]	The Estimated Rotation and translation matrices(using getTransformation function) are : 
           1  0.000553511 -0.000469178    0.0159121
-0.000553757            1 -0.000326261    0.0115032
 0.000469148   0.00032657            1   0.00536823
           0            0            0            1
2020/03/08 15:45:19 100802	INFO [input.cpp->run:235]	rotation: 
[0.9999997019767761, 0.0005535110831260681, -0.0004691779613494873;
 -0.0005537569522857666, 0.9999997019767761, -0.0003262609243392944;
 0.0004691481590270996, 0.0003265701234340668, 0.9999998807907104]
2020/03/08 15:45:19 100826	INFO [input.cpp->run:256]	frame times (ms): 44.635
2020/03/08 15:45:19 100829	INFO [input.cpp->run:257]	FPS: 22.4039
2020/03/08 15:45:19 142602	INFO [input.cpp->run:173]	
frame_id 144
2020/03/08 15:45:19 167634	WARNING [visualOdometry.cpp->trackingFrame2Frame:179]	The Estimated Rotation and translation matrices(using getTransformation function) are : 
   0.999993 -0.00224079 -0.00303416   0.0417039
  0.0022302    0.999992  -0.0034786   0.0124559
 0.00304195  0.00347181    0.999989 -0.00909472
          0           0           0           1
2020/03/08 15:45:19 170116	INFO [input.cpp->run:235]	rotation: 
[0.9999929666519165, -0.002240791916847229, -0.003034159541130066;
 0.002230197191238403, 0.9999915957450867, -0.003478601574897766;
 0.003041952848434448, 0.003471814095973969, 0.9999892711639404]
2020/03/08 15:45:19 170148	INFO [input.cpp->run:256]	frame times (ms): 47.692
2020/03/08 15:45:19 170152	INFO [input.cpp->run:257]	FPS: 20.9679
2020/03/08 15:45:19 209581	INFO [input.cpp->run:173]	
frame_id 145
2020/03/08 15:45:19 239779	WARNING [visualOdometry.cpp->trackingFrame2Frame:179]	The Estimated Rotation and translation matrices(using getTransformation function) are : 
    0.999998  0.000930399  -0.00170483    0.0290029
-0.000931352     0.999999 -0.000659164   0.00151753
  0.00170437  0.000660721     0.999998  -0.00441504
           0            0            0            1
2020/03/08 15:45:19 241212	INFO [input.cpp->run:235]	rotation: 
[0.9999983310699463, 0.00093039870262146, -0.001704826951026917;
 -0.0009313523769378662, 0.9999993443489075, -0.0006591640412807465;
 0.001704365015029907, 0.0006607212126255035, 0.9999983906745911]
2020/03/08 15:45:19 241236	INFO [input.cpp->run:256]	frame times (ms): 55.251
2020/03/08 15:45:19 241238	INFO [input.cpp->run:257]	FPS: 18.0992
2020/03/08 15:45:19 275301	INFO [input.cpp->run:173]	
frame_id 146
2020/03/08 15:45:19 295444	WARNING [visualOdometry.cpp->trackingFrame2Frame:179]	The Estimated Rotation and translation matrices(using getTransformation function) are : 
   0.999968 -0.00381547  -0.0069961   0.0694659
 0.00390963    0.999901   0.0134944  -0.0856495
 0.00694394  -0.0135212    0.999885   0.0317717
          0           0           0           1
2020/03/08 15:45:19 296691	INFO [input.cpp->run:235]	rotation: 
[0.9999682903289795, -0.00381547212600708, -0.006996095180511475;
 0.003909625113010406, 0.9999011158943176, 0.01349436864256859;
 0.006943941116333008, -0.01352123357355595, 0.9998846054077148]
2020/03/08 15:45:19 296715	INFO [input.cpp->run:256]	frame times (ms): 38.098
2020/03/08 15:45:19 296717	INFO [input.cpp->run:257]	FPS: 26.2481
2020/03/08 15:45:19 341929	INFO [input.cpp->run:173]	
frame_id 147
2020/03/08 15:45:19 363581	WARNING [visualOdometry.cpp->trackingFrame2Frame:179]	The Estimated Rotation and translation matrices(using getTransformation function) are : 
           1 -0.000131994 -0.000594914    0.0256076
 0.000130326     0.999996  -0.00285564   0.00374627
 0.000595376   0.00285551     0.999996  -0.00582409
           0            0            0            1
2020/03/08 15:45:19 365223	INFO [input.cpp->run:235]	rotation: 
[0.9999997615814209, -0.0001319944858551025, -0.0005949139595031738;
 0.0001303255558013916, 0.9999960064888, -0.002855639904737473;
 0.0005953758955001831, 0.002855509519577026, 0.9999955892562866]
