		g3log created log at: Sun Mar 08 15:37:59 2020
		LOG format: [YYYY/MM/DD hh:mm:ss uuu* LEVEL FILE->FUNCTION:LINE] message		(uuu*: microseconds fractions of the seconds value)

2020/03/08 15:37:59 759634	INFO [g3logger.h->logBanner:29]	Starting log.
2020/03/08 15:37:59 765425	DEBUG [main.cpp->main:49]	Filepath: /home/mitchell/KITTI/data_odometry_gray/dataset/sequences/00/
2020/03/08 15:37:59 765430	DEBUG [main.cpp->main:53]	Calibration Filepath: /home/mitchell/visual_odom_ws/src/visual_odom/calibration/old/kitti00.yaml
2020/03/08 15:37:59 765506	INFO [main.cpp->main:67]	P_left: 
[718.85602, 0, 607.19281, 0;
 0, 718.85602, 185.2157, 0;
 0, 0, 1, 0]
2020/03/08 15:37:59 765513	INFO [main.cpp->main:68]	P_right: 
[718.85602, 0, 607.19281, -386.14481;
 0, 718.85602, 185.2157, 0;
 0, 0, 1, 0]
2020/03/08 15:37:59 843885	INFO [input.cpp->Input:22]	frame_pose [1, 0, 0, 0;
 0, 1, 0, 0;
 0, 0, 1, 0;
 0, 0, 0, 1]
2020/03/08 15:38:00 222328	INFO [input.cpp->run:173]	
frame_id 1
2020/03/08 15:38:00 285381	INFO [input.cpp->run:235]	rotation: 
[0.9999918942645376, 0.002945695669215903, -0.002744864704540046;
 -0.002932189830704356, 0.9999836395631858, 0.004911503716912026;
 0.002759287592582729, -0.004903415441188864, 0.9999841712992223]
2020/03/08 15:38:00 285424	INFO [input.cpp->run:256]	frame times (ms): 77.74
2020/03/08 15:38:00 285426	INFO [input.cpp->run:257]	FPS: 12.8634
2020/03/08 15:38:00 330463	INFO [input.cpp->run:173]	
frame_id 2
2020/03/08 15:38:00 346163	INFO [input.cpp->run:235]	rotation: 
[0.9999892269579862, 0.001314159776119179, -0.00445184816137098;
 -0.001307629632452215, 0.999998065435187, 0.00146943207664496;
 0.00445377061751104, -0.001463594877816475, 0.9999890108482794]
2020/03/08 15:38:00 346189	INFO [input.cpp->run:256]	frame times (ms): 29.182
2020/03/08 15:38:00 346191	INFO [input.cpp->run:257]	FPS: 34.2677
2020/03/08 15:38:00 448688	INFO [input.cpp->run:173]	
frame_id 3
2020/03/08 15:38:00 474865	INFO [input.cpp->run:235]	rotation: 
[0.9999802093020363, -0.002856131658590059, -0.005605668221037122;
 0.002829778139238617, 0.9999849344128475, -0.004703541539709623;
 0.005619017702253048, 0.004687585655951936, 0.9999732262319726]
2020/03/08 15:38:00 474895	INFO [input.cpp->run:256]	frame times (ms): 50.721
2020/03/08 15:38:00 474897	INFO [input.cpp->run:257]	FPS: 19.7157
2020/03/08 15:38:00 568492	INFO [input.cpp->run:173]	
frame_id 4
2020/03/08 15:38:00 604139	INFO [input.cpp->run:235]	rotation: 
[0.9999675851505032, -0.004906545110039148, -0.006383922254716967;
 0.004850663762811631, 0.9999500432410787, -0.008739684389314684;
 0.006426484990355593, 0.008708434833414993, 0.9999414300114887]
2020/03/08 15:38:00 604175	INFO [input.cpp->run:256]	frame times (ms): 70.381
2020/03/08 15:38:00 604178	INFO [input.cpp->run:257]	FPS: 14.2084
2020/03/08 15:38:00 703816	INFO [input.cpp->run:173]	
frame_id 5
2020/03/08 15:38:00 732744	INFO [input.cpp->run:235]	rotation: 
[0.9999541949878895, -0.007578213204006888, -0.005846247579120204;
 0.007550197890295924, 0.9999599798367911, -0.004799295429724446;
 0.005882383695333395, 0.004754935271801145, 0.9999713936671498]
2020/03/08 15:38:00 732782	INFO [input.cpp->run:256]	frame times (ms): 55.569
2020/03/08 15:38:00 732785	INFO [input.cpp->run:257]	FPS: 17.9956
2020/03/08 15:38:00 841990	INFO [input.cpp->run:173]	
frame_id 6
2020/03/08 15:38:00 866672	INFO [input.cpp->run:235]	rotation: 
[0.9999771272198763, -0.002496071040994453, -0.006286069236154441;
 0.002503855956123568, 0.9999961078195118, 0.001230874152144356;
 0.006282972420312136, -0.001246585410528065, 0.9999794849307559]
2020/03/08 15:38:00 866698	INFO [input.cpp->run:256]	frame times (ms): 45.296
2020/03/08 15:38:00 866700	INFO [input.cpp->run:257]	FPS: 22.077
2020/03/08 15:38:00 978190	INFO [input.cpp->run:173]	
frame_id 7
2020/03/08 15:38:01 001776	INFO [input.cpp->run:235]	rotation: 
[0.9999743252400464, 0.001224824839649051, -0.007060358689616956;
 -0.001169802878311139, 0.9999689580421807, 0.007791951826172948;
 0.007069683298406368, -0.007783492541763219, 0.9999447168828448]
2020/03/08 15:38:01 001799	INFO [input.cpp->run:256]	frame times (ms): 44.542
2020/03/08 15:38:01 001802	INFO [input.cpp->run:257]	FPS: 22.4507
2020/03/08 15:38:01 103738	INFO [input.cpp->run:173]	
frame_id 8
2020/03/08 15:38:01 131705	INFO [input.cpp->run:235]	rotation: 
[0.9999724126667827, -0.001379393523552195, -0.007298710768397195;
 0.001448774507426926, 0.9999537371045107, 0.009509190457111001;
 0.007285256193172947, -0.009519502310003569, 0.999928149477736]
2020/03/08 15:38:01 131733	INFO [input.cpp->run:256]	frame times (ms): 49.875
2020/03/08 15:38:01 131735	INFO [input.cpp->run:257]	FPS: 20.0501
2020/03/08 15:38:01 224275	INFO [input.cpp->run:173]	
frame_id 9
2020/03/08 15:38:01 251024	INFO [input.cpp->run:235]	rotation: 
[0.9999709691705545, -0.003012719641897766, -0.006998881086373684;
 0.003049504109212316, 0.999981563323568, 0.005251051098672487;
 0.006982932105482128, -0.005272241772936418, 0.9999617203302824]
2020/03/08 15:38:01 251048	INFO [input.cpp->run:256]	frame times (ms): 47.953
2020/03/08 15:38:01 251050	INFO [input.cpp->run:257]	FPS: 20.8538
2020/03/08 15:38:01 355639	INFO [input.cpp->run:173]	
frame_id 10
2020/03/08 15:38:01 392224	INFO [input.cpp->run:235]	rotation: 
[0.9999711946652823, -0.0001271955961912211, -0.007589048752546558;
 0.0001178158277008084, 0.9999992287227649, -0.001236395287162748;
 0.007589200163321698, 0.001235465562322414, 0.9999704383959185]
2020/03/08 15:38:01 392256	INFO [input.cpp->run:256]	frame times (ms): 66.637
2020/03/08 15:38:01 392259	INFO [input.cpp->run:257]	FPS: 15.0067
2020/03/08 15:38:01 487558	INFO [input.cpp->run:173]	
frame_id 11
2020/03/08 15:38:01 515370	INFO [input.cpp->run:235]	rotation: 
[0.9999740155070624, 0.003343437162170556, -0.006386684478184934;
 -0.003377908080978791, 0.9999797461272805, -0.005394170206460575;
 0.00636852005396306, 0.005415603674792464, 0.9999650559840378]
2020/03/08 15:38:01 515393	INFO [input.cpp->run:256]	frame times (ms): 47.692
2020/03/08 15:38:01 515396	INFO [input.cpp->run:257]	FPS: 20.9679
2020/03/08 15:38:01 607546	INFO [input.cpp->run:173]	
frame_id 12
2020/03/08 15:38:01 636441	INFO [input.cpp->run:235]	rotation: 
[0.9999550480397977, 0.007063407478514419, -0.006325359635487721;
 -0.007101393514704427, 0.9999567651541921, -0.006003168539465607;
 0.006282683333982758, 0.00604781755316596, 0.9999619751735406]
2020/03/08 15:38:01 636467	INFO [input.cpp->run:256]	frame times (ms): 50.703
2020/03/08 15:38:01 636470	INFO [input.cpp->run:257]	FPS: 19.7227
2020/03/08 15:38:01 734053	INFO [input.cpp->run:173]	
frame_id 13
2020/03/08 15:38:01 763577	INFO [input.cpp->run:235]	rotation: 
[0.9999696138825154, 0.005085549364765133, -0.005908341502620365;
 -0.005094302652266049, 0.9999859472960122, -0.001467409617066746;
 0.005900795890400245, 0.001497463907973017, 0.9999814689331519]
2020/03/08 15:38:01 763600	INFO [input.cpp->run:256]	frame times (ms): 51.514
2020/03/08 15:38:01 763602	INFO [input.cpp->run:257]	FPS: 19.4122
2020/03/08 15:38:01 869434	INFO [input.cpp->run:173]	
frame_id 14
2020/03/08 15:38:01 899907	INFO [input.cpp->run:235]	rotation: 
[0.9999913856250773, -0.001716267192812438, -0.00377929921557417;
 0.001712945802942337, 0.999998144033624, -0.0008818990778853803;
 0.003780805775776647, 0.0008754177461466984, 0.999992469547374]
2020/03/08 15:38:01 899940	INFO [input.cpp->run:256]	frame times (ms): 56.838
2020/03/08 15:38:01 899943	INFO [input.cpp->run:257]	FPS: 17.5939
2020/03/08 15:38:02 005951	INFO [input.cpp->run:173]	
frame_id 15
2020/03/08 15:38:02 032139	INFO [input.cpp->run:235]	rotation: 
[0.9999902061889958, -0.004284738570994606, -0.001108395898568059;
 0.004283292781045817, 0.9999899770949719, -0.001303500114771634;
 0.001113969946440292, 0.001298739764386989, 0.99999853617192]
2020/03/08 15:38:02 032162	INFO [input.cpp->run:256]	frame times (ms): 45.289
2020/03/08 15:38:02 032164	INFO [input.cpp->run:257]	FPS: 22.0804
2020/03/08 15:38:02 131350	INFO [input.cpp->run:173]	
frame_id 16
2020/03/08 15:38:02 180949	INFO [input.cpp->run:235]	rotation: 
[0.9999995530835277, -0.0009396324841154793, 0.0001045157387263533;
 0.0009398215549043146, 0.9999978950176525, -0.001823923164270123;
 -0.0001028017012688893, 0.001824020575272899, 0.9999983311889832]
2020/03/08 15:38:02 180977	INFO [input.cpp->run:256]	frame times (ms): 84.581
2020/03/08 15:38:02 180980	INFO [input.cpp->run:257]	FPS: 11.823
2020/03/08 15:38:02 242122	INFO [input.cpp->run:173]	
frame_id 17
2020/03/08 15:38:02 267139	INFO [input.cpp->run:235]	rotation: 
[0.9999998919362144, -0.0004147180840903731, 0.0002100868161761662;
 0.0004152843883727919, 0.9999962613627007, -0.002702739258219147;
 -0.0002089651558907947, 0.002702826211925873, 0.999996325525265]
2020/03/08 15:38:02 267167	INFO [input.cpp->run:256]	frame times (ms): 46.249
2020/03/08 15:38:02 267170	INFO [input.cpp->run:257]	FPS: 21.6221
2020/03/08 15:38:02 379325	INFO [input.cpp->run:173]	
frame_id 18
2020/03/08 15:38:02 416031	INFO [input.cpp->run:235]	rotation: 
[0.9999970893924703, -0.002412003277402017, 5.870926303311403e-05;
 0.002412117706004984, 0.999995022269787, -0.002033992089634932;
 -5.380297520783241e-05, 0.002034127783135109, 0.9999979297125579]
2020/03/08 15:38:02 416061	INFO [input.cpp->run:256]	frame times (ms): 65.407
2020/03/08 15:38:02 416063	INFO [input.cpp->run:257]	FPS: 15.2889
2020/03/08 15:38:02 519677	INFO [input.cpp->run:173]	
frame_id 19
2020/03/08 15:38:02 557404	INFO [input.cpp->run:235]	rotation: 
[0.9999663317128255, -0.008205765436760834, -2.922998982821864e-05;
 0.008205809811649865, 0.9999541758330086, 0.004930610455469006;
 -1.123078246933555e-05, -0.004930684305997571, 0.9999878440391884]
2020/03/08 15:38:02 557427	INFO [input.cpp->run:256]	frame times (ms): 61.947
2020/03/08 15:38:02 557429	INFO [input.cpp->run:257]	FPS: 16.1428
2020/03/08 15:38:02 636113	INFO [input.cpp->run:173]	
frame_id 20
2020/03/08 15:38:02 672283	INFO [input.cpp->run:235]	rotation: 
[0.9999869742490195, -0.005060686046345007, 0.0006639194462688139;
 0.005054678339726283, 0.9999488700388944, 0.008758283782808305;
 -0.0007082084246229366, -0.008754813800340355, 0.9999614250940626]
2020/03/08 15:38:02 672315	INFO [input.cpp->run:256]	frame times (ms): 68.109
2020/03/08 15:38:02 672318	INFO [input.cpp->run:257]	FPS: 14.6823
2020/03/08 15:38:02 764906	INFO [input.cpp->run:173]	
frame_id 21
2020/03/08 15:38:02 797995	INFO [input.cpp->run:235]	rotation: 
[0.9999957529180503, 0.001830597871178578, 0.002267830967193958;
 -0.001850113401205131, 0.999961020223047, 0.008633372161884187;
 -0.002251938334948053, -0.008637531239709187, 0.9999601601203013]
2020/03/08 15:38:02 798017	INFO [input.cpp->run:256]	frame times (ms): 55.442
2020/03/08 15:38:02 798019	INFO [input.cpp->run:257]	FPS: 18.0369
2020/03/08 15:38:02 879975	INFO [input.cpp->run:173]	
frame_id 22
2020/03/08 15:38:02 910004	INFO [input.cpp->run:235]	rotation: 
[0.9999774726108959, 0.005706510005699569, 0.003534121429686812;
 -0.005722188267081431, 0.9999737616037888, 0.004442146486219492;
 -0.003508679546638087, -0.004462269324436534, 0.9999838885303679]
2020/03/08 15:38:02 910026	INFO [input.cpp->run:256]	frame times (ms): 52.598
2020/03/08 15:38:02 910028	INFO [input.cpp->run:257]	FPS: 19.0121
2020/03/08 15:38:03 004699	INFO [input.cpp->run:173]	
frame_id 23
2020/03/08 15:38:03 039399	INFO [input.cpp->run:235]	rotation: 
[0.9999907779806663, -0.00220765621196154, 0.003683776278727065;
 0.00222775347628602, 0.9999826100975069, -0.005460459415321982;
 -0.003671657401068371, 0.005468615604270476, 0.9999783063523437]
2020/03/08 15:38:03 039421	INFO [input.cpp->run:256]	frame times (ms): 58.253
2020/03/08 15:38:03 039423	INFO [input.cpp->run:257]	FPS: 17.1665
2020/03/08 15:38:03 121136	INFO [input.cpp->run:173]	
frame_id 24
2020/03/08 15:38:03 154843	INFO [input.cpp->run:235]	rotation: 
[0.9999639311100356, -0.007126756584286993, 0.00462015362864291;
 0.007181750225345308, 0.9999022336790423, -0.01199773092557829;
 -0.004534197025350011, 0.01203047897010535, 0.9999173509011058]
2020/03/08 15:38:03 154869	INFO [input.cpp->run:256]	frame times (ms): 59.456
2020/03/08 15:38:03 154872	INFO [input.cpp->run:257]	FPS: 16.8192
2020/03/08 15:38:03 240527	INFO [input.cpp->run:173]	
frame_id 25
2020/03/08 15:38:03 268891	INFO [input.cpp->run:235]	rotation: 
[0.9999808306079747, 0.004706168227405307, 0.004023729265293772;
 -0.004649156483791139, 0.9998903064315028, -0.01406273260446323;
 -0.004089469473445616, 0.01404375608342622, 0.9998930188547648]
2020/03/08 15:38:03 268917	INFO [input.cpp->run:256]	frame times (ms): 50.411
2020/03/08 15:38:03 268920	INFO [input.cpp->run:257]	FPS: 19.8369
2020/03/08 15:38:03 360282	INFO [input.cpp->run:173]	
frame_id 26
2020/03/08 15:38:03 392198	INFO [input.cpp->run:235]	rotation: 
[0.9999678689332867, 0.006829309960558924, 0.00419781210678033;
 -0.006789621250337566, 0.9999327940912017, -0.009397251951470115;
 -0.004261706735356786, 0.00936844845345562, 0.9999470336119193]
2020/03/08 15:38:03 392222	INFO [input.cpp->run:256]	frame times (ms): 57.068
2020/03/08 15:38:03 392224	INFO [input.cpp->run:257]	FPS: 17.523
2020/03/08 15:38:03 480046	INFO [input.cpp->run:173]	
frame_id 27
2020/03/08 15:38:03 512171	INFO [input.cpp->run:235]	rotation: 
[0.9999955033630309, 0.001128403196100652, 0.002778481589899847;
 -0.001133143871830924, 0.9999979040885157, 0.001705228295946817;
 -0.002776551581389146, -0.00170836904754081, 0.9999946861041379]
2020/03/08 15:38:03 512195	INFO [input.cpp->run:256]	frame times (ms): 59.284
2020/03/08 15:38:03 512198	INFO [input.cpp->run:257]	FPS: 16.868
2020/03/08 15:38:03 617847	INFO [input.cpp->run:173]	
frame_id 28
2020/03/08 15:38:03 648701	INFO [input.cpp->run:235]	rotation: 
[0.9999872792493328, -0.004688210570968071, 0.001860650735398664;
 0.004676209710022723, 0.9999685694274246, 0.006402594787884856;
 -0.001890608966646874, -0.006393812549037104, 0.9999777721323725]
2020/03/08 15:38:03 648729	INFO [input.cpp->run:256]	frame times (ms): 61.32
2020/03/08 15:38:03 648732	INFO [input.cpp->run:257]	FPS: 16.3079
2020/03/08 15:38:03 753879	INFO [input.cpp->run:173]	
frame_id 29
2020/03/08 15:38:03 779934	INFO [input.cpp->run:235]	rotation: 
[0.9999924618667858, 0.001005206180068627, 0.003750435993385746;
 -0.001039001145617205, 0.9999587800659065, 0.009019902755755566;
 -0.003741214538667574, -0.009023731469820707, 0.9999522866537864]
2020/03/08 15:38:03 779959	INFO [input.cpp->run:256]	frame times (ms): 47.877
2020/03/08 15:38:03 779961	INFO [input.cpp->run:257]	FPS: 20.8869
2020/03/08 15:38:03 889686	INFO [input.cpp->run:173]	
frame_id 30
2020/03/08 15:38:03 923011	INFO [input.cpp->run:235]	rotation: 
[0.9999707544498794, 0.007335839218734815, 0.002162338524797958;
 -0.007346950047266937, 0.9999596149622525, 0.005175980056630577;
 -0.002124281041180192, -0.00519171527537338, 0.9999842666375094]
2020/03/08 15:38:03 923039	INFO [input.cpp->run:256]	frame times (ms): 64.202
2020/03/08 15:38:03 923041	INFO [input.cpp->run:257]	FPS: 15.5758
2020/03/08 15:38:04 027392	INFO [input.cpp->run:173]	
frame_id 31
2020/03/08 15:38:04 058369	INFO [input.cpp->run:235]	rotation: 
[0.9999739889306222, 0.007165087194840783, 0.0008264306808679196;
 -0.007161260516194007, 0.9999640338395341, -0.004543938290322775;
 -0.000858958671387576, 0.004537901812224387, 0.999989334761698]
2020/03/08 15:38:04 058390	INFO [input.cpp->run:256]	frame times (ms): 52.848
2020/03/08 15:38:04 058392	INFO [input.cpp->run:257]	FPS: 18.9222
2020/03/08 15:38:04 144426	INFO [input.cpp->run:173]	
frame_id 32
2020/03/08 15:38:04 181133	INFO [input.cpp->run:235]	rotation: 
[0.999975391167762, 0.006718559883579779, 0.002019408817492112;
 -0.006710011319599475, 0.9999686228936184, -0.004210579096878975;
 -0.002047634482093748, 0.004196925223420084, 0.9999890964464047]
2020/03/08 15:38:04 181157	INFO [input.cpp->run:256]	frame times (ms): 61.178
2020/03/08 15:38:04 181159	INFO [input.cpp->run:257]	FPS: 16.3457
2020/03/08 15:38:04 279889	INFO [input.cpp->run:173]	
frame_id 33
2020/03/08 15:38:04 310358	INFO [input.cpp->run:235]	rotation: 
[0.999995099216753, 0.002707814970993483, 0.001571394463262615;
 -0.002703390109391065, 0.9999923943686102, -0.002811207365249036;
 -0.001578994741205748, 0.00280694549588114, 0.9999948139028474]
2020/03/08 15:38:04 310381	INFO [input.cpp->run:256]	frame times (ms): 51.047
2020/03/08 15:38:04 310382	INFO [input.cpp->run:257]	FPS: 19.5898
2020/03/08 15:38:04 399475	INFO [input.cpp->run:173]	
frame_id 34
2020/03/08 15:38:04 435088	INFO [input.cpp->run:235]	rotation: 
[0.9999987207716605, 0.001260810274683265, 0.0009842827305826789;
 -0.001264354388333258, 0.9999926903045289, 0.003608427010682606;
 -0.0009797259939251478, -0.003609666876870286, 0.9999930051965438]
2020/03/08 15:38:04 435114	INFO [input.cpp->run:256]	frame times (ms): 62.021
2020/03/08 15:38:04 435116	INFO [input.cpp->run:257]	FPS: 16.1236
2020/03/08 15:38:04 514450	INFO [input.cpp->run:173]	
frame_id 35
2020/03/08 15:38:04 541955	INFO [input.cpp->run:235]	rotation: 
[0.9999872684363398, 0.0048525252389862, 0.001384183525677337;
 -0.004859070734745472, 0.9999768405282788, 0.004765274249817277;
 -0.001361027855150187, -0.004771939426085943, 0.9999876880228532]
2020/03/08 15:38:04 541981	INFO [input.cpp->run:256]	frame times (ms): 52.165
2020/03/08 15:38:04 541983	INFO [input.cpp->run:257]	FPS: 19.1699
2020/03/08 15:38:04 641022	INFO [input.cpp->run:173]	
frame_id 36
2020/03/08 15:38:04 671859	INFO [input.cpp->run:235]	rotation: 
[0.99996163403817, 0.00868781898360307, 0.001119041116832904;
 -0.008689050151131722, 0.9999616443844266, 0.001100076117671434;
 -0.001109440933143502, -0.001109757316578433, 0.9999987687889992]
2020/03/08 15:38:04 671886	INFO [input.cpp->run:256]	frame times (ms): 56.85
2020/03/08 15:38:04 671888	INFO [input.cpp->run:257]	FPS: 17.5902
2020/03/08 15:38:04 760996	INFO [input.cpp->run:173]	
frame_id 37
2020/03/08 15:38:04 807910	INFO [input.cpp->run:235]	rotation: 
[0.9999988885145299, 0.0008050394243336906, 0.001254942719865123;
 -0.0008011553626277182, 0.9999948974463898, -0.003092447456178142;
 -0.001257425858572521, 0.003091438614877917, 0.999994430928243]
2020/03/08 15:38:04 807942	INFO [input.cpp->run:256]	frame times (ms): 84.756
2020/03/08 15:38:04 807944	INFO [input.cpp->run:257]	FPS: 11.7986
2020/03/08 15:38:04 898411	INFO [input.cpp->run:173]	
frame_id 38
2020/03/08 15:38:04 929768	INFO [input.cpp->run:235]	rotation: 
[0.9999991566491675, 0.001148503044530539, 0.0006063346521748757;
 -0.001145845846416985, 0.9999898181513643, -0.004364702841827757;
 -0.0006113413530695349, 0.004364004394809249, 0.999990290816562]
2020/03/08 15:38:04 929797	INFO [input.cpp->run:256]	frame times (ms): 60.477
2020/03/08 15:38:04 929799	INFO [input.cpp->run:257]	FPS: 16.5352
2020/03/08 15:38:05 010786	INFO [input.cpp->run:173]	
frame_id 39
2020/03/08 15:38:05 038175	INFO [input.cpp->run:235]	rotation: 
[0.9999994993132095, 0.0007921994027508288, 0.0006113864870318837;
 -0.0007904078069663306, 0.9999954095678006, -0.00292508099464492;
 -0.0006137009279206228, 0.002924596285443081, 0.9999955350439012]
2020/03/08 15:38:05 038201	INFO [input.cpp->run:256]	frame times (ms): 51.179
2020/03/08 15:38:05 038203	INFO [input.cpp->run:257]	FPS: 19.5393
2020/03/08 15:38:05 131825	INFO [input.cpp->run:173]	
frame_id 40
2020/03/08 15:38:05 162255	INFO [input.cpp->run:235]	rotation: 
[0.9999995153973973, 0.0001504681390030326, 0.0009729153662116481;
 -0.0001527778531072941, 0.9999971694970263, 0.002374375046851318;
 -0.000972555344577216, -0.002374522536143896, 0.9999967078839945]
2020/03/08 15:38:05 162282	INFO [input.cpp->run:256]	frame times (ms): 55.824
2020/03/08 15:38:05 162285	INFO [input.cpp->run:257]	FPS: 17.9134
2020/03/08 15:38:05 250987	INFO [input.cpp->run:173]	
frame_id 41
2020/03/08 15:38:05 289343	INFO [input.cpp->run:235]	rotation: 
[0.9999985007124992, 0.001710893605372662, -0.0002672373942607998;
 -0.001708896487551918, 0.9999718745685203, 0.007302721733311745;
 0.0002797240580091177, -0.007302254103387934, 0.9999732990632605]
2020/03/08 15:38:05 289375	INFO [input.cpp->run:256]	frame times (ms): 74.175
2020/03/08 15:38:05 289378	INFO [input.cpp->run:257]	FPS: 13.4816
2020/03/08 15:38:05 378404	INFO [input.cpp->run:173]	
frame_id 42
2020/03/08 15:38:05 423963	INFO [input.cpp->run:235]	rotation: 
[0.9999998098471078, 0.0005209068610438294, 0.0003300936084861825;
 -0.0005240241850512448, 0.9999545930039858, 0.009515110555664329;
 -0.0003251221335549816, -0.009515281723372715, 0.9999546758275213]
2020/03/08 15:38:05 423998	INFO [input.cpp->run:256]	frame times (ms): 80.214
2020/03/08 15:38:05 424001	INFO [input.cpp->run:257]	FPS: 12.4667
2020/03/08 15:38:05 498648	INFO [input.cpp->run:173]	
frame_id 43
2020/03/08 15:38:05 526618	INFO [input.cpp->run:235]	rotation: 
[0.9999988120460395, -0.001539394226505922, 7.85616010453286e-05;
 0.001538930756772496, 0.9999831747269871, 0.005593027361089993;
 -8.717015325329427e-05, -0.005592899815966839, 0.9999843558141361]
2020/03/08 15:38:05 526647	INFO [input.cpp->run:256]	frame times (ms): 48.075
2020/03/08 15:38:05 526649	INFO [input.cpp->run:257]	FPS: 20.8008
2020/03/08 15:38:05 618096	INFO [input.cpp->run:173]	
frame_id 44
2020/03/08 15:38:05 653989	INFO [input.cpp->run:235]	rotation: 
[0.9999938873465505, -0.003491080697283094, -0.0001939719042944083;
 0.003490851161547742, 0.9999932209327137, -0.001171344007906622;
 0.0001980598458016985, 0.001170659720839218, 0.9999992951638094]
2020/03/08 15:38:05 654026	INFO [input.cpp->run:256]	frame times (ms): 71.418
2020/03/08 15:38:05 654029	INFO [input.cpp->run:257]	FPS: 14.0021
2020/03/08 15:38:05 753792	INFO [input.cpp->run:173]	
frame_id 45
2020/03/08 15:38:05 785309	INFO [input.cpp->run:235]	rotation: 
[0.9999980920408924, 0.001945292491616959, 0.0001781900587561749;
 -0.001944069125542532, 0.9999761577829774, -0.006626044131223844;
 -0.0001910754042077151, 0.006625685075210889, 0.9999780316524328]
2020/03/08 15:38:05 785336	INFO [input.cpp->run:256]	frame times (ms): 59.396
2020/03/08 15:38:05 785339	INFO [input.cpp->run:257]	FPS: 16.8362
2020/03/08 15:38:05 889231	INFO [input.cpp->run:173]	
frame_id 46
2020/03/08 15:38:05 913840	INFO [input.cpp->run:235]	rotation: 
[0.9999961031363451, 0.002780201833894856, 0.0002533572320212178;
 -0.002778206491454762, 0.9999675467050623, -0.007562215637620575;
 -0.0002743734955282635, 0.007561482289990647, 0.999971373942656]
2020/03/08 15:38:05 913861	INFO [input.cpp->run:256]	frame times (ms): 46.359
2020/03/08 15:38:05 913863	INFO [input.cpp->run:257]	FPS: 21.5708
2020/03/08 15:38:06 009285	INFO [input.cpp->run:173]	
frame_id 47
2020/03/08 15:38:06 036516	INFO [input.cpp->run:235]	rotation: 
[0.9999996917963713, 0.0005646857877521468, 0.0005454696357331608;
 -0.0005619331241013238, 0.9999871742223274, -0.005033450308544094;
 -0.0005483049575134773, 0.005033142239759934, 0.9999871833383005]
2020/03/08 15:38:06 036543	INFO [input.cpp->run:256]	frame times (ms): 51.038
2020/03/08 15:38:06 036545	INFO [input.cpp->run:257]	FPS: 19.5932
2020/03/08 15:38:06 146421	INFO [input.cpp->run:173]	
frame_id 48
2020/03/08 15:38:06 182180	INFO [input.cpp->run:235]	rotation: 
[0.999998960647378, -0.001441756914876588, -6.41577065129785e-06;
 0.001441730392751908, 0.9999942393080811, -0.003072908089578648;
 1.084612017894993e-05, 0.003072895645932027, 0.9999952785862096]
2020/03/08 15:38:06 182213	INFO [input.cpp->run:256]	frame times (ms): 69.17
2020/03/08 15:38:06 182218	INFO [input.cpp->run:257]	FPS: 14.4571
2020/03/08 15:38:06 282728	INFO [input.cpp->run:173]	
frame_id 49
2020/03/08 15:38:06 306175	INFO [input.cpp->run:235]	rotation: 
[0.999992971146948, 0.002334604336613118, 0.002933816505979285;
 -0.002325659333521708, 0.9999926484863725, -0.003048652468649899;
 -0.002940912335261397, 0.00304180798237972, 0.9999910491793588]
2020/03/08 15:38:06 306201	INFO [input.cpp->run:256]	frame times (ms): 44.728
2020/03/08 15:38:06 306203	INFO [input.cpp->run:257]	FPS: 22.3574
g3log g3FileSink shutdown at: 15:38:06 545231
