		g3log created log at: Mon Mar 09 15:49:53 2020
		LOG format: [YYYY/MM/DD hh:mm:ss uuu* LEVEL FILE->FUNCTION:LINE] message		(uuu*: microseconds fractions of the seconds value)

2020/03/09 15:49:53 173605	INFO [g3logger.h->logBanner:29]	Starting log.
2020/03/09 15:49:53 177289	DEBUG [main.cpp->main:48]	Filepath: /home/mitchell/KITTI/data_odometry_gray/dataset/sequences/00/
2020/03/09 15:49:53 177293	DEBUG [main.cpp->main:52]	Calibration Filepath: /home/mitchell/visual_odom_catkin_ws/tank_downsized.yaml
2020/03/09 15:49:53 177412	INFO [main.cpp->main:66]	P_left: 
[409.41, 0, 251.22, 0;
 0, 408.72, 191.78999, 0;
 0, 0, 1, 0]
2020/03/09 15:49:53 177424	INFO [main.cpp->main:67]	P_right: 
[409.41, 0, 251.22, -73.940002;
 0, 408.72, 191.78999, 0;
 0, 0, 1, 0]
2020/03/09 15:49:53 328674	INFO [input.cpp->Input:22]	frame_pose [1, 0, 0, 0;
 0, 1, 0, 0;
 0, 0, 1, 0;
 0, 0, 0, 1]
2020/03/09 15:49:56 279720	INFO [input.cpp->run:173]	
frame_id 1
2020/03/09 15:49:56 363918	WARNING [visualOdometry.cpp->trackingFrame2Frame:179]	The Estimated Rotation and translation matrices(using getTransformation function) are : 
    0.99998 -0.00564343  0.00268758   0.0186105
 0.00563252    0.999976  0.00398943  0.00275551
-0.00271002 -0.00397422    0.999989   0.0117704
          0           0           0           1
2020/03/09 15:49:56 369358	INFO [input.cpp->run:235]	rotation: 
[0.9999803304672241, -0.00564342737197876, 0.002687577158212662;
 0.005632519721984863, 0.9999762773513794, 0.003989432938396931;
 -0.002710018306970596, -0.003974216058850288, 0.9999885559082031]
2020/03/09 15:49:56 369517	INFO [input.cpp->run:256]	frame times (ms): 192.831
2020/03/09 15:49:56 369525	INFO [input.cpp->run:257]	FPS: 5.18589
2020/03/09 15:49:56 411482	INFO [input.cpp->run:173]	
frame_id 2
2020/03/09 15:49:56 436319	WARNING [visualOdometry.cpp->trackingFrame2Frame:179]	The Estimated Rotation and translation matrices(using getTransformation function) are : 
   0.999979 -0.00629573 -0.00128856  0.00600448
 0.00629854    0.999978  0.00222549   0.0040839
 0.00127453  -0.0022336    0.999997  4.1008e-05
          0           0           0           1
2020/03/09 15:49:56 437591	INFO [input.cpp->run:235]	rotation: 
[0.9999793171882629, -0.006295725703239441, -0.001288563013076782;
 0.006298542022705078, 0.9999778270721436, 0.002225492615252733;
 0.001274531707167625, -0.002233595587313175, 0.9999968409538269]
2020/03/09 15:49:56 437652	INFO [input.cpp->run:256]	frame times (ms): 151.986
2020/03/09 15:49:56 437657	INFO [input.cpp->run:257]	FPS: 6.57955
2020/03/09 15:49:56 545367	INFO [input.cpp->run:173]	
frame_id 3
2020/03/09 15:49:56 584665	WARNING [visualOdometry.cpp->trackingFrame2Frame:179]	The Estimated Rotation and translation matrices(using getTransformation function) are : 
    0.999985  -0.00526744   -0.0018589   0.00591305
  0.00526878     0.999986   0.00070908   0.00232335
  0.00185512 -0.000718887     0.999998   0.00016731
           0            0            0            1
2020/03/09 15:49:56 586336	INFO [input.cpp->run:235]	rotation: 
[0.9999846220016479, -0.005267441272735596, -0.001858897507190704;
 0.005268782377243042, 0.9999860525131226, 0.0007090801373124123;
 0.001855123788118362, -0.0007188869640231133, 0.9999979734420776]
2020/03/09 15:49:56 586394	INFO [input.cpp->run:256]	frame times (ms): 155.701
2020/03/09 15:49:56 586400	INFO [input.cpp->run:257]	FPS: 6.42257
2020/03/09 15:49:56 675901	INFO [input.cpp->run:173]	
frame_id 4
2020/03/09 15:49:56 710953	WARNING [visualOdometry.cpp->trackingFrame2Frame:179]	The Estimated Rotation and translation matrices(using getTransformation function) are : 
     0.99998  -0.00577202  -0.00252815    0.0060021
  0.00577158     0.999983 -0.000215055   0.00162483
  0.00252934  0.000200434     0.999997  0.000974596
           0            0            0            1
2020/03/09 15:49:56 713638	INFO [input.cpp->run:235]	rotation: 
[0.999980092048645, -0.005772024393081665, -0.002528149634599686;
 0.00577157735824585, 0.9999833106994629, -0.0002150554209947586;
 0.002529341727495193, 0.0002004336565732956, 0.999996542930603]
2020/03/09 15:49:56 713689	INFO [input.cpp->run:256]	frame times (ms): 175.24
2020/03/09 15:49:56 713695	INFO [input.cpp->run:257]	FPS: 5.70646
2020/03/09 15:49:56 810872	INFO [input.cpp->run:173]	
frame_id 5
2020/03/09 15:49:56 847412	WARNING [visualOdometry.cpp->trackingFrame2Frame:179]	The Estimated Rotation and translation matrices(using getTransformation function) are : 
   0.999988 -0.00394744 -0.00305952  0.00543419
 0.00393879    0.999988 -0.00282835 -0.00090497
 0.00307064  0.00281628    0.999992  0.00122547
          0           0           0           1
2020/03/09 15:49:56 848782	INFO [input.cpp->run:235]	rotation: 
[0.9999876022338867, -0.003947436809539795, -0.003059521317481995;
 0.003938794136047363, 0.9999883770942688, -0.002828348428010941;
 0.003070637583732605, 0.002816278487443924, 0.9999915361404419]
2020/03/09 15:49:56 848848	INFO [input.cpp->run:256]	frame times (ms): 173.055
2020/03/09 15:49:56 848854	INFO [input.cpp->run:257]	FPS: 5.77851
2020/03/09 15:49:56 943981	INFO [input.cpp->run:173]	
frame_id 6
2020/03/09 15:49:56 970090	WARNING [visualOdometry.cpp->trackingFrame2Frame:179]	The Estimated Rotation and translation matrices(using getTransformation function) are : 
   0.999953 -0.00942785 -0.00211909  0.00635958
 0.00943622    0.999947  0.00399404  0.00740042
 0.00208133 -0.00401383     0.99999 0.000660777
          0           0           0           1
2020/03/09 15:49:56 971471	INFO [input.cpp->run:235]	rotation: 
[0.9999533891677856, -0.009427845478057861, -0.002119090408086777;
 0.009436219930648804, 0.9999474287033081, 0.003994040191173553;
 0.002081334590911865, -0.004013828933238983, 0.9999896287918091]
2020/03/09 15:49:56 971509	INFO [input.cpp->run:256]	frame times (ms): 142.379
2020/03/09 15:49:56 971513	INFO [input.cpp->run:257]	FPS: 7.02351
2020/03/09 15:49:57 076487	INFO [input.cpp->run:173]	
frame_id 7
2020/03/09 15:49:57 106752	WARNING [visualOdometry.cpp->trackingFrame2Frame:179]	The Estimated Rotation and translation matrices(using getTransformation function) are : 
    0.999978  -0.00593843  -0.00294277   0.00498211
  0.00593778     0.999982 -0.000223145   0.00187793
  0.00294404  0.000205643     0.999996  0.000327289
           0            0            0            1
2020/03/09 15:49:57 108262	INFO [input.cpp->run:235]	rotation: 
[0.9999783039093018, -0.005938425660133362, -0.002942769788205624;
 0.005937784910202026, 0.999982476234436, -0.0002231448888778687;
 0.002944036386907101, 0.0002056434750556946, 0.9999958276748657]
2020/03/09 15:49:57 108332	INFO [input.cpp->run:256]	frame times (ms): 153.393
2020/03/09 15:49:57 108337	INFO [input.cpp->run:257]	FPS: 6.5192
2020/03/09 15:49:57 211667	INFO [input.cpp->run:173]	
frame_id 8
2020/03/09 15:49:57 239673	WARNING [visualOdometry.cpp->trackingFrame2Frame:179]	The Estimated Rotation and translation matrices(using getTransformation function) are : 
   0.999938 -0.00967291 -0.00555208  0.00297183
 0.00969282    0.999947   0.0035833  0.00715345
 0.00551712 -0.00363691    0.999978  0.00186312
          0           0           0           1
2020/03/09 15:49:57 241151	INFO [input.cpp->run:235]	rotation: 
[0.9999378323554993, -0.00967290997505188, -0.005552075803279877;
 0.00969281792640686, 0.999946653842926, 0.003583304584026337;
 0.005517121404409409, -0.003636911511421204, 0.999978244304657]
2020/03/09 15:49:57 241231	INFO [input.cpp->run:256]	frame times (ms): 165.018
2020/03/09 15:49:57 241236	INFO [input.cpp->run:257]	FPS: 6.05994
2020/03/09 15:49:57 345755	INFO [input.cpp->run:173]	
frame_id 9
2020/03/09 15:49:57 370802	WARNING [visualOdometry.cpp->trackingFrame2Frame:179]	The Estimated Rotation and translation matrices(using getTransformation function) are : 
    0.999988  -0.00277224   -0.0038736   0.00441217
  0.00276378     0.999994  -0.00218764 -0.000946296
  0.00387965   0.00217693      0.99999   0.00094837
           0            0            0            1
2020/03/09 15:49:57 372153	INFO [input.cpp->run:235]	rotation: 
[0.9999884963035583, -0.002772241830825806, -0.003873599693179131;
 0.0027637779712677, 0.999993622303009, -0.002187639474868774;
 0.003879647701978683, 0.002176932990550995, 0.9999900460243225]
2020/03/09 15:49:57 372210	INFO [input.cpp->run:256]	frame times (ms): 166.137
2020/03/09 15:49:57 372216	INFO [input.cpp->run:257]	FPS: 6.01913
2020/03/09 15:49:57 476925	INFO [input.cpp->run:173]	
frame_id 10
2020/03/09 15:49:57 504126	WARNING [visualOdometry.cpp->trackingFrame2Frame:179]	The Estimated Rotation and translation matrices(using getTransformation function) are : 
    0.999989  -0.00459078 -0.000807004   0.00649977
     0.00459     0.999989 -0.000869334  0.000720128
 0.000810983  0.000865623     0.999999 -0.000469506
           0            0            0            1
2020/03/09 15:49:57 505507	INFO [input.cpp->run:235]	rotation: 
[0.9999894499778748, -0.004590779542922974, -0.0008070040494203568;
 0.004590004682540894, 0.9999891519546509, -0.0008693337440490723;
 0.0008109826594591141, 0.0008656233549118042, 0.9999992251396179]
2020/03/09 15:49:57 505572	INFO [input.cpp->run:256]	frame times (ms): 157.14
2020/03/09 15:49:57 505578	INFO [input.cpp->run:257]	FPS: 6.36375
2020/03/09 15:49:57 610282	INFO [input.cpp->run:173]	
frame_id 11
2020/03/09 15:49:57 640026	WARNING [visualOdometry.cpp->trackingFrame2Frame:179]	The Estimated Rotation and translation matrices(using getTransformation function) are : 
   0.999976 -0.00307243  -0.0061875  0.00284082
 0.00305507    0.999991 -0.00283445  -0.0011684
  0.0061965  0.00281554    0.999977  0.00228322
          0           0           0           1
2020/03/09 15:49:57 641611	INFO [input.cpp->run:235]	rotation: 
[0.9999762773513794, -0.00307243037968874, -0.006187498569488525;
 0.003055070526897907, 0.9999912977218628, -0.002834448590874672;
 0.006196498870849609, 0.002815536223351955, 0.9999769330024719]
2020/03/09 15:49:57 641691	INFO [input.cpp->run:256]	frame times (ms): 183.674
2020/03/09 15:49:57 641699	INFO [input.cpp->run:257]	FPS: 5.44443
2020/03/09 15:49:57 744101	INFO [input.cpp->run:173]	
frame_id 12
2020/03/09 15:49:57 772198	WARNING [visualOdometry.cpp->trackingFrame2Frame:179]	The Estimated Rotation and translation matrices(using getTransformation function) are : 
    0.999992  -0.00292504  -0.00264956   0.00573465
  0.00292003     0.999994  -0.00178409 -0.000623789
  0.00265478   0.00177635     0.999995  0.000581622
           0            0            0            1
2020/03/09 15:49:57 773581	INFO [input.cpp->run:235]	rotation: 
[0.999992311000824, -0.00292503833770752, -0.002649556845426559;
 0.002920031547546387, 0.999994158744812, -0.001784086227416992;
 0.002654783427715302, 0.001776352524757385, 0.9999949932098389]
2020/03/09 15:49:57 773641	INFO [input.cpp->run:256]	frame times (ms): 164.224
2020/03/09 15:49:57 773645	INFO [input.cpp->run:257]	FPS: 6.08924
2020/03/09 15:49:57 876180	INFO [input.cpp->run:173]	
frame_id 13
2020/03/09 15:49:57 904519	WARNING [visualOdometry.cpp->trackingFrame2Frame:179]	The Estimated Rotation and translation matrices(using getTransformation function) are : 
    0.99997 -0.00633681 -0.00443095  0.00460786
 0.00635347    0.999973  0.00376889  0.00500447
 0.00440695 -0.00379696    0.999983  0.00163245
          0           0           0           1
2020/03/09 15:49:57 906061	INFO [input.cpp->run:235]	rotation: 
[0.9999703168869019, -0.006336808204650879, -0.004430953413248062;
 0.006353467702865601, 0.9999730587005615, 0.003768887370824814;
 0.004406947642564774, -0.003796957433223724, 0.9999830722808838]
2020/03/09 15:49:57 906121	INFO [input.cpp->run:256]	frame times (ms): 160.279
2020/03/09 15:49:57 906125	INFO [input.cpp->run:257]	FPS: 6.23912
2020/03/09 15:49:58 011460	INFO [input.cpp->run:173]	
frame_id 14
2020/03/09 15:49:58 039716	WARNING [visualOdometry.cpp->trackingFrame2Frame:179]	The Estimated Rotation and translation matrices(using getTransformation function) are : 
    0.999991  -0.00391972  -0.00144798   0.00620583
  0.00391725     0.999991   -0.0015931 -0.000252828
  0.00145423   0.00158744     0.999998  0.000177801
           0            0            0            1
2020/03/09 15:49:58 041136	INFO [input.cpp->run:235]	rotation: 
[0.9999914169311523, -0.003919720649719238, -0.001447983086109161;
 0.00391724705696106, 0.9999911189079285, -0.001593098044395447;
 0.00145423412322998, 0.001587435603141785, 0.9999977350234985]
2020/03/09 15:49:58 041200	INFO [input.cpp->run:256]	frame times (ms): 168.192
2020/03/09 15:49:58 041205	INFO [input.cpp->run:257]	FPS: 5.94559
2020/03/09 15:49:58 143689	INFO [input.cpp->run:173]	
frame_id 15
2020/03/09 15:49:58 171366	WARNING [visualOdometry.cpp->trackingFrame2Frame:179]	The Estimated Rotation and translation matrices(using getTransformation function) are : 
    0.999988   -0.0030553  -0.00370834   0.00568497
  0.00305477     0.999995 -0.000198744  0.000360892
  0.00370894  0.000187397     0.999993    0.0017125
           0            0            0            1
2020/03/09 15:49:58 172779	INFO [input.cpp->run:235]	rotation: 
[0.9999882578849792, -0.003055304288864136, -0.003708336502313614;
 0.003054767847061157, 0.9999953508377075, -0.0001987442374229431;
 0.003708936274051666, 0.0001873970031738281, 0.9999930858612061]
2020/03/09 15:49:58 172839	INFO [input.cpp->run:256]	frame times (ms): 156.584
2020/03/09 15:49:58 172844	INFO [input.cpp->run:257]	FPS: 6.38635
2020/03/09 15:49:58 279709	INFO [input.cpp->run:173]	
frame_id 16
2020/03/09 15:49:58 308309	WARNING [visualOdometry.cpp->trackingFrame2Frame:179]	The Estimated Rotation and translation matrices(using getTransformation function) are : 
   0.999968 -0.00309552  -0.0074327  0.00225598
 0.00308834    0.999995 -0.00096029 0.000108799
 0.00743529 0.000937365    0.999972  0.00284737
          0           0           0           1
2020/03/09 15:49:58 309749	INFO [input.cpp->run:235]	rotation: 
[0.9999676942825317, -0.003095515072345734, -0.007432699203491211;
 0.003088340163230896, 0.9999950528144836, -0.0009602904319763184;
 0.00743529200553894, 0.0009373649954795837, 0.9999721050262451]
2020/03/09 15:49:58 309808	INFO [input.cpp->run:256]	frame times (ms): 167.689
2020/03/09 15:49:58 309824	INFO [input.cpp->run:257]	FPS: 5.96342
2020/03/09 15:49:58 411363	INFO [input.cpp->run:173]	
frame_id 17
2020/03/09 15:49:58 440847	WARNING [visualOdometry.cpp->trackingFrame2Frame:179]	The Estimated Rotation and translation matrices(using getTransformation function) are : 
    0.999982   -0.0048441  -0.00349095   0.00479066
  0.00484309     0.999988 -0.000310898   0.00167718
  0.00349239  0.000293948     0.999994   0.00121647
           0            0            0            1
2020/03/09 15:49:58 442271	INFO [input.cpp->run:235]	rotation: 
[0.9999823570251465, -0.004844099283218384, -0.003490950912237167;
 0.004843086004257202, 0.999988317489624, -0.0003108978271484375;
 0.003492388874292374, 0.0002939477562904358, 0.9999938607215881]
2020/03/09 15:49:58 442327	INFO [input.cpp->run:256]	frame times (ms): 176.467
2020/03/09 15:49:58 442331	INFO [input.cpp->run:257]	FPS: 5.66678
2020/03/09 15:49:58 543855	INFO [input.cpp->run:173]	
frame_id 18
2020/03/09 15:49:58 575151	WARNING [visualOdometry.cpp->trackingFrame2Frame:179]	The Estimated Rotation and translation matrices(using getTransformation function) are : 
    0.999976   -0.0047555  -0.00504325   0.00382274
  0.00475466     0.999989 -0.000134341   0.00175511
  0.00504382  0.000110373     0.999987   0.00230724
           0            0            0            1
2020/03/09 15:49:58 576624	INFO [input.cpp->run:235]	rotation: 
[0.9999763369560242, -0.004755496978759766, -0.005043249577283859;
 0.00475466251373291, 0.9999887347221375, -0.0001343414187431335;
 0.005043823271989822, 0.0001103729009628296, 0.9999873638153076]
2020/03/09 15:49:58 576687	INFO [input.cpp->run:256]	frame times (ms): 192.357
2020/03/09 15:49:58 576692	INFO [input.cpp->run:257]	FPS: 5.19867
2020/03/09 15:49:58 676612	INFO [input.cpp->run:173]	
frame_id 19
2020/03/09 15:49:58 709223	WARNING [visualOdometry.cpp->trackingFrame2Frame:179]	The Estimated Rotation and translation matrices(using getTransformation function) are : 
   0.999979  -0.0038431 -0.00528656  0.00330842
 0.00383747    0.999992 -0.00103495 0.000893952
  0.0052905  0.00101466    0.999986  0.00194961
          0           0           0           1
2020/03/09 15:49:58 710649	INFO [input.cpp->run:235]	rotation: 
[0.99997878074646, -0.003843098878860474, -0.005286559462547302;
 0.003837466239929199, 0.9999921917915344, -0.001034945249557495;
 0.005290500819683075, 0.001014664769172668, 0.9999857544898987]
2020/03/09 15:49:58 710706	INFO [input.cpp->run:256]	frame times (ms): 197.559
2020/03/09 15:49:58 710711	INFO [input.cpp->run:257]	FPS: 5.06178
2020/03/09 15:49:58 810161	INFO [input.cpp->run:173]	
frame_id 20
2020/03/09 15:49:58 843092	WARNING [visualOdometry.cpp->trackingFrame2Frame:179]	The Estimated Rotation and translation matrices(using getTransformation function) are : 
   0.999982 -0.00493503 -0.00346385  0.00481188
 0.00493896    0.999987  0.00123185  0.00279641
 0.00345773 -0.00124895    0.999993  0.00145161
          0           0           0           1
2020/03/09 15:49:58 844537	INFO [input.cpp->run:235]	rotation: 
[0.9999819993972778, -0.004935026168823242, -0.003463849425315857;
 0.004938960075378418, 0.9999872446060181, 0.001231849193572998;
 0.003457732498645782, -0.001248948276042938, 0.9999932050704956]
2020/03/09 15:49:58 844600	INFO [input.cpp->run:256]	frame times (ms): 191.286
2020/03/09 15:49:58 844604	INFO [input.cpp->run:257]	FPS: 5.22777
2020/03/09 15:49:58 942905	INFO [input.cpp->run:173]	
frame_id 21
2020/03/09 15:49:58 971892	WARNING [visualOdometry.cpp->trackingFrame2Frame:179]	The Estimated Rotation and translation matrices(using getTransformation function) are : 
   0.999966 -0.00216498 -0.00787562  -0.0414818
 0.00215048    0.999996 -0.00184787 -0.00223688
 0.00787973  0.00183089    0.999967  -0.0212783
          0           0           0           1
2020/03/09 15:49:58 973528	INFO [input.cpp->run:235]	rotation: 
[0.9999663829803467, -0.002164982259273529, -0.007875621318817139;
 0.002150479704141617, 0.9999957680702209, -0.001847870647907257;
 0.007879734039306641, 0.001830894500017166, 0.9999671578407288]
2020/03/09 15:49:58 973603	INFO [input.cpp->run:256]	frame times (ms): 180.595
2020/03/09 15:49:58 973609	INFO [input.cpp->run:257]	FPS: 5.53725
2020/03/09 15:49:59 079711	INFO [input.cpp->run:173]	
frame_id 22
2020/03/09 15:49:59 109058	WARNING [visualOdometry.cpp->trackingFrame2Frame:179]	The Estimated Rotation and translation matrices(using getTransformation function) are : 
    0.999991  -0.00394058  -0.00124723   0.00560021
  0.00393763      0.99999  -0.00227787 -4.26229e-05
   0.0012562   0.00227297     0.999997 -0.000216246
           0            0            0            1
2020/03/09 15:49:59 110508	INFO [input.cpp->run:235]	rotation: 
[0.9999914169311523, -0.003940582275390625, -0.001247227191925049;
 0.003937631845474243, 0.9999895095825195, -0.002277873456478119;
 0.001256197690963745, 0.002272970974445343, 0.9999966621398926]
2020/03/09 15:49:59 110575	INFO [input.cpp->run:256]	frame times (ms): 190.637
2020/03/09 15:49:59 110579	INFO [input.cpp->run:257]	FPS: 5.24557
2020/03/09 15:49:59 211708	INFO [input.cpp->run:173]	
frame_id 23
2020/03/09 15:49:59 240986	WARNING [visualOdometry.cpp->trackingFrame2Frame:179]	The Estimated Rotation and translation matrices(using getTransformation function) are : 
   0.999967 -0.00368616 -0.00726395  0.00227529
 0.00370353     0.99999  0.00235841  0.00219631
 0.00725517 -0.00238523    0.999971  0.00379825
          0           0           0           1
2020/03/09 15:49:59 242416	INFO [input.cpp->run:235]	rotation: 
[0.9999667406082153, -0.00368615984916687, -0.007263951003551483;
 0.003703534603118896, 0.9999902844429016, 0.002358414232730865;
 0.007255174219608307, -0.002385228872299194, 0.9999706149101257]
2020/03/09 15:49:59 242453	INFO [input.cpp->run:256]	frame times (ms): 196.847
2020/03/09 15:49:59 242455	INFO [input.cpp->run:257]	FPS: 5.08009
2020/03/09 15:49:59 345498	INFO [input.cpp->run:173]	
frame_id 24
2020/03/09 15:49:59 375648	WARNING [visualOdometry.cpp->trackingFrame2Frame:179]	The Estimated Rotation and translation matrices(using getTransformation function) are : 
    0.99998 -0.00521135 -0.00366083  0.00322676
 0.00521627    0.999985  0.00133608  0.00204898
 0.00365379 -0.00135516    0.999992  0.00085777
          0           0           0           1
2020/03/09 15:49:59 377225	INFO [input.cpp->run:235]	rotation: 
[0.9999798536300659, -0.005211353302001953, -0.003660827875137329;
 0.005216270685195923, 0.9999854564666748, 0.001336075365543365;
 0.003653787076473236, -0.001355163753032684, 0.9999923706054688]
2020/03/09 15:49:59 377291	INFO [input.cpp->run:256]	frame times (ms): 197.56
2020/03/09 15:49:59 377295	INFO [input.cpp->run:257]	FPS: 5.06175
2020/03/09 15:49:59 477045	INFO [input.cpp->run:173]	
frame_id 25
2020/03/09 15:49:59 509807	WARNING [visualOdometry.cpp->trackingFrame2Frame:179]	The Estimated Rotation and translation matrices(using getTransformation function) are : 
     0.99999  -0.00350277  -0.00292632    0.0037843
  0.00350107     0.999994 -0.000600642  0.000343474
   0.0029285  0.000590341     0.999996  0.000983536
           0            0            0            1
2020/03/09 15:49:59 511471	INFO [input.cpp->run:235]	rotation: 
[0.9999897480010986, -0.003502767533063889, -0.00292631983757019;
 0.00350106880068779, 0.9999938011169434, -0.000600641593337059;
 0.002928495407104492, 0.0005903411656618118, 0.9999957680702209]
2020/03/09 15:49:59 511519	INFO [input.cpp->run:256]	frame times (ms): 215.081
2020/03/09 15:49:59 511523	INFO [input.cpp->run:257]	FPS: 4.64941
2020/03/09 15:49:59 612144	INFO [input.cpp->run:173]	
frame_id 26
2020/03/09 15:49:59 648153	WARNING [visualOdometry.cpp->trackingFrame2Frame:179]	The Estimated Rotation and translation matrices(using getTransformation function) are : 
   0.999995 -0.00252879   -0.002045   0.0045867
 0.00252619    0.999996 -0.00112965 -0.00051579
 0.00204786  0.00112449    0.999997 0.000530064
          0           0           0           1
2020/03/09 15:49:59 649939	INFO [input.cpp->run:235]	rotation: 
[0.9999949932098389, -0.002528786659240723, -0.002044998109340668;
 0.002526193857192993, 0.9999964237213135, -0.001129649579524994;
 0.002047859132289886, 0.001124486327171326, 0.9999974966049194]
2020/03/09 15:49:59 650008	INFO [input.cpp->run:256]	frame times (ms): 207.736
2020/03/09 15:49:59 650013	INFO [input.cpp->run:257]	FPS: 4.8138
2020/03/09 15:49:59 744193	INFO [input.cpp->run:173]	
frame_id 27
2020/03/09 15:49:59 776649	WARNING [visualOdometry.cpp->trackingFrame2Frame:179]	The Estimated Rotation and translation matrices(using getTransformation function) are : 
    0.999991  -0.00288385  -0.00308103   0.00408077
  0.00288525     0.999996  0.000494458  0.000595263
  0.00307956 -0.000503376     0.999995   0.00162911
           0            0            0            1
2020/03/09 15:49:59 778241	INFO [input.cpp->run:235]	rotation: 
[0.9999911785125732, -0.002883851528167725, -0.003081031143665314;
 0.002885252237319946, 0.9999958276748657, 0.0004944577813148499;
 0.00307956337928772, -0.0005033761262893677, 0.9999949932098389]
2020/03/09 15:49:59 778310	INFO [input.cpp->run:256]	frame times (ms): 221.51
2020/03/09 15:49:59 778315	INFO [input.cpp->run:257]	FPS: 4.51447
2020/03/09 15:49:59 876770	INFO [input.cpp->run:173]	
frame_id 28
2020/03/09 15:49:59 907915	WARNING [visualOdometry.cpp->trackingFrame2Frame:179]	The Estimated Rotation and translation matrices(using getTransformation function) are : 
   0.999983 -0.00508785 -0.00291956  0.00331816
  0.0050936    0.999985  0.00200092  0.00278783
 0.00290933 -0.00201579    0.999994 0.000810146
          0           0           0           1
2020/03/09 15:49:59 909493	INFO [input.cpp->run:235]	rotation: 
[0.9999828338623047, -0.005087852478027344, -0.002919562160968781;
 0.005093604326248169, 0.9999851584434509, 0.002000920474529266;
 0.002909332513809204, -0.002015791833400726, 0.9999936819076538]
2020/03/09 15:49:59 909551	INFO [input.cpp->run:256]	frame times (ms): 228.241
2020/03/09 15:49:59 909556	INFO [input.cpp->run:257]	FPS: 4.38133
2020/03/09 15:50:00 011781	INFO [input.cpp->run:173]	
frame_id 29
2020/03/09 15:50:00 045894	WARNING [visualOdometry.cpp->trackingFrame2Frame:179]	The Estimated Rotation and translation matrices(using getTransformation function) are : 
    0.99999 -0.00358692 -0.00267653  0.00371471
 0.00358668    0.999994 -2.7163e-05 0.000867357
 0.00267661  1.7561e-05    0.999997 0.000878811
          0           0           0           1
2020/03/09 15:50:00 047639	INFO [input.cpp->run:235]	rotation: 
[0.9999904632568359, -0.003586918115615845, -0.002676527947187424;
 0.003586679697036743, 0.9999940395355225, -2.716295421123505e-05;
 0.002676613628864288, 1.756101846694946e-05, 0.9999967813491821]
2020/03/09 15:50:00 047714	INFO [input.cpp->run:256]	frame times (ms): 224.62
2020/03/09 15:50:00 047745	INFO [input.cpp->run:257]	FPS: 4.45196
2020/03/09 15:50:00 144311	INFO [input.cpp->run:173]	
frame_id 30
2020/03/09 15:50:00 178892	WARNING [visualOdometry.cpp->trackingFrame2Frame:179]	The Estimated Rotation and translation matrices(using getTransformation function) are : 
    0.999994  -0.00250033   -0.0025956   0.00339752
  0.00250255     0.999997  0.000860803   0.00053651
  0.00259325 -0.000867382     0.999997  0.000691473
           0            0            0            1
2020/03/09 15:50:00 180616	INFO [input.cpp->run:235]	rotation: 
[0.9999938011169434, -0.002500325441360474, -0.002595603466033936;
 0.002502545714378357, 0.9999969601631165, 0.0008608028292655945;
 0.002593249082565308, -0.0008673816919326782, 0.9999967813491821]
2020/03/09 15:50:00 180698	INFO [input.cpp->run:256]	frame times (ms): 243.365
2020/03/09 15:50:00 180702	INFO [input.cpp->run:257]	FPS: 4.10905
2020/03/09 15:50:00 278378	INFO [input.cpp->run:173]	
frame_id 31
2020/03/09 15:50:00 329629	WARNING [visualOdometry.cpp->trackingFrame2Frame:179]	The Estimated Rotation and translation matrices(using getTransformation function) are : 
   0.999982 -0.00388861 -0.00460036  0.00226116
 0.00389588    0.999991  0.00165633  0.00228767
 0.00459389 -0.00167421    0.999988  0.00195795
          0           0           0           1
2020/03/09 15:50:00 331148	INFO [input.cpp->run:235]	rotation: 
[0.9999819993972778, -0.003888607025146484, -0.004600364714860916;
 0.003895878791809082, 0.9999909400939941, 0.001656331121921539;
 0.004593886435031891, -0.001674212515354156, 0.9999881982803345]
2020/03/09 15:50:00 331238	INFO [input.cpp->run:256]	frame times (ms): 249.441
2020/03/09 15:50:00 331243	INFO [input.cpp->run:257]	FPS: 4.00896
2020/03/09 15:50:00 410556	INFO [input.cpp->run:173]	
frame_id 32
2020/03/09 15:50:00 476653	WARNING [visualOdometry.cpp->trackingFrame2Frame:179]	The Estimated Rotation and translation matrices(using getTransformation function) are : 
    0.999993  -0.00272301  -0.00272104   0.00310889
  0.00272289     0.999997 -6.23539e-05  0.000239213
  0.00272122  5.49182e-05     0.999997  0.000937283
           0            0            0            1
2020/03/09 15:50:00 479399	INFO [input.cpp->run:235]	rotation: 
[0.9999929666519165, -0.002723008394241333, -0.002721041440963745;
 0.002722889184951782, 0.9999966025352478, -6.235390901565552e-05;
 0.002721220254898071, 5.491822957992554e-05, 0.999996542930603]
2020/03/09 15:50:00 479490	INFO [input.cpp->run:256]	frame times (ms): 249.018
2020/03/09 15:50:00 479498	INFO [input.cpp->run:257]	FPS: 4.01577
2020/03/09 15:50:00 546751	INFO [input.cpp->run:173]	
frame_id 33
2020/03/09 15:50:00 582466	WARNING [visualOdometry.cpp->trackingFrame2Frame:179]	The Estimated Rotation and translation matrices(using getTransformation function) are : 
    0.999627  -0.00162729    0.0272643    0.0410122
  0.00191705     0.999942   -0.0106042  -0.00639935
  -0.0272455    0.0106525     0.999572 -0.000649631
           0            0            0            1
2020/03/09 15:50:00 584225	INFO [input.cpp->run:235]	rotation: 
[0.9996267557144165, -0.00162728875875473, 0.02726426720619202;
 0.001917053014039993, 0.999941885471344, -0.01060421392321587;
 -0.02724552154541016, 0.01065246388316154, 0.9995719790458679]
2020/03/09 15:50:00 584287	INFO [input.cpp->run:256]	frame times (ms): 257.25
2020/03/09 15:50:00 584292	INFO [input.cpp->run:257]	FPS: 3.88727
2020/03/09 15:50:00 679411	INFO [input.cpp->run:173]	
frame_id 34
2020/03/09 15:50:00 713742	WARNING [visualOdometry.cpp->trackingFrame2Frame:179]	The Estimated Rotation and translation matrices(using getTransformation function) are : 
    0.999993  -0.00311357  -0.00192261   0.00335342
   0.0031155     0.999995  0.000971518   0.00136326
  0.00191956 -0.000977509     0.999998  0.000492334
           0            0            0            1
2020/03/09 15:50:00 715255	INFO [input.cpp->run:235]	rotation: 
[0.9999934434890747, -0.00311356782913208, -0.001922614872455597;
 0.00311550498008728, 0.9999949932098389, 0.0009715184569358826;
 0.00191955640912056, -0.0009775087237358093, 0.9999980330467224]
2020/03/09 15:50:00 715322	INFO [input.cpp->run:256]	frame times (ms): 269.429
2020/03/09 15:50:00 715326	INFO [input.cpp->run:257]	FPS: 3.71155
2020/03/09 15:50:00 811374	INFO [input.cpp->run:173]	
frame_id 35
2020/03/09 15:50:00 845851	WARNING [visualOdometry.cpp->trackingFrame2Frame:179]	The Estimated Rotation and translation matrices(using getTransformation function) are : 
    0.999993  -0.00285551  -0.00266637   0.00313947
  0.00285658     0.999996  0.000355922  0.000756625
  0.00266533 -0.000363555     0.999997    0.0011512
           0            0            0            1
2020/03/09 15:50:00 847404	INFO [input.cpp->run:235]	rotation: 
[0.9999925494194031, -0.002855509519577026, -0.002666369080543518;
 0.002856582403182983, 0.9999960660934448, 0.0003559216856956482;
 0.002665325999259949, -0.0003635548055171967, 0.999996542930603]
2020/03/09 15:50:00 847469	INFO [input.cpp->run:256]	frame times (ms): 264.442
2020/03/09 15:50:00 847473	INFO [input.cpp->run:257]	FPS: 3.78155
2020/03/09 15:50:00 944401	INFO [input.cpp->run:173]	
frame_id 36
2020/03/09 15:50:00 978835	WARNING [visualOdometry.cpp->trackingFrame2Frame:179]	The Estimated Rotation and translation matrices(using getTransformation function) are : 
    0.999994   -0.0032277 -0.000930548   0.00631291
   0.0032282     0.999995  0.000543006   0.00143624
 0.000928879 -0.000546101     0.999999   0.00122523
           0            0            0            1
2020/03/09 15:50:00 980435	INFO [input.cpp->run:235]	rotation: 
[0.9999943375587463, -0.003227695822715759, -0.0009305477142333984;
 0.00322820246219635, 0.999994695186615, 0.0005430057644844055;
 0.0009288787841796875, -0.0005461014807224274, 0.9999994039535522]
2020/03/09 15:50:00 980507	INFO [input.cpp->run:256]	frame times (ms): 275.854
2020/03/09 15:50:00 980516	INFO [input.cpp->run:257]	FPS: 3.62511
2020/03/09 15:50:01 077814	INFO [input.cpp->run:173]	
frame_id 37
2020/03/09 15:50:01 110640	WARNING [visualOdometry.cpp->trackingFrame2Frame:179]	The Estimated Rotation and translation matrices(using getTransformation function) are : 
   0.999997 -0.00124856 -0.00209108  0.00395203
  0.0012542    0.999996   0.0027224  0.00081774
 0.00208759 -0.00272502    0.999994 0.000746429
          0           0           0           1
2020/03/09 15:50:01 112566	INFO [input.cpp->run:235]	rotation: 
[0.999997079372406, -0.001248560845851898, -0.002091079950332642;
 0.00125420093536377, 0.9999957680702209, 0.002722397446632385;
 0.002087593078613281, -0.002725016325712204, 0.999994158744812]
2020/03/09 15:50:01 112645	INFO [input.cpp->run:256]	frame times (ms): 277.691
2020/03/09 15:50:01 112650	INFO [input.cpp->run:257]	FPS: 3.60112
2020/03/09 15:50:01 211006	INFO [input.cpp->run:173]	
frame_id 38
2020/03/09 15:50:01 253464	WARNING [visualOdometry.cpp->trackingFrame2Frame:179]	The Estimated Rotation and translation matrices(using getTransformation function) are : 
   0.999996 -0.00229211 -0.00175866  0.00358212
 0.00229391    0.999997  0.00101306  0.00079162
 0.00175628 -0.00101705    0.999998 0.000767827
          0           0           0           1
2020/03/09 15:50:01 255455	INFO [input.cpp->run:235]	rotation: 
[0.9999958276748657, -0.00229211151599884, -0.001758664846420288;
 0.002293914556503296, 0.9999968409538269, 0.001013055443763733;
 0.001756280660629272, -0.001017048954963684, 0.9999979734420776]
2020/03/09 15:50:01 255514	INFO [input.cpp->run:256]	frame times (ms): 281.362
2020/03/09 15:50:01 255521	INFO [input.cpp->run:257]	FPS: 3.55414
2020/03/09 15:50:01 344188	INFO [input.cpp->run:173]	
frame_id 39
2020/03/09 15:50:01 382781	WARNING [visualOdometry.cpp->trackingFrame2Frame:179]	The Estimated Rotation and translation matrices(using getTransformation function) are : 
    0.999995  -0.00269897  -0.00160062   0.00345147
  0.00270052     0.999996  0.000971772  0.000818316
  0.00159794 -0.000976004     0.999999  0.000873208
           0            0            0            1
2020/03/09 15:50:01 384626	INFO [input.cpp->run:235]	rotation: 
[0.9999953508377075, -0.002698972821235657, -0.00160062313079834;
 0.002700522541999817, 0.9999959468841553, 0.000971771776676178;
 0.001597940921783447, -0.0009760037064552307, 0.9999985098838806]
2020/03/09 15:50:01 384679	INFO [input.cpp->run:256]	frame times (ms): 300.102
2020/03/09 15:50:01 384685	INFO [input.cpp->run:257]	FPS: 3.3322
2020/03/09 15:50:01 479810	INFO [input.cpp->run:173]	
frame_id 40
2020/03/09 15:50:01 517936	WARNING [visualOdometry.cpp->trackingFrame2Frame:179]	The Estimated Rotation and translation matrices(using getTransformation function) are : 
    0.999995  -0.00230601  -0.00201902    0.0018416
  0.00230682     0.999997  0.000409707 -0.000533979
  0.00201795 -0.000414334     0.999998  0.000486374
           0            0            0            1
2020/03/09 15:50:01 519900	INFO [input.cpp->run:235]	rotation: 
[0.9999951124191284, -0.0023060142993927, -0.002019017934799194;
 0.002306818962097168, 0.9999971985816956, 0.0004097074270248413;
 0.002017945051193237, -0.000414334237575531, 0.9999978542327881]
2020/03/09 15:50:01 519965	INFO [input.cpp->run:256]	frame times (ms): 342.385
2020/03/09 15:50:01 519968	INFO [input.cpp->run:257]	FPS: 2.92069
2020/03/09 15:50:01 612626	INFO [input.cpp->run:173]	
frame_id 41
2020/03/09 15:50:01 649988	WARNING [visualOdometry.cpp->trackingFrame2Frame:179]	The Estimated Rotation and translation matrices(using getTransformation function) are : 
    0.999996  -0.00202532  -0.00165695   0.00325239
    0.002027     0.999997  0.000994168  2.79751e-05
   0.0016551 -0.000997558     0.999998  0.000649869
           0            0            0            1
2020/03/09 15:50:01 651623	INFO [input.cpp->run:235]	rotation: 
[0.9999963045120239, -0.002025321125984192, -0.001656949520111084;
 0.002027004957199097, 0.9999971985816956, 0.000994168221950531;
 0.001655101776123047, -0.0009975582361221313, 0.9999979138374329]
2020/03/09 15:50:01 651672	INFO [input.cpp->run:256]	frame times (ms): 339.344
2020/03/09 15:50:01 651677	INFO [input.cpp->run:257]	FPS: 2.94686
2020/03/09 15:50:01 745615	INFO [input.cpp->run:173]	
frame_id 42
2020/03/09 15:50:01 782298	WARNING [visualOdometry.cpp->trackingFrame2Frame:179]	The Estimated Rotation and translation matrices(using getTransformation function) are : 
   0.999996  -0.0025546  -0.0010128  0.00840241
 0.00255571    0.999996  0.00110468  0.00114385
 0.00100982 -0.00110735    0.999999  0.00323695
          0           0           0           1
2020/03/09 15:50:01 783963	INFO [input.cpp->run:235]	rotation: 
[0.9999962449073792, -0.002554595470428467, -0.001012802124023438;
 0.002555713057518005, 0.9999963641166687, 0.001104682683944702;
 0.001009821891784668, -0.001107349991798401, 0.9999990463256836]
2020/03/09 15:50:01 784008	INFO [input.cpp->run:256]	frame times (ms): 310.145
2020/03/09 15:50:01 784018	INFO [input.cpp->run:257]	FPS: 3.2243
2020/03/09 15:50:01 879711	INFO [input.cpp->run:173]	
frame_id 43
2020/03/09 15:50:01 915496	WARNING [visualOdometry.cpp->trackingFrame2Frame:179]	The Estimated Rotation and translation matrices(using getTransformation function) are : 
    0.999996  -0.00298668 -0.000898749    0.0136949
  0.00298929     0.999992   0.00275307   0.00406803
 0.000890523  -0.00275574     0.999996    0.0069437
           0            0            0            1
2020/03/09 15:50:01 917189	INFO [input.cpp->run:235]	rotation: 
[0.9999955296516418, -0.002986684441566467, -0.0008987486362457275;
 0.002989292144775391, 0.9999919533729553, 0.002753071486949921;
 0.0008905231952667236, -0.002755738794803619, 0.9999960660934448]
2020/03/09 15:50:01 917236	INFO [input.cpp->run:256]	frame times (ms): 315.591
2020/03/09 15:50:01 917242	INFO [input.cpp->run:257]	FPS: 3.16866
2020/03/09 15:50:02 010113	INFO [input.cpp->run:173]	
frame_id 44
2020/03/09 15:50:02 047559	WARNING [visualOdometry.cpp->trackingFrame2Frame:179]	The Estimated Rotation and translation matrices(using getTransformation function) are : 
    0.999993 -0.000703476  -0.00359389   -0.0147928
 0.000709973     0.999998   0.00178771  -0.00248164
  0.00359279  -0.00179026     0.999992  -0.00842369
           0            0            0            1
2020/03/09 15:50:02 049067	INFO [input.cpp->run:235]	rotation: 
[0.9999932646751404, -0.0007034763693809509, -0.003593891859054565;
 0.0007099732756614685, 0.9999980330467224, 0.001787707209587097;
 0.003592789173126221, -0.001790255308151245, 0.9999918341636658]
2020/03/09 15:50:02 049118	INFO [input.cpp->run:256]	frame times (ms): 341.721
2020/03/09 15:50:02 049123	INFO [input.cpp->run:257]	FPS: 2.92636
2020/03/09 15:50:02 144367	INFO [input.cpp->run:173]	
frame_id 45
2020/03/09 15:50:02 186013	WARNING [visualOdometry.cpp->trackingFrame2Frame:179]	The Estimated Rotation and translation matrices(using getTransformation function) are : 
    0.999996  -0.00235917  -0.00141737    0.0027402
     0.00236     0.999997  0.000570439 -0.000112817
   0.0014163 -0.000573829     0.999999  0.000707448
           0            0            0            1
2020/03/09 15:50:02 187755	INFO [input.cpp->run:235]	rotation: 
[0.9999964237213135, -0.002359166741371155, -0.001417368650436401;
 0.00236000120639801, 0.9999973773956299, 0.0005704388022422791;
 0.001416295766830444, -0.0005738288164138794, 0.9999986886978149]
2020/03/09 15:50:02 187792	INFO [input.cpp->run:256]	frame times (ms): 350.312
2020/03/09 15:50:02 187795	INFO [input.cpp->run:257]	FPS: 2.8546
2020/03/09 15:50:02 278098	INFO [input.cpp->run:173]	
frame_id 46
2020/03/09 15:50:02 317571	WARNING [visualOdometry.cpp->trackingFrame2Frame:179]	The Estimated Rotation and translation matrices(using getTransformation function) are : 
    0.999996  -0.00257163 -0.000787854   0.00782943
  0.00257343     0.999994   0.00225738   0.00130566
 0.000782132  -0.00225928     0.999997   0.00298256
           0            0            0            1
2020/03/09 15:50:02 319180	INFO [input.cpp->run:235]	rotation: 
[0.9999964237213135, -0.002571627497673035, -0.0007878541946411133;
 0.00257343053817749, 0.9999940991401672, 0.002257376909255981;
 0.0007821321487426758, -0.002259276807308197, 0.9999971985816956]
2020/03/09 15:50:02 319243	INFO [input.cpp->run:256]	frame times (ms): 343.326
2020/03/09 15:50:02 319249	INFO [input.cpp->run:257]	FPS: 2.91268
2020/03/09 15:50:02 413289	INFO [input.cpp->run:173]	
frame_id 47
2020/03/09 15:50:02 450414	WARNING [visualOdometry.cpp->trackingFrame2Frame:179]	The Estimated Rotation and translation matrices(using getTransformation function) are : 
    0.999975  -0.00692974  0.000968903    0.0592965
