		g3log created log at: Mon Mar 09 15:40:34 2020
		LOG format: [YYYY/MM/DD hh:mm:ss uuu* LEVEL FILE->FUNCTION:LINE] message		(uuu*: microseconds fractions of the seconds value)

2020/03/09 15:40:34 771691	INFO [g3logger.h->logBanner:29]	Starting log.
2020/03/09 15:40:34 775673	DEBUG [main.cpp->main:48]	Filepath: /home/mitchell/KITTI/data_odometry_gray/dataset/sequences/00/
2020/03/09 15:40:34 775678	DEBUG [main.cpp->main:52]	Calibration Filepath: /home/mitchell/visual_odom_catkin_ws/tank_downsized.yaml
2020/03/09 15:40:34 775778	INFO [main.cpp->main:66]	P_left: 
[409.41, 0, 251.22, 0;
 0, 408.72, 191.78999, 0;
 0, 0, 1, 0]
2020/03/09 15:40:34 775789	INFO [main.cpp->main:67]	P_right: 
[409.41, 0, 251.22, -73.940002;
 0, 408.72, 191.78999, 0;
 0, 0, 1, 0]
2020/03/09 15:40:34 932424	INFO [input.cpp->Input:22]	frame_pose [1, 0, 0, 0;
 0, 1, 0, 0;
 0, 0, 1, 0;
 0, 0, 0, 1]
2020/03/09 15:40:35 370534	INFO [input.cpp->run:173]	
frame_id 1
2020/03/09 15:40:35 521864	INFO [input.cpp->run:235]	rotation: 
[0.9999943424951924, -0.002389669691018333, 0.002367373307213145;
 0.002422620346874447, 0.9998988506625034, -0.0140149689425172;
 -0.002333642702469017, 0.01402062489950573, 0.9998989829923643]
2020/03/09 15:40:35 521956	INFO [input.cpp->run:256]	frame times (ms): 601.83
2020/03/09 15:40:35 521961	INFO [input.cpp->run:257]	FPS: 1.6616
2020/03/09 15:40:35 533920	INFO [input.cpp->run:173]	
frame_id 2
2020/03/09 15:40:35 624362	INFO [input.cpp->run:235]	rotation: 
[-0.9720352794351838, -0.004906193045021723, -0.234783612722799;
 -0.01468124948705596, -0.9965564486516129, 0.08160701908772364;
 -0.2343755030861014, 0.08277181839666356, 0.968615996993879]
2020/03/09 15:40:35 624423	INFO [input.cpp->run:256]	frame times (ms): 609.254
2020/03/09 15:40:35 624428	INFO [input.cpp->run:257]	FPS: 1.64135
2020/03/09 15:40:35 636871	INFO [input.cpp->run:173]	
frame_id 3
2020/03/09 15:40:35 726799	INFO [input.cpp->run:235]	rotation: 
[0.9999711418266187, 0.006973647998917183, 0.00301392560552098;
 -0.006920889255532104, 0.999828553128786, -0.01717456375896825;
 -0.003133178239595847, 0.01715320908708932, 0.9998479637485559]
2020/03/09 15:40:35 726861	INFO [input.cpp->run:256]	frame times (ms): 586.285
2020/03/09 15:40:35 726863	INFO [input.cpp->run:257]	FPS: 1.70566
2020/03/09 15:40:35 770220	INFO [input.cpp->run:173]	
frame_id 4
2020/03/09 15:40:35 858431	INFO [input.cpp->run:235]	rotation: 
[0.9999944909443621, -0.002550902694443872, 0.002123905922941095;
 0.002579828766756037, 0.9999024138464663, -0.0137297948835519;
 -0.002088675288368994, 0.01373519855894587, 0.9999034862205882]
2020/03/09 15:40:35 858505	INFO [input.cpp->run:256]	frame times (ms): 597.279
2020/03/09 15:40:35 858511	INFO [input.cpp->run:257]	FPS: 1.67426
2020/03/09 15:40:35 902472	INFO [input.cpp->run:173]	
frame_id 5
2020/03/09 15:40:36 035382	INFO [input.cpp->run:235]	rotation: 
[0.9999755551955175, -0.003538576233681985, 0.006030546381123206;
 0.003652034303472172, 0.9998145597147527, -0.0189079038457842;
 -0.005962521015704657, 0.01892946540802406, 0.9998030424451126]
2020/03/09 15:40:36 035439	INFO [input.cpp->run:256]	frame times (ms): 620.091
2020/03/09 15:40:36 035444	INFO [input.cpp->run:257]	FPS: 1.61267
2020/03/09 15:40:36 041850	INFO [input.cpp->run:173]	
frame_id 6
2020/03/09 15:40:36 123901	INFO [input.cpp->run:235]	rotation: 
[0.9999970763959843, -0.001808618845089143, 0.001605022540993809;
 0.001828270978743474, 0.9999223317342872, -0.01232833826167833;
 -0.001582600616767915, 0.01233123663463101, 0.9999227150026888]
2020/03/09 15:40:36 123977	INFO [input.cpp->run:256]	frame times (ms): 593.928
2020/03/09 15:40:36 123984	INFO [input.cpp->run:257]	FPS: 1.68371
2020/03/09 15:40:36 170982	INFO [input.cpp->run:173]	
frame_id 7
2020/03/09 15:40:36 256452	INFO [input.cpp->run:235]	rotation: 
[-0.9393036114182844, -0.02023339492913584, -0.3424899054077507;
 -0.02475699072051594, -0.9916598564712343, 0.1264824907800097;
 -0.3421926606270694, 0.1272844797808931, 0.9309687665114631]
2020/03/09 15:40:36 256511	INFO [input.cpp->run:256]	frame times (ms): 582.753
2020/03/09 15:40:36 256522	INFO [input.cpp->run:257]	FPS: 1.71599
2020/03/09 15:40:36 305223	INFO [input.cpp->run:173]	
frame_id 8
2020/03/09 15:40:36 393883	INFO [input.cpp->run:235]	rotation: 
[-0.9469946489618695, -0.03148773714993094, -0.319702451111596;
 -0.03573860869211825, -0.9786810251277515, 0.2022528192724276;
 -0.3192552062008343, 0.2029580583866293, 0.9256803659198956]
2020/03/09 15:40:36 393948	INFO [input.cpp->run:256]	frame times (ms): 609.007
2020/03/09 15:40:36 393954	INFO [input.cpp->run:257]	FPS: 1.64202
2020/03/09 15:40:36 440001	INFO [input.cpp->run:173]	
frame_id 9
2020/03/09 15:40:36 523979	INFO [input.cpp->run:235]	rotation: 
[-0.9722855253147641, -0.009087619517625161, -0.2336199315873886;
 -0.01722008939699039, -0.9937466076566345, 0.1103229273183536;
 -0.2331615872834823, 0.1112883414488416, 0.9660489528346963]
2020/03/09 15:40:36 524040	INFO [input.cpp->run:256]	frame times (ms): 593.317
2020/03/09 15:40:36 524045	INFO [input.cpp->run:257]	FPS: 1.68544
2020/03/09 15:40:36 571441	INFO [input.cpp->run:173]	
frame_id 10
2020/03/09 15:40:36 652024	INFO [input.cpp->run:235]	rotation: 
[-0.973235017248115, -0.01537856780886029, -0.2292969708788355;
 -0.01202588269137112, -0.9929833971052208, 0.1176407719239751;
 -0.2294972316773225, 0.1172496171657871, 0.9662212727563604]
2020/03/09 15:40:36 652100	INFO [input.cpp->run:256]	frame times (ms): 599.523
2020/03/09 15:40:36 652105	INFO [input.cpp->run:257]	FPS: 1.66799
2020/03/09 15:40:36 705250	INFO [input.cpp->run:173]	
frame_id 11
2020/03/09 15:40:36 786914	INFO [input.cpp->run:235]	rotation: 
[-0.9875204415449411, -0.01036086460523868, -0.1571497057442886;
 -0.00960883134517241, -0.9920110433866398, 0.1257845783835613;
 -0.1571974805493543, 0.125724867403319, 0.9795316277820502]
2020/03/09 15:40:36 786980	INFO [input.cpp->run:256]	frame times (ms): 607.888
2020/03/09 15:40:36 786983	INFO [input.cpp->run:257]	FPS: 1.64504
2020/03/09 15:40:36 838421	INFO [input.cpp->run:173]	
frame_id 12
2020/03/09 15:40:36 915446	INFO [input.cpp->run:235]	rotation: 
[-0.9862298667811825, -0.01056739864442275, -0.1650423580619862;
 -0.01031218687008029, -0.9920850837410724, 0.1251432995426679;
 -0.1650585007526954, 0.1251220072743369, 0.9783149669840046]
2020/03/09 15:40:36 915502	INFO [input.cpp->run:256]	frame times (ms): 586.525
2020/03/09 15:40:36 915507	INFO [input.cpp->run:257]	FPS: 1.70496
2020/03/09 15:40:36 971991	INFO [input.cpp->run:173]	
frame_id 13
2020/03/09 15:40:37 051931	INFO [input.cpp->run:235]	rotation: 
[0.9999965115203605, -0.001142914773012552, 0.00238132167737152;
 0.001171443470681453, 0.9999271497979011, -0.01201344318839653;
 -0.002367417855911295, 0.01201619086347511, 0.9999250004324465]
2020/03/09 15:40:37 051994	INFO [input.cpp->run:256]	frame times (ms): 591.631
2020/03/09 15:40:37 051999	INFO [input.cpp->run:257]	FPS: 1.69024
2020/03/09 15:40:37 105881	INFO [input.cpp->run:173]	
frame_id 14
2020/03/09 15:40:37 196026	INFO [input.cpp->run:235]	rotation: 
[-0.9425249220296674, -0.01176019170901715, -0.3339288385928003;
 -0.01585899711979848, -0.996679664050424, 0.07986325487161312;
 -0.3337592898532168, 0.0805688845603635, 0.9392089178012391]
2020/03/09 15:40:37 196088	INFO [input.cpp->run:256]	frame times (ms): 622.288
2020/03/09 15:40:37 196091	INFO [input.cpp->run:257]	FPS: 1.60697
2020/03/09 15:40:37 238815	INFO [input.cpp->run:173]	
frame_id 15
2020/03/09 15:40:37 318218	INFO [input.cpp->run:235]	rotation: 
[-0.9856586991279227, -0.006758406722235587, -0.1686156955091311;
 -0.01081057666939261, -0.9946163754894108, 0.103060162237319;
 -0.1684044544111774, 0.1034049783467129, 0.9802792205221891]
2020/03/09 15:40:37 318286	INFO [input.cpp->run:256]	frame times (ms): 615.153
2020/03/09 15:40:37 318291	INFO [input.cpp->run:257]	FPS: 1.62561
2020/03/09 15:40:37 372430	INFO [input.cpp->run:173]	
frame_id 16
2020/03/09 15:40:37 451808	INFO [input.cpp->run:235]	rotation: 
[-0.9859750193897331, 0.005346061686983236, -0.1668073162779574;
 -0.01259313069089789, -0.9990205698086784, 0.04241832338206716;
 -0.1664171691828026, 0.04392403355319989, 0.9850766493413594]
2020/03/09 15:40:37 451882	INFO [input.cpp->run:256]	frame times (ms): 608.251
2020/03/09 15:40:37 451889	INFO [input.cpp->run:257]	FPS: 1.64406
2020/03/09 15:40:37 506613	INFO [input.cpp->run:173]	
frame_id 17
2020/03/09 15:40:37 585719	INFO [input.cpp->run:235]	rotation: 
[-0.9375923196470879, -0.02617241412855849, -0.3467501216690142;
 -0.02994416523790457, -0.9873828633662057, 0.1554941416869385;
 -0.3464447850769268, 0.1561732559353101, 0.9249788781499642]
2020/03/09 15:40:37 585801	INFO [input.cpp->run:256]	frame times (ms): 595.318
2020/03/09 15:40:37 585807	INFO [input.cpp->run:257]	FPS: 1.67977
2020/03/09 15:40:37 639817	INFO [input.cpp->run:173]	
frame_id 18
2020/03/09 15:40:37 724296	INFO [input.cpp->run:235]	rotation: 
[0.9999945752611344, 0.003282463138755441, 0.0002736494948709416;
 -0.003280248825560777, 0.9999647153226592, -0.007733568213674736;
 -0.0002990249918292487, 0.007732628622652512, 0.9999700580710597]
2020/03/09 15:40:37 724360	INFO [input.cpp->run:256]	frame times (ms): 621.867
2020/03/09 15:40:37 724364	INFO [input.cpp->run:257]	FPS: 1.60806
2020/03/09 15:40:37 771871	INFO [input.cpp->run:173]	
frame_id 19
2020/03/09 15:40:37 857885	INFO [input.cpp->run:235]	rotation: 
[0.9999579163009366, 0.009173803166142181, -8.344194370955587e-05;
 -0.009173636659701903, 0.9999562743566294, 0.001814873341340607;
 0.0001000875859618206, -0.001814031498683301, 0.9999983496347367]
2020/03/09 15:40:37 857947	INFO [input.cpp->run:256]	frame times (ms): 637.531
2020/03/09 15:40:37 857951	INFO [input.cpp->run:257]	FPS: 1.56855
2020/03/09 15:40:37 905701	INFO [input.cpp->run:173]	
frame_id 20
2020/03/09 15:40:37 995345	INFO [input.cpp->run:235]	rotation: 
[-0.9394312763267727, -0.02796677232096017, -0.3415944037963712;
 -0.02262290251462513, -0.989431970115549, 0.1432221379364143;
 -0.3419898848516787, 0.1422752127364816, 0.9288706489602978]
2020/03/09 15:40:37 995415	INFO [input.cpp->run:256]	frame times (ms): 626.983
2020/03/09 15:40:37 995420	INFO [input.cpp->run:257]	FPS: 1.59494
2020/03/09 15:40:38 038705	INFO [input.cpp->run:173]	
frame_id 21
2020/03/09 15:40:38 118725	INFO [input.cpp->run:235]	rotation: 
[0.999997837389496, 0.001923331835704417, 0.000791208557160151;
 -0.001914510152551351, 0.9999376296385529, -0.01100324877969536;
 -0.0008123221078706248, 0.0110017102071385, 0.9999391494012579]
2020/03/09 15:40:38 118784	INFO [input.cpp->run:256]	frame times (ms): 608.294
2020/03/09 15:40:38 118792	INFO [input.cpp->run:257]	FPS: 1.64394
2020/03/09 15:40:38 171496	INFO [input.cpp->run:173]	
frame_id 22
2020/03/09 15:40:38 288139	INFO [input.cpp->run:235]	rotation: 
[-0.9349873567663531, -0.03216848293632172, -0.353219239839287;
 -0.0285444865657336, -0.9858235032528118, 0.1653397493679369;
 -0.3535305573408992, 0.1646730370762898, 0.9208142787154768]
2020/03/09 15:40:38 288200	INFO [input.cpp->run:256]	frame times (ms): 649.493
2020/03/09 15:40:38 288215	INFO [input.cpp->run:257]	FPS: 1.53966
2020/03/09 15:40:38 306877	INFO [input.cpp->run:173]	
frame_id 23
2020/03/09 15:40:38 402886	INFO [input.cpp->run:235]	rotation: 
[0.9999821915785406, 0.005967808293572303, -4.230780037277296e-05;
 -0.00596792826481593, 0.9999745137119773, -0.003918642458864878;
 1.892101513842866e-05, 0.00391882516394609, 0.9999923211961828]
2020/03/09 15:40:38 402948	INFO [input.cpp->run:256]	frame times (ms): 600.617
2020/03/09 15:40:38 402952	INFO [input.cpp->run:257]	FPS: 1.66495
2020/03/09 15:40:38 437963	INFO [input.cpp->run:173]	
frame_id 24
2020/03/09 15:40:38 524801	INFO [input.cpp->run:235]	rotation: 
[-0.9676139614396659, -0.0207838195824323, -0.2515775317284945;
 -0.02584179699989975, -0.9832135001489548, 0.1806195300975428;
 -0.2511083892562188, 0.1812711945357179, 0.950834018573558]
2020/03/09 15:40:38 524860	INFO [input.cpp->run:256]	frame times (ms): 634.998
2020/03/09 15:40:38 524866	INFO [input.cpp->run:257]	FPS: 1.57481
2020/03/09 15:40:38 572027	INFO [input.cpp->run:173]	
frame_id 25
2020/03/09 15:40:38 658138	INFO [input.cpp->run:235]	rotation: 
[0.9998662432902574, 0.0157040917286394, 0.004569139044300187;
 -0.01590581767462907, 0.9987160132415136, 0.04809708784404912;
 -0.003807951250886248, -0.04816333042839957, 0.9988322146933967]
2020/03/09 15:40:38 658199	INFO [input.cpp->run:256]	frame times (ms): 608.529
2020/03/09 15:40:38 658204	INFO [input.cpp->run:257]	FPS: 1.64331
2020/03/09 15:40:38 703710	INFO [input.cpp->run:173]	
frame_id 26
2020/03/09 15:40:38 787005	INFO [input.cpp->run:235]	rotation: 
[0.9999997493949705, -0.0005448532712310573, 0.0004520452512064524;
 0.0005507638338160891, 0.9999129919963359, -0.01317972291571238;
 -0.0004448249045070342, 0.01317996858298314, 0.9999130414985875]
2020/03/09 15:40:38 787066	INFO [input.cpp->run:256]	frame times (ms): 621.38
2020/03/09 15:40:38 787080	INFO [input.cpp->run:257]	FPS: 1.60932
2020/03/09 15:40:38 836474	INFO [input.cpp->run:173]	
frame_id 27
2020/03/09 15:40:38 920089	INFO [input.cpp->run:235]	rotation: 
[-0.9780341515307042, -0.01293196773509893, -0.2080431749664334;
 -0.01634126706454277, -0.9902449751719871, 0.1383757642701786;
 -0.2078031795481988, 0.1387359122834787, 0.9682820793614484]
2020/03/09 15:40:38 920148	INFO [input.cpp->run:256]	frame times (ms): 616.438
2020/03/09 15:40:38 920151	INFO [input.cpp->run:257]	FPS: 1.62222
2020/03/09 15:40:38 969926	INFO [input.cpp->run:173]	
frame_id 28
2020/03/09 15:40:39 055313	INFO [input.cpp->run:235]	rotation: 
[0.999997785710238, -0.001573727881082313, 0.001397123894759102;
 0.001595986757315734, 0.9998694925452474, -0.01607640207197999;
 -0.001371641677507459, 0.01607859626540184, 0.9998697901933244]
2020/03/09 15:40:39 055375	INFO [input.cpp->run:256]	frame times (ms): 626.196
2020/03/09 15:40:39 055380	INFO [input.cpp->run:257]	FPS: 1.59694
2020/03/09 15:40:39 106022	INFO [input.cpp->run:173]	
frame_id 29
2020/03/09 15:40:39 188044	INFO [input.cpp->run:235]	rotation: 
[0.999990482217181, 0.00435798561559609, -0.000208414068841182;
 -0.004359147747144796, 0.999972825734518, -0.005945218536100296;
 0.0001824992284800448, 0.005946070458520121, 0.999982305313516]
2020/03/09 15:40:39 188115	INFO [input.cpp->run:256]	frame times (ms): 618.582
2020/03/09 15:40:39 188120	INFO [input.cpp->run:257]	FPS: 1.6166
2020/03/09 15:40:39 239946	INFO [input.cpp->run:173]	
frame_id 30
2020/03/09 15:40:39 325229	INFO [input.cpp->run:235]	rotation: 
[0.9999397540084873, 0.01091043813447877, -0.001204447242371368;
 -0.0109046768620572, 0.9999295409897064, 0.004690530742800232;
 0.001255538123697912, -0.004677114049149456, 0.9999882740453466]
2020/03/09 15:40:39 325292	INFO [input.cpp->run:256]	frame times (ms): 622.157
2020/03/09 15:40:39 325297	INFO [input.cpp->run:257]	FPS: 1.60731
2020/03/09 15:40:39 372222	INFO [input.cpp->run:173]	
frame_id 31
2020/03/09 15:40:39 462326	INFO [input.cpp->run:235]	rotation: 
[-0.9814876362591828, 0.006991832324893416, -0.1913978425978271;
 -0.01441130044300884, -0.9991964504845554, 0.03740010372454559;
 -0.1909825496999748, 0.03946603121427351, 0.9807997237409328]
2020/03/09 15:40:39 462395	INFO [input.cpp->run:256]	frame times (ms): 627.037
2020/03/09 15:40:39 462400	INFO [input.cpp->run:257]	FPS: 1.5948
2020/03/09 15:40:39 506370	INFO [input.cpp->run:173]	
frame_id 32
2020/03/09 15:40:39 599704	INFO [input.cpp->run:235]	rotation: 
[-0.9829189769877725, -0.01279516738678496, -0.1835934867277563;
 -0.01232107453154876, -0.9907671132419544, 0.1350137712997913;
 -0.1836259126585861, 0.1349696669987315, 0.9736861471698943]
2020/03/09 15:40:39 599782	INFO [input.cpp->run:256]	frame times (ms): 616.608
2020/03/09 15:40:39 599788	INFO [input.cpp->run:257]	FPS: 1.62178
2020/03/09 15:40:39 640109	INFO [input.cpp->run:173]	
frame_id 33
2020/03/09 15:40:39 728344	INFO [input.cpp->run:235]	rotation: 
[0.9996291322666838, 0.01903344763734729, -0.01947628801371421;
 -0.01975837773639399, 0.9990925493554181, -0.03773174170002316;
 0.0187404491136888, 0.03810256806998256, 0.9990980882143102]
2020/03/09 15:40:39 728415	INFO [input.cpp->run:256]	frame times (ms): 646.877
2020/03/09 15:40:39 728420	INFO [input.cpp->run:257]	FPS: 1.54589
2020/03/09 15:40:39 771370	INFO [input.cpp->run:173]	
frame_id 34
2020/03/09 15:40:39 855066	INFO [input.cpp->run:235]	rotation: 
[0.9998316243064008, 0.01747636389907071, -0.005594617206875883;
 -0.01765277682180166, 0.9992924334785033, -0.03321162240979412;
 0.005010240244127614, 0.0333047909087917, 0.9994326832734748]
2020/03/09 15:40:39 855139	INFO [input.cpp->run:256]	frame times (ms): 624.319
2020/03/09 15:40:39 855146	INFO [input.cpp->run:257]	FPS: 1.60175
2020/03/09 15:40:39 906579	INFO [input.cpp->run:173]	
frame_id 35
2020/03/09 15:40:39 992509	INFO [input.cpp->run:235]	rotation: 
[0.9999715625911044, -0.007390045815751883, 0.001503739321138301;
 0.007422884962774805, 0.9997044340690312, -0.02315049203683364;
 -0.001332211670216514, 0.02316099578082027, 0.9997308605252249]
2020/03/09 15:40:39 992568	INFO [input.cpp->run:256]	frame times (ms): 638.081
2020/03/09 15:40:39 992570	INFO [input.cpp->run:257]	FPS: 1.5672
2020/03/09 15:40:40 039085	INFO [input.cpp->run:173]	
frame_id 36
2020/03/09 15:40:40 122537	INFO [input.cpp->run:235]	rotation: 
[-0.9284867093527561, -0.03888664494507831, -0.3693240574349389;
 -0.04184635228316054, -0.9772131507190785, 0.2080945478917817;
 -0.3690004246012248, 0.2086678866203586, 0.9057021584039143]
2020/03/09 15:40:40 122604	INFO [input.cpp->run:256]	frame times (ms): 601.35
2020/03/09 15:40:40 122608	INFO [input.cpp->run:257]	FPS: 1.66293
2020/03/09 15:40:40 171303	INFO [input.cpp->run:173]	
frame_id 37
2020/03/09 15:40:40 252629	INFO [input.cpp->run:235]	rotation: 
[-0.9555384603252632, -0.01568816841185707, -0.294448861792853;
 -0.03332484308430789, -0.9864401786559267, 0.1607022985730749;
 -0.292977312556163, 0.1633696890648466, 0.9420587237652567]
2020/03/09 15:40:40 252690	INFO [input.cpp->run:256]	frame times (ms): 616.807
2020/03/09 15:40:40 252693	INFO [input.cpp->run:257]	FPS: 1.62125
2020/03/09 15:40:40 305346	INFO [input.cpp->run:173]	
frame_id 38
2020/03/09 15:40:40 392357	INFO [input.cpp->run:235]	rotation: 
[-0.9801627876882746, -0.003321618038911486, -0.1981662849345316;
 -0.01751019869614513, -0.9944984049429062, 0.1032778558435291;
 -0.1974191038698431, 0.1046990421141418, 0.9747121667485275]
2020/03/09 15:40:40 392418	INFO [input.cpp->run:256]	frame times (ms): 617.005
2020/03/09 15:40:40 392421	INFO [input.cpp->run:257]	FPS: 1.62073
2020/03/09 15:40:40 440276	INFO [input.cpp->run:173]	
frame_id 39
2020/03/09 15:40:40 524851	INFO [input.cpp->run:235]	rotation: 
[0.999999979488933, 0.000201405542406657, 2.139955784344413e-05;
 -0.0002011747831332672, 0.9999470824374511, -0.01028551668784492;
 -2.346998549845156e-05, 0.01028551217182659, 0.9999471024451858]
2020/03/09 15:40:40 524911	INFO [input.cpp->run:256]	frame times (ms): 615.951
2020/03/09 15:40:40 524919	INFO [input.cpp->run:257]	FPS: 1.62351
2020/03/09 15:40:40 572269	INFO [input.cpp->run:173]	
frame_id 40
2020/03/09 15:40:40 656440	INFO [input.cpp->run:235]	rotation: 
[0.9999954764957624, -0.002960457768504321, 0.0005316745378110715;
 0.00296777583920379, 0.9998928348816298, -0.01433565690667607;
 -0.0004891774539903108, 0.01433716995011894, 0.9998970978371924]
2020/03/09 15:40:40 656507	INFO [input.cpp->run:256]	frame times (ms): 636.419
2020/03/09 15:40:40 656512	INFO [input.cpp->run:257]	FPS: 1.57129
2020/03/09 15:40:40 703557	INFO [input.cpp->run:173]	
frame_id 41
2020/03/09 15:40:40 793330	INFO [input.cpp->run:235]	rotation: 
[-0.9622034151571079, -0.02047596635009405, -0.2715609004662267;
 -0.02569139787957449, -0.9858972038496674, 0.1653682421639682;
 -0.2711172070064743, 0.1660946665111113, 0.9481076003395245]
2020/03/09 15:40:40 793395	INFO [input.cpp->run:256]	frame times (ms): 635.771
2020/03/09 15:40:40 793399	INFO [input.cpp->run:257]	FPS: 1.57289
2020/03/09 15:40:40 839816	INFO [input.cpp->run:173]	
frame_id 42
2020/03/09 15:40:40 922876	INFO [input.cpp->run:235]	rotation: 
[0.9999968524926025, -0.002465413251350122, -0.0004655559991509062;
 0.00247087753234525, 0.9999234255681174, 0.0121259129281774;
 0.0004356249630469153, -0.0121270250936351, 0.9999263700359492]
2020/03/09 15:40:40 922943	INFO [input.cpp->run:256]	frame times (ms): 607.574
2020/03/09 15:40:40 922948	INFO [input.cpp->run:257]	FPS: 1.64589
2020/03/09 15:40:40 972219	INFO [input.cpp->run:173]	
frame_id 43
2020/03/09 15:40:41 061992	INFO [input.cpp->run:235]	rotation: 
[-0.9426976243018083, -0.02742684376978089, -0.332519108287862;
 -0.03337701183701858, -0.9838642887908197, 0.175775528225536;
 -0.3319746439361873, 0.1768016670819671, 0.9265711015893375]
2020/03/09 15:40:41 062058	INFO [input.cpp->run:256]	frame times (ms): 642.656
2020/03/09 15:40:41 062071	INFO [input.cpp->run:257]	FPS: 1.55604
2020/03/09 15:40:41 106381	INFO [input.cpp->run:173]	
frame_id 44
2020/03/09 15:40:41 189208	INFO [input.cpp->run:235]	rotation: 
[0.9997984010982174, 0.02005615475181422, -0.0009527948464160175;
 -0.01998885629156967, 0.9986856568030141, 0.0471953866398734;
 0.001898100525012514, -0.04716682682249723, 0.9988852224664722]
2020/03/09 15:40:41 189265	INFO [input.cpp->run:256]	frame times (ms): 619.655
2020/03/09 15:40:41 189268	INFO [input.cpp->run:257]	FPS: 1.6138
2020/03/09 15:40:41 236267	INFO [input.cpp->run:173]	
frame_id 45
2020/03/09 15:40:41 322929	INFO [input.cpp->run:235]	rotation: 
[-0.9762099450048525, -0.002830613359168599, -0.2168089732959268;
 -0.015432143834994, -0.9964719950247637, 0.08249492146807269;
 -0.216277581386234, 0.08387819001014699, 0.9727221890295006]
2020/03/09 15:40:41 322994	INFO [input.cpp->run:256]	frame times (ms): 639.065
2020/03/09 15:40:41 322999	INFO [input.cpp->run:257]	FPS: 1.56479
2020/03/09 15:40:41 372877	INFO [input.cpp->run:173]	
frame_id 46
2020/03/09 15:40:41 456240	INFO [input.cpp->run:235]	rotation: 
[0.9999869070998012, -0.005025057281331775, 0.0009666583123949595;
 0.005039987378961346, 0.9998573920666477, -0.01611812820714311;
 -0.0008855259417420275, 0.01612278911979334, 0.9998696272588767]
2020/03/09 15:40:41 456309	INFO [input.cpp->run:256]	frame times (ms): 613.991
2020/03/09 15:40:41 456312	INFO [input.cpp->run:257]	FPS: 1.62869
2020/03/09 15:40:41 507039	INFO [input.cpp->run:173]	
frame_id 47
2020/03/09 15:40:41 595116	INFO [input.cpp->run:235]	rotation: 
[-0.9608102003891228, -0.01716879324727812, -0.2766748838739177;
 -0.02198136709788902, -0.99021865143627, 0.1377818632775838;
 -0.276334178719755, 0.1384639118549204, 0.9510347873685339]
2020/03/09 15:40:41 595173	INFO [input.cpp->run:256]	frame times (ms): 640.498
2020/03/09 15:40:41 595177	INFO [input.cpp->run:257]	FPS: 1.56129
2020/03/09 15:40:41 639614	INFO [input.cpp->run:173]	
frame_id 48
2020/03/09 15:40:41 723757	INFO [input.cpp->run:235]	rotation: 
[-0.9567517116984945, -0.01543682072865599, -0.2904958979534688;
 -0.01296003797463171, -0.99533777998843, 0.09557583974729125;
 -0.2906169292689209, 0.0952071861441936, 0.9520910629392589]
2020/03/09 15:40:41 723821	INFO [input.cpp->run:256]	frame times (ms): 630.05
2020/03/09 15:40:41 723826	INFO [input.cpp->run:257]	FPS: 1.58718
2020/03/09 15:40:41 769806	INFO [input.cpp->run:173]	
frame_id 49
2020/03/09 15:40:41 856684	INFO [input.cpp->run:235]	rotation: 
[0.9999845511598658, 0.005358357773981734, -0.001478324581314325;
 -0.005349536252330924, 0.999968238358988, 0.005908022944033409;
 0.001509934927970698, -0.005900023320990985, 0.9999814547386991]
2020/03/09 15:40:41 856749	INFO [input.cpp->run:256]	frame times (ms): 616.968
2020/03/09 15:40:41 856753	INFO [input.cpp->run:257]	FPS: 1.62083
2020/03/09 15:40:41 905973	INFO [input.cpp->run:173]	
frame_id 50
2020/03/09 15:40:41 989778	INFO [input.cpp->run:235]	rotation: 
[-0.9870408621618693, -0.009946747732950798, -0.1601605401848126;
 -0.001532149752646613, -0.9974473954419402, 0.07138869548622699;
 -0.1604617990049015, 0.07070894947336455, 0.9845060972510453]
2020/03/09 15:40:41 989876	INFO [input.cpp->run:256]	frame times (ms): 597.158
2020/03/09 15:40:41 989881	INFO [input.cpp->run:257]	FPS: 1.6746
2020/03/09 15:40:42 040700	INFO [input.cpp->run:173]	
frame_id 51
2020/03/09 15:40:42 126941	INFO [input.cpp->run:235]	rotation: 
[-0.9808408525019555, -0.01178708848290084, -0.1944538161320917;
 -0.01271474956256489, -0.9921662505996839, 0.1242757672055439;
 -0.1943953631309099, 0.1243671810248248, 0.9730073211837311]
2020/03/09 15:40:42 127000	INFO [input.cpp->run:256]	frame times (ms): 613.362
2020/03/09 15:40:42 127004	INFO [input.cpp->run:257]	FPS: 1.63036
2020/03/09 15:40:42 173487	INFO [input.cpp->run:173]	
frame_id 52
2020/03/09 15:40:42 254049	INFO [input.cpp->run:235]	rotation: 
[-0.9516145018195615, -0.02582677980097599, -0.306207147813077;
 -0.02932393597953257, -0.9842824475896261, 0.1741498496859622;
 -0.3058920507391062, 0.1747027212498044, 0.9359001081752993]
2020/03/09 15:40:42 254115	INFO [input.cpp->run:256]	frame times (ms): 603.782
2020/03/09 15:40:42 254119	INFO [input.cpp->run:257]	FPS: 1.65623
2020/03/09 15:40:42 308470	INFO [input.cpp->run:173]	
frame_id 53
2020/03/09 15:40:42 401804	INFO [input.cpp->run:235]	rotation: 
[-0.9584843671094848, -0.01035743317194444, -0.2849569118039058;
 -0.01650824382822095, -0.9956483109091558, 0.09171651361370532;
 -0.2846668155799658, 0.09261298268511652, 0.9541423581131527]
2020/03/09 15:40:42 401862	INFO [input.cpp->run:256]	frame times (ms): 606.476
2020/03/09 15:40:42 401865	INFO [input.cpp->run:257]	FPS: 1.64887
2020/03/09 15:40:42 437490	INFO [input.cpp->run:173]	
frame_id 54
2020/03/09 15:40:42 520987	INFO [input.cpp->run:235]	rotation: 
[-0.981982595439546, -0.008993374617594368, -0.1887572554017473;
 -0.03394102629374107, -0.9742295236376123, 0.2229906769507607;
 -0.1858983297072366, 0.2253795786796544, 0.9563711918111292]
2020/03/09 15:40:42 521055	INFO [input.cpp->run:256]	frame times (ms): 617.78
2020/03/09 15:40:42 521059	INFO [input.cpp->run:257]	FPS: 1.6187
2020/03/09 15:40:42 570878	INFO [input.cpp->run:173]	
frame_id 55
2020/03/09 15:40:42 654712	INFO [input.cpp->run:235]	rotation: 
[-0.9792805685642223, -0.01457708484144246, -0.2019828622187016;
 -0.0140881130945178, -0.9900854266391059, 0.139758266397003;
 -0.202017556420153, 0.1397081119848986, 0.9693660559064599]
2020/03/09 15:40:42 654774	INFO [input.cpp->run:256]	frame times (ms): 622.866
2020/03/09 15:40:42 654778	INFO [input.cpp->run:257]	FPS: 1.60548
2020/03/09 15:40:42 703495	INFO [input.cpp->run:173]	
frame_id 56
2020/03/09 15:40:42 789712	INFO [input.cpp->run:235]	rotation: 
[0.9999984035689415, 0.001561609623716074, -0.000868467012242594;
 -0.001561348043671285, 0.99999873555556, 0.0003017939161735608;
 0.0008689371983981846, -0.0003004374551098217, 0.9999995773426511]
2020/03/09 15:40:42 789772	INFO [input.cpp->run:256]	frame times (ms): 623.188
2020/03/09 15:40:42 789776	INFO [input.cpp->run:257]	FPS: 1.60465
2020/03/09 15:40:42 838034	INFO [input.cpp->run:173]	
frame_id 57
2020/03/09 15:40:42 921410	INFO [input.cpp->run:235]	rotation: 
[0.9999037893943651, 0.01374347176411719, -0.001878546953946265;
 -0.0137803785101334, 0.9996782725322284, -0.0212944263857242;
 0.001585283226026409, 0.02131826472413942, 0.9997714831231409]
2020/03/09 15:40:42 921470	INFO [input.cpp->run:256]	frame times (ms): 600.93
2020/03/09 15:40:42 921474	INFO [input.cpp->run:257]	FPS: 1.66409
2020/03/09 15:40:42 974172	INFO [input.cpp->run:173]	
frame_id 58
2020/03/09 15:40:43 063701	INFO [input.cpp->run:235]	rotation: 
[0.9998056300898427, 0.01961669138775209, 0.001971664182930833;
 -0.01968885669851015, 0.9986477916786025, 0.04811379321313283;
 -0.001025164649259524, -0.04814326115302397, 0.9988399148226875]
2020/03/09 15:40:43 063763	INFO [input.cpp->run:256]	frame times (ms): 635.897
2020/03/09 15:40:43 063768	INFO [input.cpp->run:257]	FPS: 1.57258
2020/03/09 15:40:43 104856	INFO [input.cpp->run:173]	
frame_id 59
2020/03/09 15:40:43 192669	INFO [input.cpp->run:235]	rotation: 
[-0.9629263812103095, -0.01492745460932057, -0.269350989357946;
 -0.01290928875611838, -0.9947740987426745, 0.1012810087553973;
 -0.2694552553449809, 0.1010032849445323, 0.9577015202020853]
2020/03/09 15:40:43 192733	INFO [input.cpp->run:256]	frame times (ms): 626.71
2020/03/09 15:40:43 192738	INFO [input.cpp->run:257]	FPS: 1.59563
2020/03/09 15:40:43 241120	INFO [input.cpp->run:173]	
frame_id 60
2020/03/09 15:40:43 327423	INFO [input.cpp->run:235]	rotation: 
[-0.9331074850621834, -0.03302411075108024, -0.3580779655745764;
 -0.03660555307647285, -0.9818781686167944, 0.1859443343522338;
 -0.3577295833515767, 0.1866136921633302, 0.9149890027165772]
2020/03/09 15:40:43 327483	INFO [input.cpp->run:256]	frame times (ms): 628.237
2020/03/09 15:40:43 327488	INFO [input.cpp->run:257]	FPS: 1.59176
2020/03/09 15:40:43 372504	INFO [input.cpp->run:173]	
frame_id 61
2020/03/09 15:40:43 464524	INFO [input.cpp->run:235]	rotation: 
[-0.9430721618465983, -0.02437988875751522, -0.3316934105075872;
 -0.02864163051921977, -0.9876513263834922, 0.1540276419806819;
 -0.331352613617554, 0.1547594214162737, 0.930728191757248]
2020/03/09 15:40:43 464582	INFO [input.cpp->run:256]	frame times (ms): 629.292
2020/03/09 15:40:43 464589	INFO [input.cpp->run:257]	FPS: 1.58909
2020/03/09 15:40:43 507145	INFO [input.cpp->run:173]	
frame_id 62
2020/03/09 15:40:43 595611	INFO [input.cpp->run:235]	rotation: 
[0.9999981012182105, -0.001289279085899602, 0.001461273216112826;
 0.001311978582259904, 0.9998768107264677, -0.01564103844593434;
 -0.001440927539176806, 0.01564292590617774, 0.9998766036851351]
2020/03/09 15:40:43 595677	INFO [input.cpp->run:256]	frame times (ms): 602.948
2020/03/09 15:40:43 595682	INFO [input.cpp->run:257]	FPS: 1.65852
2020/03/09 15:40:43 639569	INFO [input.cpp->run:173]	
frame_id 63
2020/03/09 15:40:43 727011	INFO [input.cpp->run:235]	rotation: 
[0.9999974814225623, 0.002123592982494491, 0.0007262929001405522;
 -0.002122384778119484, 0.9999963694917884, -0.001660266875015163;
 -0.0007298159944130643, 0.001658721220508756, 0.9999983580049154]
2020/03/09 15:40:43 727074	INFO [input.cpp->run:256]	frame times (ms): 623.46
2020/03/09 15:40:43 727081	INFO [input.cpp->run:257]	FPS: 1.60395
2020/03/09 15:40:43 772194	INFO [input.cpp->run:173]	
frame_id 64
2020/03/09 15:40:43 865412	INFO [input.cpp->run:235]	rotation: 
[-0.9832021987213349, -0.01079435499368478, -0.1822002149554252;
 -0.009623927284422396, -0.9937949886526664, 0.1108102005795081;
 -0.1822657851961168, 0.1107023144704616, 0.9769975338340033]
2020/03/09 15:40:43 865488	INFO [input.cpp->run:256]	frame times (ms): 640.375
2020/03/09 15:40:43 865495	INFO [input.cpp->run:257]	FPS: 1.56158
2020/03/09 15:40:43 905670	INFO [input.cpp->run:173]	
frame_id 65
2020/03/09 15:40:43 989521	INFO [input.cpp->run:235]	rotation: 
[0.999890004546929, 0.0146452857290905, 0.002344016436696487;
 -0.01457305819937601, 0.9994924881503108, -0.0283265265399506;
 -0.002757676895469239, 0.02828925126287764, 0.9995959751225122]
2020/03/09 15:40:43 989585	INFO [input.cpp->run:256]	frame times (ms): 610.502
2020/03/09 15:40:43 989589	INFO [input.cpp->run:257]	FPS: 1.638
2020/03/09 15:40:44 037156	INFO [input.cpp->run:173]	
frame_id 66
2020/03/09 15:40:44 122957	INFO [input.cpp->run:235]	rotation: 
[0.9999873863849341, 0.005005781271590748, 0.0004113695292080773;
 -0.005003350201203557, 0.999971167822798, -0.005712268364980372;
 -0.0004399520345286347, 0.005710138086809331, 0.9999836002481425]
2020/03/09 15:40:44 123014	INFO [input.cpp->run:256]	frame times (ms): 626.613
2020/03/09 15:40:44 123018	INFO [input.cpp->run:257]	FPS: 1.59588
2020/03/09 15:40:44 171840	INFO [input.cpp->run:173]	
frame_id 67
2020/03/09 15:40:44 255313	INFO [input.cpp->run:235]	rotation: 
[0.9999914017697416, -0.00400960274199376, 0.00105805124581193;
 0.004028416384155137, 0.9998221747441981, -0.01842256092995875;
 -0.0009839959467591826, 0.01842666479951183, 0.9998297303923019]
2020/03/09 15:40:44 255375	INFO [input.cpp->run:256]	frame times (ms): 610.951
2020/03/09 15:40:44 255378	INFO [input.cpp->run:257]	FPS: 1.63679
2020/03/09 15:40:44 304589	INFO [input.cpp->run:173]	
frame_id 68
2020/03/09 15:40:44 394205	INFO [input.cpp->run:235]	rotation: 
[0.9999850904590254, 0.005134986572870864, 0.001857625514239149;
 -0.005118328863886965, 0.9999476192492708, -0.008863490698171567;
 -0.001903042116144016, 0.008853850609306001, 0.9999589930392607]
2020/03/09 15:40:44 394265	INFO [input.cpp->run:256]	frame times (ms): 639.043
2020/03/09 15:40:44 394269	INFO [input.cpp->run:257]	FPS: 1.56484
2020/03/09 15:40:44 440541	INFO [input.cpp->run:173]	
frame_id 69
2020/03/09 15:40:44 527492	INFO [input.cpp->run:235]	rotation: 
[0.9998380135257857, 0.01733202390920346, -0.004852592711286727;
 -0.01748166844946029, 0.9993119174044519, -0.03271212316039827;
 0.004282286425961975, 0.03279165565580244, 0.99945303508585]
2020/03/09 15:40:44 527556	INFO [input.cpp->run:256]	frame times (ms): 636.528
2020/03/09 15:40:44 527561	INFO [input.cpp->run:257]	FPS: 1.57102
2020/03/09 15:40:44 575004	INFO [input.cpp->run:173]	
frame_id 70
2020/03/09 15:40:44 663951	INFO [input.cpp->run:235]	rotation: 
[-0.9864285739931582, -0.01070181816537952, -0.1638418124221638;
 -0.008001435120624248, -0.9935547414250073, 0.1130705657007928;
 -0.163995870209694, 0.1128470065169742, 0.979985156864288]
2020/03/09 15:40:44 664008	INFO [input.cpp->run:256]	frame times (ms): 608.185
2020/03/09 15:40:44 664022	INFO [input.cpp->run:257]	FPS: 1.64424
2020/03/09 15:40:44 706213	INFO [input.cpp->run:173]	
frame_id 71
2020/03/09 15:40:44 789214	INFO [input.cpp->run:235]	rotation: 
[0.999940381801616, 0.01089436315267568, -0.0007387109963043212;
 -0.0109061329341488, 0.9997705478688985, -0.01843659074625963;
 0.0005376865826049388, 0.0184435480702606, 0.9998297587228132]
2020/03/09 15:40:44 789287	INFO [input.cpp->run:256]	frame times (ms): 603.907
2020/03/09 15:40:44 789292	INFO [input.cpp->run:257]	FPS: 1.65588
2020/03/09 15:40:44 840413	INFO [input.cpp->run:173]	
frame_id 72
2020/03/09 15:40:44 925575	INFO [input.cpp->run:235]	rotation: 
[0.9999976270546701, 0.00214227967253098, 0.0003956296673570794;
 -0.002140914361575682, 0.9999918608615628, -0.003419750915663396;
 -0.0004029525101441917, 0.00341889579154472, 0.999994074372864]
2020/03/09 15:40:44 925649	INFO [input.cpp->run:256]	frame times (ms): 605.755
2020/03/09 15:40:44 925654	INFO [input.cpp->run:257]	FPS: 1.65083
2020/03/09 15:40:44 973261	INFO [input.cpp->run:173]	
frame_id 73
2020/03/09 15:40:45 058383	INFO [input.cpp->run:235]	rotation: 
[-0.9846211103135486, -0.003451874539654233, -0.1746692694410707;
 -0.01041184001377469, -0.9968681913630205, 0.07839261850549313;
 -0.1743928401983361, 0.07900565556200841, 0.9815015250506615]
2020/03/09 15:40:45 058453	INFO [input.cpp->run:256]	frame times (ms): 608.57
2020/03/09 15:40:45 058458	INFO [input.cpp->run:257]	FPS: 1.6432
2020/03/09 15:40:45 107514	INFO [input.cpp->run:173]	
frame_id 74
2020/03/09 15:40:45 196626	INFO [input.cpp->run:235]	rotation: 
[0.9999469411355844, 0.01030068959200553, 0.0001034771348023452;
 -0.01030076334049124, 0.999946672342531, 0.0007394225464089427;
 -9.585505448125574e-05, -0.0007404492069650581, 0.9999997212733513]
2020/03/09 15:40:45 196693	INFO [input.cpp->run:256]	frame times (ms): 646.617
2020/03/09 15:40:45 196698	INFO [input.cpp->run:257]	FPS: 1.54651
2020/03/09 15:40:45 239608	INFO [input.cpp->run:173]	
frame_id 75
2020/03/09 15:40:45 326688	INFO [input.cpp->run:235]	rotation: 
[-0.9801379995356837, -0.01108001015194887, -0.1980069070543266;
 -0.01430552980931778, -0.991886854196114, 0.1263163500494357;
 -0.1978000345881232, 0.1266400483574195, 0.9720274916220051]
2020/03/09 15:40:45 326759	INFO [input.cpp->run:256]	frame times (ms): 615.718
2020/03/09 15:40:45 326761	INFO [input.cpp->run:257]	FPS: 1.62412
2020/03/09 15:40:45 372917	INFO [input.cpp->run:173]	
frame_id 76
2020/03/09 15:40:45 461417	INFO [input.cpp->run:235]	rotation: 
[-0.9506099970141157, -0.01840712247405359, -0.3098415908477236;
 -0.0265061663688218, -0.9897792152752796, 0.1401232605725406;
 -0.3092540326677266, 0.1414152850694611, 0.9404061146267986]
2020/03/09 15:40:45 461482	INFO [input.cpp->run:256]	frame times (ms): 623.817
2020/03/09 15:40:45 461487	INFO [input.cpp->run:257]	FPS: 1.60303
2020/03/09 15:40:45 506465	INFO [input.cpp->run:173]	
frame_id 77
2020/03/09 15:40:45 594793	INFO [input.cpp->run:235]	rotation: 
[-0.984634686103449, -0.007392583833582681, -0.1744702972606686;
 -0.008803559116343356, -0.9957317047747472, 0.0918742045040979;
 -0.1744047942828627, 0.0919984880888768, 0.9803668935253342]
2020/03/09 15:40:45 594866	INFO [input.cpp->run:256]	frame times (ms): 630.351
2020/03/09 15:40:45 594873	INFO [input.cpp->run:257]	FPS: 1.58642
2020/03/09 15:40:45 639771	INFO [input.cpp->run:173]	
frame_id 78
2020/03/09 15:40:45 725689	INFO [input.cpp->run:235]	rotation: 
[0.9999970878047768, -0.001877070113379463, 0.001516901366267276;
 0.001898223208641056, 0.9998992679219799, -0.01406594318696334;
 -0.001490345804067758, 0.01406878164156945, 0.9998999191181616]
2020/03/09 15:40:45 725751	INFO [input.cpp->run:256]	frame times (ms): 617.708
2020/03/09 15:40:45 725754	INFO [input.cpp->run:257]	FPS: 1.61889
2020/03/09 15:40:45 772927	INFO [input.cpp->run:173]	
frame_id 79
2020/03/09 15:40:45 856657	INFO [input.cpp->run:235]	rotation: 
[-0.9831417852995135, -0.0003380314552860874, -0.1828445124492956;
 -0.01302893212230004, -0.9973267867311697, 0.07189942556260415;
 -0.1823800343399405, 0.07306959835126503, 0.9805092334450232]
2020/03/09 15:40:45 856713	INFO [input.cpp->run:256]	frame times (ms): 604.377
2020/03/09 15:40:45 856718	INFO [input.cpp->run:257]	FPS: 1.6546
2020/03/09 15:40:45 906218	INFO [input.cpp->run:173]	
frame_id 80
2020/03/09 15:40:45 991186	INFO [input.cpp->run:235]	rotation: 
[-0.946425796633126, -0.02332268076408127, -0.3220780402780196;
 -0.02876178226999026, -0.9873362345785835, 0.1560125628558093;
 -0.3216379507272215, 0.1569178525540065, 0.9337696804896984]
2020/03/09 15:40:45 991268	INFO [input.cpp->run:256]	frame times (ms): 594.672
2020/03/09 15:40:45 991272	INFO [input.cpp->run:257]	FPS: 1.6816
2020/03/09 15:40:46 039257	INFO [input.cpp->run:173]	
frame_id 81
2020/03/09 15:40:46 127761	INFO [input.cpp->run:235]	rotation: 
[-0.9468630703857117, -0.03118438182665164, -0.3201216335548603;
 -0.03110532983548308, -0.981745236135938, 0.187639947186672;
 -0.3201293244855405, 0.1876268255193826, 0.9286083081417855]
2020/03/09 15:40:46 127828	INFO [input.cpp->run:256]	frame times (ms): 600.698
2020/03/09 15:40:46 127834	INFO [input.cpp->run:257]	FPS: 1.66473
2020/03/09 15:40:46 171352	INFO [input.cpp->run:173]	
frame_id 82
2020/03/09 15:40:46 260288	INFO [input.cpp->run:235]	rotation: 
[0.9999953703829623, 0.003040491488491965, -0.0001209303544264682;
 -0.003041119950491604, 0.9999797543703648, -0.005589493611377751;
 0.0001039330983649266, 0.00558983549787636, 0.9999843713463815]
2020/03/09 15:40:46 260351	INFO [input.cpp->run:256]	frame times (ms): 621.998
2020/03/09 15:40:46 260356	INFO [input.cpp->run:257]	FPS: 1.60772
2020/03/09 15:40:46 307494	INFO [input.cpp->run:173]	
frame_id 83
2020/03/09 15:40:46 393982	INFO [input.cpp->run:235]	rotation: 
[-0.9713988852021938, -0.01243190751093779, -0.2371279264523154;
 -0.01387014603098409, -0.9939527314537393, 0.1089292737730775;
 -0.2370481488580208, 0.1091027740769702, 0.9653521429052178]
2020/03/09 15:40:46 394055	INFO [input.cpp->run:256]	frame times (ms): 630.225
2020/03/09 15:40:46 394059	INFO [input.cpp->run:257]	FPS: 1.58674
2020/03/09 15:40:46 438511	INFO [input.cpp->run:173]	
frame_id 84
2020/03/09 15:40:46 524520	INFO [input.cpp->run:235]	rotation: 
[-0.9770086185434298, 0.001779936935751779, -0.2131923805307397;
 -0.01344621389536048, -0.9984888463300443, 0.05328436061714051;
