		g3log created log at: Sun Mar 08 15:44:13 2020
		LOG format: [YYYY/MM/DD hh:mm:ss uuu* LEVEL FILE->FUNCTION:LINE] message		(uuu*: microseconds fractions of the seconds value)

2020/03/08 15:44:13 536200	INFO [g3logger.h->logBanner:29]	Starting log.
2020/03/08 15:44:13 541839	DEBUG [main.cpp->main:49]	Filepath: /home/mitchell/KITTI/data_odometry_gray/dataset/sequences/00/
2020/03/08 15:44:13 541844	DEBUG [main.cpp->main:53]	Calibration Filepath: /home/mitchell/visual_odom_ws/src/visual_odom/calibration/old/kitti00.yaml
2020/03/08 15:44:13 541924	INFO [main.cpp->main:67]	P_left: 
[718.85602, 0, 607.19281, 0;
 0, 718.85602, 185.2157, 0;
 0, 0, 1, 0]
2020/03/08 15:44:13 541931	INFO [main.cpp->main:68]	P_right: 
[718.85602, 0, 607.19281, -386.14481;
 0, 718.85602, 185.2157, 0;
 0, 0, 1, 0]
2020/03/08 15:44:13 623449	INFO [input.cpp->Input:22]	frame_pose [1, 0, 0, 0;
 0, 1, 0, 0;
 0, 0, 1, 0;
 0, 0, 0, 1]
2020/03/08 15:44:15 662915	INFO [input.cpp->run:173]	
frame_id 1
2020/03/08 15:44:15 695125	WARNING [visualOdometry.cpp->trackingFrame2Frame:179]	The Estimated Rotation and translation matrices(using getTransformation function) are : 
    0.999987 -2.57008e-05   0.00508614   -0.0122881
  2.0585e-05     0.999999   0.00100661    0.0226737
  -0.0050862   -0.0010065     0.999987    -0.845592
           0            0            0            1
2020/03/08 15:44:15 730501	INFO [input.cpp->run:235]	rotation: 
[0.9999868273735046, -2.570077776908875e-05, 0.005086138844490051;
 2.058502286672592e-05, 0.999999463558197, 0.001006614416837692;
 -0.005086198449134827, -0.001006502658128738, 0.9999865293502808]
2020/03/08 15:44:15 730568	INFO [input.cpp->run:256]	frame times (ms): 89.055
2020/03/08 15:44:15 730571	INFO [input.cpp->run:257]	FPS: 11.229
2020/03/08 15:44:15 771389	INFO [input.cpp->run:173]	
frame_id 2
2020/03/08 15:44:15 786622	WARNING [visualOdometry.cpp->trackingFrame2Frame:179]	The Estimated Rotation and translation matrices(using getTransformation function) are : 
    0.999973  -0.00139197   0.00714557   -0.0396762
  0.00139483     0.999999 -0.000396531    0.0451862
   -0.007145  0.000406478     0.999974    -0.983686
           0            0            0            1
2020/03/08 15:44:15 787308	INFO [input.cpp->run:235]	rotation: 
[0.999973475933075, -0.001391970552504063, 0.00714556872844696;
 0.001394834835082293, 0.9999986290931702, -0.0003965310752391815;
 -0.007144995033740997, 0.0004064776003360748, 0.9999741911888123]
2020/03/08 15:44:15 787328	INFO [input.cpp->run:256]	frame times (ms): 30.698
2020/03/08 15:44:15 787330	INFO [input.cpp->run:257]	FPS: 32.5754
2020/03/08 15:44:15 908650	INFO [input.cpp->run:173]	
frame_id 3
2020/03/08 15:44:15 930806	WARNING [visualOdometry.cpp->trackingFrame2Frame:179]	The Estimated Rotation and translation matrices(using getTransformation function) are : 
    0.999971   0.00151575   0.00743019    -0.124689
 -0.00151977     0.999999  0.000535555   -0.0120779
 -0.00742935 -0.000546824     0.999972    -0.707678
           0            0            0            1
2020/03/08 15:44:15 931594	INFO [input.cpp->run:235]	rotation: 
[0.9999714493751526, 0.001515745185315609, 0.007430188357830048;
 -0.001519767101854086, 0.9999989867210388, 0.0005355551838874817;
 -0.007429353892803192, -0.000546824187040329, 0.9999723434448242]
2020/03/08 15:44:15 931622	INFO [input.cpp->run:256]	frame times (ms): 41.543
2020/03/08 15:44:15 931624	INFO [input.cpp->run:257]	FPS: 24.0714
2020/03/08 15:44:16 034232	INFO [input.cpp->run:173]	
frame_id 4
2020/03/08 15:44:16 062381	WARNING [visualOdometry.cpp->trackingFrame2Frame:179]	The Estimated Rotation and translation matrices(using getTransformation function) are : 
   0.999991 -0.00199043  0.00377067   0.0412295
 0.00198653    0.999998  0.00103251   0.0107241
-0.00377277 -0.00102501    0.999993   -0.754332
          0           0           0           1
2020/03/08 15:44:16 063213	INFO [input.cpp->run:235]	rotation: 
[0.9999909400939941, -0.001990425400435925, 0.003770671784877777;
 0.001986526418477297, 0.9999975562095642, 0.001032508909702301;
 -0.003772765398025513, -0.001025013625621796, 0.9999925494194031]
2020/03/08 15:44:16 063237	INFO [input.cpp->run:256]	frame times (ms): 53.053
2020/03/08 15:44:16 063239	INFO [input.cpp->run:257]	FPS: 18.8491
2020/03/08 15:44:16 169392	INFO [input.cpp->run:173]	
frame_id 5
2020/03/08 15:44:16 191019	WARNING [visualOdometry.cpp->trackingFrame2Frame:179]	The Estimated Rotation and translation matrices(using getTransformation function) are : 
    0.999971  -0.00241066   0.00723326   -0.0609443
  0.00240861     0.999997  0.000289481      0.01859
 -0.00723399 -0.000272091     0.999974     -0.95779
           0            0            0            1
2020/03/08 15:44:16 191777	INFO [input.cpp->run:235]	rotation: 
[0.9999708533287048, -0.002410657238215208, 0.007233262062072754;
 0.002408608328551054, 0.9999970197677612, 0.00028948113322258;
 -0.007233992218971252, -0.0002720914781093597, 0.9999740123748779]
2020/03/08 15:44:16 191799	INFO [input.cpp->run:256]	frame times (ms): 43.29
2020/03/08 15:44:16 191802	INFO [input.cpp->run:257]	FPS: 23.1
2020/03/08 15:44:16 304488	INFO [input.cpp->run:173]	
frame_id 6
2020/03/08 15:44:16 333311	WARNING [visualOdometry.cpp->trackingFrame2Frame:179]	The Estimated Rotation and translation matrices(using getTransformation function) are : 
    0.999989 -0.000101279   0.00469662   -0.0202105
 0.000105848            1 -0.000973079   -0.0215929
 -0.00469646  0.000973552     0.999988    -0.670996
           0            0            0            1
2020/03/08 15:44:16 334716	INFO [input.cpp->run:235]	rotation: 
[0.9999892711639404, -0.0001012794673442841, 0.004696622490882874;
 0.0001058480702340603, 0.9999995231628418, -0.0009730793535709381;
 -0.004696458578109741, 0.0009735524654388428, 0.9999884963035583]
2020/03/08 15:44:16 334752	INFO [input.cpp->run:256]	frame times (ms): 62.067
2020/03/08 15:44:16 334756	INFO [input.cpp->run:257]	FPS: 16.1116
2020/03/08 15:44:16 442116	INFO [input.cpp->run:173]	
frame_id 7
2020/03/08 15:44:16 466400	WARNING [visualOdometry.cpp->trackingFrame2Frame:179]	The Estimated Rotation and translation matrices(using getTransformation function) are : 
    0.999999  0.000469775   0.00144335    0.0702307
-0.000465613     0.999996  -0.00289051   0.00189877
 -0.00144472   0.00288983     0.999995    -0.287737
           0            0            0            1
2020/03/08 15:44:16 467276	INFO [input.cpp->run:235]	rotation: 
[0.9999987483024597, 0.0004697754047811031, 0.001443348824977875;
 -0.0004656130913645029, 0.9999956488609314, -0.002890508621931076;
 -0.001444719731807709, 0.002889830619096756, 0.999994695186615]
2020/03/08 15:44:16 467299	INFO [input.cpp->run:256]	frame times (ms): 45.529
2020/03/08 15:44:16 467301	INFO [input.cpp->run:257]	FPS: 21.964
2020/03/08 15:44:16 576217	INFO [input.cpp->run:173]	
frame_id 8
2020/03/08 15:44:16 620345	WARNING [visualOdometry.cpp->trackingFrame2Frame:179]	The Estimated Rotation and translation matrices(using getTransformation function) are : 
    0.999999  0.000726685   0.00134739     0.121546
-0.000723362     0.999997  -0.00246802   0.00328827
 -0.00134918   0.00246704     0.999996    -0.941341
           0            0            0            1
2020/03/08 15:44:16 622548	INFO [input.cpp->run:235]	rotation: 
[0.9999988675117493, 0.000726684695109725, 0.001347389072179794;
 -0.0007233624346554279, 0.9999967217445374, -0.002468015998601913;
 -0.001349180936813354, 0.002467043697834015, 0.9999960660934448]
2020/03/08 15:44:16 622578	INFO [input.cpp->run:256]	frame times (ms): 82.817
2020/03/08 15:44:16 622580	INFO [input.cpp->run:257]	FPS: 12.0748
2020/03/08 15:44:16 692322	INFO [input.cpp->run:173]	
frame_id 9
2020/03/08 15:44:16 723021	WARNING [visualOdometry.cpp->trackingFrame2Frame:179]	The Estimated Rotation and translation matrices(using getTransformation function) are : 
    0.999992  -0.00102538   0.00392373   -0.0324562
  0.00102295     0.999999  0.000624813   0.00408006
 -0.00392437 -0.000620801     0.999992    -0.888874
           0            0            0            1
2020/03/08 15:44:16 724241	INFO [input.cpp->run:235]	rotation: 
[0.9999918937683105, -0.001025375444442034, 0.003923729062080383;
 0.001022949116304517, 0.9999993443489075, 0.0006248131394386292;
 -0.003924369812011719, -0.0006208010017871857, 0.9999921321868896]
2020/03/08 15:44:16 724280	INFO [input.cpp->run:256]	frame times (ms): 64.782
2020/03/08 15:44:16 724284	INFO [input.cpp->run:257]	FPS: 15.4364
2020/03/08 15:44:16 830431	INFO [input.cpp->run:173]	
frame_id 10
2020/03/08 15:44:16 855773	WARNING [visualOdometry.cpp->trackingFrame2Frame:179]	The Estimated Rotation and translation matrices(using getTransformation function) are : 
    0.999997  0.000991166   0.00241296   -0.0635672
-0.000992044     0.999999  0.000371136   -0.0146582
  -0.0024126 -0.000373561     0.999997    -0.409512
           0            0            0            1
2020/03/08 15:44:16 856499	INFO [input.cpp->run:235]	rotation: 
[0.999996542930603, 0.000991166103631258, 0.002412959933280945;
 -0.0009920438751578331, 0.9999991655349731, 0.0003711357712745667;
 -0.002412602305412292, -0.0003735609352588654, 0.999997079372406]
2020/03/08 15:44:16 856524	INFO [input.cpp->run:256]	frame times (ms): 49.194
2020/03/08 15:44:16 856526	INFO [input.cpp->run:257]	FPS: 20.3277
2020/03/08 15:44:16 938871	INFO [input.cpp->run:173]	
frame_id 11
2020/03/08 15:44:16 953588	WARNING [visualOdometry.cpp->trackingFrame2Frame:179]	The Estimated Rotation and translation matrices(using getTransformation function) are : 
   0.999968  0.00484861  0.00632084  -0.0698748
-0.00485677    0.999988  0.00126485  -0.0151629
-0.00631466 -0.00129553    0.999979    -1.36764
          0           0           0           1
2020/03/08 15:44:16 955311	INFO [input.cpp->run:235]	rotation: 
[0.9999679327011108, 0.00484860735014081, 0.006320837885141373;
 -0.004856768064200878, 0.9999875426292419, 0.001264851540327072;
 -0.006314655765891075, -0.001295525580644608, 0.9999792575836182]
2020/03/08 15:44:16 955333	INFO [input.cpp->run:256]	frame times (ms): 31.526
2020/03/08 15:44:16 955335	INFO [input.cpp->run:257]	FPS: 31.7199
2020/03/08 15:44:17 047126	INFO [input.cpp->run:173]	
frame_id 12
2020/03/08 15:44:17 061450	WARNING [visualOdometry.cpp->trackingFrame2Frame:179]	The Estimated Rotation and translation matrices(using getTransformation function) are : 
    0.999998  0.000566187   0.00194329   -0.0637085
-0.000565222            1 -0.000521332   -0.0161462
 -0.00194361  0.000520222     0.999998    -0.461596
           0            0            0            1
2020/03/08 15:44:17 062204	INFO [input.cpp->run:235]	rotation: 
[0.9999978542327881, 0.0005661873146891594, 0.001943290233612061;
 -0.0005652215331792831, 0.9999999403953552, -0.0005213320255279541;
 -0.001943610608577728, 0.0005202218890190125, 0.9999980926513672]
2020/03/08 15:44:17 062224	INFO [input.cpp->run:256]	frame times (ms): 29.933
2020/03/08 15:44:17 062226	INFO [input.cpp->run:257]	FPS: 33.4079
2020/03/08 15:44:17 155649	INFO [input.cpp->run:173]	
frame_id 13
2020/03/08 15:44:17 169004	WARNING [visualOdometry.cpp->trackingFrame2Frame:179]	The Estimated Rotation and translation matrices(using getTransformation function) are : 
    0.999998  0.000968005   0.00160308   -0.0318696
-0.000968109            1  4.01326e-05    0.0123727
 -0.00160308  -4.1686e-05     0.999999    -0.702028
           0            0            0            1
2020/03/08 15:44:17 169667	INFO [input.cpp->run:235]	rotation: 
[0.9999982118606567, 0.0009680050425231457, 0.001603081822395325;
 -0.0009681088849902153, 0.9999997019767761, 4.01325523853302e-05;
 -0.001603081822395325, -4.168599843978882e-05, 0.9999988675117493]
2020/03/08 15:44:17 169689	INFO [input.cpp->run:256]	frame times (ms): 29.601
2020/03/08 15:44:17 169691	INFO [input.cpp->run:257]	FPS: 33.7826
2020/03/08 15:44:17 294284	INFO [input.cpp->run:173]	
frame_id 14
2020/03/08 15:44:17 326066	WARNING [visualOdometry.cpp->trackingFrame2Frame:179]	The Estimated Rotation and translation matrices(using getTransformation function) are : 
   0.999994 -0.00255704  0.00245674   0.0179017
 0.00255283    0.999995  0.00171438   0.0356173
-0.00246109 -0.00170808    0.999995    -1.11811
          0           0           0           1
2020/03/08 15:44:17 327528	INFO [input.cpp->run:235]	rotation: 
[0.999993622303009, -0.002557036001235247, 0.00245673768222332;
 0.002552832011133432, 0.9999952912330627, 0.001714382320642471;
 -0.002461086958646774, -0.001708075404167175, 0.9999954104423523]
2020/03/08 15:44:17 327563	INFO [input.cpp->run:256]	frame times (ms): 67.117
2020/03/08 15:44:17 327567	INFO [input.cpp->run:257]	FPS: 14.8994
2020/03/08 15:44:17 430655	INFO [input.cpp->run:173]	
frame_id 15
2020/03/08 15:44:17 452443	WARNING [visualOdometry.cpp->trackingFrame2Frame:179]	The Estimated Rotation and translation matrices(using getTransformation function) are : 
   0.999998 -0.00121087  0.00155258  -0.0172951
 0.00120767    0.999997      0.0021   0.0259641
-0.00155509 -0.00209813    0.999997   -0.747862
          0           0           0           1
2020/03/08 15:44:17 453289	INFO [input.cpp->run:235]	rotation: 
[0.9999984502792358, -0.001210872316733003, 0.001552581787109375;
 0.001207674853503704, 0.999997079372406, 0.002099998295307159;
 -0.00155508890748024, -0.002098128199577332, 0.999996542930603]
2020/03/08 15:44:17 453313	INFO [input.cpp->run:256]	frame times (ms): 43.03
2020/03/08 15:44:17 453316	INFO [input.cpp->run:257]	FPS: 23.2396
2020/03/08 15:44:17 566607	INFO [input.cpp->run:173]	
frame_id 16
2020/03/08 15:44:17 593495	WARNING [visualOdometry.cpp->trackingFrame2Frame:179]	The Estimated Rotation and translation matrices(using getTransformation function) are : 
   0.999987 -0.00459257  0.00209633   0.0295753
 0.00458988    0.999989  0.00127477   0.0285105
-0.00210217 -0.00126513    0.999997    -1.10578
          0           0           0           1
2020/03/08 15:44:17 594830	INFO [input.cpp->run:235]	rotation: 
[0.9999871850013733, -0.004592567216604948, 0.002096325159072876;
 0.004589881747961044, 0.9999887943267822, 0.001274771988391876;
 -0.002102166414260864, -0.001265130937099457, 0.999997079372406]
2020/03/08 15:44:17 594861	INFO [input.cpp->run:256]	frame times (ms): 57.455
2020/03/08 15:44:17 594865	INFO [input.cpp->run:257]	FPS: 17.4049
2020/03/08 15:44:17 705485	INFO [input.cpp->run:173]	
frame_id 17
2020/03/08 15:44:17 733161	WARNING [visualOdometry.cpp->trackingFrame2Frame:179]	The Estimated Rotation and translation matrices(using getTransformation function) are : 
    0.999999   -0.0014604  0.000451334    0.0921082
   0.0014606     0.999999 -0.000625476    0.0475268
-0.000450447  0.000626147            1      -1.3296
           0            0            0            1
2020/03/08 15:44:17 734509	INFO [input.cpp->run:235]	rotation: 
[0.9999987483024597, -0.00146039854735136, 0.0004513338208198547;
 0.00146059924736619, 0.9999990463256836, -0.0006254762411117554;
 -0.0004504472017288208, 0.0006261467933654785, 0.9999996423721313]
2020/03/08 15:44:17 734545	INFO [input.cpp->run:256]	frame times (ms): 60.101
2020/03/08 15:44:17 734549	INFO [input.cpp->run:257]	FPS: 16.6387
2020/03/08 15:44:17 844456	INFO [input.cpp->run:173]	
frame_id 18
2020/03/08 15:44:17 867754	WARNING [visualOdometry.cpp->trackingFrame2Frame:179]	The Estimated Rotation and translation matrices(using getTransformation function) are : 
   0.999992   0.0019967  0.00343286  -0.0761218
 -0.0019916    0.999997  -0.0014835   0.0104691
-0.00343584  0.00147658    0.999993   -0.966934
          0           0           0           1
2020/03/08 15:44:17 869607	INFO [input.cpp->run:235]	rotation: 
[0.9999921917915344, 0.001996703678742051, 0.003432855010032654;
 -0.001991604920476675, 0.9999967217445374, -0.001483500003814697;
 -0.003435838967561722, 0.001476578414440155, 0.9999934434890747]
2020/03/08 15:44:17 869646	INFO [input.cpp->run:256]	frame times (ms): 47.167
2020/03/08 15:44:17 869649	INFO [input.cpp->run:257]	FPS: 21.2013
2020/03/08 15:44:17 981619	INFO [input.cpp->run:173]	
frame_id 19
2020/03/08 15:44:18 010337	WARNING [visualOdometry.cpp->trackingFrame2Frame:179]	The Estimated Rotation and translation matrices(using getTransformation function) are : 
    0.999998 -0.000508272    0.0018455   -0.0422816
  0.00051044     0.999999  -0.00111789  -0.00652659
 -0.00184494    0.0011188     0.999998    -0.781485
           0            0            0            1
2020/03/08 15:44:18 011600	INFO [input.cpp->run:235]	rotation: 
[0.9999983310699463, -0.0005082720890641212, 0.001845497637987137;
 0.0005104402080178261, 0.9999991059303284, -0.001117885112762451;
 -0.001844935119152069, 0.001118801534175873, 0.9999979138374329]
2020/03/08 15:44:18 011632	INFO [input.cpp->run:256]	frame times (ms): 62.44
2020/03/08 15:44:18 011635	INFO [input.cpp->run:257]	FPS: 16.0154
2020/03/08 15:44:18 120446	INFO [input.cpp->run:173]	
frame_id 20
2020/03/08 15:44:18 144257	WARNING [visualOdometry.cpp->trackingFrame2Frame:179]	The Estimated Rotation and translation matrices(using getTransformation function) are : 
    0.999997   0.00148642   0.00187393   -0.0353723
 -0.00148666     0.999999  0.000138745  -0.00307328
 -0.00187374 -0.000141561     0.999999    -0.900061
           0            0            0            1
2020/03/08 15:44:18 145136	INFO [input.cpp->run:235]	rotation: 
[0.9999971389770508, 0.001486423891037703, 0.001873929053544998;
 -0.001486656721681356, 0.9999988675117493, 0.0001387447118759155;
 -0.001873742789030075, -0.0001415610313415527, 0.9999985694885254]
2020/03/08 15:44:18 145163	INFO [input.cpp->run:256]	frame times (ms): 48.348
2020/03/08 15:44:18 145165	INFO [input.cpp->run:257]	FPS: 20.6834
2020/03/08 15:44:18 257868	INFO [input.cpp->run:173]	
frame_id 21
2020/03/08 15:44:18 288545	WARNING [visualOdometry.cpp->trackingFrame2Frame:179]	The Estimated Rotation and translation matrices(using getTransformation function) are : 
           1 -0.000162606  0.000748087    0.0306988
 0.000161761            1   0.00114431   0.00148106
-0.000748277  -0.00114418     0.999999    -0.838926
           0            0            0            1
2020/03/08 15:44:18 289691	INFO [input.cpp->run:235]	rotation: 
[1.00000011920929, -0.0001626062439754605, 0.0007480867207050323;
 0.0001617606030777097, 0.9999997615814209, 0.001144308596849442;
 -0.0007482767105102539, -0.001144181936979294, 0.9999993443489075]
2020/03/08 15:44:18 289720	INFO [input.cpp->run:256]	frame times (ms): 63.676
2020/03/08 15:44:18 289723	INFO [input.cpp->run:257]	FPS: 15.7045
2020/03/08 15:44:18 372333	INFO [input.cpp->run:173]	
frame_id 22
2020/03/08 15:44:18 395867	WARNING [visualOdometry.cpp->trackingFrame2Frame:179]	The Estimated Rotation and translation matrices(using getTransformation function) are : 
    0.999997   0.00257386 -9.85712e-06    0.0102243
 -0.00257377     0.999996   0.00117105   -0.0453554
 1.28634e-05  -0.00117105     0.999999    -0.414963
           0            0            0            1
2020/03/08 15:44:18 396747	INFO [input.cpp->run:235]	rotation: 
[0.9999967813491821, 0.002573858480900526, -9.857118129730225e-06;
 -0.002573773730546236, 0.9999957084655762, 0.001171045005321503;
 1.286342740058899e-05, -0.001171045005321503, 0.9999993443489075]
2020/03/08 15:44:18 396770	INFO [input.cpp->run:256]	frame times (ms): 48.391
2020/03/08 15:44:18 396772	INFO [input.cpp->run:257]	FPS: 20.665
2020/03/08 15:44:18 508245	INFO [input.cpp->run:173]	
frame_id 23
2020/03/08 15:44:18 529897	WARNING [visualOdometry.cpp->trackingFrame2Frame:179]	The Estimated Rotation and translation matrices(using getTransformation function) are : 
   0.999964   0.0046825  0.00713434   -0.261991
-0.00467475    0.999988 -0.00110453  -0.0315883
-0.00713942  0.00107109    0.999974    -1.18223
          0           0           0           1
2020/03/08 15:44:18 530646	INFO [input.cpp->run:235]	rotation: 
[0.9999637007713318, 0.004682501778006554, 0.007134340703487396;
 -0.004674745723605156, 0.9999884366989136, -0.001104526221752167;
 -0.007139421999454498, 0.001071088016033173, 0.9999741315841675]
2020/03/08 15:44:18 530668	INFO [input.cpp->run:256]	frame times (ms): 43.979
2020/03/08 15:44:18 530670	INFO [input.cpp->run:257]	FPS: 22.7381
2020/03/08 15:44:18 646138	INFO [input.cpp->run:173]	
frame_id 24
2020/03/08 15:44:18 674506	WARNING [visualOdometry.cpp->trackingFrame2Frame:179]	The Estimated Rotation and translation matrices(using getTransformation function) are : 
   0.999997  -0.0013401  -0.0019449  0.00349712
 0.00133512    0.999996 -0.00257039  -0.0508248
 0.00194834  0.00256784    0.999995    -0.34429
          0           0           0           1
2020/03/08 15:44:18 675732	INFO [input.cpp->run:235]	rotation: 
[0.9999973773956299, -0.001340104732662439, -0.001944899559020996;
 0.001335118431597948, 0.9999958872795105, -0.002570390701293945;
 0.001948341727256775, 0.0025678351521492, 0.9999947547912598]
2020/03/08 15:44:18 675769	INFO [input.cpp->run:256]	frame times (ms): 63.447
2020/03/08 15:44:18 675772	INFO [input.cpp->run:257]	FPS: 15.7612
2020/03/08 15:44:18 782232	INFO [input.cpp->run:173]	
frame_id 25
2020/03/08 15:44:18 803859	WARNING [visualOdometry.cpp->trackingFrame2Frame:179]	The Estimated Rotation and translation matrices(using getTransformation function) are : 
           1 -0.000818849  0.000227503   -0.0309176
 0.000819756     0.999992  -0.00400855    0.0343382
-0.000224214   0.00400874     0.999992     -1.02273
           0            0            0            1
2020/03/08 15:44:18 804697	INFO [input.cpp->run:235]	rotation: 
[0.9999997019767761, -0.0008188488427549601, 0.0002275034785270691;
 0.0008197561837732792, 0.9999916553497314, -0.004008553922176361;
 -0.0002242140471935272, 0.004008740186691284, 0.9999920129776001]
2020/03/08 15:44:18 804718	INFO [input.cpp->run:256]	frame times (ms): 44.018
2020/03/08 15:44:18 804720	INFO [input.cpp->run:257]	FPS: 22.718
2020/03/08 15:44:18 903651	INFO [input.cpp->run:173]	
frame_id 26
2020/03/08 15:44:18 926471	WARNING [visualOdometry.cpp->trackingFrame2Frame:179]	The Estimated Rotation and translation matrices(using getTransformation function) are : 
    0.999998   0.00205711   0.00072287   -0.0889692
 -0.00205487     0.999993  -0.00297259    0.0174791
-0.000728961   0.00297111     0.999995     -1.04935
           0            0            0            1
2020/03/08 15:44:18 927342	INFO [input.cpp->run:235]	rotation: 
[0.9999976754188538, 0.002057108096778393, 0.0007228702306747437;
 -0.002054874552413821, 0.9999933838844299, -0.002972587943077087;
 -0.0007289610803127289, 0.002971112728118896, 0.999995231628418]
2020/03/08 15:44:18 927367	INFO [input.cpp->run:256]	frame times (ms): 46.093
2020/03/08 15:44:18 927370	INFO [input.cpp->run:257]	FPS: 21.6953
2020/03/08 15:44:19 020691	INFO [input.cpp->run:173]	
frame_id 27
2020/03/08 15:44:19 043303	WARNING [visualOdometry.cpp->trackingFrame2Frame:179]	The Estimated Rotation and translation matrices(using getTransformation function) are : 
    0.999996  -0.00290452 -0.000535481   -0.0640988
  0.00290372     0.999994  -0.00170013    0.0876927
 0.000540443   0.00169857     0.999999    -0.956392
           0            0            0            1
2020/03/08 15:44:19 044228	INFO [input.cpp->run:235]	rotation: 
[0.9999958276748657, -0.002904520370066166, -0.0005354806780815125;
 0.002903718035668135, 0.9999942183494568, -0.001700125634670258;
 0.0005404427647590637, 0.0016985684633255, 0.9999985098838806]
2020/03/08 15:44:19 044259	INFO [input.cpp->run:256]	frame times (ms): 44.162
2020/03/08 15:44:19 044262	INFO [input.cpp->run:257]	FPS: 22.6439
2020/03/08 15:44:19 157599	INFO [input.cpp->run:173]	
frame_id 28
2020/03/08 15:44:19 185863	WARNING [visualOdometry.cpp->trackingFrame2Frame:179]	The Estimated Rotation and translation matrices(using getTransformation function) are : 
   0.999986  0.00258891  0.00464874   -0.141087
-0.00260245    0.999992  0.00291408   0.0347245
-0.00464117 -0.00292613    0.999985    -2.09612
          0           0           0           1
2020/03/08 15:44:19 186951	INFO [input.cpp->run:235]	rotation: 
[0.9999859929084778, 0.002588910516351461, 0.004648739006370306;
 -0.002602448686957359, 0.9999924898147583, 0.002914078533649445;
 -0.004641167353838682, -0.002926133573055267, 0.9999852776527405]
2020/03/08 15:44:19 186981	INFO [input.cpp->run:256]	frame times (ms): 57.378
2020/03/08 15:44:19 186984	INFO [input.cpp->run:257]	FPS: 17.4283
2020/03/08 15:44:19 295372	INFO [input.cpp->run:173]	
frame_id 29
2020/03/08 15:44:19 317664	WARNING [visualOdometry.cpp->trackingFrame2Frame:179]	The Estimated Rotation and translation matrices(using getTransformation function) are : 
           1 -0.000362578 -0.000623751    0.0109615
 0.000365747     0.999987    0.0050223  -0.00695115
 0.000621933  -0.00502251     0.999987     -1.02664
           0            0            0            1
2020/03/08 15:44:19 318495	INFO [input.cpp->run:235]	rotation: 
[0.9999997615814209, -0.000362577848136425, -0.0006237514317035675;
 0.0003657471388578415, 0.9999873638153076, 0.005022302269935608;
 0.0006219334900379181, -0.005022510886192322, 0.9999871850013733]
2020/03/08 15:44:19 318520	INFO [input.cpp->run:256]	frame times (ms): 43.585
2020/03/08 15:44:19 318522	INFO [input.cpp->run:257]	FPS: 22.9437
2020/03/08 15:44:19 431774	INFO [input.cpp->run:173]	
frame_id 30
2020/03/08 15:44:19 453160	WARNING [visualOdometry.cpp->trackingFrame2Frame:179]	The Estimated Rotation and translation matrices(using getTransformation function) are : 
    0.999986 -7.87703e-05  -0.00521107     0.171462
  9.2186e-05     0.999997   0.00258363    0.0102298
  0.00521087  -0.00258407     0.999983    -0.635803
           0            0            0            1
2020/03/08 15:44:19 454887	INFO [input.cpp->run:235]	rotation: 
[0.999986469745636, -7.877033203840256e-05, -0.005211073905229568;
 9.218603372573853e-05, 0.9999967813491821, 0.002583630383014679;
 0.005210869014263153, -0.002584069967269897, 0.9999829530715942]
2020/03/08 15:44:19 454909	INFO [input.cpp->run:256]	frame times (ms): 43.565
2020/03/08 15:44:19 454911	INFO [input.cpp->run:257]	FPS: 22.9542
2020/03/08 15:44:19 569858	INFO [input.cpp->run:173]	
frame_id 31
2020/03/08 15:44:19 597027	WARNING [visualOdometry.cpp->trackingFrame2Frame:179]	The Estimated Rotation and translation matrices(using getTransformation function) are : 
    0.999988   0.00495755  0.000347026   -0.0637579
 -0.00495736     0.999988 -0.000626698   -0.0412397
-0.000350118  0.000625007            1    -0.871155
           0            0            0            1
2020/03/08 15:44:19 598332	INFO [input.cpp->run:235]	rotation: 
[0.9999878406524658, 0.004957554861903191, 0.0003470256924629211;
 -0.004957358818501234, 0.9999878406524658, -0.0006266981363296509;
 -0.0003501176834106445, 0.0006250068545341492, 0.9999998211860657]
2020/03/08 15:44:19 598370	INFO [input.cpp->run:256]	frame times (ms): 58.024
2020/03/08 15:44:19 598374	INFO [input.cpp->run:257]	FPS: 17.2342
2020/03/08 15:44:19 706851	INFO [input.cpp->run:173]	
frame_id 32
2020/03/08 15:44:19 732854	WARNING [visualOdometry.cpp->trackingFrame2Frame:179]	The Estimated Rotation and translation matrices(using getTransformation function) are : 
    0.999999   0.00142312  0.000501618   0.00172472
 -0.00142014     0.999982  -0.00577763     0.055389
-0.000509828   0.00577688     0.999983     -1.04309
           0            0            0            1
2020/03/08 15:44:19 734299	INFO [input.cpp->run:235]	rotation: 
[0.9999988079071045, 0.001423124689608812, 0.0005016177892684937;
 -0.001420135144144297, 0.9999819397926331, -0.005777627229690552;
 -0.0005098283290863037, 0.005776882171630859, 0.9999832510948181]
2020/03/08 15:44:19 734341	INFO [input.cpp->run:256]	frame times (ms): 56.519
2020/03/08 15:44:19 734346	INFO [input.cpp->run:257]	FPS: 17.6932
2020/03/08 15:44:19 845170	INFO [input.cpp->run:173]	
frame_id 33
2020/03/08 15:44:19 872201	WARNING [visualOdometry.cpp->trackingFrame2Frame:179]	The Estimated Rotation and translation matrices(using getTransformation function) are : 
    0.999995   0.00320491 -8.96007e-05     0.110913
  -0.0032052     0.999987  -0.00410129    0.0943104
 7.64355e-05   0.00410154     0.999992      -1.4047
           0            0            0            1
2020/03/08 15:44:19 873609	INFO [input.cpp->run:235]	rotation: 
[0.9999951124191284, 0.003204911947250366, -8.960068225860596e-05;
 -0.003205200657248497, 0.9999865293502808, -0.004101291298866272;
 7.643550634384155e-05, 0.00410153716802597, 0.9999918937683105]
2020/03/08 15:44:19 873649	INFO [input.cpp->run:256]	frame times (ms): 58.83
2020/03/08 15:44:19 873653	INFO [input.cpp->run:257]	FPS: 16.9981
2020/03/08 15:44:19 981604	INFO [input.cpp->run:173]	
frame_id 34
2020/03/08 15:44:20 003080	WARNING [visualOdometry.cpp->trackingFrame2Frame:179]	The Estimated Rotation and translation matrices(using getTransformation function) are : 
    0.999978   0.00577091  -0.00319851    0.0832353
 -0.00577088     0.999983  5.21317e-05   -0.0230124
  0.00319875 -3.37064e-05     0.999995     0.348022
           0            0            0            1
2020/03/08 15:44:20 004948	INFO [input.cpp->run:235]	rotation: 
[0.9999780654907227, 0.005770910531282425, -0.003198511898517609;
 -0.005770877934992313, 0.9999831318855286, 5.213171243667603e-05;
 0.00319875031709671, -3.37064266204834e-05, 0.9999948740005493]
2020/03/08 15:44:20 004974	INFO [input.cpp->run:256]	frame times (ms): 44.101
2020/03/08 15:44:20 004976	INFO [input.cpp->run:257]	FPS: 22.6752
2020/03/08 15:44:20 119834	INFO [input.cpp->run:173]	
frame_id 35
2020/03/08 15:44:20 151515	WARNING [visualOdometry.cpp->trackingFrame2Frame:179]	The Estimated Rotation and translation matrices(using getTransformation function) are : 
   0.999987  0.00358373  0.00355502  -0.0227518
-0.00359894    0.999984  0.00428689   0.0047791
-0.00353958 -0.00429964    0.999985    -1.59814
          0           0           0           1
2020/03/08 15:44:20 152814	INFO [input.cpp->run:235]	rotation: 
[0.9999874234199524, 0.00358373299241066, 0.003555022180080414;
 -0.003598944284021854, 0.9999843835830688, 0.004286892712116241;
 -0.003539577126502991, -0.004299640655517578, 0.9999846816062927]
2020/03/08 15:44:20 152848	INFO [input.cpp->run:256]	frame times (ms): 65.609
2020/03/08 15:44:20 152854	INFO [input.cpp->run:257]	FPS: 15.2418
2020/03/08 15:44:20 256588	INFO [input.cpp->run:173]	
frame_id 36
2020/03/08 15:44:20 277915	WARNING [visualOdometry.cpp->trackingFrame2Frame:179]	The Estimated Rotation and translation matrices(using getTransformation function) are : 
    0.999997 -0.000215871   0.00270354    0.0885439
 0.000207341     0.999995   0.00315841    0.0842601
 -0.00270426  -0.00315793     0.999992     -1.71942
           0            0            0            1
2020/03/08 15:44:20 278850	INFO [input.cpp->run:235]	rotation: 
[0.9999966025352478, -0.0002158712595701218, 0.002703540027141571;
 0.0002073412761092186, 0.9999951124191284, 0.003158412873744965;
 -0.002704262733459473, -0.003157928586006165, 0.999991774559021]
2020/03/08 15:44:20 278875	INFO [input.cpp->run:256]	frame times (ms): 42.381
2020/03/08 15:44:20 278879	INFO [input.cpp->run:257]	FPS: 23.5955
2020/03/08 15:44:20 378092	INFO [input.cpp->run:173]	
frame_id 37
2020/03/08 15:44:20 391202	WARNING [visualOdometry.cpp->trackingFrame2Frame:179]	The Estimated Rotation and translation matrices(using getTransformation function) are : 
    0.999998 -0.000144682   0.00179496     -0.16328
 0.000142129     0.999999    0.0014995   -0.0974815
 -0.00179514  -0.00149927     0.999997   -0.0294132
           0            0            0            1
2020/03/08 15:44:20 391915	INFO [input.cpp->run:235]	rotation: 
[0.9999984502792358, -0.0001446818932890892, 0.001794956624507904;
 0.0001421291381120682, 0.9999986290931702, 0.00149950385093689;
 -0.00179513543844223, -0.001499265432357788, 0.9999971985816956]
2020/03/08 15:44:20 391934	INFO [input.cpp->run:256]	frame times (ms): 29.306
2020/03/08 15:44:20 391936	INFO [input.cpp->run:257]	FPS: 34.1227
2020/03/08 15:44:20 515964	INFO [input.cpp->run:173]	
frame_id 38
2020/03/08 15:44:20 542985	WARNING [visualOdometry.cpp->trackingFrame2Frame:179]	The Estimated Rotation and translation matrices(using getTransformation function) are : 
    0.999971  -0.00757394  0.000887953     0.306938
  0.00757858     0.999956  -0.00549825     0.325915
-0.000846282   0.00550482     0.999984     -2.44885
           0            0            0            1
2020/03/08 15:44:20 544364	INFO [input.cpp->run:235]	rotation: 
[0.9999707341194153, -0.007573940791189671, 0.0008879527449607849;
 0.007578583899885416, 0.9999562501907349, -0.005498252809047699;
 -0.0008462816476821899, 0.005504824221134186, 0.9999842643737793]
2020/03/08 15:44:20 544401	INFO [input.cpp->run:256]	frame times (ms): 59.724
2020/03/08 15:44:20 544405	INFO [input.cpp->run:257]	FPS: 16.7437
2020/03/08 15:44:20 652124	INFO [input.cpp->run:173]	
frame_id 39
2020/03/08 15:44:20 675683	WARNING [visualOdometry.cpp->trackingFrame2Frame:179]	The Estimated Rotation and translation matrices(using getTransformation function) are : 
   0.999987 -0.00478103 -0.00182878  -0.0965328
 0.00477576    0.999985 -0.00288485  -0.0376463
 0.00184254  0.00287604    0.999994    0.249535
          0           0           0           1
2020/03/08 15:44:20 677231	INFO [input.cpp->run:235]	rotation: 
[0.9999871850013733, -0.004781033843755722, -0.001828776672482491;
 0.0047757588326931, 0.9999845623970032, -0.002884849905967712;
 0.001842537894845009, 0.002876043319702148, 0.9999943375587463]
2020/03/08 15:44:20 677267	INFO [input.cpp->run:256]	frame times (ms): 52.024
2020/03/08 15:44:20 677270	INFO [input.cpp->run:257]	FPS: 19.2219
2020/03/08 15:44:20 789944	INFO [input.cpp->run:173]	
frame_id 40
2020/03/08 15:44:20 812516	WARNING [visualOdometry.cpp->trackingFrame2Frame:179]	The Estimated Rotation and translation matrices(using getTransformation function) are : 
   0.999996  -0.0011228  0.00257166    0.117875
  0.0011288    0.999997 -0.00233539    0.107911
-0.00256902  0.00233829    0.999994    -2.00909
          0           0           0           1
2020/03/08 15:44:20 813353	INFO [input.cpp->run:235]	rotation: 
[0.9999961853027344, -0.001122797839343548, 0.002571657299995422;
 0.001128803007304668, 0.9999967217445374, -0.002335391938686371;
 -0.002569019794464111, 0.002338290214538574, 0.9999939203262329]
2020/03/08 15:44:20 813378	INFO [input.cpp->run:256]	frame times (ms): 45.148
2020/03/08 15:44:20 813380	INFO [input.cpp->run:257]	FPS: 22.1494
2020/03/08 15:44:20 926132	INFO [input.cpp->run:173]	
frame_id 41
2020/03/08 15:44:20 952533	WARNING [visualOdometry.cpp->trackingFrame2Frame:179]	The Estimated Rotation and translation matrices(using getTransformation function) are : 
    0.999994  0.000541023   0.00331558    -0.138326
-0.000534186     0.999998  -0.00209909   -0.0323615
 -0.00331673   0.00209732     0.999992    -0.799761
           0            0            0            1
2020/03/08 15:44:20 953848	INFO [input.cpp->run:235]	rotation: 
[0.9999940991401672, 0.0005410229787230492, 0.003315582871437073;
 -0.0005341856740415096, 0.9999975562095642, -0.002099089324474335;
 -0.003316730260848999, 0.002097316086292267, 0.9999921321868896]
2020/03/08 15:44:20 953889	INFO [input.cpp->run:256]	frame times (ms): 56.342
2020/03/08 15:44:20 953893	INFO [input.cpp->run:257]	FPS: 17.7487
2020/03/08 15:44:21 064515	INFO [input.cpp->run:173]	
frame_id 42
2020/03/08 15:44:21 086965	WARNING [visualOdometry.cpp->trackingFrame2Frame:179]	The Estimated Rotation and translation matrices(using getTransformation function) are : 
    0.999995  1.93906e-05   0.00299374   -0.0104685
-6.97561e-06     0.999991  -0.00414544     0.123374
 -0.00299381   0.00414536     0.999987     -1.81735
           0            0            0            1
2020/03/08 15:44:21 087840	INFO [input.cpp->run:235]	rotation: 
[0.9999953508377075, 1.939060166478157e-05, 0.002993740141391754;
 -6.975606083869934e-06, 0.9999912977218628, -0.004145443439483643;
 -0.002993814647197723, 0.004145361483097076, 0.999987006187439]
2020/03/08 15:44:21 087864	INFO [input.cpp->run:256]	frame times (ms): 46.403
2020/03/08 15:44:21 087866	INFO [input.cpp->run:257]	FPS: 21.5503
2020/03/08 15:44:21 201165	INFO [input.cpp->run:173]	
frame_id 43
2020/03/08 15:44:21 228007	WARNING [visualOdometry.cpp->trackingFrame2Frame:179]	The Estimated Rotation and translation matrices(using getTransformation function) are : 
   0.999968 -0.00788363 -0.00162339  -0.0218472
 0.00787928    0.999966 -0.00266058  -0.0131106
  0.0016443  0.00264769    0.999995    0.101063
          0           0           0           1
2020/03/08 15:44:21 229355	INFO [input.cpp->run:235]	rotation: 
[0.9999677538871765, -0.007883632555603981, -0.001623388379812241;
 0.007879280485212803, 0.9999656677246094, -0.002660579979419708;
 0.001644304022192955, 0.00264769047498703, 0.9999952912330627]
2020/03/08 15:44:21 229393	INFO [input.cpp->run:256]	frame times (ms): 60.47
2020/03/08 15:44:21 229397	INFO [input.cpp->run:257]	FPS: 16.5371
2020/03/08 15:44:21 339757	INFO [input.cpp->run:173]	
frame_id 44
2020/03/08 15:44:21 371296	WARNING [visualOdometry.cpp->trackingFrame2Frame:179]	The Estimated Rotation and translation matrices(using getTransformation function) are : 
    0.999996  -0.00301881  0.000191507    0.0481982
  0.00301881     0.999995  0.000228714     0.123039
-0.000192185 -0.000228118            1      -1.6967
           0            0            0            1
2020/03/08 15:44:21 372595	INFO [input.cpp->run:235]	rotation: 
[0.9999955892562866, -0.003018810413777828, 0.0001915069296956062;
 0.003018814139068127, 0.9999954700469971, 0.0002287141978740692;
 -0.0001921849325299263, -0.0002281181514263153, 0.9999997615814209]
2020/03/08 15:44:21 372631	INFO [input.cpp->run:256]	frame times (ms): 67.05
2020/03/08 15:44:21 372636	INFO [input.cpp->run:257]	FPS: 14.9142
2020/03/08 15:44:21 476188	INFO [input.cpp->run:173]	
frame_id 45
2020/03/08 15:44:21 497675	WARNING [visualOdometry.cpp->trackingFrame2Frame:179]	The Estimated Rotation and translation matrices(using getTransformation function) are : 
           1 -0.000361171 -0.000192441    0.0520473
  0.00036143     0.999999   0.00138934    0.0435374
 0.000191957  -0.00138941     0.999999     -1.30256
           0            0            0            1
2020/03/08 15:44:21 498536	INFO [input.cpp->run:235]	rotation: 
[1, -0.000361170619726181, -0.0001924410462379456;
 0.0003614295274019241, 0.9999990463256836, 0.001389339566230774;
 0.0001919567584991455, -0.001389414072036743, 0.9999989867210388]
2020/03/08 15:44:21 498560	INFO [input.cpp->run:256]	frame times (ms): 42.263
2020/03/08 15:44:21 498562	INFO [input.cpp->run:257]	FPS: 23.6614
2020/03/08 15:44:21 612057	INFO [input.cpp->run:173]	
frame_id 46
2020/03/08 15:44:21 638486	WARNING [visualOdometry.cpp->trackingFrame2Frame:179]	The Estimated Rotation and translation matrices(using getTransformation function) are : 
   0.999985 -0.00370926 -0.00403208  -0.0121427
 0.00371622    0.999992  0.00172493   -0.232931
 0.00402565 -0.00173987     0.99999     4.25449
          0           0           0           1
2020/03/08 15:44:21 639848	INFO [input.cpp->run:235]	rotation: 
[0.9999850392341614, -0.003709262236952782, -0.004032082855701447;
 0.003716218750923872, 0.9999916553497314, 0.001724932342767715;
 0.004025652073323727, -0.001739874482154846, 0.9999904036521912]
2020/03/08 15:44:21 639881	INFO [input.cpp->run:256]	frame times (ms): 56.128
2020/03/08 15:44:21 639886	INFO [input.cpp->run:257]	FPS: 17.8164
2020/03/08 15:44:21 750438	INFO [input.cpp->run:173]	
frame_id 47
