		g3log created log at: Sun Mar 08 16:08:48 2020
		LOG format: [YYYY/MM/DD hh:mm:ss uuu* LEVEL FILE->FUNCTION:LINE] message		(uuu*: microseconds fractions of the seconds value)

2020/03/08 16:08:48 928666	INFO [g3logger.h->logBanner:29]	Starting log.
2020/03/08 16:08:48 939417	DEBUG [main.cpp->main:49]	Filepath: /home/mitchell/KITTI/data_odometry_gray/dataset/sequences/00/
2020/03/08 16:08:48 939423	DEBUG [main.cpp->main:53]	Calibration Filepath: /home/mitchell/visual_odom_ws/src/visual_odom/calibration/old/zed.yaml
2020/03/08 16:08:48 939505	INFO [main.cpp->main:67]	P_left: 
[718.85602, 0, 607.19281, 0;
 0, 718.85602, 185.2157, 0;
 0, 0, 1, 0]
2020/03/08 16:08:48 939514	INFO [main.cpp->main:68]	P_right: 
[718.85602, 0, 607.19281, -386.14481;
 0, 718.85602, 185.2157, 0;
 0, 0, 1, 0]
2020/03/08 16:08:49 015598	INFO [input.cpp->Input:22]	frame_pose [1, 0, 0, 0;
 0, 1, 0, 0;
 0, 0, 1, 0;
 0, 0, 0, 1]
2020/03/08 16:08:49 297298	INFO [input.cpp->run:173]	
frame_id 1
2020/03/08 16:08:49 620527	INFO [input.cpp->run:235]	rotation: 
[0.9999999782543895, 0.0001442980829343918, -0.000150563221863062;
 -0.0001443123547067986, 0.9999999850950942, -9.478267547192583e-05;
 0.0001505495426605654, 9.480440154389799e-05, 0.9999999841734802]
2020/03/08 16:08:49 620597	INFO [input.cpp->run:256]	frame times (ms): 375.006
2020/03/08 16:08:49 620601	INFO [input.cpp->run:257]	FPS: 2.66662
2020/03/08 16:08:49 628766	INFO [input.cpp->run:173]	
frame_id 2
2020/03/08 16:08:49 898240	INFO [input.cpp->run:235]	rotation: 
[0.9999997627075743, 0.0001139689760747487, -0.0006794084688173469;
 -0.0001117597877379735, 0.9999947099340908, 0.003250786609969429;
 0.0006797753635231432, -0.003250709908036127, 0.999994485380069]
2020/03/08 16:08:49 898273	INFO [input.cpp->run:256]	frame times (ms): 298.761
2020/03/08 16:08:49 898275	INFO [input.cpp->run:257]	FPS: 3.34716
2020/03/08 16:08:49 901328	INFO [input.cpp->run:173]	
frame_id 3
2020/03/08 16:08:50 160543	INFO [input.cpp->run:235]	rotation: 
[0.9999999814170936, -0.0001919559568918544, 1.785281594304801e-05;
 0.0001919350953873759, 0.9999993072956178, 0.001161279123923796;
 -1.80757180217755e-05, -0.001161275675761924, 0.9999993255558092]
2020/03/08 16:08:50 160590	INFO [input.cpp->run:256]	frame times (ms): 293.576
2020/03/08 16:08:50 160591	INFO [input.cpp->run:257]	FPS: 3.40627
2020/03/08 16:08:50 177154	INFO [input.cpp->run:173]	
frame_id 4
2020/03/08 16:08:50 440332	INFO [input.cpp->run:235]	rotation: 
[0.9999996161662685, 0.0004607076557578874, -0.000745262216615764;
 -0.0004581762037039936, 0.9999941376464927, 0.003393338652961585;
 0.0007468211847211931, -0.003392995889070575, 0.9999939649002962]
2020/03/08 16:08:50 440358	INFO [input.cpp->run:256]	frame times (ms): 296.216
2020/03/08 16:08:50 440360	INFO [input.cpp->run:257]	FPS: 3.37591
2020/03/08 16:08:50 448751	INFO [input.cpp->run:173]	
frame_id 5
2020/03/08 16:08:50 709394	INFO [input.cpp->run:235]	rotation: 
[0.9999989987825876, 0.00140298626153793, 0.0001845626514847141;
 -0.001403843168700673, 0.9999878387911141, 0.0047277366926063;
 -0.0001779274573518614, -0.004727991056131486, 0.9999888071585566]
2020/03/08 16:08:50 709416	INFO [input.cpp->run:256]	frame times (ms): 294.127
2020/03/08 16:08:50 709418	INFO [input.cpp->run:257]	FPS: 3.39989
2020/03/08 16:08:50 714226	INFO [input.cpp->run:173]	
frame_id 6
2020/03/08 16:08:50 977603	INFO [input.cpp->run:235]	rotation: 
[0.9999999824463753, -0.0001303601168418725, -0.0001345863625746414;
 0.0001303294961849917, 0.9999999656288732, -0.0002275004942994255;
 0.0001346160149397749, 0.0002274829497331395, 0.9999999650650174]
2020/03/08 16:08:50 977625	INFO [input.cpp->run:256]	frame times (ms): 298.348
2020/03/08 16:08:50 977627	INFO [input.cpp->run:257]	FPS: 3.35179
2020/03/08 16:08:50 982989	INFO [input.cpp->run:173]	
frame_id 7
2020/03/08 16:08:51 246809	INFO [input.cpp->run:235]	rotation: 
[0.9999997382220785, 0.0002610668868054695, -0.0006748332053185238;
 -0.0002600239333624694, 0.9999987724887816, 0.0015451240999624;
 0.000675235757691699, -0.001544948222698614, 0.9999985785948201]
2020/03/08 16:08:51 246835	INFO [input.cpp->run:256]	frame times (ms): 298.211
2020/03/08 16:08:51 246837	INFO [input.cpp->run:257]	FPS: 3.35333
2020/03/08 16:08:51 251322	INFO [input.cpp->run:173]	
frame_id 8
2020/03/08 16:08:51 519630	INFO [input.cpp->run:235]	rotation: 
[0.9999994974308741, 0.000405073041033614, -0.0009170898704952971;
 -0.0004021714358257637, 0.9999949202992753, 0.00316190350615383;
 0.00091836601382191, -0.00316153308972875, 0.9999945806415089]
2020/03/08 16:08:51 519656	INFO [input.cpp->run:256]	frame times (ms): 303.381
2020/03/08 16:08:51 519658	INFO [input.cpp->run:257]	FPS: 3.29619
2020/03/08 16:08:51 527183	INFO [input.cpp->run:173]	
frame_id 9
2020/03/08 16:08:51 793629	INFO [input.cpp->run:235]	rotation: 
[0.9999991346958484, -0.000107197858479478, -0.00131115070588703;
 0.0001109251453831185, 0.9999959524644844, 0.002843017808749316;
 0.001310840633537264, -0.002843160788256873, 0.9999950990547731]
2020/03/08 16:08:51 793650	INFO [input.cpp->run:256]	frame times (ms): 301.588
2020/03/08 16:08:51 793652	INFO [input.cpp->run:257]	FPS: 3.31578
2020/03/08 16:08:51 799508	INFO [input.cpp->run:173]	
frame_id 10
2020/03/08 16:08:52 066810	INFO [input.cpp->run:235]	rotation: 
[0.9999999417403772, -0.0002324459686681358, -0.0002499762266152715;
 0.000232054819234534, 0.9999987505913139, -0.001563638824012431;
 0.0002503393758338973, 0.001563580724727343, 0.9999987462719712]
2020/03/08 16:08:52 066836	INFO [input.cpp->run:256]	frame times (ms): 303.3
2020/03/08 16:08:52 066839	INFO [input.cpp->run:257]	FPS: 3.29707
2020/03/08 16:08:52 071260	INFO [input.cpp->run:173]	
frame_id 11
2020/03/08 16:08:52 337149	INFO [input.cpp->run:235]	rotation: 
[0.9999957558481144, -0.0006618100998142756, 0.002837303852267517;
 0.000673801443564485, 0.999990837305214, -0.004227445710090992;
 -0.002834480088650948, 0.004229339547600799, 0.9999870391208169]
2020/03/08 16:08:52 337175	INFO [input.cpp->run:256]	frame times (ms): 300.644
2020/03/08 16:08:52 337178	INFO [input.cpp->run:257]	FPS: 3.32619
2020/03/08 16:08:52 341680	INFO [input.cpp->run:173]	
frame_id 12
2020/03/08 16:08:52 607096	INFO [input.cpp->run:235]	rotation: 
[0.9999999900494817, -0.0001397468322331911, 1.928365788837446e-05;
 0.00013974599727775, 0.9999999892983793, 4.329315907727222e-05;
 -1.928970776384649e-05, -4.329046383248007e-05, 0.9999999988769215]
2020/03/08 16:08:52 607117	INFO [input.cpp->run:256]	frame times (ms): 299.236
2020/03/08 16:08:52 607118	INFO [input.cpp->run:257]	FPS: 3.34184
2020/03/08 16:08:52 611941	INFO [input.cpp->run:173]	
frame_id 13
2020/03/08 16:08:52 880343	INFO [input.cpp->run:235]	rotation: 
[0.9999995789199694, -0.000859898794866684, 0.0003205213666225352;
 0.0008600517342743222, 0.9999995162352399, -0.0004773261994169958;
 -0.0003201107593419563, 0.0004776016633817009, 0.9999998347128628]
2020/03/08 16:08:52 880370	INFO [input.cpp->run:256]	frame times (ms): 303.991
2020/03/08 16:08:52 880372	INFO [input.cpp->run:257]	FPS: 3.28957
2020/03/08 16:08:52 885225	INFO [input.cpp->run:173]	
frame_id 14
2020/03/08 16:08:53 146761	INFO [input.cpp->run:235]	rotation: 
[0.9999999208435341, 0.0003236229393376553, -0.000231475957082006;
 -0.0003235442980105784, 0.9999998899630413, 0.000339695440542896;
 0.0002315858648480438, -0.000339620520927765, 0.9999999155129409]
2020/03/08 16:08:53 146796	INFO [input.cpp->run:256]	frame times (ms): 296.934
2020/03/08 16:08:53 146799	INFO [input.cpp->run:257]	FPS: 3.36775
2020/03/08 16:08:53 151453	INFO [input.cpp->run:173]	
frame_id 15
2020/03/08 16:08:53 416177	INFO [input.cpp->run:235]	rotation: 
[0.9999996026728861, 0.0001242689442360431, 0.0008827294599244472;
 -0.0001248167851168776, 0.9999997996422042, 0.0006205935236830611;
 -0.0008826521625607304, -0.0006207034565577432, 0.99999941782602]
2020/03/08 16:08:53 416206	INFO [input.cpp->run:256]	frame times (ms): 301.545
2020/03/08 16:08:53 416207	INFO [input.cpp->run:257]	FPS: 3.31625
2020/03/08 16:08:53 423163	INFO [input.cpp->run:173]	
frame_id 16
2020/03/08 16:08:53 685168	INFO [input.cpp->run:235]	rotation: 
[0.9999996250049555, -3.662839244072269e-05, -0.000865244652839214;
 3.838216988645633e-05, 0.9999979449262747, 0.002026985455387674;
 0.0008651686294789304, -0.002027017905245431, 0.999997571337878]
2020/03/08 16:08:53 685224	INFO [input.cpp->run:256]	frame times (ms): 296.336
2020/03/08 16:08:53 685227	INFO [input.cpp->run:257]	FPS: 3.37455
2020/03/08 16:08:53 691978	INFO [input.cpp->run:173]	
frame_id 17
2020/03/08 16:08:53 953922	INFO [input.cpp->run:235]	rotation: 
[0.9999997769069791, 0.0006678917738725286, -1.032330221374544e-05;
 -0.0006678497355978563, 0.9999931416492454, 0.003642887756015427;
 1.275628617830157e-05, -0.003642880048897938, 0.999993364609099]
2020/03/08 16:08:53 953968	INFO [input.cpp->run:256]	frame times (ms): 298.029
2020/03/08 16:08:53 953971	INFO [input.cpp->run:257]	FPS: 3.35538
2020/03/08 16:08:53 959225	INFO [input.cpp->run:173]	
frame_id 18
2020/03/08 16:08:54 224496	INFO [input.cpp->run:235]	rotation: 
[0.9999994157628511, -0.0006561728596206428, -0.0008590175404339475;
 0.0006557277136220041, 0.9999996506501898, -0.0005183827387733852;
 0.0008593573890204116, 0.0005178191543071818, 0.999999496683974]
2020/03/08 16:08:54 224526	INFO [input.cpp->run:256]	frame times (ms): 301.886
2020/03/08 16:08:54 224528	INFO [input.cpp->run:257]	FPS: 3.31251
2020/03/08 16:08:54 228943	INFO [input.cpp->run:173]	
frame_id 19
2020/03/08 16:08:54 494827	INFO [input.cpp->run:235]	rotation: 
[0.9999994782947488, 0.001005742456522586, -0.0001785842699169585;
 -0.00100561166618389, 0.9999992272218564, 0.0007309588680792666;
 0.0001793192882785369, -0.0007307789003089612, 0.9999997169033558]
2020/03/08 16:08:54 494852	INFO [input.cpp->run:256]	frame times (ms): 302.133
2020/03/08 16:08:54 494854	INFO [input.cpp->run:257]	FPS: 3.3098
2020/03/08 16:08:54 498993	INFO [input.cpp->run:173]	
frame_id 20
2020/03/08 16:08:54 764070	INFO [input.cpp->run:235]	rotation: 
[0.9999998995526481, 0.0001675871562299724, -0.0004157033060467079;
 -0.000167335625880774, 0.9999998029670271, 0.0006050328052839822;
 0.000415804619866713, -0.000604963182537141, 0.9999997305629966]
2020/03/08 16:08:54 764095	INFO [input.cpp->run:256]	frame times (ms): 300.225
2020/03/08 16:08:54 764097	INFO [input.cpp->run:257]	FPS: 3.33084
2020/03/08 16:08:54 768346	INFO [input.cpp->run:173]	
frame_id 21
2020/03/08 16:08:55 030734	INFO [input.cpp->run:235]	rotation: 
[0.9999991520225483, 0.0006346581494476354, 0.001137173345507693;
 -0.0006366508615927033, 0.9999982611231703, 0.001752833795935933;
 -0.001136058917850093, -0.001753556291962595, 0.9999978172028507]
2020/03/08 16:08:55 030761	INFO [input.cpp->run:256]	frame times (ms): 297.954
2020/03/08 16:08:55 030764	INFO [input.cpp->run:257]	FPS: 3.35622
2020/03/08 16:08:55 035297	INFO [input.cpp->run:173]	
frame_id 22
2020/03/08 16:08:55 299347	INFO [input.cpp->run:235]	rotation: 
[0.999999770900402, 0.0006599240769525342, -0.0001506630547219939;
 -0.0006597112096283203, 0.9999987903483135, 0.001408574822179061;
 0.0001515924249115208, -0.001408475105369058, 0.9999989966083037]
2020/03/08 16:08:55 299375	INFO [input.cpp->run:256]	frame times (ms): 301.795
2020/03/08 16:08:55 299379	INFO [input.cpp->run:257]	FPS: 3.31351
2020/03/08 16:08:55 303569	INFO [input.cpp->run:173]	
frame_id 23
2020/03/08 16:08:55 567732	INFO [input.cpp->run:235]	rotation: 
[0.999999866216858, 0.0005075605098572775, -9.974264364636058e-05;
 -0.0005074250841043306, 0.9999989557941854, 0.001353118739381788;
 0.0001004293291317702, -0.00135306794643797, 0.9999990795601175]
2020/03/08 16:08:55 567754	INFO [input.cpp->run:256]	frame times (ms): 300.534
2020/03/08 16:08:55 567755	INFO [input.cpp->run:257]	FPS: 3.32741
2020/03/08 16:08:55 572273	INFO [input.cpp->run:173]	
frame_id 24
2020/03/08 16:08:55 854899	INFO [input.cpp->run:235]	rotation: 
[0.9999995654630897, 0.0001038713614042117, -0.0009264363831771009;
 -9.908655633455355e-05, 0.9999866652017598, 0.005163293572703438;
 0.0009269603476675753, -0.00516319953167093, 0.9999862409628995]
2020/03/08 16:08:55 854928	INFO [input.cpp->run:256]	frame times (ms): 320.822
2020/03/08 16:08:55 854930	INFO [input.cpp->run:257]	FPS: 3.11699
2020/03/08 16:08:55 859342	INFO [input.cpp->run:173]	
frame_id 25
2020/03/08 16:08:56 126249	INFO [input.cpp->run:235]	rotation: 
[0.9972013615495174, -0.04378637950158064, -0.06059865917602551;
 0.04378598153683733, 0.9990400418884146, -0.001335112149097402;
 0.06059894672883584, -0.00132199611893732, 0.9981613196180351]
2020/03/08 16:08:56 126274	INFO [input.cpp->run:256]	frame times (ms): 306.916
2020/03/08 16:08:56 126277	INFO [input.cpp->run:257]	FPS: 3.25822
2020/03/08 16:08:56 130551	INFO [input.cpp->run:173]	
frame_id 26
2020/03/08 16:08:56 389356	INFO [input.cpp->run:235]	rotation: 
[0.9936979380636959, -0.02238264454144215, -0.1098336246842956;
 0.02670854185753563, 0.9989179292814634, 0.03807393270831897;
 0.1088625816330089, -0.04076748438847783, 0.9932204944204643]
2020/03/08 16:08:56 389382	INFO [input.cpp->run:256]	frame times (ms): 284.376
2020/03/08 16:08:56 389383	INFO [input.cpp->run:257]	FPS: 3.51647
2020/03/08 16:08:56 393654	INFO [input.cpp->run:173]	
frame_id 27
2020/03/08 16:08:56 652384	INFO [input.cpp->run:235]	rotation: 
[0.998516301145653, 0.04537634011282893, -0.0301028919602169;
 -0.04624458200019774, 0.9985148423334926, -0.02880187971899174;
 0.02875126052942038, 0.03015124205874698, 0.9991317568870905]
2020/03/08 16:08:56 652409	INFO [input.cpp->run:256]	frame times (ms): 282.482
2020/03/08 16:08:56 652410	INFO [input.cpp->run:257]	FPS: 3.54005
2020/03/08 16:08:56 656500	INFO [input.cpp->run:173]	
frame_id 28
2020/03/08 16:08:56 915963	INFO [input.cpp->run:235]	rotation: 
[0.9999771512362998, 0.006477812474872295, 0.001932602099440184;
 -0.006473131574822728, 0.9999761242495868, -0.002418573627133409;
 -0.001948223023528052, 0.002406008378044656, 0.999995207763885]
2020/03/08 16:08:56 915986	INFO [input.cpp->run:256]	frame times (ms): 285.373
2020/03/08 16:08:56 915987	INFO [input.cpp->run:257]	FPS: 3.50419
2020/03/08 16:08:56 920317	INFO [input.cpp->run:173]	
frame_id 29
2020/03/08 16:08:57 183342	INFO [input.cpp->run:235]	rotation: 
[0.9998802605046393, 0.004472308226549419, -0.01481428743819372;
 -0.004398062774789463, 0.999977624751148, 0.005040539741057375;
 0.01483649881217591, -0.004974782023255485, 0.9998775574273169]
2020/03/08 16:08:57 183365	INFO [input.cpp->run:256]	frame times (ms): 296.088
2020/03/08 16:08:57 183366	INFO [input.cpp->run:257]	FPS: 3.37737
2020/03/08 16:08:57 187526	INFO [input.cpp->run:173]	
frame_id 30
2020/03/08 16:08:57 455566	INFO [input.cpp->run:235]	rotation: 
[0.9999867042332464, 0.004937351969714302, -0.001487922127272283;
 -0.004935406787572196, 0.9999869651498877, 0.001308162894437801;
 0.001494361593073935, -0.001300802000442762, 0.9999980373968664]
2020/03/08 16:08:57 455587	INFO [input.cpp->run:256]	frame times (ms): 307.242
2020/03/08 16:08:57 455590	INFO [input.cpp->run:257]	FPS: 3.25476
2020/03/08 16:08:57 459790	INFO [input.cpp->run:173]	
frame_id 31
2020/03/08 16:08:57 727870	INFO [input.cpp->run:235]	rotation: 
[0.9999953842066805, 0.003012057283184936, 0.0003988436487638944;
 -0.003011897471926537, 0.9999953839528362, -0.0004006827152568296;
 -0.0004000486869735363, 0.0003994795896108233, 0.99999984018854]
2020/03/08 16:08:57 727896	INFO [input.cpp->run:256]	frame times (ms): 308.3
2020/03/08 16:08:57 727897	INFO [input.cpp->run:257]	FPS: 3.24359
2020/03/08 16:08:57 732496	INFO [input.cpp->run:173]	
frame_id 32
2020/03/08 16:08:58 000968	INFO [input.cpp->run:235]	rotation: 
[0.9999963955118536, 0.002684903833512365, 1.595948691421132e-05;
 -0.002684916311550363, 0.9999960416380412, 0.0008413873358496628;
 -1.370037965729392e-05, -0.0008414271529657241, 0.9999996459062602]
2020/03/08 16:08:58 000991	INFO [input.cpp->run:256]	frame times (ms): 309.501
2020/03/08 16:08:58 000992	INFO [input.cpp->run:257]	FPS: 3.23101
2020/03/08 16:08:58 005199	INFO [input.cpp->run:173]	
frame_id 33
2020/03/08 16:08:58 269583	INFO [input.cpp->run:235]	rotation: 
[0.9999963007828897, 0.001341555875918955, 0.002366146311663517;
 -0.001335753881151663, 0.9999961018086346, -0.002451964335753119;
 -0.002369426535134569, 0.002448794676285517, 0.9999941945944126]
2020/03/08 16:08:58 269611	INFO [input.cpp->run:256]	frame times (ms): 303.287
2020/03/08 16:08:58 269613	INFO [input.cpp->run:257]	FPS: 3.29721
2020/03/08 16:08:58 273902	INFO [input.cpp->run:173]	
frame_id 34
2020/03/08 16:08:58 539683	INFO [input.cpp->run:235]	rotation: 
[0.9999928676122996, 0.00114399434276237, 0.003599444606272197;
 -0.001138238354263219, 0.9999980709649586, -0.001600774753186858;
 -0.003601268940079105, 0.001596666309935792, 0.9999922407292549]
2020/03/08 16:08:58 539709	INFO [input.cpp->run:256]	frame times (ms): 306.181
2020/03/08 16:08:58 539712	INFO [input.cpp->run:257]	FPS: 3.26604
2020/03/08 16:08:58 545091	INFO [input.cpp->run:173]	
frame_id 35
2020/03/08 16:08:58 809669	INFO [input.cpp->run:235]	rotation: 
[0.9999968284504502, 0.001939659833072353, 0.001606489580676278;
 -0.001938000559047996, 0.9999975877332996, -0.001033770484607479;
 -0.001608490868480567, 0.001030653828247708, 0.9999981752532413]
2020/03/08 16:08:58 809733	INFO [input.cpp->run:256]	frame times (ms): 304.503
2020/03/08 16:08:58 809737	INFO [input.cpp->run:257]	FPS: 3.28404
2020/03/08 16:08:58 814286	INFO [input.cpp->run:173]	
frame_id 36
2020/03/08 16:08:59 078396	INFO [input.cpp->run:235]	rotation: 
[0.9999956155703371, 0.001634814700065309, 0.002469052652146704;
 -0.001631901824100218, 0.9999979707010286, -0.00118130870701773;
 -0.002470978862540244, 0.001177274276125956, 0.999996254137354]
2020/03/08 16:08:59 078425	INFO [input.cpp->run:256]	frame times (ms): 305.449
2020/03/08 16:08:59 078427	INFO [input.cpp->run:257]	FPS: 3.27387
2020/03/08 16:08:59 082873	INFO [input.cpp->run:173]	
frame_id 37
2020/03/08 16:08:59 347556	INFO [input.cpp->run:235]	rotation: 
[0.9999954740423709, 0.001334292755433331, 0.002696582581102196;
 -0.00133133872534445, 0.9999985120958295, -0.00109697006593341;
 -0.002698042248057629, 0.001093375036277061, 0.9999957625405509]
2020/03/08 16:08:59 347584	INFO [input.cpp->run:256]	frame times (ms): 304.526
2020/03/08 16:08:59 347586	INFO [input.cpp->run:257]	FPS: 3.28379
2020/03/08 16:08:59 356956	INFO [input.cpp->run:173]	
frame_id 38
2020/03/08 16:08:59 618736	INFO [input.cpp->run:235]	rotation: 
[0.9999980117261479, 0.001807274433525015, 0.0008427946801133255;
 -0.001807354828624596, 0.9999983622546288, 9.463922881051939e-05;
 -0.0008426222607716015, -9.616226967645729e-05, 0.9999996403702071]
2020/03/08 16:08:59 618781	INFO [input.cpp->run:256]	frame times (ms): 302.01
2020/03/08 16:08:59 618783	INFO [input.cpp->run:257]	FPS: 3.31115
2020/03/08 16:08:59 625251	INFO [input.cpp->run:173]	
frame_id 39
2020/03/08 16:08:59 890941	INFO [input.cpp->run:235]	rotation: 
[0.9999976630693312, 0.001623461940321162, 0.001427664948290743;
 -0.001621533212371919, 0.9999977725928929, -0.001351088188851826;
 -0.001429855208552309, 0.001348770025322608, 0.9999980681648847]
2020/03/08 16:08:59 890971	INFO [input.cpp->run:256]	frame times (ms): 307.007
2020/03/08 16:08:59 890972	INFO [input.cpp->run:257]	FPS: 3.25725
2020/03/08 16:08:59 895112	INFO [input.cpp->run:173]	
frame_id 40
2020/03/08 16:09:00 155500	INFO [input.cpp->run:235]	rotation: 
[0.999997531511676, 0.001824254692268547, 0.001268489405609063;
 -0.001825068318881685, 0.9999981294073991, 0.0006405523664910995;
 -0.001267318502121951, -0.0006428658651220761, 0.9999989903131371]
2020/03/08 16:09:00 155532	INFO [input.cpp->run:256]	frame times (ms): 300.851
2020/03/08 16:09:00 155535	INFO [input.cpp->run:257]	FPS: 3.3239
2020/03/08 16:09:00 159810	INFO [input.cpp->run:173]	
frame_id 41
2020/03/08 16:09:00 419485	INFO [input.cpp->run:235]	rotation: 
[0.99999623903496, 0.001881192304158166, 0.00199575335397744;
 -0.001877880722634233, 0.9999968591558305, -0.001659892305428214;
 -0.001998869662257858, 0.001656138275880716, 0.9999966308573667]
2020/03/08 16:09:00 419508	INFO [input.cpp->run:256]	frame times (ms): 297.069
2020/03/08 16:09:00 419509	INFO [input.cpp->run:257]	FPS: 3.36622
2020/03/08 16:09:00 423712	INFO [input.cpp->run:173]	
frame_id 42
2020/03/08 16:09:00 685157	INFO [input.cpp->run:235]	rotation: 
[0.9999971738193472, 0.002241249003773666, 0.0007931936847550674;
 -0.002240667325043333, 0.9999972207134514, -0.0007334680027718745;
 -0.0007948353646730413, 0.0007316886466869341, 0.9999994164340634]
2020/03/08 16:09:00 685186	INFO [input.cpp->run:256]	frame times (ms): 300.118
2020/03/08 16:09:00 685188	INFO [input.cpp->run:257]	FPS: 3.33202
2020/03/08 16:09:00 689533	INFO [input.cpp->run:173]	
frame_id 43
2020/03/08 16:09:00 950381	INFO [input.cpp->run:235]	rotation: 
[0.9999867750263958, 0.0008943775458601901, 0.005064569193324094;
 -0.0008765962761515567, 0.9999934485322455, -0.003512046633510533;
 -0.005067677108611359, 0.003507560604291328, 0.9999810076533104]
2020/03/08 16:09:00 950411	INFO [input.cpp->run:256]	frame times (ms): 300.558
2020/03/08 16:09:00 950415	INFO [input.cpp->run:257]	FPS: 3.32714
2020/03/08 16:09:00 954692	INFO [input.cpp->run:173]	
frame_id 44
2020/03/08 16:09:01 214983	INFO [input.cpp->run:235]	rotation: 
[0.9999971756189769, 0.0009321308808711526, 0.002186295060108592;
 -0.0009284150542396677, 0.9999981240220956, -0.001699999346028096;
 -0.00218787558055526, 0.001697964755335389, 0.9999961650507134]
2020/03/08 16:09:01 215028	INFO [input.cpp->run:256]	frame times (ms): 299.646
2020/03/08 16:09:01 215030	INFO [input.cpp->run:257]	FPS: 3.33727
2020/03/08 16:09:01 219440	INFO [input.cpp->run:173]	
frame_id 45
2020/03/08 16:09:01 479435	INFO [input.cpp->run:235]	rotation: 
[0.9999939200990665, 0.0008998320540457961, 0.003368986075408041;
 -0.000894368642055384, 0.9999982832559252, -0.001622833920779748;
 -0.003370440569701468, 0.001619810938608912, 0.9999930081470016]
2020/03/08 16:09:01 479481	INFO [input.cpp->run:256]	frame times (ms): 298.008
2020/03/08 16:09:01 479485	INFO [input.cpp->run:257]	FPS: 3.35561
2020/03/08 16:09:01 485270	INFO [input.cpp->run:173]	
frame_id 46
2020/03/08 16:09:01 747178	INFO [input.cpp->run:235]	rotation: 
[0.9999819322938651, 0.0001185335034012148, 0.006010077839453471;
 -9.662657913808187e-05, 0.9999933516006102, -0.003645191062565358;
 -0.006010469959322843, 0.003644544469062454, 0.9999752954680836]
2020/03/08 16:09:01 747273	INFO [input.cpp->run:256]	frame times (ms): 300.615
2020/03/08 16:09:01 747278	INFO [input.cpp->run:257]	FPS: 3.32651
2020/03/08 16:09:01 752218	INFO [input.cpp->run:173]	
frame_id 47
2020/03/08 16:09:02 012280	INFO [input.cpp->run:235]	rotation: 
[0.9999975275475094, 0.001310549161695864, 0.001796485391791928;
 -0.00130662983229717, 0.9999967677436837, -0.002181105377185129;
 -0.001799338030914314, 0.002178752643099505, 0.9999960077018161]
2020/03/08 16:09:02 012321	INFO [input.cpp->run:256]	frame times (ms): 298.455
2020/03/08 16:09:02 012324	INFO [input.cpp->run:257]	FPS: 3.35059
2020/03/08 16:09:02 017654	INFO [input.cpp->run:173]	
frame_id 48
2020/03/08 16:09:02 278710	INFO [input.cpp->run:235]	rotation: 
[0.9999859093847041, 0.0002576845339407451, 0.005302323144368079;
 -0.0002397880937262555, 0.9999942740104172, -0.00337556633007641;
 -0.005303162614557542, 0.003374247332310738, 0.9999802452654872]
2020/03/08 16:09:02 278775	INFO [input.cpp->run:256]	frame times (ms): 299.063
2020/03/08 16:09:02 278779	INFO [input.cpp->run:257]	FPS: 3.34378
2020/03/08 16:09:02 285172	INFO [input.cpp->run:173]	
frame_id 49
2020/03/08 16:09:02 545917	INFO [input.cpp->run:235]	rotation: 
[0.9999931557647389, 0.001239499270774233, 0.003485981244413631;
 -0.001229179496335377, 0.9999948609322107, -0.002960950343112278;
 -0.00348963342551079, 0.00295664518100129, 0.9999895402992119]
2020/03/08 16:09:02 545956	INFO [input.cpp->run:256]	frame times (ms): 299.338
2020/03/08 16:09:02 545959	INFO [input.cpp->run:257]	FPS: 3.3407
2020/03/08 16:09:02 551337	INFO [input.cpp->run:173]	
frame_id 50
2020/03/08 16:09:02 812283	INFO [input.cpp->run:235]	rotation: 
[0.9999940559962858, 0.001580396106068381, 0.003064362942810831;
 -0.001577284938208379, 0.99999823850777, -0.001017424975519307;
 -0.003065965479428845, 0.001012585554426574, 0.9999947872495005]
2020/03/08 16:09:02 812327	INFO [input.cpp->run:256]	frame times (ms): 299.833
2020/03/08 16:09:02 812333	INFO [input.cpp->run:257]	FPS: 3.33519
2020/03/08 16:09:02 818086	INFO [input.cpp->run:173]	
frame_id 51
2020/03/08 16:09:03 082420	INFO [input.cpp->run:235]	rotation: 
[0.9999923557330058, 0.001045171074061831, 0.00376777029282538;
 -0.001035266357405116, 0.9999960061979459, -0.002629793095838534;
 -0.003770503828771182, 0.002625872347171378, 0.9999894439919321]
2020/03/08 16:09:03 082457	INFO [input.cpp->run:256]	frame times (ms): 304.499
2020/03/08 16:09:03 082459	INFO [input.cpp->run:257]	FPS: 3.28408
2020/03/08 16:09:03 086636	INFO [input.cpp->run:173]	
frame_id 52
2020/03/08 16:09:03 352471	INFO [input.cpp->run:235]	rotation: 
[0.9999953400123719, 0.001152867721249483, 0.002826809077040773;
 -0.001148906019584076, 0.999998356224763, -0.001402698374657724;
 -0.002828421556080804, 0.001399444100135825, 0.9999950207814595]
2020/03/08 16:09:03 352501	INFO [input.cpp->run:256]	frame times (ms): 306.386
2020/03/08 16:09:03 352504	INFO [input.cpp->run:257]	FPS: 3.26386
2020/03/08 16:09:03 357576	INFO [input.cpp->run:173]	
frame_id 53
2020/03/08 16:09:03 618446	INFO [input.cpp->run:235]	rotation: 
[0.9999970290616101, 0.001267930438004508, 0.002081879044886644;
 -0.001263571699957514, 0.9999970100288872, -0.002093637945003956;
 -0.002084527407405071, 0.002091001121490757, 0.9999956412203994]
2020/03/08 16:09:03 618473	INFO [input.cpp->run:256]	frame times (ms): 300.729
2020/03/08 16:09:03 618475	INFO [input.cpp->run:257]	FPS: 3.32525
2020/03/08 16:09:03 622597	INFO [input.cpp->run:173]	
frame_id 54
2020/03/08 16:09:03 886244	INFO [input.cpp->run:235]	rotation: 
[0.9999977721410634, 0.001439785563866675, 0.001543609549046545;
 -0.001438928365304278, 0.9999988100138831, -0.0005562876748933357;
 -0.00154440864713628, 0.0005540652919977903, 0.9999986539058855]
2020/03/08 16:09:03 886272	INFO [input.cpp->run:256]	frame times (ms): 304.199
2020/03/08 16:09:03 886274	INFO [input.cpp->run:257]	FPS: 3.28732
2020/03/08 16:09:03 890914	INFO [input.cpp->run:173]	
frame_id 55
2020/03/08 16:09:04 152178	INFO [input.cpp->run:235]	rotation: 
[0.9999898744778152, 0.0005681564738097921, 0.004464094540298337;
 -0.0005576422774568915, 0.9999970687385267, -0.002356172626278383;
 -0.00446542012960103, 0.002353659400953949, 0.9999872600740923]
2020/03/08 16:09:04 152202	INFO [input.cpp->run:256]	frame times (ms): 298.615
2020/03/08 16:09:04 152205	INFO [input.cpp->run:257]	FPS: 3.34879
g3log g3FileSink shutdown at: 16:09:04 240251
