		g3log created log at: Sun Mar 08 16:09:55 2020
		LOG format: [YYYY/MM/DD hh:mm:ss uuu* LEVEL FILE->FUNCTION:LINE] message		(uuu*: microseconds fractions of the seconds value)

2020/03/08 16:09:55 574470	INFO [g3logger.h->logBanner:29]	Starting log.
2020/03/08 16:09:55 576767	DEBUG [main.cpp->main:49]	Filepath: /home/mitchell/KITTI/data_odometry_gray/dataset/sequences/00/
2020/03/08 16:09:55 576770	DEBUG [main.cpp->main:53]	Calibration Filepath: /home/mitchell/visual_odom_ws/src/visual_odom/calibration/old/zed.yaml
2020/03/08 16:09:55 576836	INFO [main.cpp->main:67]	P_left: 
[718.85602, 0, 607.19281, 0;
 0, 718.85602, 185.2157, 0;
 0, 0, 1, 0]
2020/03/08 16:09:55 576843	INFO [main.cpp->main:68]	P_right: 
[718.85602, 0, 607.19281, -386.14481;
 0, 718.85602, 185.2157, 0;
 0, 0, 1, 0]
2020/03/08 16:09:55 658949	INFO [input.cpp->Input:22]	frame_pose [1, 0, 0, 0;
 0, 1, 0, 0;
 0, 0, 1, 0;
 0, 0, 0, 1]
2020/03/08 16:09:55 883163	INFO [input.cpp->run:173]	
frame_id 1
2020/03/08 16:09:55 970419	INFO [input.cpp->run:235]	rotation: 
[0.9999949557551149, -0.003012168265230743, 0.001007624269122371;
 0.003007776513630829, 0.9999860934047732, 0.004332006175466776;
 -0.001020658988026044, -0.004328953615155553, 0.9999901091589997]
2020/03/08 16:09:55 970464	INFO [input.cpp->run:256]	frame times (ms): 119.688
2020/03/08 16:09:55 970465	INFO [input.cpp->run:257]	FPS: 8.35506
2020/03/08 16:09:55 975068	INFO [input.cpp->run:173]	
frame_id 2
2020/03/08 16:09:56 008455	INFO [input.cpp->run:235]	rotation: 
[0.9999919107106824, 0.0006306816278975894, 0.003972499702055076;
 -0.0006255560963411736, 0.9999989705289318, -0.001291363870844481;
 -0.003973310051949838, 0.001288868403222182, 0.9999912757746791]
2020/03/08 16:09:56 008548	INFO [input.cpp->run:256]	frame times (ms): 49.408
2020/03/08 16:09:56 008551	INFO [input.cpp->run:257]	FPS: 20.2396
2020/03/08 16:09:56 012417	INFO [input.cpp->run:173]	
frame_id 3
2020/03/08 16:09:56 043795	INFO [input.cpp->run:235]	rotation: 
[0.9999945643826322, 0.001756290180465139, 0.002790456950333671;
 -0.001755571059600123, 0.9999984251485858, -0.0002601357392009637;
 -0.002790909429622943, 0.000255235479737556, 0.9999960728319914]
2020/03/08 16:09:56 043819	INFO [input.cpp->run:256]	frame times (ms): 46.488
2020/03/08 16:09:56 043821	INFO [input.cpp->run:257]	FPS: 21.5109
2020/03/08 16:09:56 086849	INFO [input.cpp->run:173]	
frame_id 4
2020/03/08 16:09:56 117432	INFO [input.cpp->run:235]	rotation: 
[0.9999755088938471, -0.0005711938850369996, 0.006975338704121738;
 0.000604791267582496, 0.9999882228321464, -0.004815436068326664;
 -0.006972506006750969, 0.004819536756907426, 0.9999640774675032]
2020/03/08 16:09:56 117457	INFO [input.cpp->run:256]	frame times (ms): 47.231
2020/03/08 16:09:56 117460	INFO [input.cpp->run:257]	FPS: 21.1725
2020/03/08 16:09:56 153337	INFO [input.cpp->run:173]	
frame_id 5
2020/03/08 16:09:56 183672	INFO [input.cpp->run:235]	rotation: 
[0.9999931750583507, 0.0009939607170622792, 0.00355835338486127;
 -0.0009895026001001789, 0.9999987236806929, -0.001254400888721247;
 -0.00355959566847298, 0.001250871327581981, 0.9999928822744684]
2020/03/08 16:09:56 183695	INFO [input.cpp->run:256]	frame times (ms): 46.062
2020/03/08 16:09:56 183697	INFO [input.cpp->run:257]	FPS: 21.7099
2020/03/08 16:09:56 220066	INFO [input.cpp->run:173]	
frame_id 6
2020/03/08 16:09:56 250864	INFO [input.cpp->run:235]	rotation: 
[0.9999759280591626, -0.0003191306073586993, 0.006931194548694479;
 0.0003509337025834281, 0.999989415013851, -0.004587668884355625;
 -0.00692965711653876, 0.004589990840027959, 0.9999654553215004]
2020/03/08 16:09:56 250890	INFO [input.cpp->run:256]	frame times (ms): 47.286
2020/03/08 16:09:56 250893	INFO [input.cpp->run:257]	FPS: 21.1479
2020/03/08 16:09:56 286663	INFO [input.cpp->run:173]	
frame_id 7
2020/03/08 16:09:56 316124	INFO [input.cpp->run:235]	rotation: 
[0.9999950376217972, -0.003020874770948347, 0.0008938945120780847;
 0.003017107912958353, 0.9999866882001535, 0.004185747523525624;
 -0.000906527231824634, -0.00418302977605761, 0.9999908401931843]
2020/03/08 16:09:56 316147	INFO [input.cpp->run:256]	frame times (ms): 46.776
2020/03/08 16:09:56 316149	INFO [input.cpp->run:257]	FPS: 21.3785
2020/03/08 16:09:56 353506	INFO [input.cpp->run:173]	
frame_id 8
2020/03/08 16:09:56 386493	INFO [input.cpp->run:235]	rotation: 
[0.9999966752923199, 0.00202823257496829, 0.001592380899240158;
 -0.002030011882753865, 0.9999973161598867, 0.001116568304901308;
 -0.001590111965336247, -0.001119797144785417, 0.9999981087973578]
2020/03/08 16:09:56 386519	INFO [input.cpp->run:256]	frame times (ms): 51.305
2020/03/08 16:09:56 386521	INFO [input.cpp->run:257]	FPS: 19.4913
2020/03/08 16:09:56 419898	INFO [input.cpp->run:173]	
frame_id 9
2020/03/08 16:09:56 450154	INFO [input.cpp->run:235]	rotation: 
[0.9999950891822467, 0.003049828444070862, -0.0007212196975700813;
 -0.003048553292184343, 0.9999937997839704, 0.001762587995342566;
 0.0007265908168555251, -0.001760380662910731, 0.999998186561209]
2020/03/08 16:09:56 450177	INFO [input.cpp->run:256]	frame times (ms): 46.836
2020/03/08 16:09:56 450179	INFO [input.cpp->run:257]	FPS: 21.3511
2020/03/08 16:09:56 487072	INFO [input.cpp->run:173]	
frame_id 10
2020/03/08 16:09:56 517114	INFO [input.cpp->run:235]	rotation: 
[0.9999866906569859, 0.0004222799532008024, 0.005142002385327335;
 -0.0004064325247023229, 0.9999951661472349, -0.003082611679542112;
 -0.00514327925476066, 0.003080480774994396, 0.9999820284968638]
2020/03/08 16:09:56 517142	INFO [input.cpp->run:256]	frame times (ms): 47.301
2020/03/08 16:09:56 517144	INFO [input.cpp->run:257]	FPS: 21.1412
2020/03/08 16:09:56 553347	INFO [input.cpp->run:173]	
frame_id 11
2020/03/08 16:09:56 584485	INFO [input.cpp->run:235]	rotation: 
[0.9999972693942737, 0.001541704302587159, 0.001756232285247873;
 -0.001544474433900463, 0.999997563749617, 0.001577052172160407;
 -0.001753796658507071, -0.001579760321717271, 0.9999972142734231]
2020/03/08 16:09:56 584517	INFO [input.cpp->run:256]	frame times (ms): 49.106
2020/03/08 16:09:56 584520	INFO [input.cpp->run:257]	FPS: 20.3641
2020/03/08 16:09:56 619739	INFO [input.cpp->run:173]	
frame_id 12
2020/03/08 16:09:56 652807	INFO [input.cpp->run:235]	rotation: 
[0.9999861156141944, -0.005121635332306145, 0.00123993159402521;
 0.005113183250175598, 0.9999643049083285, 0.006726385824009504;
 -0.001274337429848265, -0.006719952434815713, 0.999976608878122]
2020/03/08 16:09:56 652833	INFO [input.cpp->run:256]	frame times (ms): 47.683
2020/03/08 16:09:56 652837	INFO [input.cpp->run:257]	FPS: 20.9718
2020/03/08 16:09:56 686932	INFO [input.cpp->run:173]	
frame_id 13
2020/03/08 16:09:56 717297	INFO [input.cpp->run:235]	rotation: 
[0.9999983305437102, -0.001659094741801621, 0.0007657117148268836;
 0.001656596043743771, 0.9999933387221343, 0.00325241462711266;
 -0.0007711026782143874, -0.003251140722351174, 0.9999944177267507]
2020/03/08 16:09:56 717319	INFO [input.cpp->run:256]	frame times (ms): 46.503
2020/03/08 16:09:56 717321	INFO [input.cpp->run:257]	FPS: 21.504
2020/03/08 16:09:56 753377	INFO [input.cpp->run:173]	
frame_id 14
2020/03/08 16:09:56 784779	INFO [input.cpp->run:235]	rotation: 
[0.9999957461940551, -0.002291200800526353, 0.001804991048908924;
 0.002285738569802976, 0.9999928200585423, 0.0030224543924339;
 -0.00181190313910236, -0.003018315797840797, 0.9999938033691804]
2020/03/08 16:09:56 784803	INFO [input.cpp->run:256]	frame times (ms): 49.033
2020/03/08 16:09:56 784805	INFO [input.cpp->run:257]	FPS: 20.3944
2020/03/08 16:09:56 820025	INFO [input.cpp->run:173]	
frame_id 15
2020/03/08 16:09:56 853596	INFO [input.cpp->run:235]	rotation: 
[0.9999949690097873, 0.001543886107055756, 0.002770987333570801;
 -0.001535147756043229, 0.9999938513259542, -0.003152876726494406;
 -0.002775837978248196, 0.003148606989415297, 0.9999911904599683]
2020/03/08 16:09:56 853620	INFO [input.cpp->run:256]	frame times (ms): 51.819
2020/03/08 16:09:56 853621	INFO [input.cpp->run:257]	FPS: 19.2979
2020/03/08 16:09:56 886686	INFO [input.cpp->run:173]	
frame_id 16
2020/03/08 16:09:56 916855	INFO [input.cpp->run:235]	rotation: 
[0.9999977078195802, 0.001586221479497069, 0.001438143596236442;
 -0.001585004974686678, 0.9999983854862865, -0.0008466310002799467;
 -0.001439484218611736, 0.0008443495948945966, 0.9999986074785034]
2020/03/08 16:09:56 916879	INFO [input.cpp->run:256]	frame times (ms): 47.945
2020/03/08 16:09:56 916882	INFO [input.cpp->run:257]	FPS: 20.8572
2020/03/08 16:09:56 953570	INFO [input.cpp->run:173]	
frame_id 17
2020/03/08 16:09:56 986505	INFO [input.cpp->run:235]	rotation: 
[0.9999927211862041, 0.0002315667414665717, 0.003808405369040242;
 -0.0002226459376807844, 0.9999972311922807, -0.002342655877143966;
 -0.003808937305485906, 0.00234179089940359, 0.9999900039560328]
2020/03/08 16:09:56 986532	INFO [input.cpp->run:256]	frame times (ms): 50.214
2020/03/08 16:09:56 986534	INFO [input.cpp->run:257]	FPS: 19.9148
2020/03/08 16:09:57 020132	INFO [input.cpp->run:173]	
frame_id 18
2020/03/08 16:09:57 049679	INFO [input.cpp->run:235]	rotation: 
[0.9999860688514869, 0.0002266909182290065, 0.005273586462451409;
 -0.0002000518168697023, 0.9999872215899761, -0.005051399413102725;
 -0.005274664180772593, 0.00505027405075407, 0.999973335969411]
2020/03/08 16:09:57 049701	INFO [input.cpp->run:256]	frame times (ms): 46.192
2020/03/08 16:09:57 049704	INFO [input.cpp->run:257]	FPS: 21.6488
2020/03/08 16:09:57 086807	INFO [input.cpp->run:173]	
frame_id 19
2020/03/08 16:09:57 118530	INFO [input.cpp->run:235]	rotation: 
[0.9999817513227715, -0.005481486139732586, 0.002539750212691083;
 0.005471253322674255, 0.9999769576750135, 0.004018644809324109;
 -0.002561719836764116, -0.004004675857582139, 0.999988700017532]
2020/03/08 16:09:57 118551	INFO [input.cpp->run:256]	frame times (ms): 49.883
2020/03/08 16:09:57 118552	INFO [input.cpp->run:257]	FPS: 20.0469
2020/03/08 16:09:57 153555	INFO [input.cpp->run:173]	
frame_id 20
2020/03/08 16:09:57 183791	INFO [input.cpp->run:235]	rotation: 
[0.9999854901650809, 0.000421106595634514, 0.005370486806423913;
 -0.0004065806226027186, 0.9999962572501413, -0.002705582729572845;
 -0.005371606044767635, 0.002703359936144643, 0.9999819186833108]
2020/03/08 16:09:57 183816	INFO [input.cpp->run:256]	frame times (ms): 47.34
2020/03/08 16:09:57 183818	INFO [input.cpp->run:257]	FPS: 21.1238
2020/03/08 16:09:57 220057	INFO [input.cpp->run:173]	
frame_id 21
2020/03/08 16:09:57 253611	INFO [input.cpp->run:235]	rotation: 
[0.9999963858492265, -0.002509104988279056, 0.0009657539245077891;
 0.002505353424690126, 0.9999893870281982, 0.003866398218741416;
 -0.0009754448740459381, -0.00386396469009313, 0.9999920591105569]
2020/03/08 16:09:57 253639	INFO [input.cpp->run:256]	frame times (ms): 51.582
2020/03/08 16:09:57 253642	INFO [input.cpp->run:257]	FPS: 19.3866
2020/03/08 16:09:57 286935	INFO [input.cpp->run:173]	
frame_id 22
2020/03/08 16:09:57 315998	INFO [input.cpp->run:235]	rotation: 
[0.9999854902410825, 9.711608889032226e-05, 0.005386081671039451;
 -7.614225630572234e-05, 0.9999924148769419, -0.003894148294422244;
 -0.005386419001399088, 0.003893681682858223, 0.9999779126227208]
2020/03/08 16:09:57 316023	INFO [input.cpp->run:256]	frame times (ms): 45.97
2020/03/08 16:09:57 316025	INFO [input.cpp->run:257]	FPS: 21.7533
2020/03/08 16:09:57 353407	INFO [input.cpp->run:173]	
frame_id 23
2020/03/08 16:09:57 389023	INFO [input.cpp->run:235]	rotation: 
[0.9999926369691814, 0.0008344954916742273, 0.003745614061460991;
 -0.0008181230648178153, 0.9999901146589487, -0.004370498716791272;
 -0.003749224196264077, 0.00436740216341894, 0.9999834344209253]
2020/03/08 16:09:57 389052	INFO [input.cpp->run:256]	frame times (ms): 52.665
2020/03/08 16:09:57 389055	INFO [input.cpp->run:257]	FPS: 18.9879
2020/03/08 16:09:57 419992	INFO [input.cpp->run:173]	
frame_id 24
2020/03/08 16:09:57 450601	INFO [input.cpp->run:235]	rotation: 
[0.9999831579451403, -0.0003026297205082213, 0.005795881409831955;
 0.0003280349349101601, 0.999990341361675, -0.004382873080786938;
 -0.005794499041854181, 0.004384700515779089, 0.9999735987426073]
2020/03/08 16:09:57 450624	INFO [input.cpp->run:256]	frame times (ms): 48.083
2020/03/08 16:09:57 450625	INFO [input.cpp->run:257]	FPS: 20.7974
2020/03/08 16:09:57 487183	INFO [input.cpp->run:173]	
frame_id 25
2020/03/08 16:09:57 517409	INFO [input.cpp->run:235]	rotation: 
[0.9999966059407223, 0.001618566197326062, 0.002041653864065796;
 -0.001616613614468529, 0.9999982347212454, -0.0009576611167354027;
 -0.002043200297889647, 0.0009543573009441234, 0.9999974572641097]
2020/03/08 16:09:57 517431	INFO [input.cpp->run:256]	frame times (ms): 47.53
2020/03/08 16:09:57 517433	INFO [input.cpp->run:257]	FPS: 21.0393
2020/03/08 16:09:57 553545	INFO [input.cpp->run:173]	
frame_id 26
2020/03/08 16:09:57 584469	INFO [input.cpp->run:235]	rotation: 
[0.9999850392755745, 8.692796345126998e-05, 0.005469338950637902;
 -6.32136266732049e-05, 0.9999905979763581, -0.004335892402166864;
 -0.005469664438080046, 0.004335481797324921, 0.9999756428876255]
2020/03/08 16:09:57 584493	INFO [input.cpp->run:256]	frame times (ms): 47.201
2020/03/08 16:09:57 584495	INFO [input.cpp->run:257]	FPS: 21.186
2020/03/08 16:09:57 620178	INFO [input.cpp->run:173]	
frame_id 27
2020/03/08 16:09:57 655208	INFO [input.cpp->run:235]	rotation: 
[0.9999969711224176, 0.001011337273192114, 0.002243867846083444;
 -0.001008712245915083, 0.9999988059908481, -0.001170690600859234;
 -0.002245049129924725, 0.001168423638006158, 0.9999967972651744]
2020/03/08 16:09:57 655238	INFO [input.cpp->run:256]	frame times (ms): 53.859
2020/03/08 16:09:57 655241	INFO [input.cpp->run:257]	FPS: 18.567
2020/03/08 16:09:57 686916	INFO [input.cpp->run:173]	
frame_id 28
2020/03/08 16:09:57 717410	INFO [input.cpp->run:235]	rotation: 
[0.999979733578555, -0.0004586730569640558, 0.006349964660457562;
 0.0004838244821092614, 0.999992042493463, -0.003959907021968047;
 -0.006348097827913207, 0.003962899037186714, 0.9999719981505424]
2020/03/08 16:09:57 717432	INFO [input.cpp->run:256]	frame times (ms): 47.393
2020/03/08 16:09:57 717434	INFO [input.cpp->run:257]	FPS: 21.1002
2020/03/08 16:09:57 753654	INFO [input.cpp->run:173]	
frame_id 29
2020/03/08 16:09:57 783524	INFO [input.cpp->run:235]	rotation: 
[0.9999964221435939, 0.0023394123181883, 0.001297247091669628;
 -0.00233985309278192, 0.9999972052949605, 0.0003383633738362488;
 -0.001296451894801867, -0.0003413975308402297, 0.9999991013297014]
2020/03/08 16:09:57 783546	INFO [input.cpp->run:256]	frame times (ms): 46.895
2020/03/08 16:09:57 783549	INFO [input.cpp->run:257]	FPS: 21.3242
2020/03/08 16:09:57 820302	INFO [input.cpp->run:173]	
frame_id 30
2020/03/08 16:09:57 856927	INFO [input.cpp->run:235]	rotation: 
[0.9999834585988681, -0.005266090628343074, 0.002313183550892517;
 0.00525596569151563, 0.999976675611646, 0.004361542998810911;
 -0.002336097878012196, -0.004349312839396944, 0.9999878129880031]
2020/03/08 16:09:57 856955	INFO [input.cpp->run:256]	frame times (ms): 57.111
2020/03/08 16:09:57 856956	INFO [input.cpp->run:257]	FPS: 17.5098
2020/03/08 16:09:57 887417	INFO [input.cpp->run:173]	
frame_id 31
2020/03/08 16:09:57 919924	INFO [input.cpp->run:235]	rotation: 
[0.9999825174619213, -0.0001625679924270183, 0.005910866448001058;
 0.0001841498199857808, 0.999993318664576, -0.003650851277667903;
 -0.005910233443956812, 0.00365187593651378, 0.9999758661801705]
2020/03/08 16:09:57 919948	INFO [input.cpp->run:256]	frame times (ms): 47.517
2020/03/08 16:09:57 919951	INFO [input.cpp->run:257]	FPS: 21.0451
2020/03/08 16:09:57 953239	INFO [input.cpp->run:173]	
frame_id 32
2020/03/08 16:09:57 983799	INFO [input.cpp->run:235]	rotation: 
[0.9999778955865402, -0.005589858896339648, 0.003600252190269744;
 0.005577213596414565, 0.9999782770441147, 0.003512851887527088;
 -0.003619810328525255, -0.003492694862530449, 0.9999873489478668]
2020/03/08 16:09:57 983821	INFO [input.cpp->run:256]	frame times (ms): 47.807
2020/03/08 16:09:57 983823	INFO [input.cpp->run:257]	FPS: 20.9174
2020/03/08 16:09:58 019973	INFO [input.cpp->run:173]	
frame_id 33
2020/03/08 16:09:58 050028	INFO [input.cpp->run:235]	rotation: 
[0.9999784700922685, -0.0006599546286750275, 0.006528691431994843;
 0.0007038396671347365, 0.9999771603346532, -0.006721861257589214;
 -0.006524106195417126, 0.006726311688540875, 0.9999560954209037]
2020/03/08 16:09:58 050049	INFO [input.cpp->run:256]	frame times (ms): 46.332
2020/03/08 16:09:58 050052	INFO [input.cpp->run:257]	FPS: 21.5834
2020/03/08 16:09:58 087378	INFO [input.cpp->run:173]	
frame_id 34
2020/03/08 16:09:58 118875	INFO [input.cpp->run:235]	rotation: 
[0.9999910257799387, 0.0006679251392317713, 0.0041835673287787;
 -0.0006600945122592046, 0.9999980283342911, -0.001872859515607492;
 -0.004184810010135181, 0.001870081158318661, 0.9999894950256429]
2020/03/08 16:09:58 118902	INFO [input.cpp->run:256]	frame times (ms): 46.82
2020/03/08 16:09:58 118904	INFO [input.cpp->run:257]	FPS: 21.3584
2020/03/08 16:09:58 153545	INFO [input.cpp->run:173]	
frame_id 35
2020/03/08 16:09:58 183298	INFO [input.cpp->run:235]	rotation: 
[0.9999842422407711, -0.0001297851633423406, 0.005612345851968712;
 0.0001502662723417924, 0.999993330985426, -0.003649027914356693;
 -0.005611834833468525, 0.003649813760143668, 0.9999775928336185]
2020/03/08 16:09:58 183326	INFO [input.cpp->run:256]	frame times (ms): 46.483
2020/03/08 16:09:58 183328	INFO [input.cpp->run:257]	FPS: 21.5132
2020/03/08 16:09:58 220088	INFO [input.cpp->run:173]	
frame_id 36
2020/03/08 16:09:58 251822	INFO [input.cpp->run:235]	rotation: 
[0.9999988357118, 0.001456880035610985, 0.0004539555112789366;
 -0.001457102011521767, 0.9999988188484574, 0.0004890351910912173;
 -0.0004532425094820722, -0.0004896960812019409, 0.999999777384463]
2020/03/08 16:09:58 251844	INFO [input.cpp->run:256]	frame times (ms): 49.109
2020/03/08 16:09:58 251846	INFO [input.cpp->run:257]	FPS: 20.3629
2020/03/08 16:09:58 286739	INFO [input.cpp->run:173]	
frame_id 37
2020/03/08 16:09:58 316269	INFO [input.cpp->run:235]	rotation: 
[0.999982608058992, -0.0003690457833927836, 0.0058862029141254;
 0.0003986251754887968, 0.9999872960283028, -0.00502482636245623;
 -0.00588427374498883, 0.005027085359642165, 0.9999700514191817]
2020/03/08 16:09:58 316292	INFO [input.cpp->run:256]	frame times (ms): 46.777
2020/03/08 16:09:58 316295	INFO [input.cpp->run:257]	FPS: 21.378
2020/03/08 16:09:58 353351	INFO [input.cpp->run:173]	
frame_id 38
2020/03/08 16:09:58 384240	INFO [input.cpp->run:235]	rotation: 
[0.9999891322578568, 0.0006548238185771176, 0.004615904239176902;
 -0.0006436882619320702, 0.9999968803239806, -0.002413505278203375;
 -0.004617470259793568, 0.002410507845473389, 0.9999864341181468]
2020/03/08 16:09:58 384264	INFO [input.cpp->run:256]	frame times (ms): 48.574
2020/03/08 16:09:58 384266	INFO [input.cpp->run:257]	FPS: 20.5871
2020/03/08 16:09:58 420000	INFO [input.cpp->run:173]	
frame_id 39
2020/03/08 16:09:58 451947	INFO [input.cpp->run:235]	rotation: 
[0.9999891227130544, -0.004355884409737761, 0.001667551074111603;
 0.00434762039209598, 0.9999784075673421, 0.004927737412727104;
 -0.001688979722198711, -0.004920433933258604, 0.9999864682471491]
2020/03/08 16:09:58 451971	INFO [input.cpp->run:256]	frame times (ms): 48.775
2020/03/08 16:09:58 451972	INFO [input.cpp->run:257]	FPS: 20.5023
2020/03/08 16:09:58 486780	INFO [input.cpp->run:173]	
frame_id 40
2020/03/08 16:09:58 516948	INFO [input.cpp->run:235]	rotation: 
[0.9999960159953897, 0.001724004149750715, 0.002235129311681381;
 -0.001724532454770013, 0.9999984855073233, 0.0002344586789534687;
 -0.002234721718858945, -0.0002383122979076131, 0.9999974746098552]
2020/03/08 16:09:58 516970	INFO [input.cpp->run:256]	frame times (ms): 47.528
2020/03/08 16:09:58 516972	INFO [input.cpp->run:257]	FPS: 21.0402
2020/03/08 16:09:58 553414	INFO [input.cpp->run:173]	
frame_id 41
2020/03/08 16:09:58 584905	INFO [input.cpp->run:235]	rotation: 
[0.9999826448524384, 0.0004116038919386396, 0.005877123119209469;
 -0.0003812415839839516, 0.9999865815401765, -0.005166371497153814;
 -0.005879170755884446, 0.005164041230286886, 0.9999693835460139]
2020/03/08 16:09:58 584931	INFO [input.cpp->run:256]	frame times (ms): 48.34
2020/03/08 16:09:58 584933	INFO [input.cpp->run:257]	FPS: 20.6868
2020/03/08 16:09:58 621041	INFO [input.cpp->run:173]	
frame_id 42
2020/03/08 16:09:58 650864	INFO [input.cpp->run:235]	rotation: 
[0.9999965550638674, 0.001954952151504913, 0.001751577141591443;
 -0.00195695035812117, 0.9999974355773331, 0.001139817552685414;
 -0.001749344361030372, -0.001143241375601256, 0.9999978163943477]
2020/03/08 16:09:58 650888	INFO [input.cpp->run:256]	frame times (ms): 46.102
2020/03/08 16:09:58 650890	INFO [input.cpp->run:257]	FPS: 21.691
2020/03/08 16:09:58 686904	INFO [input.cpp->run:173]	
frame_id 43
2020/03/08 16:09:58 717872	INFO [input.cpp->run:235]	rotation: 
[0.9999939266580927, 0.001125672080394704, 0.003298410116463664;
 -0.001117410015419954, 0.9999962365845517, -0.002505635965302038;
 -0.00330121822762585, 0.002501935071219026, 0.9999914211027577]
2020/03/08 16:09:58 717895	INFO [input.cpp->run:256]	frame times (ms): 47.608
2020/03/08 16:09:58 717899	INFO [input.cpp->run:257]	FPS: 21.0049
2020/03/08 16:09:58 753423	INFO [input.cpp->run:173]	
frame_id 44
2020/03/08 16:09:58 784375	INFO [input.cpp->run:235]	rotation: 
[0.9999797105810003, 8.484792754697135e-06, 0.006370114154944729;
 1.375883067013102e-05, 0.9999939034830169, -0.003491820083192466;
 -0.006370104946805341, 0.003491836881513733, 0.9999736140709712]
2020/03/08 16:09:58 784410	INFO [input.cpp->run:256]	frame times (ms): 46.629
2020/03/08 16:09:58 784414	INFO [input.cpp->run:257]	FPS: 21.4459
2020/03/08 16:09:58 820110	INFO [input.cpp->run:173]	
frame_id 45
2020/03/08 16:09:58 851047	INFO [input.cpp->run:235]	rotation: 
[0.9999971439371256, 0.002168311905477638, 0.001005256719618322;
 -0.00217012665171104, 0.9999960113879915, 0.001807694228428546;
 -0.001001333065122333, -0.001809870599939228, 0.999997860847964]
2020/03/08 16:09:58 851070	INFO [input.cpp->run:256]	frame times (ms): 47.366
2020/03/08 16:09:58 851073	INFO [input.cpp->run:257]	FPS: 21.1122
2020/03/08 16:09:58 887221	INFO [input.cpp->run:173]	
frame_id 46
2020/03/08 16:09:58 916895	INFO [input.cpp->run:235]	rotation: 
[0.9999883490424224, 0.0009437285017993672, 0.00473404223948325;
 -0.0009195654630417953, 0.9999865533066319, -0.005103685460698911;
 -0.004738795075702344, 0.005099272736132109, 0.9999757703258579]
2020/03/08 16:09:58 916920	INFO [input.cpp->run:256]	frame times (ms): 46.12
2020/03/08 16:09:58 916922	INFO [input.cpp->run:257]	FPS: 21.6826
2020/03/08 16:09:58 953482	INFO [input.cpp->run:173]	
frame_id 47
2020/03/08 16:09:58 988945	INFO [input.cpp->run:235]	rotation: 
[0.9999910039238984, 0.0006053669518735216, 0.004198285617667457;
 -0.0005898537528670955, 0.9999929980898568, -0.003695381416020652;
 -0.004200493283432634, 0.00369287179756102, 0.9999843591547133]
2020/03/08 16:09:58 988973	INFO [input.cpp->run:256]	frame times (ms): 53.616
2020/03/08 16:09:58 988975	INFO [input.cpp->run:257]	FPS: 18.6511
2020/03/08 16:09:59 020195	INFO [input.cpp->run:173]	
frame_id 48
2020/03/08 16:09:59 050314	INFO [input.cpp->run:235]	rotation: 
[0.9999968377078435, 0.0008693469872840214, 0.002359832648414738;
 -0.0008696497238440214, 0.9999996137565139, 0.0001272642165164794;
 -0.002359721100181531, -0.0001293160418808576, 0.9999972074929463]
2020/03/08 16:09:59 050336	INFO [input.cpp->run:256]	frame times (ms): 46.492
2020/03/08 16:09:59 050339	INFO [input.cpp->run:257]	FPS: 21.5091
2020/03/08 16:09:59 087079	INFO [input.cpp->run:173]	
frame_id 49
2020/03/08 16:09:59 120140	INFO [input.cpp->run:235]	rotation: 
[0.9999880255521051, 0.0005613550605878056, 0.004861443499453621;
 -0.0005433757828467513, 0.9999930115167996, -0.003698872844591135;
 -0.004863485906327177, 0.003696186961963707, 0.9999813421793334]
2020/03/08 16:09:59 120167	INFO [input.cpp->run:256]	frame times (ms): 50.04
2020/03/08 16:09:59 120170	INFO [input.cpp->run:257]	FPS: 19.984
2020/03/08 16:09:59 153193	INFO [input.cpp->run:173]	
frame_id 50
2020/03/08 16:09:59 182534	INFO [input.cpp->run:235]	rotation: 
[0.9999971551114739, 0.001329659498060694, 0.00198034708523616;
 -0.001329314390055401, 0.9999991010483735, -0.0001755724840218723;
 -0.001980578756620904, 0.0001729394806600184, 0.9999980236979096]
2020/03/08 16:09:59 182557	INFO [input.cpp->run:256]	frame times (ms): 45.901
2020/03/08 16:09:59 182559	INFO [input.cpp->run:257]	FPS: 21.786
2020/03/08 16:09:59 220199	INFO [input.cpp->run:173]	
frame_id 51
2020/03/08 16:09:59 254136	INFO [input.cpp->run:235]	rotation: 
[0.999997198446874, 0.0008325278018441909, 0.002215851047015157;
 -0.0008289098087724443, 0.9999983227883336, -0.001633195961500022;
 -0.002217207011607738, 0.001631354645347121, 0.9999962113303674]
2020/03/08 16:09:59 254161	INFO [input.cpp->run:256]	frame times (ms): 52.594
2020/03/08 16:09:59 254163	INFO [input.cpp->run:257]	FPS: 19.0136
2020/03/08 16:09:59 286983	INFO [input.cpp->run:173]	
frame_id 52
2020/03/08 16:09:59 317167	INFO [input.cpp->run:235]	rotation: 
[0.9999949907490261, 0.001021946558036868, 0.0029956805717087;
 -0.001022226224512837, 0.9999994733105422, 9.182692551882598e-05;
 -0.002995585151704854, -9.488872877537414e-05, 0.9999955087227782]
2020/03/08 16:09:59 317189	INFO [input.cpp->run:256]	frame times (ms): 47.621
2020/03/08 16:09:59 317191	INFO [input.cpp->run:257]	FPS: 20.9991
2020/03/08 16:09:59 353129	INFO [input.cpp->run:173]	
frame_id 53
2020/03/08 16:09:59 382539	INFO [input.cpp->run:235]	rotation: 
[0.9999820177670159, -0.0001655892705380862, 0.005994724580905645;
 0.0001970637001859465, 0.9999861984781101, -0.005250144683323911;
 -0.005993772476954786, 0.005251231616606525, 0.9999682491249426]
2020/03/08 16:09:59 382560	INFO [input.cpp->run:256]	frame times (ms): 46.872
2020/03/08 16:09:59 382562	INFO [input.cpp->run:257]	FPS: 21.3347
2020/03/08 16:09:59 420227	INFO [input.cpp->run:173]	
frame_id 54
2020/03/08 16:09:59 453516	INFO [input.cpp->run:235]	rotation: 
[0.9999986930094394, -0.001336429891170799, 0.0009099090936867933;
 0.001333428074801722, 0.9999936933818427, 0.003291681350089364;
 -0.0009143024565860505, -0.003290463749561873, 0.9999941684326618]
2020/03/08 16:09:59 453539	INFO [input.cpp->run:256]	frame times (ms): 51.862
2020/03/08 16:09:59 453541	INFO [input.cpp->run:257]	FPS: 19.2819
2020/03/08 16:09:59 487009	INFO [input.cpp->run:173]	
frame_id 55
2020/03/08 16:09:59 517127	INFO [input.cpp->run:235]	rotation: 
[0.9999784932074526, -0.006090717381738853, 0.002432341326478554;
 0.006078517387100345, 0.9999690651777392, 0.004992025033296961;
 -0.002462671096072319, -0.004977132641805816, 0.9999845815820054]
2020/03/08 16:09:59 517150	INFO [input.cpp->run:256]	frame times (ms): 46.977
2020/03/08 16:09:59 517152	INFO [input.cpp->run:257]	FPS: 21.287
2020/03/08 16:09:59 553513	INFO [input.cpp->run:173]	
frame_id 56
2020/03/08 16:09:59 585218	INFO [input.cpp->run:235]	rotation: 
[0.9999836754117108, -0.005230487250359158, 0.002300198515356867;
 0.005221158752580533, 0.999978196612861, 0.004042993961226191;
 -0.002321295191605613, -0.00403091825940319, 0.9999891815847907]
2020/03/08 16:09:59 585241	INFO [input.cpp->run:256]	frame times (ms): 48.978
2020/03/08 16:09:59 585243	INFO [input.cpp->run:257]	FPS: 20.4173
2020/03/08 16:09:59 620266	INFO [input.cpp->run:173]	
frame_id 57
2020/03/08 16:09:59 650820	INFO [input.cpp->run:235]	rotation: 
[0.9999891039905656, 0.0007102350895062736, 0.004613834225814787;
 -0.0006979869440934357, 0.9999962299634199, -0.002655724604135309;
 -0.004615703020292902, 0.002652475271283138, 0.9999858297298836]
2020/03/08 16:09:59 650842	INFO [input.cpp->run:256]	frame times (ms): 47.447
2020/03/08 16:09:59 650844	INFO [input.cpp->run:257]	FPS: 21.0761
2020/03/08 16:09:59 687451	INFO [input.cpp->run:173]	
frame_id 58
2020/03/08 16:09:59 716504	INFO [input.cpp->run:235]	rotation: 
[0.9999966712927502, 0.001540456155098725, 0.002069878801677594;
 -0.001539580942726286, 0.9999987248039404, -0.0004243595336856536;
 -0.002070529869431943, 0.0004211713751601814, 0.9999977677578749]
2020/03/08 16:09:59 716531	INFO [input.cpp->run:256]	frame times (ms): 46.333
2020/03/08 16:09:59 716534	INFO [input.cpp->run:257]	FPS: 21.5829
2020/03/08 16:09:59 753325	INFO [input.cpp->run:173]	
frame_id 59
2020/03/08 16:09:59 782742	INFO [input.cpp->run:235]	rotation: 
[0.9999953584459208, 0.001388540586440211, 0.002712018004010291;
 -0.001388924705429087, 0.9999990256775144, 0.0001397575921320747;
 -0.00271182130254123, -0.0001435237322469912, 0.9999963127062826]
2020/03/08 16:09:59 782769	INFO [input.cpp->run:256]	frame times (ms): 46.008
2020/03/08 16:09:59 782772	INFO [input.cpp->run:257]	FPS: 21.7354
2020/03/08 16:09:59 820530	INFO [input.cpp->run:173]	
frame_id 60
2020/03/08 16:09:59 855144	INFO [input.cpp->run:235]	rotation: 
[0.9999931885087979, -0.003076020480445483, 0.002039861272637243;
 0.00306846389942205, 0.9999884571901217, 0.003697298448609435;
 -0.002051210692656637, -0.003691014023818664, 0.9999910844353415]
2020/03/08 16:09:59 855171	INFO [input.cpp->run:256]	frame times (ms): 52.912
2020/03/08 16:09:59 855175	INFO [input.cpp->run:257]	FPS: 18.8993
2020/03/08 16:09:59 886815	INFO [input.cpp->run:173]	
frame_id 61
2020/03/08 16:09:59 917707	INFO [input.cpp->run:235]	rotation: 
[0.9999911174330613, -0.004101544146354862, 0.0009707680427272575;
 0.004097947021892648, 0.9999848362557905, 0.003678870572021518;
 -0.0009858423723088428, -0.003674859738197761, 0.9999927617341645]
2020/03/08 16:09:59 917730	INFO [input.cpp->run:256]	frame times (ms): 47.734
2020/03/08 16:09:59 917732	INFO [input.cpp->run:257]	FPS: 20.9494
2020/03/08 16:09:59 953359	INFO [input.cpp->run:173]	
frame_id 62
2020/03/08 16:09:59 985629	INFO [input.cpp->run:235]	rotation: 
[0.9999906354764563, 0.0002277037973448961, 0.004321702254177904;
 -0.0002121952154393554, 0.999993538243992, -0.003588654824903281;
 -0.004322491478723388, 0.003587704174319793, 0.9999842220986159]
2020/03/08 16:09:59 985654	INFO [input.cpp->run:256]	frame times (ms): 49.386
2020/03/08 16:09:59 985656	INFO [input.cpp->run:257]	FPS: 20.2487
2020/03/08 16:10:00 020115	INFO [input.cpp->run:173]	
frame_id 63
2020/03/08 16:10:00 051123	INFO [input.cpp->run:235]	rotation: 
[0.9999969186548936, 0.002352448029001036, -0.0007928864919199523;
 -0.002350690746337898, 0.9999947950561455, 0.002210003084314739;
 0.0007980812823900612, -0.002208132443593097, 0.9999972436048903]
2020/03/08 16:10:00 051145	INFO [input.cpp->run:256]	frame times (ms): 47.958
2020/03/08 16:10:00 051147	INFO [input.cpp->run:257]	FPS: 20.8516
2020/03/08 16:10:00 086644	INFO [input.cpp->run:173]	
frame_id 64
2020/03/08 16:10:00 116288	INFO [input.cpp->run:235]	rotation: 
[0.9999960349876349, 0.001256690862746114, 0.002520066880948551;
 -0.001254725618078245, 0.9999989076415876, -0.0007812677228957824;
 -0.002521045940141015, 0.0007781026326848039, 0.9999965194357732]
2020/03/08 16:10:00 116311	INFO [input.cpp->run:256]	frame times (ms): 46.965
2020/03/08 16:10:00 116314	INFO [input.cpp->run:257]	FPS: 21.2925
2020/03/08 16:10:00 153248	INFO [input.cpp->run:173]	
frame_id 65
2020/03/08 16:10:00 183792	INFO [input.cpp->run:235]	rotation: 
[0.9999942517572539, 0.000574265270875391, 0.003341657051324449;
 -0.0005659217665159268, 0.9999967217905753, -0.00249722659302299;
 -0.003343080167178689, 0.002495321121896765, 0.9999912985558896]
2020/03/08 16:10:00 183813	INFO [input.cpp->run:256]	frame times (ms): 47.972
2020/03/08 16:10:00 183815	INFO [input.cpp->run:257]	FPS: 20.8455
2020/03/08 16:10:00 220039	INFO [input.cpp->run:173]	
frame_id 66
2020/03/08 16:10:00 250399	INFO [input.cpp->run:235]	rotation: 
[0.999994881360959, -0.003126646891278197, 0.000679213588401072;
 0.003124070865519212, 0.9999880467887935, 0.00376117810810971;
 -0.0006909653454568605, -0.003759036944613618, 0.9999926960773966]
2020/03/08 16:10:00 250420	INFO [input.cpp->run:256]	frame times (ms): 47.254
2020/03/08 16:10:00 250422	INFO [input.cpp->run:257]	FPS: 21.1622
2020/03/08 16:10:00 286762	INFO [input.cpp->run:173]	
frame_id 67
2020/03/08 16:10:00 319190	INFO [input.cpp->run:235]	rotation: 
[0.9999977874631925, 0.001308705928720608, 0.00164692365087542;
 -0.001308982076654218, 0.9999991294034229, 0.0001666082804389073;
 -0.001646704175824943, -0.0001687637053525682, 0.999998629941146]
2020/03/08 16:10:00 319214	INFO [input.cpp->run:256]	frame times (ms): 49.868
2020/03/08 16:10:00 319217	INFO [input.cpp->run:257]	FPS: 20.0529
2020/03/08 16:10:00 353338	INFO [input.cpp->run:173]	
frame_id 68
2020/03/08 16:10:00 384974	INFO [input.cpp->run:235]	rotation: 
[0.9999964991702019, 0.00248241983443581, 0.0009160999432078789;
 -0.002482603828074992, 0.9999968983818721, 0.0001997620297212989;
 -0.0009156012085909408, -0.0002020356436143399, 0.9999995604279162]
2020/03/08 16:10:00 384997	INFO [input.cpp->run:256]	frame times (ms): 48.886
2020/03/08 16:10:00 385000	INFO [input.cpp->run:257]	FPS: 20.4558
2020/03/08 16:10:00 420724	INFO [input.cpp->run:173]	
frame_id 69
2020/03/08 16:10:00 450918	INFO [input.cpp->run:235]	rotation: 
[0.9999932190570763, -0.003148203544610218, 0.001910668549974069;
 0.003141309956268313, 0.9999885849922434, 0.003600285678871694;
 -0.001921981171813584, -0.003594259263400835, 0.9999916936098633]
2020/03/08 16:10:00 450941	INFO [input.cpp->run:256]	frame times (ms): 46.306
2020/03/08 16:10:00 450944	INFO [input.cpp->run:257]	FPS: 21.5955
2020/03/08 16:10:00 487300	INFO [input.cpp->run:173]	
frame_id 70
2020/03/08 16:10:00 517727	INFO [input.cpp->run:235]	rotation: 
[0.9999975780216513, 0.00191565927186248, 0.001083605272005286;
 -0.001914443151314752, 0.9999975377649466, -0.001122217209159606;
 -0.001085752389716172, 0.001120139990482103, 0.9999987832133347]
2020/03/08 16:10:00 517752	INFO [input.cpp->run:256]	frame times (ms): 47.159
2020/03/08 16:10:00 517760	INFO [input.cpp->run:257]	FPS: 21.2049
2020/03/08 16:10:00 553433	INFO [input.cpp->run:173]	
frame_id 71
2020/03/08 16:10:00 583207	INFO [input.cpp->run:235]	rotation: 
[0.999997862725496, 0.001278258712868753, 0.001624992031693084;
 -0.001282225475974028, 0.9999961952744956, 0.002442403398647748;
 -0.001621863825619795, -0.002444481784742528, 0.9999956970240098]
2020/03/08 16:10:00 583235	INFO [input.cpp->run:256]	frame times (ms): 46.545
2020/03/08 16:10:00 583237	INFO [input.cpp->run:257]	FPS: 21.4846
2020/03/08 16:10:00 620217	INFO [input.cpp->run:173]	
frame_id 72
2020/03/08 16:10:00 650627	INFO [input.cpp->run:235]	rotation: 
[0.999987447164476, 0.0005739272744127984, 0.00497756174829574;
 -0.0005566731432845628, 0.9999938347335258, -0.003467075128896014;
 -0.004979520909280081, 0.003464260732327854, 0.9999816014652932]
2020/03/08 16:10:00 650650	INFO [input.cpp->run:256]	frame times (ms): 46.043
2020/03/08 16:10:00 650654	INFO [input.cpp->run:257]	FPS: 21.7188
2020/03/08 16:10:00 686800	INFO [input.cpp->run:173]	
frame_id 73
2020/03/08 16:10:00 717645	INFO [input.cpp->run:235]	rotation: 
[0.9999808931714118, 0.0001051884586390677, 0.006180795053522247;
 -8.21120450310883e-05, 0.9999930263379048, -0.003733702340903687;
 -0.006181144693140321, 0.003733123483971298, 0.9999739282798007]
2020/03/08 16:10:00 717669	INFO [input.cpp->run:256]	frame times (ms): 47.48
2020/03/08 16:10:00 717671	INFO [input.cpp->run:257]	FPS: 21.0615
2020/03/08 16:10:00 753622	INFO [input.cpp->run:173]	
frame_id 74
2020/03/08 16:10:00 783980	INFO [input.cpp->run:235]	rotation: 
[0.9999928475421621, 0.001232843372230306, 0.003575606485301193;
 -0.001226422151216012, 0.9999976324778856, -0.001797478047289374;
 -0.003577814028871097, 0.001793079987905822, 0.9999919920234021]
2020/03/08 16:10:00 784002	INFO [input.cpp->run:256]	frame times (ms): 46.821
2020/03/08 16:10:00 784004	INFO [input.cpp->run:257]	FPS: 21.3579
g3log g3FileSink shutdown at: 16:10:00 815171
