		g3log created log at: Mon Mar 09 13:01:38 2020
		LOG format: [YYYY/MM/DD hh:mm:ss uuu* LEVEL FILE->FUNCTION:LINE] message		(uuu*: microseconds fractions of the seconds value)

2020/03/09 13:01:38 247674	INFO [g3logger.h->logBanner:29]	Starting log.
2020/03/09 13:01:38 251832	DEBUG [main.cpp->main:48]	Filepath: /home/mitchell/KITTI/data_odometry_gray/dataset/sequences/00/
2020/03/09 13:01:38 251837	DEBUG [main.cpp->main:52]	Calibration Filepath: /home/mitchell/visual_odom_catkin_ws/tank_downsized.yaml
2020/03/09 13:01:38 251949	INFO [main.cpp->main:66]	P_left: 
[409.41, 0, 251.22, 0;
 0, 408.72, 191.78999, 0;
 0, 0, 1, 0]
2020/03/09 13:01:38 251960	INFO [main.cpp->main:67]	P_right: 
[409.41, 0, 251.22, -73.940002;
 0, 408.72, 191.78999, 0;
 0, 0, 1, 0]
2020/03/09 13:01:38 376944	INFO [input.cpp->Input:22]	frame_pose [1, 0, 0, 0;
 0, 1, 0, 0;
 0, 0, 1, 0;
 0, 0, 0, 1]
2020/03/09 13:01:39 110767	INFO [input.cpp->run:173]	
frame_id 1
2020/03/09 13:01:39 213456	INFO [input.cpp->run:235]	rotation: 
[-0.9649514351777716, -0.01974022399537086, -0.2616850230811298;
 -0.04568870220387769, -0.9693011675402969, 0.2415942654450692;
 -0.2584207233162314, 0.2450827822627077, 0.9344266475219366]
2020/03/09 13:01:39 213540	INFO [input.cpp->run:256]	frame times (ms): 199.924
2020/03/09 13:01:39 213545	INFO [input.cpp->run:257]	FPS: 5.0019
2020/03/09 13:01:39 313668	INFO [input.cpp->run:173]	
frame_id 2
2020/03/09 13:01:39 356012	INFO [input.cpp->run:235]	rotation: 
[0.9999060350684799, -0.01261393569165936, 0.005367463087772059;
 0.01282123802008029, 0.9990964218136997, -0.04052105347463535;
 -0.004851483202522836, 0.0405860634384328, 0.9991642680587147]
2020/03/09 13:01:39 356078	INFO [input.cpp->run:256]	frame times (ms): 145.738
2020/03/09 13:01:39 356083	INFO [input.cpp->run:257]	FPS: 6.86163
2020/03/09 13:01:39 511467	INFO [input.cpp->run:173]	
frame_id 3
2020/03/09 13:01:39 555890	INFO [input.cpp->run:235]	rotation: 
[-0.9752868667019061, -0.01088769266371215, -0.2206739354505622;
 -0.0137812539574214, -0.993842462457977, 0.1099419703972307;
 -0.2205121417930073, 0.1102661233739766, 0.9691314551483383]
2020/03/09 13:01:39 555961	INFO [input.cpp->run:256]	frame times (ms): 157.27
2020/03/09 13:01:39 555967	INFO [input.cpp->run:257]	FPS: 6.35849
2020/03/09 13:01:39 709388	INFO [input.cpp->run:173]	
frame_id 4
2020/03/09 13:01:39 753430	INFO [input.cpp->run:235]	rotation: 
[-0.9693634403993493, 0.02893345478611039, -0.2439208388212808;
 0.00961945698749722, -0.9878047554809912, -0.1554002287527428;
 -0.2454424300409423, -0.1529856864000002, 0.9572634920920771]
2020/03/09 13:01:39 753487	INFO [input.cpp->run:256]	frame times (ms): 162.121
2020/03/09 13:01:39 753505	INFO [input.cpp->run:257]	FPS: 6.16823
2020/03/09 13:01:39 909837	INFO [input.cpp->run:173]	
frame_id 5
2020/03/09 13:01:39 952863	INFO [input.cpp->run:235]	rotation: 
[-0.9647276718723456, -0.02433097700074151, -0.2621231059673167;
 -0.0294268440241808, -0.9795119277495095, 0.1992246075343514;
 -0.2616000381776353, 0.1999109475607307, 0.9442462777638203]
2020/03/09 13:01:39 952926	INFO [input.cpp->run:256]	frame times (ms): 149.352
2020/03/09 13:01:39 952936	INFO [input.cpp->run:257]	FPS: 6.69559
2020/03/09 13:01:40 111616	INFO [input.cpp->run:173]	
frame_id 6
2020/03/09 13:01:40 155561	INFO [input.cpp->run:235]	rotation: 
[-0.9114416068734313, -0.05175171903937231, -0.4081616797746296;
 -0.03495397894849948, -0.9787307929916054, 0.202149089054814;
 -0.4099419673754388, 0.1985139653185467, 0.8902470381629257]
2020/03/09 13:01:40 155623	INFO [input.cpp->run:256]	frame times (ms): 163.221
2020/03/09 13:01:40 155628	INFO [input.cpp->run:257]	FPS: 6.12666
2020/03/09 13:01:40 310318	INFO [input.cpp->run:173]	
frame_id 7
2020/03/09 13:01:40 353604	INFO [input.cpp->run:235]	rotation: 
[-0.9521360790119973, -0.03434706162872337, -0.3037386481848043;
 -0.03892958937749753, -0.9719501872880083, 0.2319424939542237;
 -0.3031853791239925, 0.2326652376017491, 0.9240917233138513]
2020/03/09 13:01:40 353671	INFO [input.cpp->run:256]	frame times (ms): 159.88
2020/03/09 13:01:40 353676	INFO [input.cpp->run:257]	FPS: 6.25469
2020/03/09 13:01:40 511535	INFO [input.cpp->run:173]	
frame_id 8
2020/03/09 13:01:40 554085	INFO [input.cpp->run:235]	rotation: 
[0.9998344197749381, -0.01135215940715278, 0.01422186732139407;
 0.01167037682863399, 0.9996788209143727, -0.02249571781311551;
 -0.01396192458045906, 0.02265796751794459, 0.9996457778483163]
2020/03/09 13:01:40 554142	INFO [input.cpp->run:256]	frame times (ms): 148.992
2020/03/09 13:01:40 554145	INFO [input.cpp->run:257]	FPS: 6.71177
2020/03/09 13:01:40 709001	INFO [input.cpp->run:173]	
frame_id 9
2020/03/09 13:01:40 753513	INFO [input.cpp->run:235]	rotation: 
[-0.9850204670172525, 0.01477897846265988, -0.1718029724792735;
 -0.01093861945859833, -0.9996691729922986, -0.02327855608137485;
 -0.1720901686949425, -0.02105056684495634, 0.9848562572650141]
2020/03/09 13:01:40 753576	INFO [input.cpp->run:256]	frame times (ms): 161.186
2020/03/09 13:01:40 753580	INFO [input.cpp->run:257]	FPS: 6.20401
2020/03/09 13:01:40 910724	INFO [input.cpp->run:173]	
frame_id 10
2020/03/09 13:01:40 954353	INFO [input.cpp->run:235]	rotation: 
[-0.9846504305683229, 0.010121155072118, -0.1742443451065845;
 -0.005635387618549903, -0.9996403211768797, -0.0262196621597899;
 -0.1744470463722589, -0.02483526720997711, 0.9843533092922501]
2020/03/09 13:01:40 954407	INFO [input.cpp->run:256]	frame times (ms): 161.221
2020/03/09 13:01:40 954411	INFO [input.cpp->run:257]	FPS: 6.20267
2020/03/09 13:01:41 109056	INFO [input.cpp->run:173]	
frame_id 11
2020/03/09 13:01:41 151621	INFO [input.cpp->run:235]	rotation: 
[-0.9749820282144518, -0.01749890032857435, -0.2215938472659487;
 -0.03244586270877364, -0.9750159129873706, 0.2197526687312069;
 -0.2199029573514585, 0.2214447062105906, 0.9500552254681761]
2020/03/09 13:01:41 151682	INFO [input.cpp->run:256]	frame times (ms): 162.327
2020/03/09 13:01:41 151688	INFO [input.cpp->run:257]	FPS: 6.1604
2020/03/09 13:01:41 308913	INFO [input.cpp->run:173]	
frame_id 12
2020/03/09 13:01:41 351329	INFO [input.cpp->run:235]	rotation: 
[-0.9939073344088839, 0.01211741826385822, -0.10955080457416;
 -0.01128823403877678, -0.9999027779596822, -0.008185988076973794;
 -0.1096393468628525, -0.006899478467918513, 0.9939474889632545]
2020/03/09 13:01:41 351386	INFO [input.cpp->run:256]	frame times (ms): 158.147
2020/03/09 13:01:41 351391	INFO [input.cpp->run:257]	FPS: 6.32323
2020/03/09 13:01:41 509670	INFO [input.cpp->run:173]	
frame_id 13
2020/03/09 13:01:41 553496	INFO [input.cpp->run:235]	rotation: 
[-0.9438044941660326, -0.03110086126985417, -0.3290377079002837;
 -0.03557788673310824, -0.9802170704900848, 0.194701588836461;
 -0.3285837652222113, 0.1954667008677168, 0.9240267734672434]
2020/03/09 13:01:41 553549	INFO [input.cpp->run:256]	frame times (ms): 163.367
2020/03/09 13:01:41 553553	INFO [input.cpp->run:257]	FPS: 6.12119
2020/03/09 13:01:41 708949	INFO [input.cpp->run:173]	
frame_id 14
2020/03/09 13:01:41 751648	INFO [input.cpp->run:235]	rotation: 
[-0.9909036837894215, -0.01858700924597161, -0.1332832042676207;
 -0.03557121307424015, -0.9190135710662498, 0.3926178103403944;
 -0.1297866643880686, 0.3937874798458543, 0.9099927705557167]
2020/03/09 13:01:41 751702	INFO [input.cpp->run:256]	frame times (ms): 165.786
2020/03/09 13:01:41 751707	INFO [input.cpp->run:257]	FPS: 6.03187
2020/03/09 13:01:41 912538	INFO [input.cpp->run:173]	
frame_id 15
2020/03/09 13:01:41 955403	INFO [input.cpp->run:235]	rotation: 
[-0.9435860189133025, -0.003646480389075063, -0.3311074268151001;
 -0.02019880950598169, -0.9974433796923778, 0.06854715459002014;
 -0.3305108666986395, 0.0713681125476858, 0.9410999731726143]
2020/03/09 13:01:41 955464	INFO [input.cpp->run:256]	frame times (ms): 156.829
2020/03/09 13:01:41 955468	INFO [input.cpp->run:257]	FPS: 6.37637
2020/03/09 13:01:42 111910	INFO [input.cpp->run:173]	
frame_id 16
2020/03/09 13:01:42 155326	INFO [input.cpp->run:235]	rotation: 
[-0.9449508282063439, 0.02514189797944195, -0.3262450263806884;
 0.00996645838120824, -0.9943695849504959, -0.1054978589010899;
 -0.3270605478798694, -0.1029417966200802, 0.9393797871623337]
2020/03/09 13:01:42 155384	INFO [input.cpp->run:256]	frame times (ms): 159.458
2020/03/09 13:01:42 155389	INFO [input.cpp->run:257]	FPS: 6.27124
2020/03/09 13:01:42 310557	INFO [input.cpp->run:173]	
frame_id 17
2020/03/09 13:01:42 354930	INFO [input.cpp->run:235]	rotation: 
[-0.9999465964344569, 0.01030707602601887, -0.0007539648129949602;
 -0.01029881568082763, -0.9998945008891663, -0.01024311901606711;
 -0.0008594618768197526, -0.0102348070523505, 0.9999472536338525]
2020/03/09 13:01:42 354991	INFO [input.cpp->run:256]	frame times (ms): 164.098
2020/03/09 13:01:42 354996	INFO [input.cpp->run:257]	FPS: 6.09392
2020/03/09 13:01:42 509473	INFO [input.cpp->run:173]	
frame_id 18
2020/03/09 13:01:42 554417	INFO [input.cpp->run:235]	rotation: 
[-0.9979445909024359, -0.001784148108919772, 0.06405786684003204;
 -0.001191705465431489, -0.9989228111433194, -0.04638746830354044;
 0.06407162653354057, -0.04636846118919353, 0.9968674899304785]
2020/03/09 13:01:42 554476	INFO [input.cpp->run:256]	frame times (ms): 163.634
2020/03/09 13:01:42 554481	INFO [input.cpp->run:257]	FPS: 6.1112
2020/03/09 13:01:42 710909	INFO [input.cpp->run:173]	
frame_id 19
2020/03/09 13:01:42 754259	INFO [input.cpp->run:235]	rotation: 
[-0.9969295585517306, 0.01266568898985005, -0.07727247639531169;
 -0.0143006973785593, -0.9996846399418022, 0.02064244944080371;
 -0.07698665689805266, 0.02168411830906808, 0.9967962949734612]
2020/03/09 13:01:42 754320	INFO [input.cpp->run:256]	frame times (ms): 167.342
2020/03/09 13:01:42 754325	INFO [input.cpp->run:257]	FPS: 5.97579
2020/03/09 13:01:42 909443	INFO [input.cpp->run:173]	
frame_id 20
2020/03/09 13:01:42 954346	INFO [input.cpp->run:235]	rotation: 
[-0.9426109367887624, -0.01188129812295129, -0.3336816695611634;
 -0.03292025840243304, -0.9911903140384857, 0.128288806772084;
 -0.3322662764003125, 0.1319113191170554, 0.9339156950474004]
2020/03/09 13:01:42 954405	INFO [input.cpp->run:256]	frame times (ms): 162.382
2020/03/09 13:01:42 954411	INFO [input.cpp->run:257]	FPS: 6.15832
2020/03/09 13:01:43 109222	INFO [input.cpp->run:173]	
frame_id 21
2020/03/09 13:01:43 155884	INFO [input.cpp->run:235]	rotation: 
[-0.8986426974042574, -6.329729244534173e-05, -0.4386813175819699;
 -0.008375268093380676, -0.9998152467483372, 0.01730107666954838;
 -0.4386013648934124, 0.01922155984862729, 0.8984761401120349]
2020/03/09 13:01:43 155940	INFO [input.cpp->run:256]	frame times (ms): 158.922
2020/03/09 13:01:43 155945	INFO [input.cpp->run:257]	FPS: 6.2924
2020/03/09 13:01:43 309135	INFO [input.cpp->run:173]	
frame_id 22
2020/03/09 13:01:43 354621	INFO [input.cpp->run:235]	rotation: 
[-0.9949521811574675, -0.003392175004969972, 0.1002928230669258;
 -0.003419888219125164, -0.9977017693360232, -0.06767188358792423;
 0.1002918818976228, -0.06767327842290882, 0.9926539506862038]
2020/03/09 13:01:43 354680	INFO [input.cpp->run:256]	frame times (ms): 161.249
2020/03/09 13:01:43 354686	INFO [input.cpp->run:257]	FPS: 6.20159
2020/03/09 13:01:43 510112	INFO [input.cpp->run:173]	
frame_id 23
2020/03/09 13:01:43 554688	INFO [input.cpp->run:235]	rotation: 
[-0.9647392940148327, -0.01291431946717638, -0.2628903097043742;
 -0.02422224660505409, -0.9902010561089214, 0.1375323643735564;
 -0.262090399200669, 0.139050670021674, 0.9549730539723915]
2020/03/09 13:01:43 554751	INFO [input.cpp->run:256]	frame times (ms): 157.871
2020/03/09 13:01:43 554756	INFO [input.cpp->run:257]	FPS: 6.33429
2020/03/09 13:01:43 711631	INFO [input.cpp->run:173]	
frame_id 24
2020/03/09 13:01:43 757456	INFO [input.cpp->run:235]	rotation: 
[-0.9850366209372197, 0.007280803009662922, -0.1721913044265558;
 -0.03427085752012031, -0.9874298185831532, 0.1542979640101477;
 -0.1689034154107605, 0.1578902887462547, 0.972904051272377]
2020/03/09 13:01:43 757515	INFO [input.cpp->run:256]	frame times (ms): 162.723
2020/03/09 13:01:43 757518	INFO [input.cpp->run:257]	FPS: 6.14541
2020/03/09 13:01:43 910238	INFO [input.cpp->run:173]	
frame_id 25
2020/03/09 13:01:43 953649	INFO [input.cpp->run:235]	rotation: 
[-0.9566503695164024, -0.01995724726074252, -0.2905542613452853;
 -0.02992719092031939, -0.985631882672017, 0.1662352402592006;
 -0.2896971414214326, 0.1677244768726049, 0.942307840416316]
2020/03/09 13:01:43 953709	INFO [input.cpp->run:256]	frame times (ms): 164.129
2020/03/09 13:01:43 953712	INFO [input.cpp->run:257]	FPS: 6.09277
2020/03/09 13:01:44 109973	INFO [input.cpp->run:173]	
frame_id 26
2020/03/09 13:01:44 153527	INFO [input.cpp->run:235]	rotation: 
[-0.9460811782322658, -0.03293929326350576, -0.3222505347613073;
 -0.04086867245376506, -0.9747295680096849, 0.2196178974025569;
 -0.3213411828672364, 0.2209463106887144, 0.9208271129731851]
2020/03/09 13:01:44 153583	INFO [input.cpp->run:256]	frame times (ms): 164.156
2020/03/09 13:01:44 153586	INFO [input.cpp->run:257]	FPS: 6.09177
2020/03/09 13:01:44 310280	INFO [input.cpp->run:173]	
frame_id 27
2020/03/09 13:01:44 356250	INFO [input.cpp->run:235]	rotation: 
[-0.9220347794258176, -0.04403865881971379, -0.3845938923833097;
 -0.0386070999639451, -0.9780932062801964, 0.2045560355034755;
 -0.385177046774023, 0.2034558339244319, 0.9001357488071211]
2020/03/09 13:01:44 356310	INFO [input.cpp->run:256]	frame times (ms): 161.694
2020/03/09 13:01:44 356326	INFO [input.cpp->run:257]	FPS: 6.18452
2020/03/09 13:01:44 509656	INFO [input.cpp->run:173]	
frame_id 28
2020/03/09 13:01:44 557448	INFO [input.cpp->run:235]	rotation: 
[-0.999253195858694, 0.006921504176114977, -0.03801504105122908;
 -0.006151295430753283, -0.9997741901678757, -0.02034035984666448;
 -0.03814724276681347, -0.02009132783337701, 0.9990701308792993]
2020/03/09 13:01:44 557507	INFO [input.cpp->run:256]	frame times (ms): 161.874
2020/03/09 13:01:44 557511	INFO [input.cpp->run:257]	FPS: 6.17764
2020/03/09 13:01:44 710415	INFO [input.cpp->run:173]	
frame_id 29
2020/03/09 13:01:44 754650	INFO [input.cpp->run:235]	rotation: 
[-0.9918563167279723, 0.0197903953198379, -0.1258148926793046;
 -0.01278645081259101, -0.998335709464157, -0.05623449016676219;
 -0.1267184029351601, -0.05416780835314478, 0.9904586285634454]
2020/03/09 13:01:44 754715	INFO [input.cpp->run:256]	frame times (ms): 162.536
2020/03/09 13:01:44 754720	INFO [input.cpp->run:257]	FPS: 6.15248
2020/03/09 13:01:44 909452	INFO [input.cpp->run:173]	
frame_id 30
2020/03/09 13:01:44 954989	INFO [input.cpp->run:235]	rotation: 
[-0.9952345952094902, -0.04589812713632379, 0.08603175241490842;
 0.02479518476807189, -0.9724121745320286, -0.2319477562603457;
 0.0943042910504046, -0.228709258114466, 0.9689162894400175]
2020/03/09 13:01:44 955052	INFO [input.cpp->run:256]	frame times (ms): 162.731
2020/03/09 13:01:44 955057	INFO [input.cpp->run:257]	FPS: 6.14511
2020/03/09 13:01:45 109952	INFO [input.cpp->run:173]	
frame_id 31
2020/03/09 13:01:45 154024	INFO [input.cpp->run:235]	rotation: 
[-0.8737786038860511, -0.01311157500333908, -0.4861471361551719;
 -0.01923899317333894, -0.997922038579598, 0.06149362616414288;
 -0.485943219453281, 0.06308479625132314, 0.8717106721552219]
2020/03/09 13:01:45 154086	INFO [input.cpp->run:256]	frame times (ms): 161.708
2020/03/09 13:01:45 154089	INFO [input.cpp->run:257]	FPS: 6.18399
2020/03/09 13:01:45 309263	INFO [input.cpp->run:173]	
frame_id 32
2020/03/09 13:01:45 354819	INFO [input.cpp->run:235]	rotation: 
[-0.9918361842548358, 0.02385863033715617, -0.1252667129018811;
 -0.0174653118046032, -0.9985000597659464, -0.05189020650343789;
 -0.1263168495742961, -0.04927876221899623, 0.9907651876745507]
2020/03/09 13:01:45 354879	INFO [input.cpp->run:256]	frame times (ms): 160.665
2020/03/09 13:01:45 354896	INFO [input.cpp->run:257]	FPS: 6.22413
2020/03/09 13:01:45 509904	INFO [input.cpp->run:173]	
frame_id 33
2020/03/09 13:01:45 554625	INFO [input.cpp->run:235]	rotation: 
[-0.9476842616579886, 0.02862020253045311, -0.3179236138019146;
 0.01363036280525777, -0.991435840741536, -0.1298814340193417;
 -0.3189180982878679, -0.1274200051021794, 0.9391780389703597]
2020/03/09 13:01:45 554684	INFO [input.cpp->run:256]	frame times (ms): 160.97
2020/03/09 13:01:45 554688	INFO [input.cpp->run:257]	FPS: 6.21234
2020/03/09 13:01:45 710851	INFO [input.cpp->run:173]	
frame_id 34
2020/03/09 13:01:45 754745	INFO [input.cpp->run:235]	rotation: 
[-0.9367841706439397, -0.01325828925526057, -0.3496564533895662;
 -0.03529408916928332, -0.9906051610578329, 0.1321201807268505;
 -0.3481231748974158, 0.1361088999720768, 0.9275152949939609]
2020/03/09 13:01:45 754800	INFO [input.cpp->run:256]	frame times (ms): 170.237
2020/03/09 13:01:45 754803	INFO [input.cpp->run:257]	FPS: 5.87416
2020/03/09 13:01:45 911834	INFO [input.cpp->run:173]	
frame_id 35
2020/03/09 13:01:45 956488	INFO [input.cpp->run:235]	rotation: 
[-0.9394281452947464, 0.0185717889245001, -0.3422423826533129;
 0.007239000033588357, -0.9972330545016677, -0.07398534914283765;
 -0.342669456921078, -0.07198141194376291, 0.9366943576364681]
2020/03/09 13:01:45 956571	INFO [input.cpp->run:256]	frame times (ms): 164.239
2020/03/09 13:01:45 956586	INFO [input.cpp->run:257]	FPS: 6.08869
2020/03/09 13:01:46 112495	INFO [input.cpp->run:173]	
frame_id 36
2020/03/09 13:01:46 155720	INFO [input.cpp->run:235]	rotation: 
[-0.9443298481352915, -0.02130145071760255, -0.3283098934209916;
 -0.0302796322043913, -0.9880392420212165, 0.1512005294293203;
 -0.3276038488698569, 0.1527242758158162, 0.9323899472764551]
2020/03/09 13:01:46 155775	INFO [input.cpp->run:256]	frame times (ms): 156.901
2020/03/09 13:01:46 155779	INFO [input.cpp->run:257]	FPS: 6.37345
2020/03/09 13:01:46 311623	INFO [input.cpp->run:173]	
frame_id 37
2020/03/09 13:01:46 355845	INFO [input.cpp->run:235]	rotation: 
[-0.9998438213450255, -0.006773780883968743, 0.01632325980657193;
 0.006782018530226982, -0.9999769008864208, 0.0004493531406773443;
 0.0163198389340252, 0.0005599876117901049, 0.9998666657465093]
2020/03/09 13:01:46 355905	INFO [input.cpp->run:256]	frame times (ms): 160.737
2020/03/09 13:01:46 355915	INFO [input.cpp->run:257]	FPS: 6.22134
2020/03/09 13:01:46 510278	INFO [input.cpp->run:173]	
frame_id 38
2020/03/09 13:01:46 554478	INFO [input.cpp->run:235]	rotation: 
[-0.9430093412056741, 0.02162724136912816, -0.3320627121939498;
 0.009204058876879202, -0.9958087969503732, -0.09099519336998745;
 -0.3326389449523783, -0.0888656421065641, 0.9388579391760798]
2020/03/09 13:01:46 554530	INFO [input.cpp->run:256]	frame times (ms): 159.801
2020/03/09 13:01:46 554534	INFO [input.cpp->run:257]	FPS: 6.25778
2020/03/09 13:01:46 709523	INFO [input.cpp->run:173]	
frame_id 39
2020/03/09 13:01:46 753702	INFO [input.cpp->run:235]	rotation: 
[-0.9984177194883722, 0.00345368350735356, 0.05612601430592774;
 -0.004284948074871819, -0.9998828104559238, -0.01469709409232968;
 0.05606867781242772, -0.01491433622372024, 0.9983155142255236]
2020/03/09 13:01:46 753754	INFO [input.cpp->run:256]	frame times (ms): 159.535
2020/03/09 13:01:46 753757	INFO [input.cpp->run:257]	FPS: 6.26822
2020/03/09 13:01:46 909140	INFO [input.cpp->run:173]	
frame_id 40
2020/03/09 13:01:46 952236	INFO [input.cpp->run:235]	rotation: 
[-0.947828177505574, 0.008614816605275789, -0.3186652332171169;
 0.003097906200336612, -0.9993386580866112, -0.03623050414809629;
 -0.3187666056908032, -0.03532748771861326, 0.9471746511113217]
2020/03/09 13:01:46 952289	INFO [input.cpp->run:256]	frame times (ms): 165.528
2020/03/09 13:01:46 952293	INFO [input.cpp->run:257]	FPS: 6.04127
2020/03/09 13:01:47 113103	INFO [input.cpp->run:173]	
frame_id 41
2020/03/09 13:01:47 157435	INFO [input.cpp->run:235]	rotation: 
[-0.9021718482338752, 0.05908245651550814, -0.4273116188291242;
 0.04396496083670468, -0.9728247891372629, -0.2273301824630136;
 -0.4291305611033787, -0.2238776294588924, 0.8750575801368543]
2020/03/09 13:01:47 157495	INFO [input.cpp->run:256]	frame times (ms): 163.194
2020/03/09 13:01:47 157509	INFO [input.cpp->run:257]	FPS: 6.12768
2020/03/09 13:01:47 310071	INFO [input.cpp->run:173]	
frame_id 42
2020/03/09 13:01:47 353810	INFO [input.cpp->run:235]	rotation: 
[-0.9670170802007256, -0.009322742124240793, -0.2545408672086827;
 -0.03651221535469532, -0.9839356867514968, 0.1747495993321665;
 -0.252080988434185, 0.1782796982725327, 0.951142220939591]
2020/03/09 13:01:47 353869	INFO [input.cpp->run:256]	frame times (ms): 159.568
2020/03/09 13:01:47 353871	INFO [input.cpp->run:257]	FPS: 6.26692
2020/03/09 13:01:47 511660	INFO [input.cpp->run:173]	
frame_id 43
2020/03/09 13:01:47 555580	INFO [input.cpp->run:235]	rotation: 
[-0.9403415473953921, 0.0355722003042837, -0.338367245470881;
 0.01784398304839182, -0.9879943167918583, -0.1534562551868051;
 -0.3397636921611963, -0.1503391118521759, 0.9284173549306861]
2020/03/09 13:01:47 555637	INFO [input.cpp->run:256]	frame times (ms): 168.579
2020/03/09 13:01:47 555642	INFO [input.cpp->run:257]	FPS: 5.93194
2020/03/09 13:01:47 710511	INFO [input.cpp->run:173]	
frame_id 44
2020/03/09 13:01:47 754767	INFO [input.cpp->run:235]	rotation: 
[-0.9802073170108343, 0.002758727355905535, -0.1979545531221688;
 -0.02571318986131527, -0.9932072687991983, 0.1134819504220522;
 -0.1962968352918042, 0.1163258811606984, 0.9736199678655988]
2020/03/09 13:01:47 754817	INFO [input.cpp->run:256]	frame times (ms): 160.244
2020/03/09 13:01:47 754824	INFO [input.cpp->run:257]	FPS: 6.24048
2020/03/09 13:01:47 910352	INFO [input.cpp->run:173]	
frame_id 45
2020/03/09 13:01:47 955075	INFO [input.cpp->run:235]	rotation: 
[-0.9994886222517387, 0.007739550780506642, 0.03102568843776028;
 -0.008220761884416701, -0.9998474230122802, -0.01541264966649456;
 0.03090166764692052, -0.0156598227773603, 0.9993997482925545]
2020/03/09 13:01:47 955139	INFO [input.cpp->run:256]	frame times (ms): 159.792
2020/03/09 13:01:47 955145	INFO [input.cpp->run:257]	FPS: 6.25814
2020/03/09 13:01:48 111072	INFO [input.cpp->run:173]	
frame_id 46
2020/03/09 13:01:48 155567	INFO [input.cpp->run:235]	rotation: 
[-0.8968723596811957, -0.0001512266177300203, -0.442289438682854;
 -0.007912524055345796, -0.9998344180312758, 0.01638683871689318;
 -0.4422186816530455, 0.01819652853073863, 0.8967226572059348]
2020/03/09 13:01:48 155627	INFO [input.cpp->run:256]	frame times (ms): 166.604
2020/03/09 13:01:48 155632	INFO [input.cpp->run:257]	FPS: 6.00226
2020/03/09 13:01:48 309752	INFO [input.cpp->run:173]	
frame_id 47
2020/03/09 13:01:48 352728	INFO [input.cpp->run:235]	rotation: 
[-0.9999489592213997, 0.0003054980795683245, -0.01009879314388585;
 0.0002634761745403862, -0.9984143406655664, -0.05629151742178969;
 -0.01009997684873908, -0.05629130505029691, 0.9983633003287875]
2020/03/09 13:01:48 352784	INFO [input.cpp->run:256]	frame times (ms): 158.025
2020/03/09 13:01:48 352786	INFO [input.cpp->run:257]	FPS: 6.32811
2020/03/09 13:01:48 510471	INFO [input.cpp->run:173]	
frame_id 48
2020/03/09 13:01:48 553862	INFO [input.cpp->run:235]	rotation: 
[-0.9548926123902235, -0.0193977315497328, -0.2963171051648875;
 -0.02808209160523133, -0.9874933444879249, 0.1551395846427593;
 -0.2956205252238922, 0.156462847356096, 0.9424053705617204]
2020/03/09 13:01:48 553920	INFO [input.cpp->run:256]	frame times (ms): 161.581
2020/03/09 13:01:48 553923	INFO [input.cpp->run:257]	FPS: 6.18885
2020/03/09 13:01:48 709884	INFO [input.cpp->run:173]	
frame_id 49
2020/03/09 13:01:48 754565	INFO [input.cpp->run:235]	rotation: 
[-0.933604211641068, -0.04707307402407883, -0.355200368395056;
 -0.01460357717379791, -0.9855097527588658, 0.1689889426882371;
 -0.3580082562452839, 0.1629559846065279, 0.9193886205197064]
2020/03/09 13:01:48 754626	INFO [input.cpp->run:256]	frame times (ms): 170.08
2020/03/09 13:01:48 754631	INFO [input.cpp->run:257]	FPS: 5.87959
2020/03/09 13:01:48 912542	INFO [input.cpp->run:173]	
frame_id 50
2020/03/09 13:01:48 956882	INFO [input.cpp->run:235]	rotation: 
[0.9999879006631486, -0.004908614748493188, -0.0003225345868241484;
 0.004912168300508035, 0.9999142648167462, 0.01213810605380908;
 0.0002629256478677397, -0.01213954353494841, 0.9999262784590006]
2020/03/09 13:01:48 956939	INFO [input.cpp->run:256]	frame times (ms): 162.454
2020/03/09 13:01:48 956944	INFO [input.cpp->run:257]	FPS: 6.15559
2020/03/09 13:01:49 112393	INFO [input.cpp->run:173]	
frame_id 51
2020/03/09 13:01:49 154533	INFO [input.cpp->run:235]	rotation: 
[-0.9958147343939308, -0.006572933876459725, 0.09115816641530736;
 0.003853971128867077, -0.9995433421664536, -0.02997088649429259;
 0.09131353497966793, -0.02949412943233957, 0.995385319692101]
2020/03/09 13:01:49 154585	INFO [input.cpp->run:256]	frame times (ms): 157.334
2020/03/09 13:01:49 154592	INFO [input.cpp->run:257]	FPS: 6.35591
2020/03/09 13:01:49 310805	INFO [input.cpp->run:173]	
frame_id 52
2020/03/09 13:01:49 354910	INFO [input.cpp->run:235]	rotation: 
[-0.9986384531539063, 0.00550493328677744, 0.05187422859071211;
 -0.01003044643297671, -0.9961238360466544, -0.0873881765689903;
 0.05119208949367576, -0.08778951514392803, 0.9948227837178162]
2020/03/09 13:01:49 354969	INFO [input.cpp->run:256]	frame times (ms): 151.523
2020/03/09 13:01:49 354974	INFO [input.cpp->run:257]	FPS: 6.59966
2020/03/09 13:01:49 510273	INFO [input.cpp->run:173]	
frame_id 53
2020/03/09 13:01:49 552327	INFO [input.cpp->run:235]	rotation: 
[-0.9437668371826509, 0.02299194970194798, -0.3298113510526265;
 0.006688655876659198, -0.996046904031097, -0.08857667216954065;
 -0.3305441255215699, -0.08580172037301897, 0.9398822510635096]
2020/03/09 13:01:49 552375	INFO [input.cpp->run:256]	frame times (ms): 149.177
2020/03/09 13:01:49 552378	INFO [input.cpp->run:257]	FPS: 6.70345
2020/03/09 13:01:49 711097	INFO [input.cpp->run:173]	
frame_id 54
2020/03/09 13:01:49 756304	INFO [input.cpp->run:235]	rotation: 
[0.9999527497520764, -0.009620032873242325, 0.001397580330097409;
 0.009607878539919285, 0.9999180753888188, 0.008457610814083321;
 -0.001478828327932843, -0.008443783407814159, 0.9999632571192496]
2020/03/09 13:01:49 756366	INFO [input.cpp->run:256]	frame times (ms): 168.133
2020/03/09 13:01:49 756371	INFO [input.cpp->run:257]	FPS: 5.94767
2020/03/09 13:01:49 913418	INFO [input.cpp->run:173]	
frame_id 55
2020/03/09 13:01:49 957008	INFO [input.cpp->run:235]	rotation: 
[-0.9951335733883855, 0.02051335165669447, -0.09637620826257738;
 -0.01477934116107037, -0.9980987026179168, -0.05983770472934367;
 -0.09742044030955511, -0.05812213206894786, 0.9935447023529705]
2020/03/09 13:01:49 957062	INFO [input.cpp->run:256]	frame times (ms): 159.708
2020/03/09 13:01:49 957067	INFO [input.cpp->run:257]	FPS: 6.26143
2020/03/09 13:01:50 110829	INFO [input.cpp->run:173]	
frame_id 56
2020/03/09 13:01:50 155170	INFO [input.cpp->run:235]	rotation: 
[-0.9949068643898348, 0.003691154202478697, 0.1007308620564747;
 -0.005944025529910512, -0.999738662998035, -0.02207428973718228;
 0.1006230577476493, -0.02256060920176631, 0.994668798727475]
2020/03/09 13:01:50 155239	INFO [input.cpp->run:256]	frame times (ms): 160.757
2020/03/09 13:01:50 155270	INFO [input.cpp->run:257]	FPS: 6.22057
2020/03/09 13:01:50 310375	INFO [input.cpp->run:173]	
frame_id 57
2020/03/09 13:01:50 354644	INFO [input.cpp->run:235]	rotation: 
[-0.992281773936557, 0.01252234622227327, -0.1233696557440643;
 -0.002480014638192318, -0.9966931262604682, -0.08121983496984424;
 -0.1239787507628375, -0.08028700337055743, 0.9890314789980457]
2020/03/09 13:01:50 354701	INFO [input.cpp->run:256]	frame times (ms): 166.688
2020/03/09 13:01:50 354705	INFO [input.cpp->run:257]	FPS: 5.99923
2020/03/09 13:01:50 511701	INFO [input.cpp->run:173]	
frame_id 58
2020/03/09 13:01:50 556540	INFO [input.cpp->run:235]	rotation: 
[-0.9468454985107538, 0.01329595251263849, -0.3214137825244956;
 -0.00388425593881902, -0.9995451763951908, -0.02990573357917629;
 -0.3216652211628168, -0.02706765582551591, 0.9464664957104338]
2020/03/09 13:01:50 556597	INFO [input.cpp->run:256]	frame times (ms): 161.082
2020/03/09 13:01:50 556602	INFO [input.cpp->run:257]	FPS: 6.20802
2020/03/09 13:01:50 710502	INFO [input.cpp->run:173]	
frame_id 59
2020/03/09 13:01:50 754865	INFO [input.cpp->run:235]	rotation: 
[-0.9717557904789238, -0.006058650573050946, -0.2359109501992556;
 -0.03241246564257985, -0.9867698356255924, 0.1588544099809945;
 -0.2337522529124598, 0.1620141483101861, 0.9587029258355659]
2020/03/09 13:01:50 754922	INFO [input.cpp->run:256]	frame times (ms): 152.698
2020/03/09 13:01:50 754927	INFO [input.cpp->run:257]	FPS: 6.54887
2020/03/09 13:01:50 910229	INFO [input.cpp->run:173]	
frame_id 60
2020/03/09 13:01:50 954571	INFO [input.cpp->run:235]	rotation: 
[-0.9187540971824959, 0.0006244745490072182, -0.3948297341157508;
 -0.001323855368988155, -0.999998000297896, 0.00149893534593132;
 -0.3948280085269267, 0.001899850453831364, 0.9187530866619797]
2020/03/09 13:01:50 954626	INFO [input.cpp->run:256]	frame times (ms): 162.876
2020/03/09 13:01:50 954631	INFO [input.cpp->run:257]	FPS: 6.13964
2020/03/09 13:01:51 110190	INFO [input.cpp->run:173]	
frame_id 61
2020/03/09 13:01:51 153518	INFO [input.cpp->run:235]	rotation: 
[-0.9891716610614608, 0.01053519568456274, -0.1463845435993787;
 0.001600537049875002, -0.9965865464774063, -0.08253904325462269;
 -0.1467544317356801, -0.08187957640415874, 0.9857783075995397]
2020/03/09 13:01:51 153573	INFO [input.cpp->run:256]	frame times (ms): 162.338
2020/03/09 13:01:51 153578	INFO [input.cpp->run:257]	FPS: 6.15999
2020/03/09 13:01:51 312382	INFO [input.cpp->run:173]	
frame_id 62
2020/03/09 13:01:51 356559	INFO [input.cpp->run:235]	rotation: 
[-0.9723660857049625, -0.009385868841706495, 0.2332725891246027;
 -0.0211955187527675, -0.9915159960905419, -0.1282449978805473;
 0.2324971942962119, -0.1296454201376462, 0.9639175896733716]
2020/03/09 13:01:51 356618	INFO [input.cpp->run:256]	frame times (ms): 163.187
2020/03/09 13:01:51 356623	INFO [input.cpp->run:257]	FPS: 6.12794
2020/03/09 13:01:51 510723	INFO [input.cpp->run:173]	
frame_id 63
2020/03/09 13:01:51 555760	INFO [input.cpp->run:235]	rotation: 
[-0.9981494959605969, 0.002245525046331477, 0.06076628449125899;
 -0.003620541218243816, -0.9997396721110257, -0.02252730983996586;
 0.06069987969422446, -0.02270562979979025, 0.9978977798254193]
2020/03/09 13:01:51 555819	INFO [input.cpp->run:256]	frame times (ms): 167.662
2020/03/09 13:01:51 555824	INFO [input.cpp->run:257]	FPS: 5.96438
2020/03/09 13:01:51 711930	INFO [input.cpp->run:173]	
frame_id 64
2020/03/09 13:01:51 756564	INFO [input.cpp->run:235]	rotation: 
[-0.9997971471880824, -0.0009619225428746127, 0.02011813061875528;
 0.0005980111194743435, -0.9998362392764913, -0.01808692931770742;
 0.02013223428417159, -0.01807122946742332, 0.9996339949242736]
2020/03/09 13:01:51 756620	INFO [input.cpp->run:256]	frame times (ms): 161.428
2020/03/09 13:01:51 756624	INFO [input.cpp->run:257]	FPS: 6.19471
2020/03/09 13:01:51 915324	INFO [input.cpp->run:173]	
frame_id 65
2020/03/09 13:01:51 959996	INFO [input.cpp->run:235]	rotation: 
[-0.9996461206450106, 0.00715639601784186, 0.02562068452279693;
 -0.007268172508928105, -0.9999644600085981, -0.004272281368687926;
 0.0255891998265153, -0.004456985051421354, 0.999662607151278]
2020/03/09 13:01:51 960052	INFO [input.cpp->run:256]	frame times (ms): 166.197
2020/03/09 13:01:51 960055	INFO [input.cpp->run:257]	FPS: 6.01696
2020/03/09 13:01:52 111481	INFO [input.cpp->run:173]	
frame_id 66
2020/03/09 13:01:52 154431	INFO [input.cpp->run:235]	rotation: 
[-0.9985584123553048, 0.002237177830987759, 0.05362920985624869;
 -0.004995919133403606, -0.9986675893068886, -0.05136230972201596;
 0.05344284710291469, -0.05155619364654785, 0.9972390992085172]
2020/03/09 13:01:52 154483	INFO [input.cpp->run:256]	frame times (ms): 163.942
2020/03/09 13:01:52 154488	INFO [input.cpp->run:257]	FPS: 6.09972
2020/03/09 13:01:52 312333	INFO [input.cpp->run:173]	
frame_id 67
2020/03/09 13:01:52 356882	INFO [input.cpp->run:235]	rotation: 
[-0.8962556373281458, -0.00208654212137913, -0.443532951311957;
 -0.01012612088993253, -0.9996320324371002, 0.02516468560095294;
 -0.4434222527492745, 0.02704525961509793, 0.8959047157477797]
2020/03/09 13:01:52 356937	INFO [input.cpp->run:256]	frame times (ms): 158.592
2020/03/09 13:01:52 356960	INFO [input.cpp->run:257]	FPS: 6.30549
2020/03/09 13:01:52 513170	INFO [input.cpp->run:173]	
frame_id 68
2020/03/09 13:01:52 559195	INFO [input.cpp->run:235]	rotation: 
[-0.9155109672664953, -0.0213988504305103, -0.4017234845201595;
 -0.02742791720130643, -0.9929405132251901, 0.1153986419074959;
 -0.4013569211721214, 0.1166671607452108, 0.9084610038030727]
2020/03/09 13:01:52 559254	INFO [input.cpp->run:256]	frame times (ms): 162.148
2020/03/09 13:01:52 559259	INFO [input.cpp->run:257]	FPS: 6.16721
2020/03/09 13:01:52 712636	INFO [input.cpp->run:173]	
frame_id 69
2020/03/09 13:01:52 757021	INFO [input.cpp->run:235]	rotation: 
[-0.9471474071359481, -0.03028117053749037, -0.3193663098489413;
 -0.03834603499207666, -0.9777104968704875, 0.2064261754469402;
 -0.3184986197082131, 0.2077624485323176, 0.92487479921545]
2020/03/09 13:01:52 757079	INFO [input.cpp->run:256]	frame times (ms): 162.124
2020/03/09 13:01:52 757084	INFO [input.cpp->run:257]	FPS: 6.16812
2020/03/09 13:01:52 912048	INFO [input.cpp->run:173]	
frame_id 70
2020/03/09 13:01:52 959143	INFO [input.cpp->run:235]	rotation: 
[-0.9577463450419876, -0.02657467875520676, -0.2863838770038767;
 -0.03219638413175875, -0.9795576232475367, 0.1985705305086261;
 -0.2858064579528501, 0.1994007251408443, 0.937312124857964]
2020/03/09 13:01:52 959202	INFO [input.cpp->run:256]	frame times (ms): 160.857
2020/03/09 13:01:52 959208	INFO [input.cpp->run:257]	FPS: 6.2167
2020/03/09 13:01:53 110454	INFO [input.cpp->run:173]	
frame_id 71
2020/03/09 13:01:53 158412	INFO [input.cpp->run:235]	rotation: 
[-0.9997141256729247, 0.00313756525619574, 0.02370279760456118;
 -0.003308908224006275, -0.9999686550955874, -0.007193048914566896;
 0.0236794859822755, -0.007269422988474513, 0.9996931716446955]
2020/03/09 13:01:53 158476	INFO [input.cpp->run:256]	frame times (ms): 169.776
2020/03/09 13:01:53 158483	INFO [input.cpp->run:257]	FPS: 5.89011
2020/03/09 13:01:53 313141	INFO [input.cpp->run:173]	
frame_id 72
2020/03/09 13:01:53 360041	INFO [input.cpp->run:235]	rotation: 
[-0.930508793454414, 0.003122604196204215, -0.3662562417857813;
 -0.00394413937162052, -0.9999911046287424, 0.001494800322726722;
 -0.366248316130775, 0.002835490508084775, 0.9305128322193903]
2020/03/09 13:01:53 360096	INFO [input.cpp->run:256]	frame times (ms): 162.345
2020/03/09 13:01:53 360112	INFO [input.cpp->run:257]	FPS: 6.15972
2020/03/09 13:01:53 511019	INFO [input.cpp->run:173]	
frame_id 73
2020/03/09 13:01:53 556889	INFO [input.cpp->run:235]	rotation: 
[-0.9947500602410518, -0.003571657766317009, 0.1022719947552801;
 0.008598839907763917, -0.9987736826567268, 0.0487564435183752;
 0.1019724355042302, 0.04937989563699149, 0.9935608931032942]
2020/03/09 13:01:53 556956	INFO [input.cpp->run:256]	frame times (ms): 164.547
2020/03/09 13:01:53 556960	INFO [input.cpp->run:257]	FPS: 6.07729
2020/03/09 13:01:53 710999	INFO [input.cpp->run:173]	
frame_id 74
2020/03/09 13:01:53 756264	INFO [input.cpp->run:235]	rotation: 
[-0.2413625194027602, 0.02578066402216798, 0.9700925170261485;
 0.1996471028192207, -0.9769443582193145, 0.0756356746472418;
 0.9496763493756406, 0.2119317774804618, 0.2306507167353448]
2020/03/09 13:01:53 756325	INFO [input.cpp->run:256]	frame times (ms): 163.055
2020/03/09 13:01:53 756332	INFO [input.cpp->run:257]	FPS: 6.1329
2020/03/09 13:01:53 912531	INFO [input.cpp->run:173]	
frame_id 75
2020/03/09 13:01:53 957079	INFO [input.cpp->run:235]	rotation: 
[-0.922771159671834, 0.02006579393374187, -0.3848256108833027;
 0.008274589462019605, -0.9973812973092298, -0.0718476091946898;
 -0.385259546341338, -0.06948317560076286, 0.9201886601460049]
2020/03/09 13:01:53 957134	INFO [input.cpp->run:256]	frame times (ms): 155.814
2020/03/09 13:01:53 957137	INFO [input.cpp->run:257]	FPS: 6.41791
2020/03/09 13:01:54 112414	INFO [input.cpp->run:173]	
frame_id 76
2020/03/09 13:01:54 160238	INFO [input.cpp->run:235]	rotation: 
[-0.9205717539633589, 0.02176050570817602, -0.3899668270457752;
 0.009377828370606169, -0.996927442956717, -0.07776715125831313;
 -0.390460884263554, -0.07524728480886428, 0.9175391784490827]
2020/03/09 13:01:54 160295	INFO [input.cpp->run:256]	frame times (ms): 164.121
2020/03/09 13:01:54 160302	INFO [input.cpp->run:257]	FPS: 6.09307
2020/03/09 13:01:54 314312	INFO [input.cpp->run:173]	
frame_id 77
2020/03/09 13:01:54 360580	INFO [input.cpp->run:235]	rotation: 
[-0.930103972190249, 0.04353378365525393, -0.3647072944109812;
 0.02847579158619932, -0.9814157153075724, -0.1897691308955841;
 -0.3661908385110964, -0.1868903513506878, 0.9115789962271821]
2020/03/09 13:01:54 360640	INFO [input.cpp->run:256]	frame times (ms): 165.25
2020/03/09 13:01:54 360645	INFO [input.cpp->run:257]	FPS: 6.05144
2020/03/09 13:01:54 512334	INFO [input.cpp->run:173]	
frame_id 78
2020/03/09 13:01:54 558357	INFO [input.cpp->run:235]	rotation: 
[0.9999987031074949, -0.0005937443944352709, 0.001497080800195092;
 0.0005939517116761927, 0.9999998140831161, -0.0001380402022919236;
 -0.001496998561266177, 0.0001389292169724133, 0.9999988698463514]
2020/03/09 13:01:54 558421	INFO [input.cpp->run:256]	frame times (ms): 157.622
2020/03/09 13:01:54 558426	INFO [input.cpp->run:257]	FPS: 6.34429
2020/03/09 13:01:54 715417	INFO [input.cpp->run:173]	
frame_id 79
2020/03/09 13:01:54 762661	INFO [input.cpp->run:235]	rotation: 
[-0.9974107863416417, 0.01619471823638717, -0.07006749881786868;
 -0.03683911941135642, -0.9518289902082925, 0.3044083649968542;
 -0.06176246894630932, 0.3062014116562923, 0.9499611007453672]
2020/03/09 13:01:54 762731	INFO [input.cpp->run:256]	frame times (ms): 161.318
2020/03/09 13:01:54 762737	INFO [input.cpp->run:257]	FPS: 6.19894
2020/03/09 13:01:54 915355	INFO [input.cpp->run:173]	
frame_id 80
2020/03/09 13:01:54 959039	INFO [input.cpp->run:235]	rotation: 
[-0.9999740266084177, -0.006409137048616644, 0.003296827390004827;
 0.006457863339820609, -0.9998668224105043, 0.01498777647969738;
 0.003200329612967629, 0.01500867765704956, 0.9998822418091815]
2020/03/09 13:01:54 959107	INFO [input.cpp->run:256]	frame times (ms): 152.771
2020/03/09 13:01:54 959111	INFO [input.cpp->run:257]	FPS: 6.54574
2020/03/09 13:01:55 116839	INFO [input.cpp->run:173]	
frame_id 81
2020/03/09 13:01:55 161095	INFO [input.cpp->run:235]	rotation: 
[-0.8948249660271022, -0.006246508855499443, -0.446373454969842;
 -0.01430805355068284, -0.998987084483046, 0.04266244999591937;
 -0.4461878077426435, 0.04456216066554331, 0.8938292085508464]
2020/03/09 13:01:55 161156	INFO [input.cpp->run:256]	frame times (ms): 157.219
2020/03/09 13:01:55 161161	INFO [input.cpp->run:257]	FPS: 6.36055
2020/03/09 13:01:55 312405	INFO [input.cpp->run:173]	
frame_id 82
2020/03/09 13:01:55 356261	INFO [input.cpp->run:235]	rotation: 
[-0.9999937279083345, 0.001423209958069298, 0.003243241805215388;
 -0.001452675854121362, -0.9999575284976057, -0.009101150137378933;
 0.003230151212357891, -0.009105804433190524, 0.9999533241350671]
2020/03/09 13:01:55 356327	INFO [input.cpp->run:256]	frame times (ms): 160.869
2020/03/09 13:01:55 356332	INFO [input.cpp->run:257]	FPS: 6.21624
2020/03/09 13:01:55 515237	INFO [input.cpp->run:173]	
frame_id 83
2020/03/09 13:01:55 559254	INFO [input.cpp->run:235]	rotation: 
[-0.922526005139822, 0.02580355136416042, -0.3850713525799579;
 0.01086098986894763, -0.9956313992356673, -0.0927370247263401;
 -0.38578207415564, -0.08973457300853632, 0.9182156052187022]
2020/03/09 13:01:55 559319	INFO [input.cpp->run:256]	frame times (ms): 164.826
2020/03/09 13:01:55 559325	INFO [input.cpp->run:257]	FPS: 6.067
2020/03/09 13:01:55 714032	INFO [input.cpp->run:173]	
frame_id 84
2020/03/09 13:01:55 758152	INFO [input.cpp->run:235]	rotation: 
[-0.8831598666387428, -0.02795581740275263, -0.4682383177741673;
 -0.03402376389751419, -0.9917752481341976, 0.1233865498285656;
 -0.467836545653377, 0.1249012788633281, 0.8749449337469311]
