		g3log created log at: Sun Mar 08 15:24:29 2020
		LOG format: [YYYY/MM/DD hh:mm:ss uuu* LEVEL FILE->FUNCTION:LINE] message		(uuu*: microseconds fractions of the seconds value)

2020/03/08 15:24:29 546512	INFO [g3logger.h->logBanner:29]	Starting log.
2020/03/08 15:24:29 550495	DEBUG [main.cpp->main:49]	Filepath: /home/mitchell/KITTI/data_odometry_gray/dataset/sequences/00/
2020/03/08 15:24:29 550499	DEBUG [main.cpp->main:53]	Calibration Filepath: /home/mitchell/visual_odom_ws/src/visual_odom/calibration/zed.yaml
2020/03/08 15:24:29 550579	INFO [main.cpp->main:67]	P_left: 
[684.35999, 0, 689.89001, 0;
 0, 684.35999, 406.87, 0;
 0, 0, 1, 0]
2020/03/08 15:24:29 550586	INFO [main.cpp->main:68]	P_right: 
[684.35999, 0, 689.89001, -82.120003;
 0, 684.35999, 406.87, 0;
 0, 0, 1, 0]
2020/03/08 15:24:29 617057	INFO [input.cpp->Input:22]	frame_pose [1, 0, 0, 0;
 0, 1, 0, 0;
 0, 0, 1, 0;
 0, 0, 0, 1]
2020/03/08 15:24:48 808196	INFO [input.cpp->run:173]	
frame_id 1
2020/03/08 15:24:48 815970	WARNING [visualOdometry.cpp->trackingFrame2Frame:179]	The Estimated Rotation and translation matrices(using getTransformation function) are : 
           1 -0.000533029 -0.000289947   -0.0242929
 0.000533476     0.999999   0.00176272   -0.0312629
 0.000289083  -0.00176281     0.999999    0.0221291
           0            0            0            1
2020/03/08 15:24:48 877032	INFO [input.cpp->run:235]	rotation: 
[1, -0.0005330294370651245, -0.0002899467945098877;
 0.0005334764719009399, 0.9999986886978149, 0.001762717962265015;
 0.0002890825271606445, -0.001762807369232178, 0.9999988079071045]
2020/03/08 15:24:48 877103	INFO [input.cpp->run:256]	frame times (ms): 69.975
2020/03/08 15:24:48 877109	INFO [input.cpp->run:257]	FPS: 14.2908
2020/03/08 15:24:48 882665	INFO [input.cpp->run:173]	
frame_id 2
2020/03/08 15:24:48 885859	WARNING [visualOdometry.cpp->trackingFrame2Frame:179]	The Estimated Rotation and translation matrices(using getTransformation function) are : 
    0.999999  0.000758484   0.00133824  -0.00039196
-0.000756249     0.999999  -0.00155047    0.0186114
 -0.00133952   0.00154951     0.999998   -0.0182772
           0            0            0            1
2020/03/08 15:24:48 886000	INFO [input.cpp->run:235]	rotation: 
[0.999998927116394, 0.0007584840059280396, 0.00133824348449707;
 -0.0007562488317489624, 0.9999986886978149, -0.001550465822219849;
 -0.001339524984359741, 0.001549512147903442, 0.9999980926513672]
2020/03/08 15:24:48 886026	INFO [input.cpp->run:256]	frame times (ms): 6.341
2020/03/08 15:24:48 886030	INFO [input.cpp->run:257]	FPS: 157.704
2020/03/08 15:24:48 938211	INFO [input.cpp->run:173]	
frame_id 3
2020/03/08 15:24:48 941083	WARNING [visualOdometry.cpp->trackingFrame2Frame:179]	The Estimated Rotation and translation matrices(using getTransformation function) are : 
           1 -9.93013e-05 -0.000119984     0.026123
 9.92864e-05            1  0.000414521    0.0110693
 0.000119746  -0.00041461            1   -0.0322199
           0            0            0            1
2020/03/08 15:24:48 941226	INFO [input.cpp->run:235]	rotation: 
[1.000000357627869, -9.930133819580078e-05, -0.0001199841499328613;
 9.928643703460693e-05, 1.00000011920929, 0.0004145205020904541;
 0.0001197457313537598, -0.0004146099090576172, 1]
2020/03/08 15:24:48 941245	INFO [input.cpp->run:256]	frame times (ms): 6.502
2020/03/08 15:24:48 941249	INFO [input.cpp->run:257]	FPS: 153.799
2020/03/08 15:24:49 007893	INFO [input.cpp->run:173]	
frame_id 4
2020/03/08 15:24:49 012084	WARNING [visualOdometry.cpp->trackingFrame2Frame:179]	The Estimated Rotation and translation matrices(using getTransformation function) are : 
           1 -0.000650585 -0.000220895     0.013773
  0.00065051     0.999999   0.00102058   0.00304079
 0.000220478  -0.00102073     0.999999   -0.0223808
           0            0            0            1
2020/03/08 15:24:49 012342	INFO [input.cpp->run:235]	rotation: 
[0.9999996423721313, -0.0006505846977233887, -0.0002208948135375977;
 0.0006505101919174194, 0.9999992847442627, 0.001020580530166626;
 0.0002204775810241699, -0.001020729541778564, 0.9999994039535522]
2020/03/08 15:24:49 012367	INFO [input.cpp->run:256]	frame times (ms): 8.794
2020/03/08 15:24:49 012371	INFO [input.cpp->run:257]	FPS: 113.714
2020/03/08 15:24:49 076434	INFO [input.cpp->run:173]	
frame_id 5
2020/03/08 15:24:49 084932	WARNING [visualOdometry.cpp->trackingFrame2Frame:179]	The Estimated Rotation and translation matrices(using getTransformation function) are : 
           1  6.79046e-05 -0.000893235     0.020649
-6.77705e-05            1  7.68304e-05   0.00409603
 0.000893056 -7.66963e-05            1  -0.00381565
           0            0            0            1
2020/03/08 15:24:49 085329	INFO [input.cpp->run:235]	rotation: 
[0.9999998211860657, 6.790459156036377e-05, -0.0008932352066040039;
 -6.777048110961914e-05, 1.000000238418579, 7.683038711547852e-05;
 0.0008930563926696777, -7.669627666473389e-05, 0.9999998211860657]
2020/03/08 15:24:49 085382	INFO [input.cpp->run:256]	frame times (ms): 17.136
2020/03/08 15:24:49 085388	INFO [input.cpp->run:257]	FPS: 58.3567
2020/03/08 15:24:49 138342	INFO [input.cpp->run:173]	
frame_id 6
2020/03/08 15:24:49 142259	WARNING [visualOdometry.cpp->trackingFrame2Frame:179]	The Estimated Rotation and translation matrices(using getTransformation function) are : 
           1  0.000484258 -1.82092e-05   -0.0134621
-0.000484183     0.999999  -0.00135347   0.00203323
 1.75536e-05   0.00135353     0.999999    0.0287361
           0            0            0            1
2020/03/08 15:24:49 142445	INFO [input.cpp->run:235]	rotation: 
[1, 0.0004842579364776611, -1.820921897888184e-05;
 -0.0004841834306716919, 0.9999991655349731, -0.001353472471237183;
 1.755356788635254e-05, 0.001353532075881958, 0.9999992847442627]
2020/03/08 15:24:49 142468	INFO [input.cpp->run:256]	frame times (ms): 8.894
2020/03/08 15:24:49 142472	INFO [input.cpp->run:257]	FPS: 112.435
2020/03/08 15:24:49 210568	INFO [input.cpp->run:173]	
frame_id 7
2020/03/08 15:24:49 220169	WARNING [visualOdometry.cpp->trackingFrame2Frame:179]	The Estimated Rotation and translation matrices(using getTransformation function) are : 
   0.999988 -0.00271255 -0.00399312   0.0668287
 0.00273228    0.999984  0.00495425  -0.0152478
 0.00397974 -0.00496489     0.99998  -0.0304127
          0           0           0           1
2020/03/08 15:24:49 220800	INFO [input.cpp->run:235]	rotation: 
[0.9999883770942688, -0.002712547779083252, -0.003993123769760132;
 0.002732276916503906, 0.9999839663505554, 0.004954248666763306;
 0.003979742527008057, -0.004964888095855713, 0.9999797344207764]
2020/03/08 15:24:49 220860	INFO [input.cpp->run:256]	frame times (ms): 21.295
2020/03/08 15:24:49 220866	INFO [input.cpp->run:257]	FPS: 46.9594
2020/03/08 15:24:49 280432	INFO [input.cpp->run:173]	
frame_id 8
2020/03/08 15:24:49 295641	WARNING [visualOdometry.cpp->trackingFrame2Frame:179]	The Estimated Rotation and translation matrices(using getTransformation function) are : 
           1 -0.000195414  0.000792146      0.01614
 0.000194937            1  0.000566155    0.0111818
-0.000792265 -0.000566036            1   -0.0446939
           0            0            0            1
2020/03/08 15:24:49 296323	INFO [input.cpp->run:235]	rotation: 
[0.9999998807907104, -0.0001954138278961182, 0.0007921457290649414;
 0.000194936990737915, 1.00000011920929, 0.0005661547183990479;
 -0.0007922649383544922, -0.0005660355091094971, 0.9999997615814209]
2020/03/08 15:24:49 296407	INFO [input.cpp->run:256]	frame times (ms): 30.903
2020/03/08 15:24:49 296423	INFO [input.cpp->run:257]	FPS: 32.3593
2020/03/08 15:24:49 343333	INFO [input.cpp->run:173]	
frame_id 9
2020/03/08 15:24:49 350762	WARNING [visualOdometry.cpp->trackingFrame2Frame:179]	The Estimated Rotation and translation matrices(using getTransformation function) are : 
           1  5.20349e-05  0.000348181   -0.0109444
-5.17517e-05            1 -0.000765741   0.00336742
 -0.00034833   0.00076586            1   0.00964355
           0            0            0            1
2020/03/08 15:24:49 351105	INFO [input.cpp->run:235]	rotation: 
[0.9999998807907104, 5.203485488891602e-05, 0.0003481805324554443;
 -5.175173282623291e-05, 0.9999996423721313, -0.0007657408714294434;
 -0.0003483295440673828, 0.0007658600807189941, 0.9999997615814209]
2020/03/08 15:24:49 351151	INFO [input.cpp->run:256]	frame times (ms): 13.99
2020/03/08 15:24:49 351177	INFO [input.cpp->run:257]	FPS: 71.4796
2020/03/08 15:24:49 413710	INFO [input.cpp->run:173]	
frame_id 10
2020/03/08 15:24:49 428296	WARNING [visualOdometry.cpp->trackingFrame2Frame:179]	The Estimated Rotation and translation matrices(using getTransformation function) are : 
           1 -0.000242516 -0.000670165    0.0158834
 0.000242963            1  0.000601485  0.000545502
 0.000669926 -0.000601605            1  -0.00906563
           0            0            0            1
2020/03/08 15:24:49 428961	INFO [input.cpp->run:235]	rotation: 
[0.9999997019767761, -0.0002425163984298706, -0.0006701648235321045;
 0.000242963433265686, 0.9999998211860657, 0.0006014853715896606;
 0.0006699264049530029, -0.0006016045808792114, 0.9999995827674866]
2020/03/08 15:24:49 429038	INFO [input.cpp->run:256]	frame times (ms): 30.529
2020/03/08 15:24:49 429054	INFO [input.cpp->run:257]	FPS: 32.7557
2020/03/08 15:24:49 478166	INFO [input.cpp->run:173]	
frame_id 11
2020/03/08 15:24:49 488022	WARNING [visualOdometry.cpp->trackingFrame2Frame:179]	The Estimated Rotation and translation matrices(using getTransformation function) are : 
           1  -0.00015983 -0.000248164   -0.0160322
 0.000160009            1  0.000527322   -0.0157785
 0.000248075 -0.000527263            1    0.0213652
           0            0            0            1
2020/03/08 15:24:49 488473	INFO [input.cpp->run:235]	rotation: 
[1.00000011920929, -0.00015982985496521, -0.0002481639385223389;
 0.0001600086688995361, 1.00000011920929, 0.0005273222923278809;
 0.0002480745315551758, -0.0005272626876831055, 1.00000011920929]
2020/03/08 15:24:49 488530	INFO [input.cpp->run:256]	frame times (ms): 21.106
2020/03/08 15:24:49 488537	INFO [input.cpp->run:257]	FPS: 47.3799
2020/03/08 15:24:49 547392	INFO [input.cpp->run:173]	
frame_id 12
2020/03/08 15:24:49 562277	WARNING [visualOdometry.cpp->trackingFrame2Frame:179]	The Estimated Rotation and translation matrices(using getTransformation function) are : 
    0.999999  0.000341788    0.0015322   -0.0335646
-0.000340238     0.999999  -0.00106163  -0.00108528
 -0.00153252   0.00106092     0.999998    0.0125189
           0            0            0            1
2020/03/08 15:24:49 562955	INFO [input.cpp->run:235]	rotation: 
[0.9999988079071045, 0.0003417879343032837, 0.001532196998596191;
 -0.0003402382135391235, 0.9999992847442627, -0.001061633229255676;
 -0.001532524824142456, 0.001060917973518372, 0.9999984502792358]
2020/03/08 15:24:49 563038	INFO [input.cpp->run:256]	frame times (ms): 29.833
2020/03/08 15:24:49 563054	INFO [input.cpp->run:257]	FPS: 33.5199
2020/03/08 15:24:49 609841	INFO [input.cpp->run:173]	
frame_id 13
2020/03/08 15:24:49 619127	WARNING [visualOdometry.cpp->trackingFrame2Frame:179]	The Estimated Rotation and translation matrices(using getTransformation function) are : 
    0.999999  0.000790447   0.00152829   -0.0287199
-0.000787929     0.999998  -0.00168726   0.00415659
 -0.00152975   0.00168586     0.999997    0.0121222
           0            0            0            1
2020/03/08 15:24:49 619544	INFO [input.cpp->run:235]	rotation: 
[0.9999985694885254, 0.0007904469966888428, 0.001528292894363403;
 -0.0007879287004470825, 0.9999984502792358, -0.00168725848197937;
 -0.0015297532081604, 0.001685857772827148, 0.9999974966049194]
2020/03/08 15:24:49 619595	INFO [input.cpp->run:256]	frame times (ms): 18.9
2020/03/08 15:24:49 619605	INFO [input.cpp->run:257]	FPS: 52.9101
2020/03/08 15:24:49 680635	INFO [input.cpp->run:173]	
frame_id 14
2020/03/08 15:24:49 695424	WARNING [visualOdometry.cpp->trackingFrame2Frame:179]	The Estimated Rotation and translation matrices(using getTransformation function) are : 
    0.999999   0.00090462  0.000852048    0.0202713
-0.000902817     0.999998  -0.00208038     0.032093
-0.000853807   0.00207978     0.999998   -0.0269861
           0            0            0            1
2020/03/08 15:24:49 696098	INFO [input.cpp->run:235]	rotation: 
[0.9999994039535522, 0.0009046196937561035, 0.000852048397064209;
 -0.0009028166532516479, 0.999997615814209, -0.002080380916595459;
 -0.000853806734085083, 0.002079784870147705, 0.999997615814209]
2020/03/08 15:24:49 696193	INFO [input.cpp->run:256]	frame times (ms): 29.782
2020/03/08 15:24:49 696208	INFO [input.cpp->run:257]	FPS: 33.5773
2020/03/08 15:24:49 744420	INFO [input.cpp->run:173]	
frame_id 15
2020/03/08 15:24:49 754305	WARNING [visualOdometry.cpp->trackingFrame2Frame:179]	The Estimated Rotation and translation matrices(using getTransformation function) are : 
    0.999998  -0.00195415 -0.000759751   -0.0199947
  0.00195658     0.999993   0.00337204   -0.0327983
 0.000753134  -0.00337349     0.999994   0.00865078
           0            0            0            1
2020/03/08 15:24:49 754764	INFO [input.cpp->run:235]	rotation: 
[0.9999978542327881, -0.001954153180122375, -0.0007597506046295166;
 0.001956582069396973, 0.9999926686286926, 0.003372043371200562;
 0.0007531344890594482, -0.003373488783836365, 0.9999940395355225]
2020/03/08 15:24:49 754819	INFO [input.cpp->run:256]	frame times (ms): 21.688
2020/03/08 15:24:49 754825	INFO [input.cpp->run:257]	FPS: 46.1084
2020/03/08 15:24:49 813010	INFO [input.cpp->run:173]	
frame_id 16
2020/03/08 15:24:49 826277	WARNING [visualOdometry.cpp->trackingFrame2Frame:179]	The Estimated Rotation and translation matrices(using getTransformation function) are : 
   0.999997 -0.00126109 -0.00221223   0.0419502
 0.00126661    0.999996  0.00248684 -0.00523663
 0.00220901 -0.00248958    0.999995  -0.0200729
          0           0           0           1
2020/03/08 15:24:49 826868	INFO [input.cpp->run:235]	rotation: 
[0.9999970197677612, -0.001261085271835327, -0.002212226390838623;
 0.001266613602638245, 0.9999963641166687, 0.002486839890480042;
 0.002209007740020752, -0.002489581704139709, 0.9999945759773254]
2020/03/08 15:24:49 826984	INFO [input.cpp->run:256]	frame times (ms): 26.841
2020/03/08 15:24:49 826994	INFO [input.cpp->run:257]	FPS: 37.2564
2020/03/08 15:24:49 876430	INFO [input.cpp->run:173]	
frame_id 17
2020/03/08 15:24:49 885807	WARNING [visualOdometry.cpp->trackingFrame2Frame:179]	The Estimated Rotation and translation matrices(using getTransformation function) are : 
           1 -0.000247046 -0.000702143    0.0188494
 0.000247598            1  0.000718296  0.000946522
 0.000701845 -0.000718474            1   -0.0120258
           0            0            0            1
2020/03/08 15:24:49 886238	INFO [input.cpp->run:235]	rotation: 
[0.9999996423721313, -0.0002470463514328003, -0.0007021427154541016;
 0.0002475976943969727, 0.9999995827674866, 0.0007182955741882324;
 0.0007018446922302246, -0.0007184743881225586, 0.9999996423721313]
2020/03/08 15:24:49 886290	INFO [input.cpp->run:256]	frame times (ms): 20.052
2020/03/08 15:24:49 886301	INFO [input.cpp->run:257]	FPS: 49.8703
2020/03/08 15:24:49 947218	INFO [input.cpp->run:173]	
frame_id 18
2020/03/08 15:24:49 962477	WARNING [visualOdometry.cpp->trackingFrame2Frame:179]	The Estimated Rotation and translation matrices(using getTransformation function) are : 
   0.999996  0.00119416  0.00251934   -0.040328
-0.00118725    0.999996  -0.0028179   0.0118651
-0.00252247  0.00281507    0.999993   0.0132723
          0           0           0           1
2020/03/08 15:24:49 963156	INFO [input.cpp->run:235]	rotation: 
[0.9999963045120239, 0.001194164156913757, 0.002519339323043823;
 -0.001187250018119812, 0.9999957084655762, -0.002817898988723755;
 -0.002522468566894531, 0.002815067768096924, 0.9999930858612061]
2020/03/08 15:24:49 963238	INFO [input.cpp->run:256]	frame times (ms): 29.94
2020/03/08 15:24:49 963246	INFO [input.cpp->run:257]	FPS: 33.4001
2020/03/08 15:24:50 049312	INFO [input.cpp->run:173]	
frame_id 19
2020/03/08 15:24:50 064068	WARNING [visualOdometry.cpp->trackingFrame2Frame:179]	The Estimated Rotation and translation matrices(using getTransformation function) are : 
   0.999997  0.00106387  0.00216517 -0.00174141
-0.00105846    0.999996 -0.00255397   0.0314994
-0.00216749  0.00255178    0.999995  -0.0285368
          0           0           0           1
2020/03/08 15:24:50 064731	INFO [input.cpp->run:235]	rotation: 
[0.9999971389770508, 0.001063868403434753, 0.002165168523788452;
 -0.001058459281921387, 0.9999963045120239, -0.002553969621658325;
 -0.002167493104934692, 0.00255177915096283, 0.9999946355819702]
2020/03/08 15:24:50 064807	INFO [input.cpp->run:256]	frame times (ms): 29.709
2020/03/08 15:24:50 064821	INFO [input.cpp->run:257]	FPS: 33.6598
2020/03/08 15:24:50 108876	INFO [input.cpp->run:173]	
frame_id 20
2020/03/08 15:24:50 119022	WARNING [visualOdometry.cpp->trackingFrame2Frame:179]	The Estimated Rotation and translation matrices(using getTransformation function) are : 
           1 -0.000319481  0.000509292    -0.014637
 0.000319287            1  0.000356153  -0.00524902
-0.000509411 -0.000356033            1  0.000922203
           0            0            0            1
2020/03/08 15:24:50 119473	INFO [input.cpp->run:235]	rotation: 
[1.00000011920929, -0.0003194808959960938, 0.0005092918872833252;
 0.0003192871809005737, 1.000000238418579, 0.0003561526536941528;
 -0.000509411096572876, -0.0003560334444046021, 0.9999999403953552]
2020/03/08 15:24:50 119529	INFO [input.cpp->run:256]	frame times (ms): 20.656
2020/03/08 15:24:50 119543	INFO [input.cpp->run:257]	FPS: 48.4121
2020/03/08 15:24:50 179381	INFO [input.cpp->run:173]	
frame_id 21
2020/03/08 15:24:50 194144	WARNING [visualOdometry.cpp->trackingFrame2Frame:179]	The Estimated Rotation and translation matrices(using getTransformation function) are : 
   0.999998  0.00114986   0.0019027  -0.0220375
-0.00114457    0.999996 -0.00276509   0.0196314
-0.00190589  0.00276276    0.999994   0.0041151
          0           0           0           1
2020/03/08 15:24:50 194805	INFO [input.cpp->run:235]	rotation: 
[0.999997615814209, 0.001149863004684448, 0.00190269947052002;
 -0.001144573092460632, 0.9999955892562866, -0.002765089273452759;
 -0.001905888319015503, 0.002762764692306519, 0.9999944567680359]
2020/03/08 15:24:50 194880	INFO [input.cpp->run:256]	frame times (ms): 29.508
2020/03/08 15:24:50 194888	INFO [input.cpp->run:257]	FPS: 33.8891
2020/03/08 15:24:50 239344	INFO [input.cpp->run:173]	
frame_id 22
2020/03/08 15:24:50 246799	WARNING [visualOdometry.cpp->trackingFrame2Frame:179]	The Estimated Rotation and translation matrices(using getTransformation function) are : 
   0.999991 -0.00220476 -0.00356603   0.0210943
 0.00222403    0.999983  0.00543702  -0.0521903
 0.00355387 -0.00544494    0.999979   0.0159006
          0           0           0           1
2020/03/08 15:24:50 247141	INFO [input.cpp->run:235]	rotation: 
[0.9999914169311523, -0.002204760909080505, -0.00356602668762207;
 0.00222402811050415, 0.9999830722808838, 0.005437016487121582;
 0.003553867340087891, -0.005444943904876709, 0.9999791383743286]
2020/03/08 15:24:50 247184	INFO [input.cpp->run:256]	frame times (ms): 14.086
2020/03/08 15:24:50 247191	INFO [input.cpp->run:257]	FPS: 70.9925
2020/03/08 15:24:50 312346	INFO [input.cpp->run:173]	
frame_id 23
2020/03/08 15:24:50 327042	WARNING [visualOdometry.cpp->trackingFrame2Frame:179]	The Estimated Rotation and translation matrices(using getTransformation function) are : 
   0.999999  0.00109248 0.000667691  0.00954819
-0.00109154    0.999998 -0.00175919   0.0175371
-0.00066936  0.00175852    0.999998 -0.00991249
          0           0           0           1
2020/03/08 15:24:50 327700	INFO [input.cpp->run:235]	rotation: 
[0.9999992847442627, 0.001092478632926941, 0.0006676912307739258;
 -0.001091539859771729, 0.9999980330467224, -0.001759186387062073;
 -0.0006693601608276367, 0.00175851583480835, 0.9999983310699463]
2020/03/08 15:24:50 327772	INFO [input.cpp->run:256]	frame times (ms): 29.803
2020/03/08 15:24:50 327781	INFO [input.cpp->run:257]	FPS: 33.5537
2020/03/08 15:24:50 379158	INFO [input.cpp->run:173]	
frame_id 24
2020/03/08 15:24:50 393925	WARNING [visualOdometry.cpp->trackingFrame2Frame:179]	The Estimated Rotation and translation matrices(using getTransformation function) are : 
   0.999939 -0.00300363  -0.0106915   0.0619297
  0.0031056     0.99995  0.00954431   -0.113859
  0.0106624 -0.00957689    0.999897    0.107051
          0           0           0           1
2020/03/08 15:24:50 394582	INFO [input.cpp->run:235]	rotation: 
[0.9999386072158813, -0.003003627061843872, -0.01069146394729614;
 0.003105595707893372, 0.9999499320983887, 0.009544312953948975;
 0.01066237688064575, -0.009576886892318726, 0.9998974800109863]
2020/03/08 15:24:50 394655	INFO [input.cpp->run:256]	frame times (ms): 27.661
2020/03/08 15:24:50 394664	INFO [input.cpp->run:257]	FPS: 36.152
2020/03/08 15:24:50 439201	INFO [input.cpp->run:173]	
frame_id 25
2020/03/08 15:24:50 446813	WARNING [visualOdometry.cpp->trackingFrame2Frame:179]	The Estimated Rotation and translation matrices(using getTransformation function) are : 
    0.999999  -0.00122203 -0.000524759   -0.0375204
  0.00122315     0.999997   0.00209111   -0.0357442
 0.000522286  -0.00209183     0.999998    0.0378799
           0            0            0            1
2020/03/08 15:24:50 447155	INFO [input.cpp->run:235]	rotation: 
[0.9999993443489075, -0.001222029328346252, -0.0005247592926025391;
 0.001223146915435791, 0.9999971985816956, 0.002091109752655029;
 0.0005222856998443604, -0.002091825008392334, 0.9999979138374329]
2020/03/08 15:24:50 447198	INFO [input.cpp->run:256]	frame times (ms): 16.22
2020/03/08 15:24:50 447205	INFO [input.cpp->run:257]	FPS: 61.6523
2020/03/08 15:24:50 513148	INFO [input.cpp->run:173]	
frame_id 26
2020/03/08 15:24:50 530970	WARNING [visualOdometry.cpp->trackingFrame2Frame:179]	The Estimated Rotation and translation matrices(using getTransformation function) are : 
           1  0.000510797 -0.000247836    0.0442524
-0.000510842            1 -0.000728667    0.0266771
 0.000247449   0.00072889            1   -0.0397854
           0            0            0            1
2020/03/08 15:24:50 531696	INFO [input.cpp->run:235]	rotation: 
[0.9999999403953552, 0.0005107969045639038, -0.0002478361129760742;
 -0.0005108416080474854, 0.9999997615814209, -0.0007286667823791504;
 0.0002474486827850342, 0.0007288902997970581, 0.9999998807907104]
2020/03/08 15:24:50 531774	INFO [input.cpp->run:256]	frame times (ms): 30.993
2020/03/08 15:24:50 531793	INFO [input.cpp->run:257]	FPS: 32.2654
2020/03/08 15:24:50 573139	INFO [input.cpp->run:173]	
frame_id 27
2020/03/08 15:24:50 580984	WARNING [visualOdometry.cpp->trackingFrame2Frame:179]	The Estimated Rotation and translation matrices(using getTransformation function) are : 
    0.999998  0.000165313   0.00225347    -0.050663
-0.000162393            1  -0.00124669  -0.00156641
 -0.00225374    0.0012463     0.999997    0.0154724
           0            0            0            1
2020/03/08 15:24:50 581337	INFO [input.cpp->run:235]	rotation: 
[0.9999977946281433, 0.0001653134822845459, 0.002253472805023193;
 -0.0001623928546905518, 0.9999995827674866, -0.00124669075012207;
 -0.002253741025924683, 0.00124630331993103, 0.9999969005584717]
2020/03/08 15:24:50 581403	INFO [input.cpp->run:256]	frame times (ms): 16.255
2020/03/08 15:24:50 581420	INFO [input.cpp->run:257]	FPS: 61.5195
2020/03/08 15:24:50 646302	INFO [input.cpp->run:173]	
frame_id 28
2020/03/08 15:24:50 661706	WARNING [visualOdometry.cpp->trackingFrame2Frame:179]	The Estimated Rotation and translation matrices(using getTransformation function) are : 
           1   0.00031209  6.71446e-05    0.0096302
 -0.00031212            1  -0.00041236   0.00733662
-6.71744e-05  0.000412449            1  -0.00879097
           0            0            0            1
2020/03/08 15:24:50 662368	INFO [input.cpp->run:235]	rotation: 
[1.00000011920929, 0.0003120899200439453, 6.714463233947754e-05;
 -0.000312119722366333, 1.00000011920929, -0.0004123598337173462;
 -6.717443466186523e-05, 0.0004124492406845093, 1.00000011920929]
2020/03/08 15:24:50 662443	INFO [input.cpp->run:256]	frame times (ms): 30.232
2020/03/08 15:24:50 662459	INFO [input.cpp->run:257]	FPS: 33.0775
2020/03/08 15:24:50 705886	INFO [input.cpp->run:173]	
frame_id 29
2020/03/08 15:24:50 713525	WARNING [visualOdometry.cpp->trackingFrame2Frame:179]	The Estimated Rotation and translation matrices(using getTransformation function) are : 
           1  0.000370726  0.000756502   -0.0168533
-0.000370473            1 -0.000188589  -0.00713587
-0.000756681  0.000188202            1    0.0049057
           0            0            0            1
2020/03/08 15:24:50 713863	INFO [input.cpp->run:235]	rotation: 
[0.9999996423721313, 0.0003707259893417358, 0.0007565021514892578;
 -0.0003704726696014404, 0.9999999403953552, -0.0001885890960693359;
 -0.000756680965423584, 0.0001882016658782959, 0.9999998807907104]
2020/03/08 15:24:50 713904	INFO [input.cpp->run:256]	frame times (ms): 15.705
2020/03/08 15:24:50 713909	INFO [input.cpp->run:257]	FPS: 63.674
2020/03/08 15:24:50 779647	INFO [input.cpp->run:173]	
frame_id 30
2020/03/08 15:24:50 795238	WARNING [visualOdometry.cpp->trackingFrame2Frame:179]	The Estimated Rotation and translation matrices(using getTransformation function) are : 
           1  0.000257954  0.000618994   -0.0097723
-0.000257462            1 -0.000594914   0.00233221
-0.000619292  0.000594616            1   0.00214291
           0            0            0            1
2020/03/08 15:24:50 795981	INFO [input.cpp->run:235]	rotation: 
[0.9999997019767761, 0.0002579540014266968, 0.0006189942359924316;
 -0.0002574622631072998, 0.9999997019767761, -0.0005949139595031738;
 -0.0006192922592163086, 0.0005946159362792969, 0.9999996423721313]
2020/03/08 15:24:50 796057	INFO [input.cpp->run:256]	frame times (ms): 30.312
2020/03/08 15:24:50 796071	INFO [input.cpp->run:257]	FPS: 32.9902
2020/03/08 15:24:50 839404	INFO [input.cpp->run:173]	
frame_id 31
2020/03/08 15:24:50 846858	WARNING [visualOdometry.cpp->trackingFrame2Frame:179]	The Estimated Rotation and translation matrices(using getTransformation function) are : 
           1 -0.000111923  -0.00052616   0.00880337
 0.000112191            1  0.000423968  -0.00203276
 0.000526339 -0.000423968            1  -0.00127888
           0            0            0            1
2020/03/08 15:24:50 847200	INFO [input.cpp->run:235]	rotation: 
[1, -0.0001119226217269897, -0.0005261600017547607;
 0.000112190842628479, 1, 0.0004239678382873535;
 0.0005263388156890869, -0.0004239678382873535, 1]
2020/03/08 15:24:50 847242	INFO [input.cpp->run:256]	frame times (ms): 15.982
2020/03/08 15:24:50 847251	INFO [input.cpp->run:257]	FPS: 62.5704
2020/03/08 15:24:50 912326	INFO [input.cpp->run:173]	
frame_id 32
2020/03/08 15:24:50 927236	WARNING [visualOdometry.cpp->trackingFrame2Frame:179]	The Estimated Rotation and translation matrices(using getTransformation function) are : 
    0.999999 -0.000750467  0.000849515  -0.00955009
 0.000749841     0.999999  0.000800878  0.000644207
-0.000850052 -0.000800237     0.999999   -0.0193768
           0            0            0            1
2020/03/08 15:24:50 927906	INFO [input.cpp->run:235]	rotation: 
[0.9999994039535522, -0.0007504671812057495, 0.0008495151996612549;
 0.0007498413324356079, 0.9999994039535522, 0.0008008778095245361;
 -0.0008500516414642334, -0.0008002370595932007, 0.9999993443489075]
2020/03/08 15:24:50 927979	INFO [input.cpp->run:256]	frame times (ms): 29.756
2020/03/08 15:24:50 927988	INFO [input.cpp->run:257]	FPS: 33.6067
2020/03/08 15:24:50 972623	INFO [input.cpp->run:173]	
frame_id 33
2020/03/08 15:24:50 980054	WARNING [visualOdometry.cpp->trackingFrame2Frame:179]	The Estimated Rotation and translation matrices(using getTransformation function) are : 
   0.999999   0.0010512  0.00110224  -0.0198917
-0.00104934    0.999998 -0.00188577  0.00473356
-0.00110409  0.00188449    0.999998   0.0161037
          0           0           0           1
2020/03/08 15:24:50 980395	INFO [input.cpp->run:235]	rotation: 
[0.9999991655349731, 0.001051202416419983, 0.001102238893508911;
 -0.001049339771270752, 0.9999979734420776, -0.001885771751403809;
 -0.001104086637496948, 0.001884490251541138, 0.9999978542327881]
2020/03/08 15:24:50 980455	INFO [input.cpp->run:256]	frame times (ms): 14.848
2020/03/08 15:24:50 980482	INFO [input.cpp->run:257]	FPS: 67.3491
2020/03/08 15:24:51 046337	INFO [input.cpp->run:173]	
frame_id 34
2020/03/08 15:24:51 064278	WARNING [visualOdometry.cpp->trackingFrame2Frame:179]	The Estimated Rotation and translation matrices(using getTransformation function) are : 
   0.999982 -0.00345823  -0.0048354   0.0420151
 0.00348961    0.999973  0.00650319  -0.0435185
 0.00481272 -0.00652009    0.999967  0.00629044
          0           0           0           1
2020/03/08 15:24:51 064945	INFO [input.cpp->run:235]	rotation: 
[0.9999823570251465, -0.003458231687545776, -0.004835397005081177;
 0.00348961353302002, 0.9999727010726929, 0.006503194570541382;
 0.004812717437744141, -0.006520092487335205, 0.9999671578407288]
2020/03/08 15:24:51 065021	INFO [input.cpp->run:256]	frame times (ms): 30.538
2020/03/08 15:24:51 065030	INFO [input.cpp->run:257]	FPS: 32.7461
2020/03/08 15:24:51 104256	INFO [input.cpp->run:173]	
frame_id 35
2020/03/08 15:24:51 110231	WARNING [visualOdometry.cpp->trackingFrame2Frame:179]	The Estimated Rotation and translation matrices(using getTransformation function) are : 
   0.999996   0.0020543  0.00177798    0.011796
-0.00204742     0.99999 -0.00386293    0.038846
-0.00178605   0.0038591    0.999991  -0.0206194
          0           0           0           1
2020/03/08 15:24:51 110509	INFO [input.cpp->run:235]	rotation: 
[0.9999964237213135, 0.002054303884506226, 0.001777976751327515;
 -0.002047419548034668, 0.9999904632568359, -0.003862932324409485;
 -0.00178605318069458, 0.003859102725982666, 0.9999910593032837]
2020/03/08 15:24:51 110547	INFO [input.cpp->run:256]	frame times (ms): 11.065
2020/03/08 15:24:51 110554	INFO [input.cpp->run:257]	FPS: 90.3751
2020/03/08 15:24:51 179673	INFO [input.cpp->run:173]	
frame_id 36
2020/03/08 15:24:51 194459	WARNING [visualOdometry.cpp->trackingFrame2Frame:179]	The Estimated Rotation and translation matrices(using getTransformation function) are : 
           1  -0.00120761  0.000486672   -0.0334606
  0.00120649     0.999998   0.00174475   -0.0216169
-0.000488698  -0.00174432     0.999999   0.00951672
           0            0            0            1
2020/03/08 15:24:51 195120	INFO [input.cpp->run:235]	rotation: 
[0.9999995231628418, -0.001207605004310608, 0.0004866719245910645;
 0.001206487417221069, 0.9999983310699463, 0.001744747161865234;
 -0.0004886984825134277, -0.001744315028190613, 0.9999985694885254]
2020/03/08 15:24:51 195197	INFO [input.cpp->run:256]	frame times (ms): 28.877
2020/03/08 15:24:51 195246	INFO [input.cpp->run:257]	FPS: 34.6296
2020/03/08 15:24:51 239466	INFO [input.cpp->run:173]	
frame_id 37
2020/03/08 15:24:51 246853	WARNING [visualOdometry.cpp->trackingFrame2Frame:179]	The Estimated Rotation and translation matrices(using getTransformation function) are : 
    0.999998 -0.000934452  -0.00180864    0.0120401
 0.000938222     0.999997   0.00218712   -0.0203271
  0.00180689  -0.00218858     0.999996    0.0102472
           0            0            0            1
2020/03/08 15:24:51 247191	INFO [input.cpp->run:235]	rotation: 
[0.9999979734420776, -0.0009344518184661865, -0.001808643341064453;
 0.00093822181224823, 0.9999974966049194, 0.00218711793422699;
 0.001806885004043579, -0.002188578248023987, 0.9999960660934448]
2020/03/08 15:24:51 247234	INFO [input.cpp->run:256]	frame times (ms): 16.288
2020/03/08 15:24:51 247241	INFO [input.cpp->run:257]	FPS: 61.3949
2020/03/08 15:24:51 313500	INFO [input.cpp->run:173]	
frame_id 38
2020/03/08 15:24:51 330314	WARNING [visualOdometry.cpp->trackingFrame2Frame:179]	The Estimated Rotation and translation matrices(using getTransformation function) are : 
    0.999999  0.000946641   0.00143671   -0.0098505
-0.000944033     0.999998  -0.00192364    0.0152283
 -0.00143844   0.00192218     0.999997  -0.00480652
           0            0            0            1
2020/03/08 15:24:51 330983	INFO [input.cpp->run:235]	rotation: 
[0.9999986290931702, 0.0009466409683227539, 0.001436710357666016;
 -0.0009440332651138306, 0.9999978542327881, -0.001923635601997375;
 -0.001438438892364502, 0.001922175288200378, 0.9999972581863403]
2020/03/08 15:24:51 331061	INFO [input.cpp->run:256]	frame times (ms): 27.84
2020/03/08 15:24:51 331077	INFO [input.cpp->run:257]	FPS: 35.9195
2020/03/08 15:24:51 373263	INFO [input.cpp->run:173]	
frame_id 39
2020/03/08 15:24:51 380633	WARNING [visualOdometry.cpp->trackingFrame2Frame:179]	The Estimated Rotation and translation matrices(using getTransformation function) are : 
    0.999999  0.000891939   0.00124037   0.00382996
-0.000889719     0.999998  -0.00182049    0.0215716
 -0.00124201   0.00181921     0.999998   -0.0180321
           0            0            0            1
2020/03/08 15:24:51 380973	INFO [input.cpp->run:235]	rotation: 
[0.999998927116394, 0.0008919388055801392, 0.001240372657775879;
 -0.0008897185325622559, 0.999998152256012, -0.001820489764213562;
 -0.001242011785507202, 0.001819208264350891, 0.9999976754188538]
2020/03/08 15:24:51 381017	INFO [input.cpp->run:256]	frame times (ms): 16.124
2020/03/08 15:24:51 381044	INFO [input.cpp->run:257]	FPS: 62.0193
2020/03/08 15:24:51 439565	INFO [input.cpp->run:173]	
frame_id 40
2020/03/08 15:24:51 447240	WARNING [visualOdometry.cpp->trackingFrame2Frame:179]	The Estimated Rotation and translation matrices(using getTransformation function) are : 
   0.999996 -0.00225161 -0.00167766  -0.0149536
 0.00225845    0.999989  0.00420344  -0.0421166
 0.00166833 -0.00420725     0.99999   0.0180845
          0           0           0           1
2020/03/08 15:24:51 447752	INFO [input.cpp->run:235]	rotation: 
[0.9999961853027344, -0.002251610159873962, -0.001677662134170532;
 0.002258449792861938, 0.9999887943267822, 0.004203438758850098;
 0.001668334007263184, -0.004207253456115723, 0.9999898076057434]
2020/03/08 15:24:51 447802	INFO [input.cpp->run:256]	frame times (ms): 16.62
2020/03/08 15:24:51 447811	INFO [input.cpp->run:257]	FPS: 60.1685
2020/03/08 15:24:51 512293	INFO [input.cpp->run:173]	
frame_id 41
2020/03/08 15:24:51 527704	WARNING [visualOdometry.cpp->trackingFrame2Frame:179]	The Estimated Rotation and translation matrices(using getTransformation function) are : 
           1  0.000308931   0.00035879    0.0193815
-0.000309005            1 -0.000563294    0.0173483
-0.000359058  0.000563025            1   -0.0272551
           0            0            0            1
2020/03/08 15:24:51 528412	INFO [input.cpp->run:235]	rotation: 
[0.9999999403953552, 0.0003089308738708496, 0.0003587901592254639;
 -0.0003090053796768188, 1, -0.0005632936954498291;
 -0.0003590583801269531, 0.0005630254745483398, 0.9999995231628418]
2020/03/08 15:24:51 528486	INFO [input.cpp->run:256]	frame times (ms): 29.014
2020/03/08 15:24:51 528535	INFO [input.cpp->run:257]	FPS: 34.4661
2020/03/08 15:24:51 571347	INFO [input.cpp->run:173]	
frame_id 42
2020/03/08 15:24:51 577213	WARNING [visualOdometry.cpp->trackingFrame2Frame:179]	The Estimated Rotation and translation matrices(using getTransformation function) are : 
           1  0.000296608  0.000665009  -0.00967216
-0.000296131            1 -0.000604346   0.00225925
-0.000665277  0.000604063            1    0.0013237
           0            0            0            1
2020/03/08 15:24:51 577485	INFO [input.cpp->run:235]	rotation: 
[0.9999999403953552, 0.0002966076135635376, 0.0006650090217590332;
 -0.0002961307764053345, 0.9999999403953552, -0.0006043463945388794;
 -0.0006652772426605225, 0.0006040632724761963, 1]
2020/03/08 15:24:51 577519	INFO [input.cpp->run:256]	frame times (ms): 13.012
2020/03/08 15:24:51 577525	INFO [input.cpp->run:257]	FPS: 76.8521
2020/03/08 15:24:51 646225	INFO [input.cpp->run:173]	
frame_id 43
2020/03/08 15:24:51 661250	WARNING [visualOdometry.cpp->trackingFrame2Frame:179]	The Estimated Rotation and translation matrices(using getTransformation function) are : 
           1  0.000771582  0.000940412  -0.00292206
-0.000770211     0.999999  -0.00153382    0.0131459
-0.000941455   0.00153317     0.999999  -0.00492287
           0            0            0            1
2020/03/08 15:24:51 662074	INFO [input.cpp->run:235]	rotation: 
[0.9999996423721313, 0.0007715821266174316, 0.0009404122829437256;
 -0.0007702112197875977, 0.9999987483024597, -0.001533821225166321;
 -0.0009414553642272949, 0.001533165574073792, 0.9999985098838806]
2020/03/08 15:24:51 662156	INFO [input.cpp->run:256]	frame times (ms): 29.757
2020/03/08 15:24:51 662172	INFO [input.cpp->run:257]	FPS: 33.6055
2020/03/08 15:24:51 708816	INFO [input.cpp->run:173]	
frame_id 44
2020/03/08 15:24:51 719179	WARNING [visualOdometry.cpp->trackingFrame2Frame:179]	The Estimated Rotation and translation matrices(using getTransformation function) are : 
    0.999999  0.000746861    0.0014171   -0.0362778
-0.000744686     0.999999  -0.00145036  -0.00336933
 -0.00141805   0.00144938     0.999998    0.0226431
           0            0            0            1
2020/03/08 15:24:51 719632	INFO [input.cpp->run:235]	rotation: 
[0.999998927116394, 0.0007468611001968384, 0.001417100429534912;
 -0.0007446855306625366, 0.999998927116394, -0.00145035982131958;
 -0.001418054103851318, 0.001449376344680786, 0.9999982118606567]
2020/03/08 15:24:51 719689	INFO [input.cpp->run:256]	frame times (ms): 19.127
2020/03/08 15:24:51 719695	INFO [input.cpp->run:257]	FPS: 52.2821
2020/03/08 15:24:51 779288	INFO [input.cpp->run:173]	
frame_id 45
2020/03/08 15:24:51 794579	WARNING [visualOdometry.cpp->trackingFrame2Frame:179]	The Estimated Rotation and translation matrices(using getTransformation function) are : 
           1 -0.000385299  0.000171185   0.00693893
 0.000385478            1  0.000632778   0.00309706
-0.000171393 -0.000632674            1   -0.0193281
           0            0            0            1
2020/03/08 15:24:51 795211	INFO [input.cpp->run:235]	rotation: 
[1.000000238418579, -0.0003852993249893188, 0.0001711845397949219;
 0.000385478138923645, 0.9999999403953552, 0.0006327778100967407;
 -0.0001713931560516357, -0.0006326735019683838, 1]
2020/03/08 15:24:51 795267	INFO [input.cpp->run:256]	frame times (ms): 31.286
2020/03/08 15:24:51 795273	INFO [input.cpp->run:257]	FPS: 31.9632
2020/03/08 15:24:51 839418	INFO [input.cpp->run:173]	
frame_id 46
2020/03/08 15:24:51 847050	WARNING [visualOdometry.cpp->trackingFrame2Frame:179]	The Estimated Rotation and translation matrices(using getTransformation function) are : 
           1  0.000560403  0.000384092   0.00864506
-0.000559837            1 -0.000919878    0.0116191
 -0.00038439  0.000919849            1   -0.0107145
           0            0            0            1
2020/03/08 15:24:51 847405	INFO [input.cpp->run:235]	rotation: 
[1.000000238418579, 0.0005604028701782227, 0.0003840923309326172;
 -0.0005598366260528564, 0.9999997615814209, -0.0009198784828186035;
 -0.0003843903541564941, 0.0009198486804962158, 0.9999997615814209]
2020/03/08 15:24:51 847449	INFO [input.cpp->run:256]	frame times (ms): 15.553
2020/03/08 15:24:51 847454	INFO [input.cpp->run:257]	FPS: 64.2963
2020/03/08 15:24:51 912314	INFO [input.cpp->run:173]	
frame_id 47
2020/03/08 15:24:51 927085	WARNING [visualOdometry.cpp->trackingFrame2Frame:179]	The Estimated Rotation and translation matrices(using getTransformation function) are : 
