		g3log created log at: Sun Mar 08 15:45:48 2020
		LOG format: [YYYY/MM/DD hh:mm:ss uuu* LEVEL FILE->FUNCTION:LINE] message		(uuu*: microseconds fractions of the seconds value)

2020/03/08 15:45:48 506251	INFO [g3logger.h->logBanner:29]	Starting log.
2020/03/08 15:45:48 511387	DEBUG [main.cpp->main:49]	Filepath: /home/mitchell/KITTI/data_odometry_gray/dataset/sequences/00/
2020/03/08 15:45:48 511392	DEBUG [main.cpp->main:53]	Calibration Filepath: /home/mitchell/visual_odom_ws/src/visual_odom/calibration/old/zed.yaml
2020/03/08 15:45:48 511468	INFO [main.cpp->main:67]	P_left: 
[718.85602, 0, 607.19281, 0;
 0, 718.85602, 185.2157, 0;
 0, 0, 1, 0]
2020/03/08 15:45:48 511475	INFO [main.cpp->main:68]	P_right: 
[718.85602, 0, 607.19281, -386.14481;
 0, 718.85602, 185.2157, 0;
 0, 0, 1, 0]
2020/03/08 15:45:48 569942	INFO [input.cpp->Input:22]	frame_pose [1, 0, 0, 0;
 0, 1, 0, 0;
 0, 0, 1, 0;
 0, 0, 0, 1]
2020/03/08 15:45:48 870658	INFO [input.cpp->run:173]	
frame_id 1
2020/03/08 15:45:48 923411	WARNING [visualOdometry.cpp->trackingFrame2Frame:179]	The Estimated Rotation and translation matrices(using getTransformation function) are : 
   0.999988 -0.00356422  0.00324252  -0.0241227
 0.00357662    0.999986 -0.00381181    0.011158
-0.00322888  0.00382328    0.999987 -0.00120735
          0           0           0           1
2020/03/08 15:45:48 951143	INFO [input.cpp->run:235]	rotation: 
[0.999988317489624, -0.003564223647117615, 0.003242522478103638;
 0.003576621413230896, 0.999986469745636, -0.003811806440353394;
 -0.00322888046503067, 0.003823280334472656, 0.9999873042106628]
2020/03/08 15:45:48 951188	INFO [input.cpp->run:256]	frame times (ms): 99.282
2020/03/08 15:45:48 951191	INFO [input.cpp->run:257]	FPS: 10.0723
2020/03/08 15:45:48 955348	INFO [input.cpp->run:173]	
frame_id 2
2020/03/08 15:45:48 976528	WARNING [visualOdometry.cpp->trackingFrame2Frame:179]	The Estimated Rotation and translation matrices(using getTransformation function) are : 
    0.999999  0.000731722  -0.00146368    0.0166063
-0.000735722     0.999996  -0.00277138   -0.0366201
   0.0014615   0.00277278     0.999995   0.00214195
           0            0            0            1
2020/03/08 15:45:48 977832	INFO [input.cpp->run:235]	rotation: 
[0.9999986886978149, 0.0007317215204238892, -0.00146368145942688;
 -0.0007357224822044373, 0.9999960660934448, -0.002771377563476562;
 0.001461498439311981, 0.002772778272628784, 0.999995231628418]
2020/03/08 15:45:48 977859	INFO [input.cpp->run:256]	frame times (ms): 34.516
2020/03/08 15:45:48 977860	INFO [input.cpp->run:257]	FPS: 28.9721
2020/03/08 15:45:48 995329	INFO [input.cpp->run:173]	
frame_id 3
2020/03/08 15:45:49 014337	WARNING [visualOdometry.cpp->trackingFrame2Frame:179]	The Estimated Rotation and translation matrices(using getTransformation function) are : 
   0.999989  0.00400746   0.0026409  -0.0616738
-0.00398573    0.999958 -0.00822864   0.0493745
-0.00267375  0.00821802    0.999963   0.0126657
          0           0           0           1
2020/03/08 15:45:49 015549	INFO [input.cpp->run:235]	rotation: 
[0.9999886751174927, 0.004007458686828613, 0.002640895545482635;
 -0.003985732793807983, 0.9999583959579468, -0.008228637278079987;
 -0.00267375260591507, 0.00821802020072937, 0.9999627470970154]
2020/03/08 15:45:49 015572	INFO [input.cpp->run:256]	frame times (ms): 32.471
2020/03/08 15:45:49 015574	INFO [input.cpp->run:257]	FPS: 30.7967
2020/03/08 15:45:49 062165	INFO [input.cpp->run:173]	
frame_id 4
2020/03/08 15:45:49 081836	INFO [input.cpp->run:196]	Not enough points
2020/03/08 15:45:49 128210	INFO [input.cpp->run:173]	
frame_id 5
2020/03/08 15:45:49 148328	WARNING [visualOdometry.cpp->trackingFrame2Frame:179]	The Estimated Rotation and translation matrices(using getTransformation function) are : 
   0.999991  0.00428049   0.0011283   -0.151027
-0.00427888     0.99999 -0.00135043   0.0726616
-0.00113422  0.00134566    0.999998  -0.0408564
          0           0           0           1
2020/03/08 15:45:49 149501	INFO [input.cpp->run:235]	rotation: 
[0.9999905228614807, 0.004280485212802887, 0.001128297299146652;
 -0.004278875887393951, 0.9999899864196777, -0.001350432634353638;
 -0.001134216785430908, 0.001345664262771606, 0.9999983906745911]
2020/03/08 15:45:49 149522	INFO [input.cpp->run:256]	frame times (ms): 34.175
2020/03/08 15:45:49 149524	INFO [input.cpp->run:257]	FPS: 29.2612
2020/03/08 15:45:49 195233	INFO [input.cpp->run:173]	
frame_id 6
2020/03/08 15:45:49 217127	WARNING [visualOdometry.cpp->trackingFrame2Frame:179]	The Estimated Rotation and translation matrices(using getTransformation function) are : 
    0.999999   0.00176679 -0.000248455   -0.0695031
 -0.00176686     0.999999 -0.000494778    0.0412601
 0.000247389  0.000495046            1   -0.0237341
           0            0            0            1
2020/03/08 15:45:49 218516	INFO [input.cpp->run:235]	rotation: 
[0.9999986290931702, 0.001766793429851532, -0.0002484545111656189;
 -0.001766860485076904, 0.9999986290931702, -0.0004947781562805176;
 0.0002473890781402588, 0.0004950463771820068, 1]
2020/03/08 15:45:49 218543	INFO [input.cpp->run:256]	frame times (ms): 38.397
2020/03/08 15:45:49 218547	INFO [input.cpp->run:257]	FPS: 26.0437
2020/03/08 15:45:49 261534	INFO [input.cpp->run:173]	
frame_id 7
2020/03/08 15:45:49 287609	WARNING [visualOdometry.cpp->trackingFrame2Frame:179]	The Estimated Rotation and translation matrices(using getTransformation function) are : 
    0.999991 -0.000246078  -0.00433183    0.0145049
 0.000261009     0.999994   0.00349644   -0.0110036
  0.00433111  -0.00349765     0.999985  -0.00683594
           0            0            0            1
2020/03/08 15:45:49 289323	INFO [input.cpp->run:235]	rotation: 
[0.9999909400939941, -0.0002460777759552002, -0.004331827163696289;
 0.0002610087394714355, 0.999994158744812, 0.003496438264846802;
 0.004331111907958984, -0.003497645258903503, 0.9999848604202271]
2020/03/08 15:45:49 289354	INFO [input.cpp->run:256]	frame times (ms): 45.321
2020/03/08 15:45:49 289358	INFO [input.cpp->run:257]	FPS: 22.0648
2020/03/08 15:45:49 328326	INFO [input.cpp->run:173]	
frame_id 8
2020/03/08 15:45:49 352975	WARNING [visualOdometry.cpp->trackingFrame2Frame:179]	The Estimated Rotation and translation matrices(using getTransformation function) are : 
    0.999992  0.000935942   0.00406006     -0.05127
-0.000930965     0.999999  -0.00121352    0.0227863
 -0.00406113   0.00120971     0.999991   -0.0624676
           0            0            0            1
2020/03/08 15:45:49 354468	INFO [input.cpp->run:235]	rotation: 
[0.9999915361404419, 0.0009359419345855713, 0.004060059785842896;
 -0.0009309649467468262, 0.9999989867210388, -0.001213520765304565;
 -0.004061132669448853, 0.00120970606803894, 0.9999909996986389]
2020/03/08 15:45:49 354496	INFO [input.cpp->run:256]	frame times (ms): 43.021
2020/03/08 15:45:49 354498	INFO [input.cpp->run:257]	FPS: 23.2445
2020/03/08 15:45:49 394716	INFO [input.cpp->run:173]	
frame_id 9
2020/03/08 15:45:49 416093	WARNING [visualOdometry.cpp->trackingFrame2Frame:179]	The Estimated Rotation and translation matrices(using getTransformation function) are : 
    0.999982  -0.00449386   0.00405595   0.00315619
  0.00449291      0.99999  0.000255257   -0.0389828
  -0.0040569 -0.000237107     0.999992  -0.00931168
           0            0            0            1
2020/03/08 15:45:49 418337	INFO [input.cpp->run:235]	rotation: 
[0.9999816417694092, -0.004493862390518188, 0.004055947065353394;
 0.004492908716201782, 0.9999898672103882, 0.0002552568912506104;
 -0.0040569007396698, -0.0002371072769165039, 0.9999916553497314]
2020/03/08 15:45:49 418360	INFO [input.cpp->run:256]	frame times (ms): 38.555
2020/03/08 15:45:49 418362	INFO [input.cpp->run:257]	FPS: 25.937
2020/03/08 15:45:49 461539	INFO [input.cpp->run:173]	
frame_id 10
2020/03/08 15:45:49 487340	INFO [input.cpp->run:196]	Not enough points
2020/03/08 15:45:49 528621	INFO [input.cpp->run:173]	
frame_id 11
2020/03/08 15:45:49 563069	WARNING [visualOdometry.cpp->trackingFrame2Frame:179]	The Estimated Rotation and translation matrices(using getTransformation function) are : 
   0.999997 -0.00027103 -0.00241758   0.0323269
0.000269093    0.999999  -0.0008367 -0.00667691
 0.00241776 0.000836045    0.999997 -0.00164795
          0           0           0           1
2020/03/08 15:45:49 565792	INFO [input.cpp->run:235]	rotation: 
[0.9999968409538269, -0.0002710297703742981, -0.002417579293251038;
 0.0002690926194190979, 0.9999994039535522, -0.0008367002010345459;
 0.002417758107185364, 0.0008360445499420166, 0.999996542930603]
2020/03/08 15:45:49 565824	INFO [input.cpp->run:256]	frame times (ms): 60.387
2020/03/08 15:45:49 565826	INFO [input.cpp->run:257]	FPS: 16.5599
2020/03/08 15:45:49 594675	INFO [input.cpp->run:173]	
frame_id 12
2020/03/08 15:45:49 615332	WARNING [visualOdometry.cpp->trackingFrame2Frame:179]	The Estimated Rotation and translation matrices(using getTransformation function) are : 
    0.999992 -0.000827201  -0.00392155      0.04019
 0.000818197     0.999997  -0.00228676   0.00459111
  0.00392353   0.00228372      0.99999  -0.00208855
           0            0            0            1
2020/03/08 15:45:49 616549	INFO [input.cpp->run:235]	rotation: 
[0.9999920725822449, -0.000827200710773468, -0.003921546041965485;
 0.0008181966841220856, 0.9999971389770508, -0.002286761999130249;
 0.003923527896404266, 0.002283722162246704, 0.9999897480010986]
2020/03/08 15:45:49 616573	INFO [input.cpp->run:256]	frame times (ms): 36.362
2020/03/08 15:45:49 616577	INFO [input.cpp->run:257]	FPS: 27.5012
2020/03/08 15:45:49 661587	INFO [input.cpp->run:173]	
frame_id 13
2020/03/08 15:45:49 688096	WARNING [visualOdometry.cpp->trackingFrame2Frame:179]	The Estimated Rotation and translation matrices(using getTransformation function) are : 
    0.999997  -0.00234251  0.000352144   -0.0338433
  0.00234441     0.999987   -0.0046359    0.0195371
-0.000341512   0.00463679     0.999989   -0.0825167
           0            0            0            1
2020/03/08 15:45:49 689609	INFO [input.cpp->run:235]	rotation: 
[0.9999973177909851, -0.002342507243156433, 0.0003521442413330078;
 0.002344407141208649, 0.9999865293502808, -0.004635900259017944;
 -0.0003415122628211975, 0.004636794328689575, 0.99998939037323]
2020/03/08 15:45:49 689638	INFO [input.cpp->run:256]	frame times (ms): 45.551
2020/03/08 15:45:49 689640	INFO [input.cpp->run:257]	FPS: 21.9534
2020/03/08 15:45:49 728157	INFO [input.cpp->run:173]	
frame_id 14
2020/03/08 15:45:49 752943	WARNING [visualOdometry.cpp->trackingFrame2Frame:179]	The Estimated Rotation and translation matrices(using getTransformation function) are : 
   0.999997 -0.00183605  0.00129589 -0.00988412
 0.00183966    0.999994 -0.00280398  0.00661111
-0.00129078  0.00280619    0.999995  0.00634289
          0           0           0           1
2020/03/08 15:45:49 754493	INFO [input.cpp->run:235]	rotation: 
[0.9999974370002747, -0.001836050301790237, 0.001295890659093857;
 0.001839660108089447, 0.9999943375587463, -0.002803981304168701;
 -0.001290775835514069, 0.002806186676025391, 0.999995231628418]
2020/03/08 15:45:49 754522	INFO [input.cpp->run:256]	frame times (ms): 43.232
2020/03/08 15:45:49 754525	INFO [input.cpp->run:257]	FPS: 23.131
2020/03/08 15:45:49 795039	INFO [input.cpp->run:173]	
frame_id 15
2020/03/08 15:45:49 818455	WARNING [visualOdometry.cpp->trackingFrame2Frame:179]	The Estimated Rotation and translation matrices(using getTransformation function) are : 
    0.999997   0.00122169  -0.00194728    0.0280633
 -0.00122359     0.999999 -0.000837415   -0.0203755
  0.00194638  0.000839382     0.999997  -0.00980854
           0            0            0            1
2020/03/08 15:45:49 819761	INFO [input.cpp->run:235]	rotation: 
[0.9999972581863403, 0.001221694052219391, -0.001947276294231415;
 -0.00122358649969101, 0.9999988079071045, -0.0008374154567718506;
 0.001946382224559784, 0.0008393824100494385, 0.9999974966049194]
2020/03/08 15:45:49 819786	INFO [input.cpp->run:256]	frame times (ms): 40.978
2020/03/08 15:45:49 819789	INFO [input.cpp->run:257]	FPS: 24.4033
2020/03/08 15:45:49 861853	INFO [input.cpp->run:173]	
frame_id 16
2020/03/08 15:45:49 883823	WARNING [visualOdometry.cpp->trackingFrame2Frame:179]	The Estimated Rotation and translation matrices(using getTransformation function) are : 
   0.999994  -0.0018695 -0.00308956   0.0282536
 0.00189868    0.999953  0.00950281   -0.122602
 0.00307168  -0.0095086     0.99995  0.00725365
          0           0           0           1
2020/03/08 15:45:49 885949	INFO [input.cpp->run:235]	rotation: 
[0.9999935626983643, -0.001869499683380127, -0.003089562058448792;
 0.001898676156997681, 0.9999531507492065, 0.009502813220024109;
 0.003071684390306473, -0.009508602321147919, 0.9999499320983887]
2020/03/08 15:45:49 885980	INFO [input.cpp->run:256]	frame times (ms): 39.094
2020/03/08 15:45:49 885982	INFO [input.cpp->run:257]	FPS: 25.5794
2020/03/08 15:45:49 928712	INFO [input.cpp->run:173]	
frame_id 17
2020/03/08 15:45:49 952696	WARNING [visualOdometry.cpp->trackingFrame2Frame:179]	The Estimated Rotation and translation matrices(using getTransformation function) are : 
           1  0.000188351 -0.000891864  -0.00855398
-0.000189915     0.999998  -0.00167596    0.0156264
 0.000891328   0.00167587     0.999998  -0.00637054
           0            0            0            1
2020/03/08 15:45:49 954125	INFO [input.cpp->run:235]	rotation: 
[0.9999995827674866, 0.0001883506774902344, -0.0008918642997741699;
 -0.0001899152994155884, 0.9999983310699463, -0.001675963401794434;
 0.0008913278579711914, 0.001675873994827271, 0.9999979734420776]
2020/03/08 15:45:49 954151	INFO [input.cpp->run:256]	frame times (ms): 42.316
2020/03/08 15:45:49 954153	INFO [input.cpp->run:257]	FPS: 23.6317
2020/03/08 15:45:49 994990	INFO [input.cpp->run:173]	
frame_id 18
2020/03/08 15:45:50 017419	WARNING [visualOdometry.cpp->trackingFrame2Frame:179]	The Estimated Rotation and translation matrices(using getTransformation function) are : 
    0.999998 -0.000284532    0.0022053   -0.0729334
  0.00028712     0.999999  -0.00117877   0.00474238
 -0.00220491   0.00117925     0.999997   -0.0439396
           0            0            0            1
2020/03/08 15:45:50 018971	INFO [input.cpp->run:235]	rotation: 
[0.9999977350234985, -0.0002845320850610733, 0.002205302473157644;
 0.0002871199976652861, 0.9999994039535522, -0.001178771257400513;
 -0.002204908058047295, 0.001179248094558716, 0.9999971389770508]
2020/03/08 15:45:50 018997	INFO [input.cpp->run:256]	frame times (ms): 39.948
2020/03/08 15:45:50 019000	INFO [input.cpp->run:257]	FPS: 25.0325
2020/03/08 15:45:50 061748	INFO [input.cpp->run:173]	
frame_id 19
2020/03/08 15:45:50 090375	WARNING [visualOdometry.cpp->trackingFrame2Frame:179]	The Estimated Rotation and translation matrices(using getTransformation function) are : 
   0.999997  0.00121626  -0.0019117  -0.0171542
-0.00121093    0.999995  0.00274256  -0.0138288
 0.00191484 -0.00274014    0.999994  -0.0066185
          0           0           0           1
2020/03/08 15:45:50 092013	INFO [input.cpp->run:235]	rotation: 
[0.9999973773956299, 0.001216255128383636, -0.001911699771881104;
 -0.001210927963256836, 0.999995231628418, 0.002742558717727661;
 0.001914836466312408, -0.002740144729614258, 0.9999940395355225]
2020/03/08 15:45:50 092041	INFO [input.cpp->run:256]	frame times (ms): 49.715
2020/03/08 15:45:50 092046	INFO [input.cpp->run:257]	FPS: 20.1147
2020/03/08 15:45:50 128132	INFO [input.cpp->run:173]	
frame_id 20
2020/03/08 15:45:50 148324	WARNING [visualOdometry.cpp->trackingFrame2Frame:179]	The Estimated Rotation and translation matrices(using getTransformation function) are : 
    0.999999  0.000268552  0.000410825   -0.0470698
-0.000268545     0.999999  3.51369e-05    0.0137608
-0.000410888 -3.52859e-05     0.999999   -0.0259056
           0            0            0            1
2020/03/08 15:45:50 149603	INFO [input.cpp->run:235]	rotation: 
[0.9999993443489075, 0.0002685524523258209, 0.0004108250141143799;
 -0.000268545001745224, 0.999999463558197, 3.513693809509277e-05;
 -0.0004108883440494537, -3.528594970703125e-05, 0.9999994039535522]
2020/03/08 15:45:50 149629	INFO [input.cpp->run:256]	frame times (ms): 35.478
2020/03/08 15:45:50 149631	INFO [input.cpp->run:257]	FPS: 28.1865
2020/03/08 15:45:50 194829	INFO [input.cpp->run:173]	
frame_id 21
2020/03/08 15:45:50 221368	WARNING [visualOdometry.cpp->trackingFrame2Frame:179]	The Estimated Rotation and translation matrices(using getTransformation function) are : 
   0.999987 -0.00296654   0.0040222  -0.0461588
 0.00298308    0.999987  -0.0041002   0.0316911
-0.00401008  0.00411218    0.999983  -0.0423584
          0           0           0           1
2020/03/08 15:45:50 224103	INFO [input.cpp->run:235]	rotation: 
[0.9999871850013733, -0.002966538071632385, 0.004022195935249329;
 0.002983078360557556, 0.9999868273735046, -0.004100203514099121;
 -0.00401008129119873, 0.004112184047698975, 0.9999830722808838]
2020/03/08 15:45:50 224133	INFO [input.cpp->run:256]	frame times (ms): 46.986
2020/03/08 15:45:50 224136	INFO [input.cpp->run:257]	FPS: 21.2829
2020/03/08 15:45:50 261470	INFO [input.cpp->run:173]	
frame_id 22
2020/03/08 15:45:50 288131	WARNING [visualOdometry.cpp->trackingFrame2Frame:179]	The Estimated Rotation and translation matrices(using getTransformation function) are : 
           1 -0.000471625 -0.000467688   0.00718069
  0.00047129     0.999999 -0.000876278    0.0173705
 0.000468135  0.000876248            1    0.0116024
           0            0            0            1
2020/03/08 15:45:50 289894	INFO [input.cpp->run:235]	rotation: 
[0.9999998211860657, -0.0004716254770755768, -0.0004676878452301025;
 0.0004712902009487152, 0.999999463558197, -0.0008762776851654053;
 0.000468134880065918, 0.0008762478828430176, 0.9999997615814209]
2020/03/08 15:45:50 289928	INFO [input.cpp->run:256]	frame times (ms): 46.883
2020/03/08 15:45:50 289930	INFO [input.cpp->run:257]	FPS: 21.3297
2020/03/08 15:45:50 328391	INFO [input.cpp->run:173]	
frame_id 23
2020/03/08 15:45:50 356061	WARNING [visualOdometry.cpp->trackingFrame2Frame:179]	The Estimated Rotation and translation matrices(using getTransformation function) are : 
    0.999998  0.000604957  -0.00153092    0.0182621
-0.000598691     0.999991   0.00415927   -0.0656402
  0.00153361  -0.00415829      0.99999    0.0101128
           0            0            0            1
2020/03/08 15:45:50 357508	INFO [input.cpp->run:235]	rotation: 
[0.9999983310699463, 0.0006049573421478271, -0.001530915498733521;
 -0.0005986914038658142, 0.9999909400939941, 0.004159271717071533;
 0.001533612608909607, -0.004158288240432739, 0.9999901056289673]
2020/03/08 15:45:50 357534	INFO [input.cpp->run:256]	frame times (ms): 46.876
2020/03/08 15:45:50 357538	INFO [input.cpp->run:257]	FPS: 21.3329
2020/03/08 15:45:50 394515	INFO [input.cpp->run:173]	
frame_id 24
2020/03/08 15:45:50 413569	WARNING [visualOdometry.cpp->trackingFrame2Frame:179]	The Estimated Rotation and translation matrices(using getTransformation function) are : 
    0.999992  -0.00404026 -0.000870034     0.037353
  0.00404163     0.999991   0.00153103   -0.0402339
 0.000863686  -0.00153455     0.999999   0.00991154
           0            0            0            1
2020/03/08 15:45:50 414755	INFO [input.cpp->run:235]	rotation: 
[0.9999918937683105, -0.004040256142616272, -0.0008700340986251831;
 0.004041627049446106, 0.9999907612800598, 0.001531034708023071;
 0.000863686203956604, -0.001534551382064819, 0.9999988079071045]
2020/03/08 15:45:50 414779	INFO [input.cpp->run:256]	frame times (ms): 33.365
2020/03/08 15:45:50 414782	INFO [input.cpp->run:257]	FPS: 29.9715
2020/03/08 15:45:50 461708	INFO [input.cpp->run:173]	
frame_id 25
2020/03/08 15:45:50 490560	WARNING [visualOdometry.cpp->trackingFrame2Frame:179]	The Estimated Rotation and translation matrices(using getTransformation function) are : 
   0.999982 -0.00550474  0.00247669  -0.0252824
 0.00551349    0.999978  -0.0036006   0.0147331
-0.00245696  0.00361398    0.999991  -0.0238352
          0           0           0           1
2020/03/08 15:45:50 492243	INFO [input.cpp->run:235]	rotation: 
[0.9999818801879883, -0.00550474226474762, 0.002476692199707031;
 0.005513489246368408, 0.9999784827232361, -0.003600597381591797;
 -0.002456963062286377, 0.003613978624343872, 0.9999905824661255]
2020/03/08 15:45:50 492272	INFO [input.cpp->run:256]	frame times (ms): 49.703
2020/03/08 15:45:50 492274	INFO [input.cpp->run:257]	FPS: 20.1195
2020/03/08 15:45:50 528201	INFO [input.cpp->run:173]	
frame_id 26
2020/03/08 15:45:50 550128	WARNING [visualOdometry.cpp->trackingFrame2Frame:179]	The Estimated Rotation and translation matrices(using getTransformation function) are : 
    0.999997  0.000764996  -0.00217264    0.0050993
-0.000777096     0.999984  -0.00560064     0.041158
  0.00216828    0.0056023     0.999982   -0.0403509
           0            0            0            1
2020/03/08 15:45:50 551446	INFO [input.cpp->run:235]	rotation: 
[0.9999974966049194, 0.000764995813369751, -0.002172641456127167;
 -0.0007770955562591553, 0.9999841451644897, -0.005600638687610626;
 0.002168275415897369, 0.00560230016708374, 0.9999819993972778]
2020/03/08 15:45:50 551472	INFO [input.cpp->run:256]	frame times (ms): 38.767
2020/03/08 15:45:50 551476	INFO [input.cpp->run:257]	FPS: 25.7951
2020/03/08 15:45:50 594904	INFO [input.cpp->run:173]	
frame_id 27
2020/03/08 15:45:50 619195	WARNING [visualOdometry.cpp->trackingFrame2Frame:179]	The Estimated Rotation and translation matrices(using getTransformation function) are : 
    0.999999   0.00088203  -0.00109076   0.00564885
-0.000882238            1 -0.000178695   0.00734055
  0.00109056  0.000179648     0.999999    0.0337124
           0            0            0            1
2020/03/08 15:45:50 620585	INFO [input.cpp->run:235]	rotation: 
[0.999998927116394, 0.0008820295333862305, -0.001090764999389648;
 -0.0008822381496429443, 0.9999995231628418, -0.0001786947250366211;
 0.001090556383132935, 0.0001796483993530273, 0.9999994039535522]
2020/03/08 15:45:50 620610	INFO [input.cpp->run:256]	frame times (ms): 42.682
2020/03/08 15:45:50 620614	INFO [input.cpp->run:257]	FPS: 23.4291
2020/03/08 15:45:50 661796	INFO [input.cpp->run:173]	
frame_id 28
2020/03/08 15:45:50 684392	WARNING [visualOdometry.cpp->trackingFrame2Frame:179]	The Estimated Rotation and translation matrices(using getTransformation function) are : 
   0.999984  0.00559322  0.00122727  -0.0103426
-0.00560085    0.999965  0.00624457  -0.0265629
-0.00119228 -0.00625148     0.99998   0.0107698
          0           0           0           1
2020/03/08 15:45:50 685757	INFO [input.cpp->run:235]	rotation: 
[0.9999841451644897, 0.005593221634626389, 0.00122726708650589;
 -0.005600854754447937, 0.9999651908874512, 0.006244570016860962;
 -0.001192279160022736, -0.006251484155654907, 0.9999801516532898]
2020/03/08 15:45:50 685785	INFO [input.cpp->run:256]	frame times (ms): 39.381
2020/03/08 15:45:50 685789	INFO [input.cpp->run:257]	FPS: 25.393
2020/03/08 15:45:50 728634	INFO [input.cpp->run:173]	
frame_id 29
2020/03/08 15:45:50 752356	INFO [input.cpp->run:196]	Not enough points
2020/03/08 15:45:50 795211	INFO [input.cpp->run:173]	
frame_id 30
2020/03/08 15:45:50 822704	INFO [input.cpp->run:196]	Not enough points
2020/03/08 15:45:50 861659	INFO [input.cpp->run:173]	
frame_id 31
2020/03/08 15:45:50 885999	INFO [input.cpp->run:196]	Not enough points
2020/03/08 15:45:50 929144	INFO [input.cpp->run:173]	
frame_id 32
2020/03/08 15:45:50 963905	WARNING [visualOdometry.cpp->trackingFrame2Frame:179]	The Estimated Rotation and translation matrices(using getTransformation function) are : 
           1  0.000676207 -0.000552893 -0.000695705
-0.000673961     0.999992   0.00405069    -0.024087
 0.000555471   -0.0040504     0.999991   0.00510883
           0            0            0            1
2020/03/08 15:45:50 965411	INFO [input.cpp->run:235]	rotation: 
[0.9999998211860657, 0.0006762072443962097, -0.0005528926849365234;
 -0.0006739608943462372, 0.9999918341636658, 0.004050694406032562;
 0.0005554705858230591, -0.004050396382808685, 0.9999914765357971]
2020/03/08 15:45:50 965441	INFO [input.cpp->run:256]	frame times (ms): 57.708
2020/03/08 15:45:50 965443	INFO [input.cpp->run:257]	FPS: 17.3286
2020/03/08 15:45:50 995858	INFO [input.cpp->run:173]	
frame_id 33
2020/03/08 15:45:51 015698	WARNING [visualOdometry.cpp->trackingFrame2Frame:179]	The Estimated Rotation and translation matrices(using getTransformation function) are : 
    0.999993  -0.00362444   0.00105196  -0.00459719
  0.00362404     0.999993  0.000335276   0.00109243
 -0.00105321 -0.000331528     0.999999   0.00112343
           0            0            0            1
2020/03/08 15:45:51 017016	INFO [input.cpp->run:235]	rotation: 
[0.9999929666519165, -0.003624442964792252, 0.001051962375640869;
 0.003624036908149719, 0.9999932646751404, 0.0003352761268615723;
 -0.001053214073181152, -0.0003315284848213196, 0.9999994039535522]
2020/03/08 15:45:51 017043	INFO [input.cpp->run:256]	frame times (ms): 35.047
2020/03/08 15:45:51 017045	INFO [input.cpp->run:257]	FPS: 28.5331
2020/03/08 15:45:51 061502	INFO [input.cpp->run:173]	
frame_id 34
2020/03/08 15:45:51 090992	INFO [input.cpp->run:196]	Not enough points
2020/03/08 15:45:51 129740	INFO [input.cpp->run:173]	
frame_id 35
2020/03/08 15:45:51 167427	WARNING [visualOdometry.cpp->trackingFrame2Frame:179]	The Estimated Rotation and translation matrices(using getTransformation function) are : 
   0.999991  0.00131879 -0.00417502   0.0414333
-0.00132836    0.999997 -0.00233719   0.0495375
 0.00417192  0.00234276    0.999989  -0.0334635
          0           0           0           1
2020/03/08 15:45:51 169018	INFO [input.cpp->run:235]	rotation: 
[0.9999906420707703, 0.00131878862157464, -0.004175017587840557;
 -0.001328357495367527, 0.9999966025352478, -0.002337187528610229;
 0.004171915352344513, 0.002342760562896729, 0.9999889731407166]
2020/03/08 15:45:51 169046	INFO [input.cpp->run:256]	frame times (ms): 61.587
2020/03/08 15:45:51 169049	INFO [input.cpp->run:257]	FPS: 16.2372
2020/03/08 15:45:51 194548	INFO [input.cpp->run:173]	
frame_id 36
2020/03/08 15:45:51 213788	INFO [input.cpp->run:196]	Not enough points
2020/03/08 15:45:51 261973	INFO [input.cpp->run:173]	
frame_id 37
2020/03/08 15:45:51 293407	INFO [input.cpp->run:196]	Not enough points
2020/03/08 15:45:51 328299	INFO [input.cpp->run:173]	
frame_id 38
2020/03/08 15:45:51 352362	WARNING [visualOdometry.cpp->trackingFrame2Frame:179]	The Estimated Rotation and translation matrices(using getTransformation function) are : 
   0.999838 -0.00621488   0.0169041   -0.208292
 0.00632726    0.999958 -0.00659284    0.101573
 -0.0168624  0.00669891    0.999835  0.00164032
          0           0           0           1
2020/03/08 15:45:51 353735	INFO [input.cpp->run:235]	rotation: 
[0.9998375773429871, -0.00621487945318222, 0.0169040709733963;
 0.006327264010906219, 0.9999580979347229, -0.006592839956283569;
 -0.0168624222278595, 0.006698906421661377, 0.9998352527618408]
2020/03/08 15:45:51 353760	INFO [input.cpp->run:256]	frame times (ms): 42.803
2020/03/08 15:45:51 353764	INFO [input.cpp->run:257]	FPS: 23.3628
2020/03/08 15:45:51 394779	INFO [input.cpp->run:173]	
frame_id 39
2020/03/08 15:45:51 417181	WARNING [visualOdometry.cpp->trackingFrame2Frame:179]	The Estimated Rotation and translation matrices(using getTransformation function) are : 
    0.999993  0.000915408   0.00359823   -0.0421267
-0.000918597     0.999999  0.000844121  -0.00333095
 -0.00359739 -0.000847444     0.999993   0.00318146
           0            0            0            1
2020/03/08 15:45:51 418532	INFO [input.cpp->run:235]	rotation: 
[0.999992847442627, 0.0009154081344604492, 0.003598228096961975;
 -0.0009185969829559326, 0.999998927116394, 0.000844120979309082;
 -0.00359739363193512, -0.0008474439382553101, 0.9999930262565613]
2020/03/08 15:45:51 418557	INFO [input.cpp->run:256]	frame times (ms): 39.952
2020/03/08 15:45:51 418559	INFO [input.cpp->run:257]	FPS: 25.03
2020/03/08 15:45:51 461891	INFO [input.cpp->run:173]	
frame_id 40
2020/03/08 15:45:51 490565	INFO [input.cpp->run:196]	Not enough points
2020/03/08 15:45:51 530729	INFO [input.cpp->run:173]	
frame_id 41
2020/03/08 15:45:51 574837	INFO [input.cpp->run:196]	Not enough points
2020/03/08 15:45:51 594822	INFO [input.cpp->run:173]	
frame_id 42
2020/03/08 15:45:51 616262	INFO [input.cpp->run:196]	Not enough points
2020/03/08 15:45:51 661579	INFO [input.cpp->run:173]	
frame_id 43
2020/03/08 15:45:51 690153	INFO [input.cpp->run:196]	Not enough points
2020/03/08 15:45:51 729923	INFO [input.cpp->run:173]	
frame_id 44
2020/03/08 15:45:51 767603	WARNING [visualOdometry.cpp->trackingFrame2Frame:179]	The Estimated Rotation and translation matrices(using getTransformation function) are : 
    0.999999  -0.00146538 -0.000265703   0.00118351
  0.00146455     0.999995  -0.00289854    0.0425005
 0.000269808   0.00289825     0.999996  0.000642776
           0            0            0            1
2020/03/08 15:45:51 769192	INFO [input.cpp->run:235]	rotation: 
[0.9999990463256836, -0.001465380191802979, -0.0002657026052474976;
 0.00146455317735672, 0.9999949336051941, -0.002898544073104858;
 0.0002698078751564026, 0.002898246049880981, 0.9999958872795105]
2020/03/08 15:45:51 769219	INFO [input.cpp->run:256]	frame times (ms): 61.614
2020/03/08 15:45:51 769222	INFO [input.cpp->run:257]	FPS: 16.2301
2020/03/08 15:45:51 794801	INFO [input.cpp->run:173]	
frame_id 45
2020/03/08 15:45:51 813768	WARNING [visualOdometry.cpp->trackingFrame2Frame:179]	The Estimated Rotation and translation matrices(using getTransformation function) are : 
           1 -0.000268295  -0.00102536  -0.00121808
  0.00027331     0.999988   0.00489515   -0.0943041
  0.00102401  -0.00489551     0.999988   -0.0230732
           0            0            0            1
2020/03/08 15:45:51 815810	INFO [input.cpp->run:235]	rotation: 
[0.9999995231628418, -0.0002682954072952271, -0.001025363802909851;
 0.0002733096480369568, 0.9999880790710449, 0.004895150661468506;
 0.001024011522531509, -0.004895508289337158, 0.9999875426292419]
2020/03/08 15:45:51 815833	INFO [input.cpp->run:256]	frame times (ms): 34.947
2020/03/08 15:45:51 815835	INFO [input.cpp->run:257]	FPS: 28.6148
2020/03/08 15:45:51 861648	INFO [input.cpp->run:173]	
frame_id 46
2020/03/08 15:45:51 888048	WARNING [visualOdometry.cpp->trackingFrame2Frame:179]	The Estimated Rotation and translation matrices(using getTransformation function) are : 
    0.999999   0.00130084  0.000823095   -0.0279913
 -0.00129966     0.999998  -0.00141627    0.0316823
-0.000824869   0.00141522     0.999999   -0.0111227
           0            0            0            1
2020/03/08 15:45:51 890682	INFO [input.cpp->run:235]	rotation: 
[0.9999988675117493, 0.001300841569900513, 0.000823095440864563;
 -0.001299664378166199, 0.9999983310699463, -0.001416265964508057;
 -0.0008248686790466309, 0.001415222883224487, 0.9999987483024597]
2020/03/08 15:45:51 890713	INFO [input.cpp->run:256]	frame times (ms): 47.499
2020/03/08 15:45:51 890715	INFO [input.cpp->run:257]	FPS: 21.0531
2020/03/08 15:45:51 927920	INFO [input.cpp->run:173]	
frame_id 47
2020/03/08 15:45:51 947597	WARNING [visualOdometry.cpp->trackingFrame2Frame:179]	The Estimated Rotation and translation matrices(using getTransformation function) are : 
    0.999999 -0.000121519    0.0014286   -0.0321281
 0.000118196     0.999997   0.00234529   -0.0432181
 -0.00142871  -0.00234494     0.999996   -0.0399961
           0            0            0            1
2020/03/08 15:45:51 949779	INFO [input.cpp->run:235]	rotation: 
[0.999998927116394, -0.0001215189695358276, 0.001428604125976562;
 0.0001181960105895996, 0.9999973177909851, 0.002345293760299683;
 -0.001428708434104919, -0.00234493613243103, 0.9999964237213135]
2020/03/08 15:45:51 949802	INFO [input.cpp->run:256]	frame times (ms): 35.502
2020/03/08 15:45:51 949803	INFO [input.cpp->run:257]	FPS: 28.1674
2020/03/08 15:45:51 994935	INFO [input.cpp->run:173]	
frame_id 48
2020/03/08 15:45:52 018676	WARNING [visualOdometry.cpp->trackingFrame2Frame:179]	The Estimated Rotation and translation matrices(using getTransformation function) are : 
   0.999996 -0.00112485  0.00242124  -0.0175786
 0.00112758    0.999999 -0.00110823   0.0412066
-0.00242013  0.00111121    0.999996   0.0195312
          0           0           0           1
2020/03/08 15:45:52 021090	INFO [input.cpp->run:235]	rotation: 
[0.9999964237213135, -0.001124848611652851, 0.002421237761154771;
 0.00112757517490536, 0.9999988079071045, -0.001108229160308838;
 -0.002420130418613553, 0.001111209392547607, 0.9999964237213135]
2020/03/08 15:45:52 021122	INFO [input.cpp->run:256]	frame times (ms): 43.547
2020/03/08 15:45:52 021125	INFO [input.cpp->run:257]	FPS: 22.9637
2020/03/08 15:45:52 061506	INFO [input.cpp->run:173]	
frame_id 49
2020/03/08 15:45:52 087769	INFO [input.cpp->run:196]	Not enough points
2020/03/08 15:45:52 130260	INFO [input.cpp->run:173]	
frame_id 50
2020/03/08 15:45:52 175482	WARNING [visualOdometry.cpp->trackingFrame2Frame:179]	The Estimated Rotation and translation matrices(using getTransformation function) are : 
   0.999997 -0.00196891  0.00140259 -0.00521803
 0.00197242    0.999995 -0.00253531   0.0534825
-0.00139755  0.00253785    0.999996   0.0392275
          0           0           0           1
2020/03/08 15:45:52 178162	INFO [input.cpp->run:235]	rotation: 
[0.9999968409538269, -0.001968905329704285, 0.001402592286467552;
 0.001972422003746033, 0.9999947547912598, -0.002535313367843628;
 -0.001397554762661457, 0.002537846565246582, 0.9999955892562866]
2020/03/08 15:45:52 178203	INFO [input.cpp->run:256]	frame times (ms): 72.776
2020/03/08 15:45:52 178208	INFO [input.cpp->run:257]	FPS: 13.7408
2020/03/08 15:45:52 194731	INFO [input.cpp->run:173]	
frame_id 51
2020/03/08 15:45:52 214220	WARNING [visualOdometry.cpp->trackingFrame2Frame:179]	The Estimated Rotation and translation matrices(using getTransformation function) are : 
           1 -0.000350799  0.000935331  -0.00808764
  0.00035403     0.999994  -0.00360259     0.058408
-0.000933826   0.00360265     0.999993   0.00981808
           0            0            0            1
2020/03/08 15:45:52 216221	INFO [input.cpp->run:235]	rotation: 
[0.9999996423721313, -0.0003507994115352631, 0.0009353305213153362;
 0.0003540301695466042, 0.9999935626983643, -0.003602594137191772;
 -0.0009338255040347576, 0.003602653741836548, 0.9999934434890747]
2020/03/08 15:45:52 216244	INFO [input.cpp->run:256]	frame times (ms): 34.972
2020/03/08 15:45:52 216246	INFO [input.cpp->run:257]	FPS: 28.5943
2020/03/08 15:45:52 262279	INFO [input.cpp->run:173]	
frame_id 52
2020/03/08 15:45:52 288107	WARNING [visualOdometry.cpp->trackingFrame2Frame:179]	The Estimated Rotation and translation matrices(using getTransformation function) are : 
           1 -0.000323531  0.000401201  -0.00815392
  0.00032387            1 -0.000684738   0.00913095
-0.000401051  0.000684887            1  0.000558853
           0            0            0            1
2020/03/08 15:45:52 289878	INFO [input.cpp->run:235]	rotation: 
[1, -0.0003235312178730965, 0.0004012011922895908;
 0.0003238702192902565, 0.9999997019767761, -0.0006847381591796875;
 -0.0004010507836937904, 0.000684887170791626, 0.9999997615814209]
2020/03/08 15:45:52 289913	INFO [input.cpp->run:256]	frame times (ms): 46.7
2020/03/08 15:45:52 289916	INFO [input.cpp->run:257]	FPS: 21.4133
2020/03/08 15:45:52 328808	INFO [input.cpp->run:173]	
frame_id 53
2020/03/08 15:45:52 353706	WARNING [visualOdometry.cpp->trackingFrame2Frame:179]	The Estimated Rotation and translation matrices(using getTransformation function) are : 
           1 -0.000432231 -0.000573775  -0.00320148
 0.000431925            1 -0.000530988    0.0229506
 0.000573933  0.000530571            1   0.00257397
           0            0            0            1
2020/03/08 15:45:52 355020	INFO [input.cpp->run:235]	rotation: 
[0.9999997019767761, -0.000432230532169342, -0.0005737747997045517;
 0.0004319250583648682, 0.9999998807907104, -0.0005309879779815674;
 0.0005739331245422363, 0.0005305707454681396, 0.9999997615814209]
2020/03/08 15:45:52 355044	INFO [input.cpp->run:256]	frame times (ms): 43.454
2020/03/08 15:45:52 355046	INFO [input.cpp->run:257]	FPS: 23.0128
2020/03/08 15:45:52 394709	INFO [input.cpp->run:173]	
frame_id 54
2020/03/08 15:45:52 414358	WARNING [visualOdometry.cpp->trackingFrame2Frame:179]	The Estimated Rotation and translation matrices(using getTransformation function) are : 
    0.999997 -2.22325e-05   0.00236428    -0.038476
 2.53506e-05     0.999999  -0.00130355    0.0440469
  -0.0023643   0.00130379     0.999996    0.0350723
           0            0            0            1
2020/03/08 15:45:52 415587	INFO [input.cpp->run:235]	rotation: 
[0.9999973177909851, -2.22325325012207e-05, 0.002364281564950943;
 2.535060048103333e-05, 0.9999991655349731, -0.001303553581237793;
 -0.002364296466112137, 0.001303791999816895, 0.9999963045120239]
2020/03/08 15:45:52 415610	INFO [input.cpp->run:256]	frame times (ms): 34.655
2020/03/08 15:45:52 415612	INFO [input.cpp->run:257]	FPS: 28.8559
2020/03/08 15:45:52 461773	INFO [input.cpp->run:173]	
frame_id 55
2020/03/08 15:45:52 493730	WARNING [visualOdometry.cpp->trackingFrame2Frame:179]	The Estimated Rotation and translation matrices(using getTransformation function) are : 
           1 -0.000167906  0.000693589  -0.00894976
 0.000167564            1  0.000719786    0.0156012
-0.000693977 -0.000719607     0.999999    0.0318394
           0            0            0            1
2020/03/08 15:45:52 496772	INFO [input.cpp->run:235]	rotation: 
[0.9999995827674866, -0.0001679062843322754, 0.000693589448928833;
 0.0001675635576248169, 0.9999997019767761, 0.0007197856903076172;
 -0.000693976879119873, -0.000719606876373291, 0.9999994039535522]
2020/03/08 15:45:52 496802	INFO [input.cpp->run:256]	frame times (ms): 58.065
2020/03/08 15:45:52 496804	INFO [input.cpp->run:257]	FPS: 17.2221
2020/03/08 15:45:52 528137	INFO [input.cpp->run:173]	
frame_id 56
2020/03/08 15:45:52 549812	INFO [input.cpp->run:196]	Not enough points
2020/03/08 15:45:52 595304	INFO [input.cpp->run:173]	
frame_id 57
2020/03/08 15:45:52 622788	WARNING [visualOdometry.cpp->trackingFrame2Frame:179]	The Estimated Rotation and translation matrices(using getTransformation function) are : 
    0.999994  -0.00301703  -0.00186537   0.00359583
  0.00301781     0.999995  0.000320464    0.0139794
  0.00186428 -0.000326246     0.999998  -0.00157261
           0            0            0            1
2020/03/08 15:45:52 624358	INFO [input.cpp->run:235]	rotation: 
[0.9999937415122986, -0.003017030656337738, -0.001865372061729431;
 0.003017805516719818, 0.9999951720237732, 0.0003204643726348877;
 0.00186428427696228, -0.0003262460231781006, 0.999998152256012]
2020/03/08 15:45:52 624386	INFO [input.cpp->run:256]	frame times (ms): 48.106
2020/03/08 15:45:52 624390	INFO [input.cpp->run:257]	FPS: 20.7874
2020/03/08 15:45:52 661367	INFO [input.cpp->run:173]	
frame_id 58
2020/03/08 15:45:52 683193	WARNING [visualOdometry.cpp->trackingFrame2Frame:179]	The Estimated Rotation and translation matrices(using getTransformation function) are : 
   0.999998  -0.0012157  -0.0016606  0.00623465
 0.00120886    0.999991 -0.00410774    0.098773
 0.00166564  0.00410581     0.99999   0.0159025
          0           0           0           1
2020/03/08 15:45:52 684475	INFO [input.cpp->run:235]	rotation: 
[0.9999979138374329, -0.001215703785419464, -0.001660600304603577;
 0.001208864152431488, 0.9999912977218628, -0.004107743501663208;
 0.001665644347667694, 0.004105806350708008, 0.9999904036521912]
2020/03/08 15:45:52 684500	INFO [input.cpp->run:256]	frame times (ms): 37.603
2020/03/08 15:45:52 684503	INFO [input.cpp->run:257]	FPS: 26.5936
