		g3log created log at: Sun Mar 08 15:46:35 2020
		LOG format: [YYYY/MM/DD hh:mm:ss uuu* LEVEL FILE->FUNCTION:LINE] message		(uuu*: microseconds fractions of the seconds value)

2020/03/08 15:46:35 202325	INFO [g3logger.h->logBanner:29]	Starting log.
2020/03/08 15:46:35 211597	DEBUG [main.cpp->main:49]	Filepath: /home/mitchell/KITTI/data_odometry_gray/dataset/sequences/00/
2020/03/08 15:46:35 211604	DEBUG [main.cpp->main:53]	Calibration Filepath: /home/mitchell/visual_odom_ws/src/visual_odom/calibration/old/zed.yaml
2020/03/08 15:46:35 211688	INFO [main.cpp->main:67]	P_left: 
[718.85602, 0, 607.19281, 0;
 0, 718.85602, 185.2157, 0;
 0, 0, 1, 0]
2020/03/08 15:46:35 211696	INFO [main.cpp->main:68]	P_right: 
[718.85602, 0, 607.19281, -386.14481;
 0, 718.85602, 185.2157, 0;
 0, 0, 1, 0]
2020/03/08 15:46:35 288021	INFO [input.cpp->Input:22]	frame_pose [1, 0, 0, 0;
 0, 1, 0, 0;
 0, 0, 1, 0;
 0, 0, 0, 1]
2020/03/08 15:46:35 537974	INFO [input.cpp->run:173]	
frame_id 1
2020/03/08 15:46:35 633047	INFO [input.cpp->run:235]	rotation: 
[0.9999943959171372, 0.003294769626798232, 0.0005938244067831716;
 -0.003297966194813751, 0.9999796288135424, 0.005464922406385407;
 -0.0005758066495180902, -0.00546685019332663, 0.9999848908836904]
2020/03/08 15:46:35 633092	INFO [input.cpp->run:256]	frame times (ms): 118.181
2020/03/08 15:46:35 633096	INFO [input.cpp->run:257]	FPS: 8.4616
2020/03/08 15:46:35 638298	INFO [input.cpp->run:173]	
frame_id 2
2020/03/08 15:46:35 686327	INFO [input.cpp->run:235]	rotation: 
[0.9999809923978444, 0.005456035095897386, 0.002871676175095746;
 -0.005459771986943294, 0.9999842567232238, 0.001295065848645779;
 -0.0028645650407812, -0.001310719929685722, 0.9999950381278865]
2020/03/08 15:46:35 686360	INFO [input.cpp->run:256]	frame times (ms): 64.516
2020/03/08 15:46:35 686362	INFO [input.cpp->run:257]	FPS: 15.5
2020/03/08 15:46:35 689459	INFO [input.cpp->run:173]	
frame_id 3
2020/03/08 15:46:35 724810	INFO [input.cpp->run:235]	rotation: 
[0.9999943607316107, 0.003331287720201768, 0.0004254727987475628;
 -0.003332819277808163, 0.9999877805983042, 0.003651160053909622;
 -0.0004133045350724439, -0.003652557487983995, 0.9999932439787572]
2020/03/08 15:46:35 724844	INFO [input.cpp->run:256]	frame times (ms): 52.378
2020/03/08 15:46:35 724847	INFO [input.cpp->run:257]	FPS: 19.092
2020/03/08 15:46:35 730606	INFO [input.cpp->run:173]	
frame_id 4
2020/03/08 15:46:35 762304	INFO [input.cpp->run:235]	rotation: 
[0.9999918247301203, 0.002073606938757839, -0.003471401329154967;
 -0.002062059938938738, 0.999992340779944, 0.003326603411357115;
 0.003478272808844571, -0.003319417977863616, 0.999988441474478]
2020/03/08 15:46:35 762335	INFO [input.cpp->run:256]	frame times (ms): 46.092
2020/03/08 15:46:35 762338	INFO [input.cpp->run:257]	FPS: 21.6957
2020/03/08 15:46:35 796418	INFO [input.cpp->run:173]	
frame_id 5
2020/03/08 15:46:35 835257	INFO [input.cpp->run:235]	rotation: 
[0.9999784713409349, 0.002269843282866936, -0.006156676548134299;
 -0.002232428367695194, 0.9999790416833373, 0.006077208047903404;
 0.006170341824423733, -0.006063332874386495, 0.9999625807380115]
2020/03/08 15:46:35 835287	INFO [input.cpp->run:256]	frame times (ms): 53.873
2020/03/08 15:46:35 835291	INFO [input.cpp->run:257]	FPS: 18.5622
2020/03/08 15:46:35 863144	INFO [input.cpp->run:173]	
frame_id 6
2020/03/08 15:46:35 893255	INFO [input.cpp->run:235]	rotation: 
[0.9999683235832482, 0.005980465307033008, -0.005252224749536758;
 -0.005967393385277038, 0.9999790674138901, 0.002500989850425951;
 0.005267071889923634, -0.002469568536800782, 0.9999830794493217]
2020/03/08 15:46:35 893281	INFO [input.cpp->run:256]	frame times (ms): 45.527
2020/03/08 15:46:35 893284	INFO [input.cpp->run:257]	FPS: 21.965
2020/03/08 15:46:35 929328	INFO [input.cpp->run:173]	
frame_id 7
2020/03/08 15:46:35 962258	INFO [input.cpp->run:235]	rotation: 
[0.9999889066067925, 0.004198199930864675, -0.002135832552451602;
 -0.00419962984205146, 0.9999909601066977, -0.0006654427658323619;
 0.002133019582979704, 0.0006744050899390042, 0.9999974976994859]
2020/03/08 15:46:35 962286	INFO [input.cpp->run:256]	frame times (ms): 48.474
2020/03/08 15:46:35 962288	INFO [input.cpp->run:257]	FPS: 20.6296
2020/03/08 15:46:35 996240	INFO [input.cpp->run:173]	
frame_id 8
2020/03/08 15:46:36 036107	INFO [input.cpp->run:235]	rotation: 
[0.9999779224588438, 0.006368010272419495, -0.001898167554502853;
 -0.006370944919249133, 0.9999785132917979, -0.001544025764521168;
 0.001888294397201139, 0.001556084797166049, 0.9999970064677062]
2020/03/08 15:46:36 036141	INFO [input.cpp->run:256]	frame times (ms): 57.104
2020/03/08 15:46:36 036145	INFO [input.cpp->run:257]	FPS: 17.5119
2020/03/08 15:46:36 062990	INFO [input.cpp->run:173]	
frame_id 9
2020/03/08 15:46:36 093423	INFO [input.cpp->run:235]	rotation: 
[0.9999871718933293, 0.005029747955868896, -0.0005980671212388789;
 -0.005028772764219709, 0.9999860417287249, 0.001621046638053027;
 0.0006062122292698754, -0.001618018299443375, 0.9999985072606438]
2020/03/08 15:46:36 093450	INFO [input.cpp->run:256]	frame times (ms): 46.315
2020/03/08 15:46:36 093453	INFO [input.cpp->run:257]	FPS: 21.5913
2020/03/08 15:46:36 129699	INFO [input.cpp->run:173]	
frame_id 10
2020/03/08 15:46:36 179460	INFO [input.cpp->run:235]	rotation: 
[0.9999868192424621, 0.005083910463923588, -0.000717771368955992;
 -0.005083383679772985, 0.9999868102553995, 0.0007338430321238942;
 0.0007214926940048461, -0.0007301846522540578, 0.9999994731391942]
2020/03/08 15:46:36 179490	INFO [input.cpp->run:256]	frame times (ms): 69.913
2020/03/08 15:46:36 179491	INFO [input.cpp->run:257]	FPS: 14.3035
2020/03/08 15:46:36 196275	INFO [input.cpp->run:173]	
frame_id 11
2020/03/08 15:46:36 228326	INFO [input.cpp->run:235]	rotation: 
[0.9999885232077782, 0.004634287466610779, -0.001215249934675554;
 -0.00463192037210542, 0.9999873840611569, 0.00194345882143938;
 0.00122424115001477, -0.001937807575836671, 0.9999973730642524]
2020/03/08 15:46:36 228355	INFO [input.cpp->run:256]	frame times (ms): 47.043
2020/03/08 15:46:36 228357	INFO [input.cpp->run:257]	FPS: 21.2571
2020/03/08 15:46:36 262898	INFO [input.cpp->run:173]	
frame_id 12
2020/03/08 15:46:36 294435	INFO [input.cpp->run:235]	rotation: 
[0.99997984436916, 0.005928257515454086, -0.002273019634980198;
 -0.005922237480648675, 0.9999789623525465, 0.002646120848949707;
 0.002288658701804047, -0.002632606152638188, 0.9999939156945865]
2020/03/08 15:46:36 294467	INFO [input.cpp->run:256]	frame times (ms): 47.437
2020/03/08 15:46:36 294470	INFO [input.cpp->run:257]	FPS: 21.0806
2020/03/08 15:46:36 329522	INFO [input.cpp->run:173]	
frame_id 13
2020/03/08 15:46:36 358922	INFO [input.cpp->run:235]	rotation: 
[0.9999667665654538, 0.008105205476407938, -0.0008782988195179198;
 -0.008103225561255024, 0.9999646709714665, 0.002234847742081517;
 0.0008963816902319211, -0.002227656416970622, 0.9999971170192209]
2020/03/08 15:46:36 358952	INFO [input.cpp->run:256]	frame times (ms): 46.331
2020/03/08 15:46:36 358955	INFO [input.cpp->run:257]	FPS: 21.5838
2020/03/08 15:46:36 396375	INFO [input.cpp->run:173]	
frame_id 14
2020/03/08 15:46:36 429014	INFO [input.cpp->run:235]	rotation: 
[0.9999796688033143, 0.006374544740522406, 0.0001648009853456512;
 -0.006374694851211505, 0.9999792517785308, 0.0009269724934594042;
 -0.0001588885383855184, -0.0009280042029920749, 0.9999995567812175]
2020/03/08 15:46:36 429046	INFO [input.cpp->run:256]	frame times (ms): 49.946
2020/03/08 15:46:36 429049	INFO [input.cpp->run:257]	FPS: 20.0216
2020/03/08 15:46:36 462995	INFO [input.cpp->run:173]	
frame_id 15
2020/03/08 15:46:36 510643	INFO [input.cpp->run:235]	rotation: 
[0.9999671716822874, 0.007347379552875636, 0.003416368164095902;
 -0.00734392917053303, 0.9999725113384665, -0.001021406764546311;
 -0.003423778915884761, 0.0009962836676629463, 0.9999936425581858]
2020/03/08 15:46:36 510671	INFO [input.cpp->run:256]	frame times (ms): 66.51
2020/03/08 15:46:36 510673	INFO [input.cpp->run:257]	FPS: 15.0353
2020/03/08 15:46:36 529705	INFO [input.cpp->run:173]	
frame_id 16
2020/03/08 15:46:36 564503	INFO [input.cpp->run:235]	rotation: 
[0.9999903079834569, 0.00367094289774698, -0.002430661924773974;
 -0.003662943632094571, 0.9999878881911555, 0.003287295992335546;
 0.002442699960937232, -0.003278360754189281, 0.9999916427489113]
2020/03/08 15:46:36 564532	INFO [input.cpp->run:256]	frame times (ms): 51.616
2020/03/08 15:46:36 564534	INFO [input.cpp->run:257]	FPS: 19.3738
2020/03/08 15:46:36 596217	INFO [input.cpp->run:173]	
frame_id 17
2020/03/08 15:46:36 634855	INFO [input.cpp->run:235]	rotation: 
[0.9999859115231144, 0.005292892227072622, 0.0004025508149482583;
 -0.005292589145565364, 0.9999857126898131, -0.0007502775372717392;
 -0.0004065162017250719, 0.0007481364309302639, 0.9999996375181636]
2020/03/08 15:46:36 634882	INFO [input.cpp->run:256]	frame times (ms): 54.615
2020/03/08 15:46:36 634885	INFO [input.cpp->run:257]	FPS: 18.31
2020/03/08 15:46:36 662741	INFO [input.cpp->run:173]	
frame_id 18
2020/03/08 15:46:36 704136	INFO [input.cpp->run:235]	rotation: 
[0.9999867750624422, 0.004125252620561757, -0.003071154674254744;
 -0.00412403664922767, 0.999991415257458, 0.0004021605423996849;
 0.00307278732301398, -0.00038948966941955, 0.9999952031264274]
2020/03/08 15:46:36 704164	INFO [input.cpp->run:256]	frame times (ms): 57.234
2020/03/08 15:46:36 704166	INFO [input.cpp->run:257]	FPS: 17.4721
2020/03/08 15:46:36 730056	INFO [input.cpp->run:173]	
frame_id 19
2020/03/08 15:46:36 764004	INFO [input.cpp->run:235]	rotation: 
[0.9999984584062196, 0.00114764369729246, -0.001328946623586067;
 -0.001146518120423625, 0.9999989836859671, 0.000847421519914759;
 0.001329917810925244, -0.0008458965521499973, 0.9999987578880482]
2020/03/08 15:46:36 764032	INFO [input.cpp->run:256]	frame times (ms): 49.668
2020/03/08 15:46:36 764034	INFO [input.cpp->run:257]	FPS: 20.1337
2020/03/08 15:46:36 796336	INFO [input.cpp->run:173]	
frame_id 20
2020/03/08 15:46:36 839549	INFO [input.cpp->run:235]	rotation: 
[0.9999896291387079, 0.003685700104517979, -0.002675299940003466;
 -0.00368100905195581, 0.9999916827936519, 0.001756278986852082;
 0.002681750806627226, -0.001746412969430469, 0.9999948791140639]
2020/03/08 15:46:36 839580	INFO [input.cpp->run:256]	frame times (ms): 59.358
2020/03/08 15:46:36 839583	INFO [input.cpp->run:257]	FPS: 16.8469
2020/03/08 15:46:36 862962	INFO [input.cpp->run:173]	
frame_id 21
2020/03/08 15:46:36 899261	INFO [input.cpp->run:235]	rotation: 
[0.9999991091621453, -0.0004334266223023793, -0.00126246436739342;
 0.0004381930216806547, 0.9999927686632228, 0.003777645846008952;
 0.00126081790580912, -0.003778195683814943, 0.9999920677563313]
2020/03/08 15:46:36 899291	INFO [input.cpp->run:256]	frame times (ms): 52.743
2020/03/08 15:46:36 899293	INFO [input.cpp->run:257]	FPS: 18.9599
2020/03/08 15:46:36 929644	INFO [input.cpp->run:173]	
frame_id 22
2020/03/08 15:46:36 962154	INFO [input.cpp->run:235]	rotation: 
[0.9999869258753038, 0.004907114519516819, -0.001438160475017131;
 -0.004897416969649081, 0.9999657578910605, 0.006670708536762496;
 0.001470845160085685, -0.006663578051571846, 0.9999767163999698]
2020/03/08 15:46:36 962183	INFO [input.cpp->run:256]	frame times (ms): 48.378
2020/03/08 15:46:36 962186	INFO [input.cpp->run:257]	FPS: 20.6706
2020/03/08 15:46:36 996149	INFO [input.cpp->run:173]	
frame_id 23
2020/03/08 15:46:37 038180	INFO [input.cpp->run:235]	rotation: 
[0.9999912683725952, 0.004037678725498686, -0.001077185721178811;
 -0.004038226709767552, 0.9999917177887901, -0.0005070294519535898;
 0.001075129577667802, 0.0005113749449119766, 0.9999992912957774]
2020/03/08 15:46:37 038210	INFO [input.cpp->run:256]	frame times (ms): 58.531
2020/03/08 15:46:37 038212	INFO [input.cpp->run:257]	FPS: 17.085
2020/03/08 15:46:37 063494	INFO [input.cpp->run:173]	
frame_id 24
2020/03/08 15:46:37 106396	INFO [input.cpp->run:235]	rotation: 
[0.9999841045573086, 0.005371067023616839, -0.001715305146496041;
 -0.005371659725033087, 0.9999855143505475, -0.0003411170905748424;
 0.001713448136430606, 0.0003503257039392529, 0.999998470682523]
2020/03/08 15:46:37 106425	INFO [input.cpp->run:256]	frame times (ms): 59.084
2020/03/08 15:46:37 106428	INFO [input.cpp->run:257]	FPS: 16.9251
2020/03/08 15:46:37 129604	INFO [input.cpp->run:173]	
frame_id 25
2020/03/08 15:46:37 158711	INFO [input.cpp->run:235]	rotation: 
[0.9999891446857485, 0.003717071783581145, -0.002809606381834728;
 -0.00371326501006965, 0.9999921824722602, 0.001358917705691958;
 0.002814635612318936, -0.001348470141143486, 0.9999951297154643]
2020/03/08 15:46:37 158739	INFO [input.cpp->run:256]	frame times (ms): 44.883
2020/03/08 15:46:37 158741	INFO [input.cpp->run:257]	FPS: 22.2802
2020/03/08 15:46:37 195971	INFO [input.cpp->run:173]	
frame_id 26
2020/03/08 15:46:37 225157	INFO [input.cpp->run:235]	rotation: 
[0.9999745714661527, 0.00705007520147202, -0.001073713526968419;
 -0.007046759909164166, 0.9999704869338306, 0.003060790110447215;
 0.001095260638844626, -0.003053146077606523, 0.9999947393377436]
2020/03/08 15:46:37 225186	INFO [input.cpp->run:256]	frame times (ms): 45.145
2020/03/08 15:46:37 225187	INFO [input.cpp->run:257]	FPS: 22.1508
2020/03/08 15:46:37 262870	INFO [input.cpp->run:173]	
frame_id 27
2020/03/08 15:46:37 293128	INFO [input.cpp->run:235]	rotation: 
[0.9999902127742457, 0.004422777670192423, -0.0001157298528518702;
 -0.004422702504769986, 0.9999900137965871, 0.0006418797829536175;
 0.0001185675887210139, -0.0006413616620211898, 0.9999997872984501]
2020/03/08 15:46:37 293158	INFO [input.cpp->run:256]	frame times (ms): 46.641
2020/03/08 15:46:37 293161	INFO [input.cpp->run:257]	FPS: 21.4404
2020/03/08 15:46:37 329548	INFO [input.cpp->run:173]	
frame_id 28
2020/03/08 15:46:37 361709	INFO [input.cpp->run:235]	rotation: 
[0.9999886199115998, 0.004766784224929354, 0.0001944619420569149;
 -0.004766835346620193, 0.9999886039180779, 0.0002632769486681764;
 -0.0001932047415469935, -0.0002642009206121961, 0.9999999464348993]
2020/03/08 15:46:37 361736	INFO [input.cpp->run:256]	frame times (ms): 48.257
2020/03/08 15:46:37 361740	INFO [input.cpp->run:257]	FPS: 20.7224
2020/03/08 15:46:37 396201	INFO [input.cpp->run:173]	
frame_id 29
2020/03/08 15:46:37 429797	INFO [input.cpp->run:235]	rotation: 
[0.9999832575725183, 0.00577994326057879, -0.0002771832589471653;
 -0.005779472302784052, 0.9999819028871232, 0.001670807633912774;
 0.0002868354160537983, -0.001669177687569247, 0.9999985657846172]
2020/03/08 15:46:37 429822	INFO [input.cpp->run:256]	frame times (ms): 50.201
2020/03/08 15:46:37 429824	INFO [input.cpp->run:257]	FPS: 19.9199
2020/03/08 15:46:37 462758	INFO [input.cpp->run:173]	
frame_id 30
2020/03/08 15:46:37 490402	INFO [input.cpp->run:235]	rotation: 
[0.9999784006831147, 0.006546426417203053, -0.000585208000846415;
 -0.00654525003388731, 0.9999765995177241, 0.001990004764607155;
 0.0005982217264583476, -0.00198613144917627, 0.9999978487040022]
2020/03/08 15:46:37 490426	INFO [input.cpp->run:256]	frame times (ms): 43.362
2020/03/08 15:46:37 490429	INFO [input.cpp->run:257]	FPS: 23.0617
2020/03/08 15:46:37 529466	INFO [input.cpp->run:173]	
frame_id 31
2020/03/08 15:46:37 560395	INFO [input.cpp->run:235]	rotation: 
[0.9999908539780741, 0.003914846188808265, -0.001722190326304417;
 -0.003911805725562881, 0.9999907906982803, 0.001765302975022858;
 0.001729085355757943, -0.001758549955544196, 0.999996958878319]
2020/03/08 15:46:37 560422	INFO [input.cpp->run:256]	frame times (ms): 48.833
2020/03/08 15:46:37 560424	INFO [input.cpp->run:257]	FPS: 20.478
2020/03/08 15:46:37 596243	INFO [input.cpp->run:173]	
frame_id 32
2020/03/08 15:46:37 634195	INFO [input.cpp->run:235]	rotation: 
[0.9999956362978784, 0.002928425539580901, -0.0003894984731609842;
 -0.002929047638614884, 0.9999944201990805, -0.001606315858003693;
 0.0003847923234538336, 0.001607449708102832, 0.999998634019219]
2020/03/08 15:46:37 634223	INFO [input.cpp->run:256]	frame times (ms): 55.886
2020/03/08 15:46:37 634225	INFO [input.cpp->run:257]	FPS: 17.8936
2020/03/08 15:46:37 662893	INFO [input.cpp->run:173]	
frame_id 33
2020/03/08 15:46:37 691642	INFO [input.cpp->run:235]	rotation: 
[0.9999878972191655, 0.00490161974376497, 0.0004237205202932381;
 -0.004902420183988677, 0.9999861606308622, 0.001909141976670806;
 -0.0004143567682620464, -0.001911196126774936, 0.9999980878170885]
2020/03/08 15:46:37 691664	INFO [input.cpp->run:256]	frame times (ms): 44.966
2020/03/08 15:46:37 691665	INFO [input.cpp->run:257]	FPS: 22.239
2020/03/08 15:46:37 729402	INFO [input.cpp->run:173]	
frame_id 34
2020/03/08 15:46:37 763022	INFO [input.cpp->run:235]	rotation: 
[0.9999922946269998, 0.00380613300822512, 0.0009612690317733236;
 -0.003807460798642917, 0.9999917948872983, 0.001383257151223762;
 -0.000955996283750445, -0.001386906486866883, 0.9999985812797447]
2020/03/08 15:46:37 763047	INFO [input.cpp->run:256]	frame times (ms): 49.037
2020/03/08 15:46:37 763048	INFO [input.cpp->run:257]	FPS: 20.3928
2020/03/08 15:46:37 796308	INFO [input.cpp->run:173]	
frame_id 35
2020/03/08 15:46:37 835322	INFO [input.cpp->run:235]	rotation: 
[0.9999863352454949, 0.004995808324412547, -0.001539877095891924;
 -0.004990138626149622, 0.9999808365300692, 0.003664026352911344;
 0.001558152359858241, -0.003656292084714998, 0.9999921018135167]
2020/03/08 15:46:37 835354	INFO [input.cpp->run:256]	frame times (ms): 54.727
2020/03/08 15:46:37 835357	INFO [input.cpp->run:257]	FPS: 18.2725
2020/03/08 15:46:37 863083	INFO [input.cpp->run:173]	
frame_id 36
2020/03/08 15:46:37 894874	INFO [input.cpp->run:235]	rotation: 
[0.999987957160811, 0.004775868962362626, -0.001129871232595642;
 -0.004775818133232487, 0.9999885945788257, 4.768042708758617e-05;
 0.001130086061410201, -4.228379335902229e-05, 0.9999993605585829]
2020/03/08 15:46:37 894903	INFO [input.cpp->run:256]	frame times (ms): 47.678
2020/03/08 15:46:37 894905	INFO [input.cpp->run:257]	FPS: 20.974
2020/03/08 15:46:37 929652	INFO [input.cpp->run:173]	
frame_id 37
2020/03/08 15:46:37 960473	INFO [input.cpp->run:235]	rotation: 
[0.9999939731452103, 0.003173499708110691, -0.001408038656790764;
 -0.003176811671298617, 0.9999921780316333, -0.002356213732923371;
 0.001400550199563253, 0.002360672606003881, 0.9999962328348971]
2020/03/08 15:46:37 960503	INFO [input.cpp->run:256]	frame times (ms): 46.921
2020/03/08 15:46:37 960505	INFO [input.cpp->run:257]	FPS: 21.3124
2020/03/08 15:46:37 996107	INFO [input.cpp->run:173]	
frame_id 38
2020/03/08 15:46:38 027257	INFO [input.cpp->run:235]	rotation: 
[0.9999896652624191, 0.004316926805779836, -0.00142601238027735;
 -0.004315922140702283, 0.9999904365401818, 0.0007068551845641329;
 0.0014290501847593, -0.0007006933209963382, 0.9999987334214175]
2020/03/08 15:46:38 027285	INFO [input.cpp->run:256]	frame times (ms): 47.513
2020/03/08 15:46:38 027288	INFO [input.cpp->run:257]	FPS: 21.0469
2020/03/08 15:46:38 063509	INFO [input.cpp->run:173]	
frame_id 39
2020/03/08 15:46:38 107609	INFO [input.cpp->run:235]	rotation: 
[0.9999861966980246, 0.00468041451279027, -0.002387495216344053;
 -0.004677439179296577, 0.9999882791118659, 0.001250280613672909;
 0.002393319064308997, -0.001239095992006734, 0.999996368325895]
2020/03/08 15:46:38 107642	INFO [input.cpp->run:256]	frame times (ms): 59.66
2020/03/08 15:46:38 107644	INFO [input.cpp->run:257]	FPS: 16.7617
2020/03/08 15:46:38 130874	INFO [input.cpp->run:173]	
frame_id 40
2020/03/08 15:46:38 173875	INFO [input.cpp->run:235]	rotation: 
[0.9999857294502916, 0.005173844025853316, -0.001331252704930929;
 -0.005170008363997628, 0.9999825205476875, 0.002868730138891852;
 0.001346071797653649, -0.002861806612916717, 0.9999949990643082]
2020/03/08 15:46:38 173905	INFO [input.cpp->run:256]	frame times (ms): 58.732
2020/03/08 15:46:38 173907	INFO [input.cpp->run:257]	FPS: 17.0265
2020/03/08 15:46:38 197171	INFO [input.cpp->run:173]	
frame_id 41
2020/03/08 15:46:38 225867	INFO [input.cpp->run:235]	rotation: 
[0.9999834901708518, 0.005631381441286796, -0.001143209860367242;
 -0.005630280695236091, 0.9999836853800685, 0.0009638013223408753;
 0.001148618742212586, -0.0009573488177382813, 0.9999988820784882]
2020/03/08 15:46:38 225892	INFO [input.cpp->run:256]	frame times (ms): 44.027
2020/03/08 15:46:38 225894	INFO [input.cpp->run:257]	FPS: 22.7133
2020/03/08 15:46:38 263732	INFO [input.cpp->run:173]	
frame_id 42
2020/03/08 15:46:38 306903	INFO [input.cpp->run:235]	rotation: 
[0.9999989706713788, 0.0008566278127004161, -0.001151019102140203;
 -0.0008570799033025172, 0.999999555742226, -0.0003923383616757916;
 0.001150682502838418, 0.0003933244731714484, 0.9999992606125448]
2020/03/08 15:46:38 306933	INFO [input.cpp->run:256]	frame times (ms): 77.344
2020/03/08 15:46:38 306935	INFO [input.cpp->run:257]	FPS: 12.9293
2020/03/08 15:46:38 329546	INFO [input.cpp->run:173]	
frame_id 43
2020/03/08 15:46:38 360755	INFO [input.cpp->run:235]	rotation: 
[0.9999847800238004, 0.005504036974129573, -0.0003811794050447937;
 -0.005503429533944123, 0.9999836129976271, 0.001576705291688231;
 0.0003898514028797365, -0.001574583500275763, 0.9999986843504767]
2020/03/08 15:46:38 360785	INFO [input.cpp->run:256]	frame times (ms): 46.661
2020/03/08 15:46:38 360787	INFO [input.cpp->run:257]	FPS: 21.4312
2020/03/08 15:46:38 396049	INFO [input.cpp->run:173]	
frame_id 44
2020/03/08 15:46:38 428850	INFO [input.cpp->run:235]	rotation: 
[0.9999868283337419, 0.004973011876397071, -0.001269768443733362;
 -0.004971061490525178, 0.9999864667136613, 0.001534580458918812;
 0.00127738274644092, -0.001528248148924634, 0.9999980163734898]
2020/03/08 15:46:38 428877	INFO [input.cpp->run:256]	frame times (ms): 48.576
2020/03/08 15:46:38 428879	INFO [input.cpp->run:257]	FPS: 20.5863
2020/03/08 15:46:38 462941	INFO [input.cpp->run:173]	
frame_id 45
2020/03/08 15:46:38 491428	INFO [input.cpp->run:235]	rotation: 
[0.9999851547350246, 0.00516310055298545, -0.001741465546221762;
 -0.005156303672746525, 0.9999791589262713, 0.003885131341602727;
 0.001761488575988167, -0.003876094140606552, 0.9999909364850312]
2020/03/08 15:46:38 491451	INFO [input.cpp->run:256]	frame times (ms): 44.258
2020/03/08 15:46:38 491453	INFO [input.cpp->run:257]	FPS: 22.5948
2020/03/08 15:46:38 529469	INFO [input.cpp->run:173]	
frame_id 46
2020/03/08 15:46:38 564127	INFO [input.cpp->run:235]	rotation: 
[0.9999909550550464, 0.003631543521023571, -0.00221397826346093;
 -0.003621897040307596, 0.9999839985523314, 0.004345630117743113;
 0.002229724181502463, -0.004337572010438175, 0.9999881068288405]
2020/03/08 15:46:38 564158	INFO [input.cpp->run:256]	frame times (ms): 54.398
2020/03/08 15:46:38 564161	INFO [input.cpp->run:257]	FPS: 18.383
2020/03/08 15:46:38 596795	INFO [input.cpp->run:173]	
frame_id 47
2020/03/08 15:46:38 633728	INFO [input.cpp->run:235]	rotation: 
[0.9999849252369963, 0.005325464029198837, -0.00133743472085549;
 -0.005319380149996849, 0.9999756727025491, 0.004512005973429794;
 0.001361430710194245, -0.004504823632303039, 0.9999889264739201]
2020/03/08 15:46:38 633759	INFO [input.cpp->run:256]	frame times (ms): 52.889
2020/03/08 15:46:38 633762	INFO [input.cpp->run:257]	FPS: 18.9075
2020/03/08 15:46:38 663266	INFO [input.cpp->run:173]	
frame_id 48
2020/03/08 15:46:38 696883	INFO [input.cpp->run:235]	rotation: 
[0.9999849867009496, 0.005310755141250074, -0.001349908341843572;
 -0.005304484437034065, 0.9999753178957865, 0.004607173111345044;
 0.001374342591552905, -0.004599943374686615, 0.9999884757852916]
2020/03/08 15:46:38 696917	INFO [input.cpp->run:256]	frame times (ms): 49.442
2020/03/08 15:46:38 696920	INFO [input.cpp->run:257]	FPS: 20.2257
2020/03/08 15:46:38 729410	INFO [input.cpp->run:173]	
frame_id 49
2020/03/08 15:46:38 755783	INFO [input.cpp->run:235]	rotation: 
[0.9999855482119953, 0.005359644465657549, -0.0004214004711841003;
 -0.005359185659665458, 0.9999850535949716, 0.001082458187219096;
 0.0004271957637944132, -0.001080184180400704, 0.9999993253527303]
2020/03/08 15:46:38 755810	INFO [input.cpp->run:256]	frame times (ms): 42.271
2020/03/08 15:46:38 755812	INFO [input.cpp->run:257]	FPS: 23.6569
2020/03/08 15:46:38 796214	INFO [input.cpp->run:173]	
frame_id 50
2020/03/08 15:46:38 833020	INFO [input.cpp->run:235]	rotation: 
[0.9999927130809768, 0.003175088982538893, -0.002119574226122206;
 -0.003174929721816232, 0.9999949568168983, 7.849860660417805e-05;
 0.00211981277678226, -7.176853538307728e-05, 0.9999977506190045]
2020/03/08 15:46:38 833050	INFO [input.cpp->run:256]	frame times (ms): 54.547
2020/03/08 15:46:38 833051	INFO [input.cpp->run:257]	FPS: 18.3328
2020/03/08 15:46:38 862785	INFO [input.cpp->run:173]	
frame_id 51
2020/03/08 15:46:38 890368	INFO [input.cpp->run:235]	rotation: 
[0.9999899797426789, 0.004265223935486636, -0.001359514257664793;
 -0.004265464192402674, 0.9999908877503346, -0.0001738721394654327;
 0.001358760265820491, 0.0001796693566069843, 0.99999906074429]
2020/03/08 15:46:38 890394	INFO [input.cpp->run:256]	frame times (ms): 43.428
2020/03/08 15:46:38 890396	INFO [input.cpp->run:257]	FPS: 23.0266
2020/03/08 15:46:38 929700	INFO [input.cpp->run:173]	
frame_id 52
2020/03/08 15:46:38 966428	INFO [input.cpp->run:235]	rotation: 
[0.9999873175837233, 0.004373811397267727, -0.002496887176247148;
 -0.004372832542360103, 0.9999903601758786, 0.0003973548452905208;
 0.002498601061845009, -0.0003864313363720682, 0.9999968038266702]
2020/03/08 15:46:38 966457	INFO [input.cpp->run:256]	frame times (ms): 55.304
2020/03/08 15:46:38 966459	INFO [input.cpp->run:257]	FPS: 18.0819
2020/03/08 15:46:38 996176	INFO [input.cpp->run:173]	
frame_id 53
2020/03/08 15:46:39 024317	INFO [input.cpp->run:235]	rotation: 
[0.999992219837168, 0.0026870782954479, -0.002887884237155656;
 -0.002680663077916534, 0.9999939361300131, 0.002223004423302058;
 0.002893840112337644, -0.002215245683317827, 0.999993359165933]
2020/03/08 15:46:39 024341	INFO [input.cpp->run:256]	frame times (ms): 44.352
2020/03/08 15:46:39 024343	INFO [input.cpp->run:257]	FPS: 22.5469
2020/03/08 15:46:39 062808	INFO [input.cpp->run:173]	
frame_id 54
2020/03/08 15:46:39 104800	INFO [input.cpp->run:235]	rotation: 
[0.9999842375474194, 0.00557809620300513, 0.0006399214454043653;
 -0.005577849738070927, 0.9999843690643618, -0.0003862890753907347;
 -0.000642066200458138, 0.0003827136008608667, 0.9999997206406079]
2020/03/08 15:46:39 104829	INFO [input.cpp->run:256]	frame times (ms): 60.302
2020/03/08 15:46:39 104830	INFO [input.cpp->run:257]	FPS: 16.5832
2020/03/08 15:46:39 129574	INFO [input.cpp->run:173]	
frame_id 55
2020/03/08 15:46:39 160027	INFO [input.cpp->run:235]	rotation: 
[0.9999915585675458, 0.003454025628995261, -0.002225421444300032;
 -0.003449030730620681, 0.9999915333584559, 0.002244414940115349;
 0.002233154869179637, -0.00223672044708826, 0.9999950050380111]
2020/03/08 15:46:39 160051	INFO [input.cpp->run:256]	frame times (ms): 45.511
2020/03/08 15:46:39 160054	INFO [input.cpp->run:257]	FPS: 21.9727
2020/03/08 15:46:39 196226	INFO [input.cpp->run:173]	
frame_id 56
2020/03/08 15:46:39 226460	INFO [input.cpp->run:235]	rotation: 
[0.9999871445741388, 0.004876219385534659, -0.001390385185662976;
 -0.004873894666756759, 0.9999867271839729, 0.001670510899124316;
 0.001398512508966257, -0.001663712833054162, 0.9999976381083965]
2020/03/08 15:46:39 226485	INFO [input.cpp->run:256]	frame times (ms): 45.724
2020/03/08 15:46:39 226487	INFO [input.cpp->run:257]	FPS: 21.8704
2020/03/08 15:46:39 262871	INFO [input.cpp->run:173]	
frame_id 57
2020/03/08 15:46:39 308116	INFO [input.cpp->run:235]	rotation: 
[0.9999802821186111, 0.005618436933254288, -0.002805091871948165;
 -0.005604205021351159, 0.9999715147792942, 0.005055938694480502;
 0.002833418440980431, -0.005040118692126892, 0.999983284332047]
2020/03/08 15:46:39 308145	INFO [input.cpp->run:256]	frame times (ms): 61.819
2020/03/08 15:46:39 308147	INFO [input.cpp->run:257]	FPS: 16.1763
2020/03/08 15:46:39 329479	INFO [input.cpp->run:173]	
frame_id 58
2020/03/08 15:46:39 358661	INFO [input.cpp->run:235]	rotation: 
[0.9999882617126578, 0.00459958012744456, -0.001523252949540402;
 -0.004595472932509473, 0.999985825505101, 0.002688943548754795;
 0.001535599369509912, -0.002681911917463794, 0.9999952246301196]
2020/03/08 15:46:39 358684	INFO [input.cpp->run:256]	frame times (ms): 44.637
2020/03/08 15:46:39 358686	INFO [input.cpp->run:257]	FPS: 22.4029
2020/03/08 15:46:39 396074	INFO [input.cpp->run:173]	
frame_id 59
2020/03/08 15:46:39 437252	INFO [input.cpp->run:235]	rotation: 
[0.9999808253896854, 0.006125062952515831, -0.0009123907010408996;
 -0.00612292156582399, 0.9999785365164017, 0.002331595594086835;
 0.000926652287751643, -0.002325964389950046, 0.9999968655976849]
2020/03/08 15:46:39 437285	INFO [input.cpp->run:256]	frame times (ms): 57.376
2020/03/08 15:46:39 437290	INFO [input.cpp->run:257]	FPS: 17.4289
2020/03/08 15:46:39 463047	INFO [input.cpp->run:173]	
frame_id 60
2020/03/08 15:46:39 495675	INFO [input.cpp->run:235]	rotation: 
[0.9999833079423245, 0.005632884074636268, 0.001286255700868772;
 -0.005634901466686684, 0.999982890997835, 0.001570221981991211;
 -0.001277388815921199, -0.001577443695890684, 0.9999979399724778]
2020/03/08 15:46:39 495707	INFO [input.cpp->run:256]	frame times (ms): 48.789
2020/03/08 15:46:39 495710	INFO [input.cpp->run:257]	FPS: 20.4964
2020/03/08 15:46:39 529586	INFO [input.cpp->run:173]	
frame_id 61
2020/03/08 15:46:39 569858	INFO [input.cpp->run:235]	rotation: 
[0.9999858569730451, 0.005164422854012655, 0.001270665364929013;
 -0.005167201268762666, 0.9999842450408049, 0.002193103102855237;
 -0.001259319233862446, -0.002199637869424772, 0.9999967878489964]
2020/03/08 15:46:39 569889	INFO [input.cpp->run:256]	frame times (ms): 55.805
2020/03/08 15:46:39 569890	INFO [input.cpp->run:257]	FPS: 17.9195
2020/03/08 15:46:39 595965	INFO [input.cpp->run:173]	
frame_id 62
2020/03/08 15:46:39 627462	INFO [input.cpp->run:235]	rotation: 
[0.9999790969075721, 0.006450552957195289, 0.0004428481261781672;
 -0.006450666104923061, 0.9999791618387056, 0.0002545489395929219;
 -0.0004411969166224429, -0.0002574002841300763, 0.9999998695451787]
2020/03/08 15:46:39 627495	INFO [input.cpp->run:256]	frame times (ms): 46.808
2020/03/08 15:46:39 627499	INFO [input.cpp->run:257]	FPS: 21.3639
2020/03/08 15:46:39 662818	INFO [input.cpp->run:173]	
frame_id 63
2020/03/08 15:46:39 688283	INFO [input.cpp->run:235]	rotation: 
[0.9999935260561558, 0.002792880583022388, -0.002268846364467969;
 -0.002794018017104258, 0.9999959725660069, -0.0004983122374573732;
 0.002267445500266719, 0.000504648209032296, 0.9999973020069046]
2020/03/08 15:46:39 688311	INFO [input.cpp->run:256]	frame times (ms): 40.457
2020/03/08 15:46:39 688313	INFO [input.cpp->run:257]	FPS: 24.7176
2020/03/08 15:46:39 729591	INFO [input.cpp->run:173]	
frame_id 64
2020/03/08 15:46:39 758861	INFO [input.cpp->run:235]	rotation: 
[0.9999846281190863, 0.005490432371081917, -0.0007737427940280622;
 -0.005488523753668937, 0.9999819424240001, 0.002447638234976528;
 0.0007871674143067675, -0.002443353904468807, 0.9999967051891518]
2020/03/08 15:46:39 758890	INFO [input.cpp->run:256]	frame times (ms): 44.62
2020/03/08 15:46:39 758892	INFO [input.cpp->run:257]	FPS: 22.4115
2020/03/08 15:46:39 796022	INFO [input.cpp->run:173]	
frame_id 65
2020/03/08 15:46:39 827472	INFO [input.cpp->run:235]	rotation: 
[0.9999938295141561, 0.00346791968868028, -0.0005607732570222292;
 -0.003468293908243689, 0.9999937625122133, -0.000667737997418018;
 0.0005584540974577615, 0.0006696788036213938, 0.9999996198295883]
2020/03/08 15:46:39 827498	INFO [input.cpp->run:256]	frame times (ms): 47.052
2020/03/08 15:46:39 827500	INFO [input.cpp->run:257]	FPS: 21.2531
2020/03/08 15:46:39 862575	INFO [input.cpp->run:173]	
frame_id 66
2020/03/08 15:46:39 896481	INFO [input.cpp->run:235]	rotation: 
[0.9999952310864244, 0.002806749481750124, -0.001288395030746255;
 -0.002801565992437954, 0.9999880453497318, 0.004007541093066966;
 0.001299627792320314, -0.004003912457746878, 0.9999911397870643]
2020/03/08 15:46:39 896506	INFO [input.cpp->run:256]	frame times (ms): 49.495
2020/03/08 15:46:39 896509	INFO [input.cpp->run:257]	FPS: 20.2041
2020/03/08 15:46:39 929373	INFO [input.cpp->run:173]	
frame_id 67
2020/03/08 15:46:39 956156	INFO [input.cpp->run:235]	rotation: 
[0.9999850174600922, 0.005411537634392882, -0.0008246913185112341;
 -0.005410590015268726, 0.9999847048471273, 0.001146990623471714;
 0.0008308856876566577, -0.001142511372025309, 0.9999990021478715]
2020/03/08 15:46:39 956178	INFO [input.cpp->run:256]	frame times (ms): 42.172
2020/03/08 15:46:39 956180	INFO [input.cpp->run:257]	FPS: 23.7124
2020/03/08 15:46:39 996069	INFO [input.cpp->run:173]	
frame_id 68
2020/03/08 15:46:40 028846	INFO [input.cpp->run:235]	rotation: 
[0.999995505924019, 0.002545964311738112, -0.001583097434986077;
 -0.002548206485696306, 0.999995750897326, -0.001415920548451123;
 0.001579485825057919, 0.001419948244347916, 0.9999977444832122]
2020/03/08 15:46:40 028873	INFO [input.cpp->run:256]	frame times (ms): 51.202
2020/03/08 15:46:40 028876	INFO [input.cpp->run:257]	FPS: 19.5305
2020/03/08 15:46:40 062652	INFO [input.cpp->run:173]	
frame_id 69
2020/03/08 15:46:40 099049	INFO [input.cpp->run:235]	rotation: 
[0.9999876100471479, 0.00494751923528626, -0.0005493683734164749;
 -0.0049471238357207, 0.9999875045852229, 0.0007187761632857088;
 0.0005529176677245049, -0.0007160494643082147, 0.999999590777525]
2020/03/08 15:46:40 099079	INFO [input.cpp->run:256]	frame times (ms): 52.561
2020/03/08 15:46:40 099082	INFO [input.cpp->run:257]	FPS: 19.0255
2020/03/08 15:46:40 129606	INFO [input.cpp->run:173]	
frame_id 70
2020/03/08 15:46:40 159809	INFO [input.cpp->run:235]	rotation: 
[0.9999898905059581, 0.004309328675764966, -0.001283967385121404;
 -0.004309221298115295, 0.9999907115316398, 8.638430768252767e-05;
 0.001284327717405204, -8.085053477883328e-05, 0.9999991719824098]
2020/03/08 15:46:40 159836	INFO [input.cpp->run:256]	frame times (ms): 46.215
2020/03/08 15:46:40 159838	INFO [input.cpp->run:257]	FPS: 21.638
2020/03/08 15:46:40 196019	INFO [input.cpp->run:173]	
frame_id 71
2020/03/08 15:46:40 226378	INFO [input.cpp->run:235]	rotation: 
[0.9999900368902483, 0.004438401219453802, 0.0004761458335747046;
 -0.004438316025332463, 0.9999901344569702, -0.0001798321160448753;
 -0.0004769393032206455, 0.0001777170386742164, 0.9999998704727692]
2020/03/08 15:46:40 226406	INFO [input.cpp->run:256]	frame times (ms): 46.496
2020/03/08 15:46:40 226408	INFO [input.cpp->run:257]	FPS: 21.5072
2020/03/08 15:46:40 263179	INFO [input.cpp->run:173]	
frame_id 72
2020/03/08 15:46:40 303655	INFO [input.cpp->run:235]	rotation: 
[0.9999913591334295, 0.003980899642116254, -0.001197537688670632;
 -0.003979574144202887, 0.9999914685049871, 0.001107206787439704;
 0.001201935150987681, -0.001102431530191046, 0.9999986699974226]
2020/03/08 15:46:40 303684	INFO [input.cpp->run:256]	frame times (ms): 56.088
2020/03/08 15:46:40 303686	INFO [input.cpp->run:257]	FPS: 17.8291
2020/03/08 15:46:40 329406	INFO [input.cpp->run:173]	
frame_id 73
2020/03/08 15:46:40 355506	INFO [input.cpp->run:235]	rotation: 
[0.999988754932163, 0.004277962531577147, -0.002046715857383676;
 -0.004273841703455646, 0.9999888399035844, 0.00201354050793152;
 0.002055306866686117, -0.002004770525945505, 0.9999958782959169]
2020/03/08 15:46:40 355531	INFO [input.cpp->run:256]	frame times (ms): 42.91
2020/03/08 15:46:40 355532	INFO [input.cpp->run:257]	FPS: 23.3046
2020/03/08 15:46:40 396109	INFO [input.cpp->run:173]	
frame_id 74
2020/03/08 15:46:40 437806	INFO [input.cpp->run:235]	rotation: 
[0.9999882664986418, 0.001583872075850393, -0.004578014229838161;
 -0.001570436039533557, 0.9999944538328409, 0.002937011100427137;
 0.004582640689274414, -0.002929787160467366, 0.9999852077663486]
2020/03/08 15:46:40 437835	INFO [input.cpp->run:256]	frame times (ms): 60.943
2020/03/08 15:46:40 437837	INFO [input.cpp->run:257]	FPS: 16.4088
2020/03/08 15:46:40 462640	INFO [input.cpp->run:173]	
frame_id 75
2020/03/08 15:46:40 499884	INFO [input.cpp->run:235]	rotation: 
[0.9999842470364285, 0.00546717732041175, -0.001271082662252227;
 -0.005467406268221938, 0.9999850380082607, -0.0001767153521881735;
 0.001270097510158283, 0.000183662093712694, 0.999999176559936]
2020/03/08 15:46:40 499916	INFO [input.cpp->run:256]	frame times (ms): 53.376
2020/03/08 15:46:40 499919	INFO [input.cpp->run:257]	FPS: 18.735
2020/03/08 15:46:40 529537	INFO [input.cpp->run:173]	
frame_id 76
2020/03/08 15:46:40 556840	INFO [input.cpp->run:235]	rotation: 
[0.9999852075866099, 0.005437491492279948, -0.0001352561869294824;
 -0.005437495499538814, 0.9999852162834925, -2.927711074918545e-05;
 0.0001350949932997417, 3.001213257777423e-05, 0.9999999904243073]
2020/03/08 15:46:40 556863	INFO [input.cpp->run:256]	frame times (ms): 43.401
2020/03/08 15:46:40 556865	INFO [input.cpp->run:257]	FPS: 23.0409
2020/03/08 15:46:40 596278	INFO [input.cpp->run:173]	
frame_id 77
2020/03/08 15:46:40 633951	INFO [input.cpp->run:235]	rotation: 
[0.9999828062234006, 0.005816558028669687, 0.0007449229973508772;
 -0.005817174738280545, 0.9999827369582037, 0.0008284103115662981;
 -0.0007400916410652652, -0.0008327294153066221, 0.9999993794128493]
2020/03/08 15:46:40 633979	INFO [input.cpp->run:256]	frame times (ms): 56.71
2020/03/08 15:46:40 633981	INFO [input.cpp->run:257]	FPS: 17.6336
2020/03/08 15:46:40 662686	INFO [input.cpp->run:173]	
frame_id 78
2020/03/08 15:46:40 694562	INFO [input.cpp->run:235]	rotation: 
[0.9999839590118285, 0.005597799611200031, -0.0008639204492928709;
 -0.005596515536179719, 0.9999832417036939, 0.001481663128046186;
 0.000872200024740103, -0.001476804416488984, 0.9999985291568344]
2020/03/08 15:46:40 694584	INFO [input.cpp->run:256]	frame times (ms): 47.364
2020/03/08 15:46:40 694586	INFO [input.cpp->run:257]	FPS: 21.1131
2020/03/08 15:46:40 729394	INFO [input.cpp->run:173]	
frame_id 79
2020/03/08 15:46:40 757204	INFO [input.cpp->run:235]	rotation: 
[0.9999835340834481, 0.005678476529281889, -0.0008285326087223449;
 -0.005676220430239624, 0.9999802439545636, 0.002700411486915761;
 0.0008438504634423358, -0.002695664088444813, 0.9999960106478013]
2020/03/08 15:46:40 757228	INFO [input.cpp->run:256]	frame times (ms): 43.07
2020/03/08 15:46:40 757230	INFO [input.cpp->run:257]	FPS: 23.218
2020/03/08 15:46:40 796181	INFO [input.cpp->run:173]	
frame_id 80
2020/03/08 15:46:40 836334	INFO [input.cpp->run:235]	rotation: 
[0.9999871599078091, 0.004976688629503228, -0.000955295660421004;
 -0.004975236234066032, 0.9999864731328445, 0.001516764896125843;
 0.0009628312048756903, -0.001511992599140772, 0.999998393415935]
2020/03/08 15:46:40 836369	INFO [input.cpp->run:256]	frame times (ms): 59.562
2020/03/08 15:46:40 836373	INFO [input.cpp->run:257]	FPS: 16.7892
2020/03/08 15:46:40 862714	INFO [input.cpp->run:173]	
frame_id 81
2020/03/08 15:46:40 895556	INFO [input.cpp->run:235]	rotation: 
[0.9999838462710026, 0.005522022527389918, -0.001347020511708745;
 -0.005519374134837763, 0.9999828434467141, 0.001961968752112891;
 0.001357831437126761, -0.001954502348829946, 0.9999971681031685]
2020/03/08 15:46:40 895585	INFO [input.cpp->run:256]	frame times (ms): 48.659
2020/03/08 15:46:40 895587	INFO [input.cpp->run:257]	FPS: 20.5512
2020/03/08 15:46:40 929624	INFO [input.cpp->run:173]	
frame_id 82
2020/03/08 15:46:40 962499	INFO [input.cpp->run:235]	rotation: 
[0.9999878950613919, 0.004882641835997184, -0.000607897514483036;
 -0.004882169858829056, 0.9999877814439404, 0.0007754871344585487;
 0.0006116765127791617, -0.0007725098883119286, 0.9999995145400402]
2020/03/08 15:46:40 962525	INFO [input.cpp->run:256]	frame times (ms): 49.293
2020/03/08 15:46:40 962527	INFO [input.cpp->run:257]	FPS: 20.2869
2020/03/08 15:46:40 996659	INFO [input.cpp->run:173]	
frame_id 83
2020/03/08 15:46:41 029434	INFO [input.cpp->run:235]	rotation: 
[0.9999887994384355, 0.004702582582921202, -0.0005354574933860867;
 -0.00470236352661216, 0.9999888599290813, 0.0004096278798131124;
 0.0005373778372847244, -0.0004071053759638761, 0.9999997727451106]
