		g3log created log at: Sun Mar 08 15:37:01 2020
		LOG format: [YYYY/MM/DD hh:mm:ss uuu* LEVEL FILE->FUNCTION:LINE] message		(uuu*: microseconds fractions of the seconds value)

2020/03/08 15:37:01 909930	INFO [g3logger.h->logBanner:29]	Starting log.
2020/03/08 15:37:01 915120	DEBUG [main.cpp->main:49]	Filepath: /home/mitchell/KITTI/data_odometry_gray/dataset/sequences/00/
2020/03/08 15:37:01 915125	DEBUG [main.cpp->main:53]	Calibration Filepath: /home/mitchell/visual_odom_ws/src/visual_odom/calibration/old/kitti00.yaml
2020/03/08 15:37:01 920998	INFO [main.cpp->main:67]	P_left: 
[718.85602, 0, 607.19281, 0;
 0, 718.85602, 185.2157, 0;
 0, 0, 1, 0]
2020/03/08 15:37:01 921009	INFO [main.cpp->main:68]	P_right: 
[718.85602, 0, 607.19281, -386.14481;
 0, 718.85602, 185.2157, 0;
 0, 0, 1, 0]
2020/03/08 15:37:02 007422	INFO [input.cpp->Input:22]	frame_pose [1, 0, 0, 0;
 0, 1, 0, 0;
 0, 0, 1, 0;
 0, 0, 0, 1]
2020/03/08 15:37:02 450214	INFO [input.cpp->run:173]	
frame_id 1
2020/03/08 15:37:02 522357	INFO [input.cpp->run:235]	rotation: 
[0.9779462602850031, 0.2074794292334267, -0.02394573948635912;
 -0.2062784508782115, 0.9415456317271074, -0.2663475625548084;
 -0.03271563384472933, 0.2654130927828802, 0.9635795646865721]
2020/03/08 15:37:02 522417	INFO [input.cpp->run:256]	frame times (ms): 78.163
2020/03/08 15:37:02 522419	INFO [input.cpp->run:257]	FPS: 12.7938
2020/03/08 15:37:02 569796	INFO [input.cpp->run:173]	
frame_id 2
2020/03/08 15:37:02 572353	INFO [input.cpp->run:235]	rotation: 
[0.9999466062010163, 0.001429062850163275, 0.01023437963141777;
 -0.001398663187668133, 0.9999945909218458, -0.002976889036836045;
 -0.01023857843439008, 0.002962415639382131, 0.9999431961892747]
2020/03/08 15:37:02 572377	INFO [input.cpp->run:256]	frame times (ms): 5.236
2020/03/08 15:37:02 572381	INFO [input.cpp->run:257]	FPS: 190.985
2020/03/08 15:37:02 705314	INFO [input.cpp->run:173]	
frame_id 3
2020/03/08 15:37:02 714246	INFO [input.cpp->run:235]	rotation: 
[0.9999581031312571, -0.005375671947614997, 0.007409057514278693;
 0.005358376847480814, 0.9999828773397818, 0.002352195742555164;
 -0.007421575284172892, -0.002312396670672716, 0.9999697860645285]
2020/03/08 15:37:02 714280	INFO [input.cpp->run:256]	frame times (ms): 13.509
2020/03/08 15:37:02 714285	INFO [input.cpp->run:257]	FPS: 74.0247
2020/03/08 15:37:02 849808	INFO [input.cpp->run:173]	
frame_id 4
2020/03/08 15:37:02 859936	INFO [input.cpp->run:235]	rotation: 
[0.9999355972968724, -0.008817710893104081, 0.007144874607204996;
 0.008787737216844201, 0.9999525005597697, 0.004215720445130078;
 -0.007181708233751942, -0.00415266166084236, 0.9999655886419171]
2020/03/08 15:37:02 859968	INFO [input.cpp->run:256]	frame times (ms): 16.231
2020/03/08 15:37:02 859971	INFO [input.cpp->run:257]	FPS: 61.6105
2020/03/08 15:37:03 003513	INFO [input.cpp->run:173]	
frame_id 5
2020/03/08 15:37:03 011658	INFO [input.cpp->run:235]	rotation: 
[0.9970362471517238, -0.07667220185691959, -0.006332087177108881;
 0.07684415591393481, 0.9964624279005047, 0.03402360187438081;
 0.003701022491367574, -0.03440934822171538, 0.9994009701753722]
2020/03/08 15:37:03 011692	INFO [input.cpp->run:256]	frame times (ms): 14.686
2020/03/08 15:37:03 011696	INFO [input.cpp->run:257]	FPS: 68.0921
2020/03/08 15:37:03 148231	INFO [input.cpp->run:173]	
frame_id 6
2020/03/08 15:37:03 156232	INFO [input.cpp->run:235]	rotation: 
[0.9999591051332222, -0.007350706327774788, 0.005268318294137826;
 0.00732901843631601, 0.9999646375488571, 0.004124213930304546;
 -0.005298447878924131, -0.004085433669219186, 0.9999776175904183]
2020/03/08 15:37:03 156256	INFO [input.cpp->run:256]	frame times (ms): 11.636
2020/03/08 15:37:03 156259	INFO [input.cpp->run:257]	FPS: 85.9402
2020/03/08 15:37:03 298024	INFO [input.cpp->run:173]	
frame_id 7
2020/03/08 15:37:03 305765	INFO [input.cpp->run:235]	rotation: 
[0.9999297151672023, -0.01144598527103094, 0.003090978293852396;
 0.01142620409254898, 0.999914599035039, 0.006343224466517924;
 -0.003163318775138035, -0.006307460485215699, 0.9999751043683809]
2020/03/08 15:37:03 305808	INFO [input.cpp->run:256]	frame times (ms): 13.417
2020/03/08 15:37:03 305813	INFO [input.cpp->run:257]	FPS: 74.5323
2020/03/08 15:37:03 451038	INFO [input.cpp->run:173]	
frame_id 8
2020/03/08 15:37:03 459483	INFO [input.cpp->run:235]	rotation: 
[0.9999215019518183, -0.01243437457821957, 0.001541513304621622;
 0.01242249722512892, 0.999894793077876, 0.007488947752730331;
 -0.001634471508305595, -0.007469210440199645, 0.9999707692719265]
2020/03/08 15:37:03 459524	INFO [input.cpp->run:256]	frame times (ms): 15.174
2020/03/08 15:37:03 459529	INFO [input.cpp->run:257]	FPS: 65.9022
2020/03/08 15:37:03 594008	INFO [input.cpp->run:173]	
frame_id 9
2020/03/08 15:37:03 599789	INFO [input.cpp->run:235]	rotation: 
[0.9999619335337085, -0.008625562603530583, 0.001315732989476638;
 0.008618915468131535, 0.999950472102083, 0.00497670965344087;
 -0.001358594744662798, -0.004965180016275675, 0.9999867505160884]
2020/03/08 15:37:03 599823	INFO [input.cpp->run:256]	frame times (ms): 11.448
2020/03/08 15:37:03 599829	INFO [input.cpp->run:257]	FPS: 87.3515
2020/03/08 15:37:03 748292	INFO [input.cpp->run:173]	
frame_id 10
2020/03/08 15:37:03 757416	INFO [input.cpp->run:235]	rotation: 
[0.999995157845457, -0.002877537904873458, 0.00118493090326354;
 0.002875395553931934, 0.9999942356701149, 0.001805748307800205;
 -0.001190120182133279, -0.001802332419036872, 0.9999976676031817]
2020/03/08 15:37:03 757451	INFO [input.cpp->run:256]	frame times (ms): 15.502
2020/03/08 15:37:03 757454	INFO [input.cpp->run:257]	FPS: 64.5078
2020/03/08 15:37:03 901792	INFO [input.cpp->run:173]	
frame_id 11
2020/03/08 15:37:03 909606	INFO [input.cpp->run:235]	rotation: 
[0.9999840441594228, -0.005616350054097005, 0.0006066618790350966;
 0.005613660728128959, 0.9999747936672235, 0.004347280002858118;
 -0.0006310624335931178, -0.004343805044385855, 0.9999903665125686]
2020/03/08 15:37:03 909649	INFO [input.cpp->run:256]	frame times (ms): 14.398
2020/03/08 15:37:03 909654	INFO [input.cpp->run:257]	FPS: 69.4541
2020/03/08 15:37:04 060799	INFO [input.cpp->run:173]	
frame_id 12
2020/03/08 15:37:04 079570	INFO [input.cpp->run:235]	rotation: 
[0.9999980497051394, 0.0003836403397671001, 0.001937370900796944;
 -0.0003854124911086595, 0.9999995076380847, 0.0009144292209212891;
 -0.00193701913497229, -0.0009151741244597567, 0.9999977052039632]
2020/03/08 15:37:04 079618	INFO [input.cpp->run:256]	frame times (ms): 37.101
2020/03/08 15:37:04 079623	INFO [input.cpp->run:257]	FPS: 26.9534
2020/03/08 15:37:04 211310	INFO [input.cpp->run:173]	
frame_id 13
2020/03/08 15:37:04 221466	INFO [input.cpp->run:235]	rotation: 
[0.9999903835243086, -0.004337499562605139, -0.0006472684532853138;
 0.004339494451193879, 0.9999857385701479, 0.003113108450373399;
 0.0006337561157698349, -0.003115887331103126, 0.9999949447868852]
2020/03/08 15:37:04 221522	INFO [input.cpp->run:256]	frame times (ms): 20.149
2020/03/08 15:37:04 221528	INFO [input.cpp->run:257]	FPS: 49.6303
2020/03/08 15:37:04 390672	INFO [input.cpp->run:173]	
frame_id 14
2020/03/08 15:37:04 398889	INFO [input.cpp->run:235]	rotation: 
[0.9999964795231457, -0.00240100884260436, -0.001129645011736775;
 0.002403337494132296, 0.9999949807275594, 0.002064579515863224;
 0.001124682268066852, -0.002067287165770591, 0.9999972307029505]
2020/03/08 15:37:04 398945	INFO [input.cpp->run:256]	frame times (ms): 18.364
2020/03/08 15:37:04 398951	INFO [input.cpp->run:257]	FPS: 54.4544
2020/03/08 15:37:04 546132	INFO [input.cpp->run:173]	
frame_id 15
2020/03/08 15:37:04 551470	INFO [input.cpp->run:235]	rotation: 
[0.9999905751821456, 0.00433967744066492, -0.000129408626164721;
 -0.004339922827751603, 0.9999886608942006, -0.001960396100974059;
 0.000120899672052453, 0.001960939248048685, 0.999998070048405]
2020/03/08 15:37:04 551513	INFO [input.cpp->run:256]	frame times (ms): 10.802
2020/03/08 15:37:04 551518	INFO [input.cpp->run:257]	FPS: 92.5754
2020/03/08 15:37:04 706713	INFO [input.cpp->run:173]	
frame_id 16
2020/03/08 15:37:04 712765	INFO [input.cpp->run:235]	rotation: 
[0.9999871229228257, 0.004960044057474718, -0.001073290024839224;
 -0.004962410328251177, 0.9999852376222295, -0.002213373295985232;
 0.001062295751462696, 0.002218670899710956, 0.9999969745090108]
2020/03/08 15:37:04 712800	INFO [input.cpp->run:256]	frame times (ms): 11.551
2020/03/08 15:37:04 712804	INFO [input.cpp->run:257]	FPS: 86.5726
2020/03/08 15:37:04 866397	INFO [input.cpp->run:173]	
frame_id 17
2020/03/08 15:37:04 878238	INFO [input.cpp->run:235]	rotation: 
[0.9999801078270243, 0.005962676975469682, -0.002056801774397157;
 -0.005969487273657352, 0.9999766677599693, -0.003321017518407129;
 0.002036951629912324, 0.003333229508168897, 0.9999923701754445]
2020/03/08 15:37:04 878269	INFO [input.cpp->run:256]	frame times (ms): 17.008
2020/03/08 15:37:04 878272	INFO [input.cpp->run:257]	FPS: 58.7959
2020/03/08 15:37:05 011872	INFO [input.cpp->run:173]	
frame_id 18
2020/03/08 15:37:05 025913	INFO [input.cpp->run:235]	rotation: 
[0.9999967031159807, 0.0005956010338634891, -0.002497802349588167;
 -0.0005969828390769399, 0.9999996691779478, -0.000552499307422282;
 0.002497472454101358, 0.0005539886310342548, 0.9999967278586154]
2020/03/08 15:37:05 025956	INFO [input.cpp->run:256]	frame times (ms): 20.423
2020/03/08 15:37:05 025961	INFO [input.cpp->run:257]	FPS: 48.9644
2020/03/08 15:37:05 161729	INFO [input.cpp->run:173]	
frame_id 19
2020/03/08 15:37:05 164747	INFO [input.cpp->run:196]	Not enough points
2020/03/08 15:37:05 320268	INFO [input.cpp->run:173]	
frame_id 20
2020/03/08 15:37:05 372281	INFO [input.cpp->run:235]	rotation: 
[0.999981317284741, 0.003098495131262674, -0.005269194378232258;
 -0.003116633282229277, 0.999989234760706, -0.003437580498224244;
 0.005258486327656818, 0.00345393842145635, 0.9999802091196218]
2020/03/08 15:37:05 372308	INFO [input.cpp->run:256]	frame times (ms): 65.862
2020/03/08 15:37:05 372310	INFO [input.cpp->run:257]	FPS: 15.1833
2020/03/08 15:37:05 480344	INFO [input.cpp->run:173]	
frame_id 21
2020/03/08 15:37:05 520081	INFO [input.cpp->run:235]	rotation: 
[-0.3377266856267364, 0.1080544180978494, -0.9350213519193639;
 0.2328298444772546, -0.9529262730104062, -0.1942209610912123;
 -0.9119928450027869, -0.2832944774188722, 0.2966703384696403]
2020/03/08 15:37:05 520106	INFO [input.cpp->run:256]	frame times (ms): 46.796
2020/03/08 15:37:05 520108	INFO [input.cpp->run:257]	FPS: 21.3693
2020/03/08 15:37:05 629901	INFO [input.cpp->run:173]	
frame_id 22
2020/03/08 15:37:05 659837	INFO [input.cpp->run:235]	rotation: 
[0.9997722166909019, 0.02072798810895357, -0.005085788229506985;
 -0.0207906198331569, 0.9997046050138622, -0.01258780525076055;
 0.004823366035607842, 0.01269067464845787, 0.9999078367114909]
2020/03/08 15:37:05 659856	INFO [input.cpp->run:256]	frame times (ms): 36.332
2020/03/08 15:37:05 659858	INFO [input.cpp->run:257]	FPS: 27.5239
2020/03/08 15:37:05 747842	INFO [input.cpp->run:173]	
frame_id 23
2020/03/08 15:37:05 749092	INFO [input.cpp->run:196]	Not enough points
2020/03/08 15:37:05 902017	INFO [input.cpp->run:173]	
frame_id 24
2020/03/08 15:37:05 904856	INFO [input.cpp->run:196]	Not enough points
2020/03/08 15:37:06 056623	INFO [input.cpp->run:173]	
frame_id 25
2020/03/08 15:37:06 088834	INFO [input.cpp->run:235]	rotation: 
[0.9999049752682829, -0.003186456018106, -0.01341219339925973;
 0.003257212294503745, 0.9999808771574081, 0.005256984646080804;
 0.01339518576963395, -0.0053001714637615, 0.9998962332065522]
2020/03/08 15:37:06 088854	INFO [input.cpp->run:256]	frame times (ms): 38.768
2020/03/08 15:37:06 088856	INFO [input.cpp->run:257]	FPS: 25.7945
2020/03/08 15:37:06 200936	INFO [input.cpp->run:173]	
frame_id 26
2020/03/08 15:37:06 211544	INFO [input.cpp->run:235]	rotation: 
[0.9997273071911227, -0.0136784019596156, -0.01892650459587656;
 0.01385731116549323, 0.999860227178294, 0.009354198748844772;
 0.01879590869442734, -0.009613918389573352, 0.9997771183566612]
2020/03/08 15:37:06 211586	INFO [input.cpp->run:256]	frame times (ms): 19.388
2020/03/08 15:37:06 211591	INFO [input.cpp->run:257]	FPS: 51.5783
2020/03/08 15:37:06 361412	INFO [input.cpp->run:173]	
frame_id 27
2020/03/08 15:37:06 402205	INFO [input.cpp->run:235]	rotation: 
[0.9999463135324791, 0.004131887179233771, -0.009502502888348021;
 -0.004142614407234202, 0.9999908038593306, -0.0011094785454118;
 0.009497831261817328, 0.001148784186797962, 0.9999542347008759]
2020/03/08 15:37:06 402250	INFO [input.cpp->run:256]	frame times (ms): 52.876
2020/03/08 15:37:06 402254	INFO [input.cpp->run:257]	FPS: 18.9122
2020/03/08 15:37:06 514332	INFO [input.cpp->run:173]	
frame_id 28
2020/03/08 15:37:06 544730	INFO [input.cpp->run:235]	rotation: 
[-0.08232099619021938, 0.4552355415329536, 0.8865573051480926;
 0.852225826457528, -0.4290157754708666, 0.2994271282230694;
 0.5166569406337569, 0.7801961715634917, -0.3526464795976803]
2020/03/08 15:37:06 544756	INFO [input.cpp->run:256]	frame times (ms): 37.131
2020/03/08 15:37:06 544760	INFO [input.cpp->run:257]	FPS: 26.9317
2020/03/08 15:37:06 662484	INFO [input.cpp->run:173]	
frame_id 29
2020/03/08 15:37:06 713323	INFO [input.cpp->run:235]	rotation: 
[0.9978104555578464, 0.06368274775054693, -0.01785503901937108;
 -0.06414147470805857, 0.9975910810120665, -0.02641791641011845;
 0.01612966217000641, 0.02750532174174179, 0.9994915163592759]
2020/03/08 15:37:06 713353	INFO [input.cpp->run:256]	frame times (ms): 60.66
2020/03/08 15:37:06 713356	INFO [input.cpp->run:257]	FPS: 16.4853
2020/03/08 15:37:06 791213	INFO [input.cpp->run:173]	
frame_id 30
2020/03/08 15:37:06 828337	INFO [input.cpp->run:235]	rotation: 
[0.9998968660457286, -0.002300943014309765, -0.01417613957236677;
 0.002302169756881277, 0.9999973475384349, 7.021755527368173e-05;
 0.01417594040410813, -0.0001028461932523777, 0.9998995110191422]
2020/03/08 15:37:06 828363	INFO [input.cpp->run:256]	frame times (ms): 43.429
2020/03/08 15:37:06 828365	INFO [input.cpp->run:257]	FPS: 23.0261
2020/03/08 15:37:06 944611	INFO [input.cpp->run:173]	
frame_id 31
2020/03/08 15:37:06 975201	INFO [input.cpp->run:235]	rotation: 
[0.9995401507063437, -0.02320788330032984, -0.01951617991969384;
 0.02341120751876635, 0.999673320917889, 0.01025508690907814;
 0.01927180553173074, -0.01070726845268015, 0.9997569464193932]
2020/03/08 15:37:06 975227	INFO [input.cpp->run:256]	frame times (ms): 35.099
2020/03/08 15:37:06 975230	INFO [input.cpp->run:257]	FPS: 28.4908
2020/03/08 15:37:07 099387	INFO [input.cpp->run:173]	
frame_id 32
2020/03/08 15:37:07 132285	INFO [input.cpp->run:235]	rotation: 
[0.9984387023894683, 0.0531103297492303, -0.01730463651056172;
 -0.05345385996939417, 0.9983693359594948, -0.0200338181625377;
 0.01621241577332144, 0.02092753902696753, 0.999649536430177]
2020/03/08 15:37:07 132306	INFO [input.cpp->run:256]	frame times (ms): 41.25
2020/03/08 15:37:07 132308	INFO [input.cpp->run:257]	FPS: 24.2424
2020/03/08 15:37:07 247624	INFO [input.cpp->run:173]	
frame_id 33
2020/03/08 15:37:07 251152	INFO [input.cpp->run:196]	Not enough points
2020/03/08 15:37:07 397228	INFO [input.cpp->run:173]	
frame_id 34
2020/03/08 15:37:07 400200	INFO [input.cpp->run:196]	Not enough points
2020/03/08 15:37:07 554841	INFO [input.cpp->run:173]	
frame_id 35
2020/03/08 15:37:07 595408	INFO [input.cpp->run:235]	rotation: 
[0.999877362550853, -0.01151533968444624, -0.0106139912522052;
 0.01158321514334662, 0.9999127128616898, 0.006355767815052147;
 0.01053987596193695, -0.00647793250410383, 0.9999234707742284]
2020/03/08 15:37:07 595439	INFO [input.cpp->run:256]	frame times (ms): 47.145
2020/03/08 15:37:07 595442	INFO [input.cpp->run:257]	FPS: 21.2112
2020/03/08 15:37:07 698108	INFO [input.cpp->run:173]	
frame_id 36
2020/03/08 15:37:07 740134	INFO [input.cpp->run:235]	rotation: 
[0.9999683034571206, 0.004050988792867373, -0.006854310387490212;
 -0.004061753633328914, 0.999990538395001, -0.001557330375442503;
 0.006847936806815075, 0.001585121533573833, 0.9999752962704697]
2020/03/08 15:37:07 740166	INFO [input.cpp->run:256]	frame times (ms): 49.88
2020/03/08 15:37:07 740168	INFO [input.cpp->run:257]	FPS: 20.0481
2020/03/08 15:37:07 846854	INFO [input.cpp->run:173]	
frame_id 37
2020/03/08 15:37:07 860880	INFO [input.cpp->run:235]	rotation: 
[0.9999353009893667, 0.009925291806863249, -0.005557195142631431;
 -0.009949854993509814, 0.9999407743555587, -0.004410007575235604;
 0.005513095402113133, 0.004465015537948421, 0.9999748343910126]
2020/03/08 15:37:07 860911	INFO [input.cpp->run:256]	frame times (ms): 20.846
2020/03/08 15:37:07 860914	INFO [input.cpp->run:257]	FPS: 47.9708
2020/03/08 15:37:08 000394	INFO [input.cpp->run:173]	
frame_id 38
2020/03/08 15:37:08 003102	INFO [input.cpp->run:196]	Not enough points
2020/03/08 15:37:08 131139	INFO [input.cpp->run:173]	
frame_id 39
2020/03/08 15:37:08 132737	INFO [input.cpp->run:196]	Not enough points
2020/03/08 15:37:08 259123	INFO [input.cpp->run:173]	
frame_id 40
2020/03/08 15:37:08 279272	INFO [input.cpp->run:235]	rotation: 
[0.999966274194739, 0.006618840343848847, -0.004862244913063662;
 -0.006633585917669708, 0.9999734286762855, -0.003022826370576454;
 0.004842108111646076, 0.003054978542706503, 0.9999836104132601]
2020/03/08 15:37:08 279296	INFO [input.cpp->run:256]	frame times (ms): 22.786
2020/03/08 15:37:08 279298	INFO [input.cpp->run:257]	FPS: 43.8866
2020/03/08 15:37:08 407373	INFO [input.cpp->run:173]	
frame_id 41
2020/03/08 15:37:08 409695	INFO [input.cpp->run:196]	Not enough points
2020/03/08 15:37:08 557758	INFO [input.cpp->run:173]	
frame_id 42
2020/03/08 15:37:08 589629	INFO [input.cpp->run:235]	rotation: 
[0.9999773839431505, 0.004331338806745963, -0.005145007906132496;
 -0.004337489902913958, 0.9999898909384404, -0.001184990408495163;
 0.005139823299988911, 0.001207280028527981, 0.9999860622485583]
2020/03/08 15:37:08 589655	INFO [input.cpp->run:256]	frame times (ms): 36.071
2020/03/08 15:37:08 589657	INFO [input.cpp->run:257]	FPS: 27.7231
2020/03/08 15:37:08 779243	INFO [input.cpp->run:173]	
frame_id 43
2020/03/08 15:37:08 785461	INFO [input.cpp->run:196]	Not enough points
g3log g3FileSink shutdown at: 15:37:08 937345
