		g3log created log at: Mon Mar 09 14:52:15 2020
		LOG format: [YYYY/MM/DD hh:mm:ss uuu* LEVEL FILE->FUNCTION:LINE] message		(uuu*: microseconds fractions of the seconds value)

2020/03/09 14:52:15 349458	INFO [g3logger.h->logBanner:29]	Starting log.
2020/03/09 14:52:15 353445	DEBUG [main.cpp->main:48]	Filepath: /home/mitchell/KITTI/data_odometry_gray/dataset/sequences/00/
2020/03/09 14:52:15 353452	DEBUG [main.cpp->main:52]	Calibration Filepath: /home/mitchell/visual_odom_catkin_ws/tank_downsized.yaml
2020/03/09 14:52:15 353582	INFO [main.cpp->main:66]	P_left: 
[409.41, 0, 251.22, 0;
 0, 408.72, 191.78999, 0;
 0, 0, 1, 0]
2020/03/09 14:52:15 353594	INFO [main.cpp->main:67]	P_right: 
[409.41, 0, 251.22, -73.940002;
 0, 408.72, 191.78999, 0;
 0, 0, 1, 0]
2020/03/09 14:52:15 487364	INFO [input.cpp->Input:22]	frame_pose [1, 0, 0, 0;
 0, 1, 0, 0;
 0, 0, 1, 0;
 0, 0, 0, 1]
2020/03/09 14:52:15 788480	INFO [input.cpp->run:173]	
frame_id 1
2020/03/09 14:52:15 933015	INFO [input.cpp->run:235]	rotation: 
[-0.9883884280591365, -0.02850793900704802, 0.1492501681485136;
 0.03755283063165191, -0.9976019642991865, 0.05813867678194182;
 0.147234847065291, 0.06306836164016839, 0.9870887911275683]
2020/03/09 14:52:15 933138	INFO [input.cpp->run:256]	frame times (ms): 218.043
2020/03/09 14:52:15 933150	INFO [input.cpp->run:257]	FPS: 4.58625
2020/03/09 14:52:15 985719	INFO [input.cpp->run:173]	
frame_id 2
2020/03/09 14:52:16 053286	INFO [input.cpp->run:235]	rotation: 
[-0.9999175014550499, 0.00430666175997503, 0.01210136142652644;
 -0.004140450763438286, -0.9998972139973084, 0.013726547559252;
 0.01215923317342819, 0.01367531004789406, 0.999832555453026]
2020/03/09 14:52:16 053352	INFO [input.cpp->run:256]	frame times (ms): 154.75
2020/03/09 14:52:16 053356	INFO [input.cpp->run:257]	FPS: 6.46204
2020/03/09 14:52:16 118961	INFO [input.cpp->run:173]	
frame_id 3
2020/03/09 14:52:16 175204	INFO [input.cpp->run:235]	rotation: 
[-0.9999720462992142, 0.001427969406459196, 0.007339449811560398;
 -0.001394393873083863, -0.9999885498728741, 0.004577749323972763;
 0.007345902659912092, 0.004567387275088841, 0.9999625876439526]
2020/03/09 14:52:16 175278	INFO [input.cpp->run:256]	frame times (ms): 156.336
2020/03/09 14:52:16 175283	INFO [input.cpp->run:257]	FPS: 6.39648
2020/03/09 14:52:16 251904	INFO [input.cpp->run:173]	
frame_id 4
2020/03/09 14:52:16 308575	INFO [input.cpp->run:235]	rotation: 
[-0.9636659326038147, -0.02185356320475698, -0.2662149359334966;
 -0.01977329979032232, -0.9880765983243799, 0.1526880887925581;
 -0.2663775271193538, 0.152404257220649, 0.9517436395515344]
2020/03/09 14:52:16 308629	INFO [input.cpp->run:256]	frame times (ms): 159.554
2020/03/09 14:52:16 308633	INFO [input.cpp->run:257]	FPS: 6.26747
2020/03/09 14:52:16 319478	INFO [input.cpp->run:173]	
frame_id 5
2020/03/09 14:52:16 367003	INFO [input.cpp->run:235]	rotation: 
[-0.944628540106855, -0.03472070942305134, -0.3262995457440171;
 -0.04977535916775448, -0.9677181610705793, 0.2470707881435954;
 -0.3243444694076236, 0.2496317949928182, 0.9124059579449004]
2020/03/09 14:52:16 367061	INFO [input.cpp->run:256]	frame times (ms): 157.642
2020/03/09 14:52:16 367065	INFO [input.cpp->run:257]	FPS: 6.34349
2020/03/09 14:52:16 387123	INFO [input.cpp->run:173]	
frame_id 6
2020/03/09 14:52:16 439400	INFO [input.cpp->run:235]	rotation: 
[-0.9358023520073439, -0.0256990305055028, -0.3515871411309016;
 -0.03466545346557218, -0.9857971797350514, 0.1643235429341913;
 -0.3508165679005903, 0.1659622856479628, 0.9216204508521686]
2020/03/09 14:52:16 439447	INFO [input.cpp->run:256]	frame times (ms): 170.133
2020/03/09 14:52:16 439449	INFO [input.cpp->run:257]	FPS: 5.87775
2020/03/09 14:52:16 452929	INFO [input.cpp->run:173]	
frame_id 7
2020/03/09 14:52:16 505683	INFO [input.cpp->run:235]	rotation: 
[0.9999992976885271, 0.0009199427849498832, -0.0007472133061522711;
 -0.0009113790490038852, 0.9999348133022706, 0.0113814996543655;
 0.0007576349262732867, -0.01138081066645535, 0.9999349494531595]
2020/03/09 14:52:16 505744	INFO [input.cpp->run:256]	frame times (ms): 159.552
2020/03/09 14:52:16 505748	INFO [input.cpp->run:257]	FPS: 6.26755
2020/03/09 14:52:16 519224	INFO [input.cpp->run:173]	
frame_id 8
2020/03/09 14:52:16 571779	INFO [input.cpp->run:235]	rotation: 
[-0.923302473090948, -0.04912065159445052, -0.3809195515736569;
 -0.06280587486979068, -0.9591276199494376, 0.2759159849156395;
 -0.3789036358574294, 0.2786778969295264, 0.8824798380115875]
2020/03/09 14:52:16 571837	INFO [input.cpp->run:256]	frame times (ms): 166.481
2020/03/09 14:52:16 571841	INFO [input.cpp->run:257]	FPS: 6.00669
2020/03/09 14:52:16 586748	INFO [input.cpp->run:173]	
frame_id 9
2020/03/09 14:52:16 641850	INFO [input.cpp->run:235]	rotation: 
[-0.9991385809836159, 0.003962300140913343, 0.04130854836035558;
 -0.004019412016703407, -0.9999910776360386, -0.001299605845740566;
 0.04130303036202668, -0.001464522416223428, 0.9991455924223487]
2020/03/09 14:52:16 641904	INFO [input.cpp->run:256]	frame times (ms): 171.001
2020/03/09 14:52:16 641907	INFO [input.cpp->run:257]	FPS: 5.84792
2020/03/09 14:52:16 652941	INFO [input.cpp->run:173]	
frame_id 10
2020/03/09 14:52:16 707009	INFO [input.cpp->run:235]	rotation: 
[0.9999799477562072, 0.005459345963743546, -0.003209303217402904;
 -0.005498712069089839, 0.999908144797553, -0.01238814486100164;
 0.003141377257560976, 0.01240554348523565, 0.9999181137672032]
2020/03/09 14:52:16 707053	INFO [input.cpp->run:256]	frame times (ms): 172.401
2020/03/09 14:52:16 707056	INFO [input.cpp->run:257]	FPS: 5.80043
2020/03/09 14:52:16 719508	INFO [input.cpp->run:173]	
frame_id 11
2020/03/09 14:52:16 770880	INFO [input.cpp->run:235]	rotation: 
[0.9999771885985792, 0.00673601041695799, -0.0004984437222303369;
 -0.006726320763737703, 0.9998260399745257, 0.01739673526388167;
 0.0006155416029062876, -0.01739298572761177, 0.9998485411081092]
2020/03/09 14:52:16 770929	INFO [input.cpp->run:256]	frame times (ms): 160.123
2020/03/09 14:52:16 770932	INFO [input.cpp->run:257]	FPS: 6.2452
2020/03/09 14:52:16 786702	INFO [input.cpp->run:173]	
frame_id 12
2020/03/09 14:52:16 838973	INFO [input.cpp->run:235]	rotation: 
[-0.9216662133704316, -0.03159574396332426, -0.3866950996519274;
 -0.04104981639604055, -0.9831431502125045, 0.1781697470506259;
 -0.3858060441533561, 0.1800867989432783, 0.9048328249688462]
2020/03/09 14:52:16 839019	INFO [input.cpp->run:256]	frame times (ms): 155.978
2020/03/09 14:52:16 839021	INFO [input.cpp->run:257]	FPS: 6.41116
2020/03/09 14:52:16 852815	INFO [input.cpp->run:173]	
frame_id 13
2020/03/09 14:52:16 900780	INFO [input.cpp->run:235]	rotation: 
[0.9999963736859203, 0.002188682145576232, -0.001569167127749538;
 -0.0021683305679154, 0.9999150055342707, 0.01285612888654959;
 0.001597171736983092, -0.01285267979313913, 0.9999161253148074]
2020/03/09 14:52:16 900836	INFO [input.cpp->run:256]	frame times (ms): 158.816
2020/03/09 14:52:16 900841	INFO [input.cpp->run:257]	FPS: 6.2966
2020/03/09 14:52:16 919464	INFO [input.cpp->run:173]	
frame_id 14
2020/03/09 14:52:16 969605	INFO [input.cpp->run:235]	rotation: 
[-0.9998881878124358, 0.0008313293209209505, 0.01493053129406875;
 -0.001116321430498155, -0.9998171519566781, -0.0190896956419058;
 0.0149119314519213, -0.01910422845332843, 0.9997062882444903]
2020/03/09 14:52:16 969654	INFO [input.cpp->run:256]	frame times (ms): 160.624
2020/03/09 14:52:16 969657	INFO [input.cpp->run:257]	FPS: 6.22572
2020/03/09 14:52:16 986715	INFO [input.cpp->run:173]	
frame_id 15
2020/03/09 14:52:17 036037	INFO [input.cpp->run:235]	rotation: 
[-0.9990071054203722, -0.0004711173087909215, 0.04454864047410182;
 -0.0009512418266365923, -0.9994905605194208, -0.03190163901057862;
 0.04454097505215487, -0.03191234057626254, 0.9984977236130023]
2020/03/09 14:52:17 036086	INFO [input.cpp->run:256]	frame times (ms): 168.045
2020/03/09 14:52:17 036088	INFO [input.cpp->run:257]	FPS: 5.95079
2020/03/09 14:52:17 053052	INFO [input.cpp->run:173]	
frame_id 16
2020/03/09 14:52:17 101352	INFO [input.cpp->run:235]	rotation: 
[-0.9339586769630541, -0.03130438751997634, -0.3560073384741115;
 -0.04218625583966962, -0.9795346806784961, 0.1968047996526163;
 -0.3548823883255569, 0.1988261669652052, 0.9135242995050938]
2020/03/09 14:52:17 101407	INFO [input.cpp->run:256]	frame times (ms): 160.876
2020/03/09 14:52:17 101411	INFO [input.cpp->run:257]	FPS: 6.21597
2020/03/09 14:52:17 119981	INFO [input.cpp->run:173]	
frame_id 17
2020/03/09 14:52:17 169397	INFO [input.cpp->run:235]	rotation: 
[-0.9998347942602698, -0.0004781001354355495, 0.0181701845555998;
 9.263863265484643e-05, -0.9997750621144309, -0.0212088800310076;
 0.01817623736112072, -0.02120369294124091, 0.9996099378262737]
2020/03/09 14:52:17 169455	INFO [input.cpp->run:256]	frame times (ms): 161.872
2020/03/09 14:52:17 169458	INFO [input.cpp->run:257]	FPS: 6.17772
2020/03/09 14:52:17 185870	INFO [input.cpp->run:173]	
frame_id 18
2020/03/09 14:52:17 239303	INFO [input.cpp->run:235]	rotation: 
[-0.9433539924151669, -0.03642009779170143, -0.3297829914825932;
 -0.04656214967199211, -0.9695886166014512, 0.2402704325854659;
 -0.3285045071415128, 0.2420154768475083, 0.9129694944268321]
2020/03/09 14:52:17 239358	INFO [input.cpp->run:256]	frame times (ms): 162.938
2020/03/09 14:52:17 239362	INFO [input.cpp->run:257]	FPS: 6.1373
2020/03/09 14:52:17 252326	INFO [input.cpp->run:173]	
frame_id 19
2020/03/09 14:52:17 302618	INFO [input.cpp->run:235]	rotation: 
[-0.9393311917499687, -0.0387173190061649, -0.3408194264043033;
 -0.04966823978216361, -0.9677847361013164, 0.2468314617836365;
 -0.3393964910875258, 0.2487843921516785, 0.9071473684353577]
2020/03/09 14:52:17 302680	INFO [input.cpp->run:256]	frame times (ms): 167.55
2020/03/09 14:52:17 302694	INFO [input.cpp->run:257]	FPS: 5.96837
2020/03/09 14:52:17 320417	INFO [input.cpp->run:173]	
frame_id 20
2020/03/09 14:52:17 378399	INFO [input.cpp->run:235]	rotation: 
[-0.9432542439681175, -0.0318553456960903, -0.3305399645832825;
 -0.03334703293938079, -0.9812697999735166, 0.189730216502471;
 -0.3303928065655711, 0.189986359011686, 0.9245246220405421]
2020/03/09 14:52:17 378457	INFO [input.cpp->run:256]	frame times (ms): 176.424
2020/03/09 14:52:17 378459	INFO [input.cpp->run:257]	FPS: 5.66816
2020/03/09 14:52:17 387248	INFO [input.cpp->run:173]	
frame_id 21
2020/03/09 14:52:17 439161	INFO [input.cpp->run:235]	rotation: 
[-0.9531174522833079, -0.0247894189230309, -0.3015834989889778;
 -0.03299055391640447, -0.982185410316864, 0.1849957921493952;
 -0.3007968508898741, 0.1862721247802577, 0.9353202392895079]
2020/03/09 14:52:17 439242	INFO [input.cpp->run:256]	frame times (ms): 170.513
2020/03/09 14:52:17 439289	INFO [input.cpp->run:257]	FPS: 5.86466
2020/03/09 14:52:17 452863	INFO [input.cpp->run:173]	
frame_id 22
2020/03/09 14:52:17 504419	INFO [input.cpp->run:235]	rotation: 
[-0.8770208060829932, -0.020663382950542, -0.4800078440010914;
 -0.04804769938283418, -0.9902941813014319, 0.1304179936379314;
 -0.4780438518395081, 0.1374425664980321, 0.8675157731320393]
2020/03/09 14:52:17 504467	INFO [input.cpp->run:256]	frame times (ms): 167.168
2020/03/09 14:52:17 504470	INFO [input.cpp->run:257]	FPS: 5.98201
2020/03/09 14:52:17 519695	INFO [input.cpp->run:173]	
frame_id 23
2020/03/09 14:52:17 570593	INFO [input.cpp->run:235]	rotation: 
[0.9999034275976273, 0.005220233818257625, -0.01287962101147172;
 -0.004986600189784119, 0.9998236431464681, 0.01810570141892483;
 0.0129718655968858, -0.01803972738726201, 0.9997531189942493]
2020/03/09 14:52:17 570652	INFO [input.cpp->run:256]	frame times (ms): 167.753
2020/03/09 14:52:17 570660	INFO [input.cpp->run:257]	FPS: 5.96114
2020/03/09 14:52:17 586078	INFO [input.cpp->run:173]	
frame_id 24
2020/03/09 14:52:17 637548	INFO [input.cpp->run:235]	rotation: 
[0.9999776176263618, -0.002423475322583611, -0.006236266003506847;
 0.002505709499157291, 0.9999095703091534, 0.01321259338926563;
 0.006203681665873895, -0.01322792393102792, 0.9998932624846831]
2020/03/09 14:52:17 637591	INFO [input.cpp->run:256]	frame times (ms): 155.434
2020/03/09 14:52:17 637593	INFO [input.cpp->run:257]	FPS: 6.4336
2020/03/09 14:52:17 652505	INFO [input.cpp->run:173]	
frame_id 25
2020/03/09 14:52:17 702474	INFO [input.cpp->run:235]	rotation: 
[0.9999838699696338, -0.004545129156075521, -0.003406112374684029;
 0.004584289290955853, 0.9999224550106639, 0.01157878478699917;
 0.003353221175408943, -0.01159421262533201, 0.999927162418017]
2020/03/09 14:52:17 702519	INFO [input.cpp->run:256]	frame times (ms): 145.828
2020/03/09 14:52:17 702522	INFO [input.cpp->run:257]	FPS: 6.85739
2020/03/09 14:52:17 719290	INFO [input.cpp->run:173]	
frame_id 26
2020/03/09 14:52:17 772608	INFO [input.cpp->run:235]	rotation: 
[0.9999786849848769, -0.002093859965190189, -0.006184280585698354;
 0.002170744076629981, 0.9999201177286037, 0.01245174814109427;
 0.006157714354388948, -0.01246490722234396, 0.999903349650289]
2020/03/09 14:52:17 772655	INFO [input.cpp->run:256]	frame times (ms): 166.645
2020/03/09 14:52:17 772660	INFO [input.cpp->run:257]	FPS: 6.00078
2020/03/09 14:52:17 786417	INFO [input.cpp->run:173]	
frame_id 27
2020/03/09 14:52:17 838442	INFO [input.cpp->run:235]	rotation: 
[0.9999995939899951, -0.0008889914069444227, -0.0001473571288238411;
 0.000890529852119333, 0.9999413737125169, 0.01079148249810925;
 0.0001377549546134337, -0.01079160934258153, 0.999941759399701]
2020/03/09 14:52:17 838487	INFO [input.cpp->run:256]	frame times (ms): 162.02
2020/03/09 14:52:17 838490	INFO [input.cpp->run:257]	FPS: 6.17208
2020/03/09 14:52:17 852762	INFO [input.cpp->run:173]	
frame_id 28
2020/03/09 14:52:17 906912	INFO [input.cpp->run:235]	rotation: 
[0.9999876985692856, -0.003138376220743564, -0.003841003098229626;
 0.003182795989853505, 0.9999274935313217, 0.01161367684480765;
 0.003804276513413646, -0.01162575910922467, 0.9999251818037906]
2020/03/09 14:52:17 906957	INFO [input.cpp->run:256]	frame times (ms): 170.743
2020/03/09 14:52:17 906959	INFO [input.cpp->run:257]	FPS: 5.85676
2020/03/09 14:52:17 920926	INFO [input.cpp->run:173]	
frame_id 29
2020/03/09 14:52:17 970655	INFO [input.cpp->run:235]	rotation: 
[0.999970878327444, -0.001017309019149355, -0.007563569223567636;
 0.001117849178973529, 0.9999109213928397, 0.01330036437604576;
 0.007549364890718314, -0.0133084319768362, 0.9998829395124534]
2020/03/09 14:52:17 970698	INFO [input.cpp->run:256]	frame times (ms): 162.686
2020/03/09 14:52:17 970701	INFO [input.cpp->run:257]	FPS: 6.14681
2020/03/09 14:52:17 986923	INFO [input.cpp->run:173]	
frame_id 30
2020/03/09 14:52:18 039670	INFO [input.cpp->run:235]	rotation: 
[-0.9999414291736013, 0.002400646576835473, 0.01055344106293355;
 -0.00236147244907834, -0.999990281788425, 0.003722872087345579;
 0.01056227580249294, 0.003697732375337757, 0.9999373805919818]
2020/03/09 14:52:18 039715	INFO [input.cpp->run:256]	frame times (ms): 165.446
2020/03/09 14:52:18 039757	INFO [input.cpp->run:257]	FPS: 6.04427
2020/03/09 14:52:18 053337	INFO [input.cpp->run:173]	
frame_id 31
2020/03/09 14:52:18 104494	INFO [input.cpp->run:235]	rotation: 
[0.9999882657295326, -0.001354508321507527, 0.004651205268395022;
 0.001307562354442455, 0.9999483250715474, 0.01008154091874147;
 -0.004664620448763613, -0.01007534087830186, 0.9999383625115376]
2020/03/09 14:52:18 104539	INFO [input.cpp->run:256]	frame times (ms): 171.253
2020/03/09 14:52:18 104543	INFO [input.cpp->run:257]	FPS: 5.83931
2020/03/09 14:52:18 120128	INFO [input.cpp->run:173]	
frame_id 32
2020/03/09 14:52:18 173170	INFO [input.cpp->run:235]	rotation: 
[0.9999935670135693, -0.0005091674783828476, 0.00355058867753256;
 0.0004757258901848159, 0.9999555826662555, 0.00941309616793886;
 -0.003555223812289885, -0.009411346506659642, 0.9999493921897128]
2020/03/09 14:52:18 173214	INFO [input.cpp->run:256]	frame times (ms): 174.209
2020/03/09 14:52:18 173216	INFO [input.cpp->run:257]	FPS: 5.74023
2020/03/09 14:52:18 186946	INFO [input.cpp->run:173]	
frame_id 33
2020/03/09 14:52:18 238767	INFO [input.cpp->run:235]	rotation: 
[0.9999933922443722, -0.002423907030139541, 0.002709269699076318;
 0.002387300496348618, 0.9999069082331379, 0.01343412311940614;
 -0.002741580553846014, -0.01342756650910615, 0.9999060876870939]
2020/03/09 14:52:18 238818	INFO [input.cpp->run:256]	frame times (ms): 170.192
2020/03/09 14:52:18 238820	INFO [input.cpp->run:257]	FPS: 5.87572
2020/03/09 14:52:18 253520	INFO [input.cpp->run:173]	
frame_id 34
2020/03/09 14:52:18 312109	INFO [input.cpp->run:235]	rotation: 
[0.9999848891683015, -0.002012137062084795, -0.005115929974412452;
 0.002075546352411257, 0.9999207205424326, 0.01241953047587955;
 0.005090534588694918, -0.01242996115624234, 0.9999097871924525]
2020/03/09 14:52:18 312189	INFO [input.cpp->run:256]	frame times (ms): 179.456
2020/03/09 14:52:18 312194	INFO [input.cpp->run:257]	FPS: 5.5724
2020/03/09 14:52:18 320748	INFO [input.cpp->run:173]	
frame_id 35
2020/03/09 14:52:18 375925	INFO [input.cpp->run:235]	rotation: 
[0.9999962621411579, -0.002480358803048202, 0.001150445096787654;
 0.002500911457433902, 0.9998308463652972, -0.01822152843028454;
 -0.001105054566370957, 0.01822433748210708, 0.9998333122964765]
2020/03/09 14:52:18 375992	INFO [input.cpp->run:256]	frame times (ms): 180.591
2020/03/09 14:52:18 375997	INFO [input.cpp->run:257]	FPS: 5.53737
2020/03/09 14:52:18 386482	INFO [input.cpp->run:173]	
frame_id 36
2020/03/09 14:52:18 443336	INFO [input.cpp->run:235]	rotation: 
[0.9999890205128756, 0.004544375272338625, 0.001143462760100569;
 -0.004530039592139358, 0.9999148026941254, -0.01224198082264156;
 -0.001198997495088897, 0.01223666648039535, 0.999924410342329]
2020/03/09 14:52:18 443397	INFO [input.cpp->run:256]	frame times (ms): 170.111
2020/03/09 14:52:18 443400	INFO [input.cpp->run:257]	FPS: 5.87851
2020/03/09 14:52:18 453651	INFO [input.cpp->run:173]	
frame_id 37
2020/03/09 14:52:18 509653	INFO [input.cpp->run:235]	rotation: 
[0.9999850452028136, -0.001152841693730234, -0.005346057122407819;
 0.001225270815468455, 0.9999072443342336, 0.01356471302121849;
 0.005329923278585859, -0.01357106053145628, 0.9998937034674715]
2020/03/09 14:52:18 509711	INFO [input.cpp->run:256]	frame times (ms): 167.405
2020/03/09 14:52:18 509718	INFO [input.cpp->run:257]	FPS: 5.97354
2020/03/09 14:52:18 520025	INFO [input.cpp->run:173]	
frame_id 38
2020/03/09 14:52:18 585010	INFO [input.cpp->run:235]	rotation: 
[-0.925084494303516, -0.03062108148387187, -0.378524804693122;
 -0.04203264445724288, -0.9823638603476529, 0.1821935857344821;
 -0.377428053010291, 0.184454859658441, 0.9074824899408505]
2020/03/09 14:52:18 585076	INFO [input.cpp->run:256]	frame times (ms): 180.667
2020/03/09 14:52:18 585080	INFO [input.cpp->run:257]	FPS: 5.53505
2020/03/09 14:52:18 590321	INFO [input.cpp->run:173]	
frame_id 39
2020/03/09 14:52:18 638913	INFO [input.cpp->run:235]	rotation: 
[0.999999776793811, 0.0003816929801691722, 0.0005483819809846255;
 -0.000403443429878244, 0.9991905166290438, 0.04022621921065173;
 -0.0005325840093986344, -0.04022643147301792, 0.9991904475950616]
2020/03/09 14:52:18 638968	INFO [input.cpp->run:256]	frame times (ms): 153.146
2020/03/09 14:52:18 638976	INFO [input.cpp->run:257]	FPS: 6.52972
2020/03/09 14:52:18 652939	INFO [input.cpp->run:173]	
frame_id 40
2020/03/09 14:52:18 706572	INFO [input.cpp->run:235]	rotation: 
[-0.9990092375388422, -0.005097166029228957, -0.0442104310149963;
 0.005099989645482737, -0.9999869937714304, 4.892436203778772e-05;
 -0.04421010537962154, -0.0001765968507823654, 0.999022239690326]
2020/03/09 14:52:18 706631	INFO [input.cpp->run:256]	frame times (ms): 158.624
2020/03/09 14:52:18 706636	INFO [input.cpp->run:257]	FPS: 6.30422
2020/03/09 14:52:18 719903	INFO [input.cpp->run:173]	
frame_id 41
2020/03/09 14:52:18 772832	INFO [input.cpp->run:235]	rotation: 
[0.9999937202442578, 0.00324270365671814, 0.001429805946149131;
 -0.003255025026774345, 0.9999568470441659, 0.008701083930508939;
 -0.001401529209117413, -0.00870568334396531, 0.9999611226409708]
2020/03/09 14:52:18 772887	INFO [input.cpp->run:256]	frame times (ms): 165.667
2020/03/09 14:52:18 772890	INFO [input.cpp->run:257]	FPS: 6.0362
2020/03/09 14:52:18 785996	INFO [input.cpp->run:173]	
frame_id 42
2020/03/09 14:52:18 839139	INFO [input.cpp->run:235]	rotation: 
[0.99998880788758, -0.004210743707027931, -0.002157252189757144;
 0.00423480829504336, 0.9999274699593258, 0.01127480463004732;
 0.002109620411524135, -0.01128381399063407, 0.9999341103510491]
2020/03/09 14:52:18 839195	INFO [input.cpp->run:256]	frame times (ms): 171.978
2020/03/09 14:52:18 839197	INFO [input.cpp->run:257]	FPS: 5.8147
2020/03/09 14:52:18 853076	INFO [input.cpp->run:173]	
frame_id 43
2020/03/09 14:52:18 910223	INFO [input.cpp->run:235]	rotation: 
[-0.9998975036131084, 0.003047058922023952, 0.01398919941239384;
 -0.002997847957185985, -0.9999892497756981, 0.003537405922694491;
 0.01399982770963992, 0.003495105858487333, 0.9998958891100305]
2020/03/09 14:52:18 910283	INFO [input.cpp->run:256]	frame times (ms): 172.665
2020/03/09 14:52:18 910292	INFO [input.cpp->run:257]	FPS: 5.79156
2020/03/09 14:52:18 919897	INFO [input.cpp->run:173]	
frame_id 44
2020/03/09 14:52:18 975945	INFO [input.cpp->run:235]	rotation: 
[0.9999993344528781, -0.001041067273952746, 0.0004972652529955269;
 0.001036624106496125, 0.9999602704272645, 0.008853416148236978;
 -0.0005064624986741034, -0.008852894778722763, 0.9999606841020172]
2020/03/09 14:52:18 976017	INFO [input.cpp->run:256]	frame times (ms): 173.018
2020/03/09 14:52:18 976022	INFO [input.cpp->run:257]	FPS: 5.77975
2020/03/09 14:52:18 987184	INFO [input.cpp->run:173]	
frame_id 45
2020/03/09 14:52:19 038898	INFO [input.cpp->run:235]	rotation: 
[-0.9999149060457456, 0.003178157290399871, 0.01265227188157344;
 -0.003174044043859214, -0.9999949031392729, 0.0003451664582554741;
 0.01265330438800148, 0.0003049782184696696, 0.9999198972299481]
2020/03/09 14:52:19 038956	INFO [input.cpp->run:256]	frame times (ms): 168.604
2020/03/09 14:52:19 038959	INFO [input.cpp->run:257]	FPS: 5.93106
2020/03/09 14:52:19 053032	INFO [input.cpp->run:173]	
frame_id 46
2020/03/09 14:52:19 106999	INFO [input.cpp->run:235]	rotation: 
[-0.9738176074837116, -0.003623839035229859, -0.2273018590890682;
 -0.01307916067547651, -0.9973235964083909, 0.07193455082961311;
 -0.2269541868103008, 0.07302404972116971, 0.9711638817684661]
2020/03/09 14:52:19 107065	INFO [input.cpp->run:256]	frame times (ms): 171.08
2020/03/09 14:52:19 107068	INFO [input.cpp->run:257]	FPS: 5.84522
2020/03/09 14:52:19 119992	INFO [input.cpp->run:173]	
frame_id 47
2020/03/09 14:52:19 172345	INFO [input.cpp->run:235]	rotation: 
[0.9999783371699573, -0.0005669429562992614, -0.00655772571030121;
 0.0006591801511729043, 0.9999007696783543, 0.0140718256869164;
 0.006549097062614245, -0.01407584357397322, 0.9998794827154648]
2020/03/09 14:52:19 172406	INFO [input.cpp->run:256]	frame times (ms): 169.179
2020/03/09 14:52:19 172410	INFO [input.cpp->run:257]	FPS: 5.9109
2020/03/09 14:52:19 187590	INFO [input.cpp->run:173]	
frame_id 48
2020/03/09 14:52:19 242506	INFO [input.cpp->run:235]	rotation: 
[0.9999657676981505, 0.007875705685784379, -0.002537063617531118;
 -0.007855981889035567, 0.9999395517871895, 0.007692614652615063;
 0.0025974950255278, -0.007672420190877608, 0.9999671929558525]
2020/03/09 14:52:19 242566	INFO [input.cpp->run:256]	frame times (ms): 170.885
2020/03/09 14:52:19 242570	INFO [input.cpp->run:257]	FPS: 5.85189
2020/03/09 14:52:19 254553	INFO [input.cpp->run:173]	
frame_id 49
2020/03/09 14:52:19 307077	INFO [input.cpp->run:235]	rotation: 
[0.9999957079295706, 0.002845568480786544, 0.0006977552995057648;
 -0.002853596774593144, 0.9999264436648024, 0.01178830968835731;
 -0.0006641595326921284, -0.01179025020437401, 0.9999302720151207]
2020/03/09 14:52:19 307140	INFO [input.cpp->run:256]	frame times (ms): 163.475
2020/03/09 14:52:19 307145	INFO [input.cpp->run:257]	FPS: 6.11714
2020/03/09 14:52:19 320078	INFO [input.cpp->run:173]	
frame_id 50
2020/03/09 14:52:19 372833	INFO [input.cpp->run:235]	rotation: 
[0.9999960323134429, -0.001019677062707693, 0.002625950505906333;
 0.0009993581463455272, 0.9999696433617474, 0.00772746001445229;
 -0.002633750304606484, -0.007724805089283093, 0.9999666948182152]
2020/03/09 14:52:19 372898	INFO [input.cpp->run:256]	frame times (ms): 169.637
2020/03/09 14:52:19 372905	INFO [input.cpp->run:257]	FPS: 5.89494
2020/03/09 14:52:19 387233	INFO [input.cpp->run:173]	
frame_id 51
2020/03/09 14:52:19 442383	INFO [input.cpp->run:235]	rotation: 
[-0.9995701469438866, -0.0046550083011707, -0.02894567733346615;
 0.00350918853750117, -0.9992129844904118, 0.03951072286825703;
 -0.02910681937940617, 0.03939216322417404, 0.9987998050370925]
2020/03/09 14:52:19 442461	INFO [input.cpp->run:256]	frame times (ms): 169.301
2020/03/09 14:52:19 442465	INFO [input.cpp->run:257]	FPS: 5.90664
2020/03/09 14:52:19 453963	INFO [input.cpp->run:173]	
frame_id 52
2020/03/09 14:52:19 506133	INFO [input.cpp->run:235]	rotation: 
[0.9999995476176411, -0.0001198014612918462, 0.000943616512713645;
 9.798972492316579e-05, 0.9997335872829183, 0.0230812663526371;
 -0.000946130290712122, -0.02308116344635686, 0.999733146760392]
2020/03/09 14:52:19 506195	INFO [input.cpp->run:256]	frame times (ms): 161.599
2020/03/09 14:52:19 506199	INFO [input.cpp->run:257]	FPS: 6.18816
2020/03/09 14:52:19 520805	INFO [input.cpp->run:173]	
frame_id 53
2020/03/09 14:52:19 573491	INFO [input.cpp->run:235]	rotation: 
[0.9999977407541193, -0.001057813336909246, 0.001843778078128599;
 0.001034636562772744, 0.9999210086607366, 0.01252621116211721;
 -0.001856882828857132, -0.01252427522211297, 0.9999198440456718]
2020/03/09 14:52:19 573554	INFO [input.cpp->run:256]	frame times (ms): 165.812
2020/03/09 14:52:19 573559	INFO [input.cpp->run:257]	FPS: 6.03093
2020/03/09 14:52:19 586953	INFO [input.cpp->run:173]	
frame_id 54
2020/03/09 14:52:19 640454	INFO [input.cpp->run:235]	rotation: 
[0.9999992061621025, -0.001259527500273464, 3.55758489242449e-05;
 0.001259474243478087, 0.9999981420558581, 0.001459318149586266;
 -3.74138341673569e-05, -0.001459272184258804, 0.999998934561881]
2020/03/09 14:52:19 640529	INFO [input.cpp->run:256]	frame times (ms): 172.162
2020/03/09 14:52:19 640534	INFO [input.cpp->run:257]	FPS: 5.80848
2020/03/09 14:52:19 653607	INFO [input.cpp->run:173]	
frame_id 55
2020/03/09 14:52:19 706655	INFO [input.cpp->run:235]	rotation: 
[-0.9615206472611189, -0.01076250520429983, -0.2745217903414707;
 -0.01469365061534708, -0.9957876570237499, 0.09050435763400899;
 -0.274339464026146, 0.09105553580578124, 0.9573122520248909]
2020/03/09 14:52:19 706724	INFO [input.cpp->run:256]	frame times (ms): 169.235
2020/03/09 14:52:19 706728	INFO [input.cpp->run:257]	FPS: 5.90894
2020/03/09 14:52:19 720199	INFO [input.cpp->run:173]	
frame_id 56
2020/03/09 14:52:19 773986	INFO [input.cpp->run:235]	rotation: 
[0.9998229632611104, 0.009330778793707667, -0.01633948294393727;
 -0.008971390608947829, 0.9997192127560633, 0.02193193554929785;
 0.01653953706468245, -0.02178146490711236, 0.9996259357880758]
2020/03/09 14:52:19 774055	INFO [input.cpp->run:256]	frame times (ms): 171.146
2020/03/09 14:52:19 774061	INFO [input.cpp->run:257]	FPS: 5.84296
2020/03/09 14:52:19 787096	INFO [input.cpp->run:173]	
frame_id 57
2020/03/09 14:52:19 839303	INFO [input.cpp->run:235]	rotation: 
[0.9999986071044011, -0.001436700332772983, 0.0008495183407804623;
 0.001429490113526911, 0.9999634622574709, 0.008427971764719091;
 -0.0008615957711370264, -0.008426745647364909, 0.9999641231616871]
2020/03/09 14:52:19 839365	INFO [input.cpp->run:256]	frame times (ms): 168.216
2020/03/09 14:52:19 839369	INFO [input.cpp->run:257]	FPS: 5.94474
2020/03/09 14:52:19 854585	INFO [input.cpp->run:173]	
frame_id 58
2020/03/09 14:52:19 907059	INFO [input.cpp->run:235]	rotation: 
[-0.9264911230854951, -0.02925387616175283, -0.3751778372629317;
 -0.03692160338947654, -0.9850973335722256, 0.1679882096816362;
 -0.3745009933857695, 0.1694917523610043, 0.9116038349166091]
2020/03/09 14:52:19 907121	INFO [input.cpp->run:256]	frame times (ms): 165.39
2020/03/09 14:52:19 907125	INFO [input.cpp->run:257]	FPS: 6.04631
2020/03/09 14:52:19 921827	INFO [input.cpp->run:173]	
frame_id 59
2020/03/09 14:52:19 975131	INFO [input.cpp->run:235]	rotation: 
[-0.9999949972354355, 3.180107181121707e-05, 0.0031629879533816;
 -6.234877248994635e-05, -0.9999533562439284, -0.009658232195059652;
 0.00316253327760744, -0.009658381085614166, 0.9999483556954696]
2020/03/09 14:52:19 975222	INFO [input.cpp->run:256]	frame times (ms): 170.384
2020/03/09 14:52:19 975227	INFO [input.cpp->run:257]	FPS: 5.8691
2020/03/09 14:52:19 987769	INFO [input.cpp->run:173]	
frame_id 60
2020/03/09 14:52:20 040523	INFO [input.cpp->run:235]	rotation: 
[-0.999935501345051, 0.003438166735505096, 0.01082460896846608;
 -0.00341734496584301, -0.9999922761985524, 0.001941467646535075;
 0.01083120045081604, 0.00190435100151764, 0.9999395274435641]
2020/03/09 14:52:20 040583	INFO [input.cpp->run:256]	frame times (ms): 170.573
2020/03/09 14:52:20 040588	INFO [input.cpp->run:257]	FPS: 5.86259
2020/03/09 14:52:20 054182	INFO [input.cpp->run:173]	
frame_id 61
2020/03/09 14:52:20 106414	INFO [input.cpp->run:235]	rotation: 
[0.9999580570196124, 0.001880693977971047, -0.008963659505077036;
 -0.001733463333159983, 0.999863928827978, 0.01640484481952538;
 0.008993292302284206, -0.01638861857635787, 0.9998252516688726]
2020/03/09 14:52:20 106474	INFO [input.cpp->run:256]	frame times (ms): 164.946
2020/03/09 14:52:20 106477	INFO [input.cpp->run:257]	FPS: 6.06259
2020/03/09 14:52:20 119928	INFO [input.cpp->run:173]	
frame_id 62
2020/03/09 14:52:20 174940	INFO [input.cpp->run:235]	rotation: 
[0.9999943922630429, -0.003319713571341508, 0.0004415249389274037;
 0.003317197981331267, 0.9999789231822315, 0.005581163754768112;
 -0.0004600434980473086, -0.005579667831433744, 0.9999843277106251]
2020/03/09 14:52:20 175006	INFO [input.cpp->run:256]	frame times (ms): 168.527
2020/03/09 14:52:20 175026	INFO [input.cpp->run:257]	FPS: 5.93377
2020/03/09 14:52:20 188362	INFO [input.cpp->run:173]	
frame_id 63
2020/03/09 14:52:20 241091	INFO [input.cpp->run:235]	rotation: 
[-0.9623900480591395, 0.01081610345495509, -0.2714560872457621;
 -0.01129103806441842, -0.9999362365697189, 0.0001877610587916127;
 -0.2714367474314319, 0.003245720388304081, 0.9624508078042258]
2020/03/09 14:52:20 241159	INFO [input.cpp->run:256]	frame times (ms): 166.704
2020/03/09 14:52:20 241162	INFO [input.cpp->run:257]	FPS: 5.99866
2020/03/09 14:52:20 253493	INFO [input.cpp->run:173]	
frame_id 64
2020/03/09 14:52:20 307560	INFO [input.cpp->run:235]	rotation: 
[0.9999772682493188, -0.003633473977826818, 0.005679863685197266;
 0.003801810225097897, 0.9995452743845071, -0.02991305224501161;
 -0.005568592608757475, 0.0299339660328014, 0.9995363667490567]
2020/03/09 14:52:20 307627	INFO [input.cpp->run:256]	frame times (ms): 169.809
2020/03/09 14:52:20 307630	INFO [input.cpp->run:257]	FPS: 5.88897
2020/03/09 14:52:20 321331	INFO [input.cpp->run:173]	
frame_id 65
2020/03/09 14:52:20 377061	INFO [input.cpp->run:235]	rotation: 
[-0.9999781125734148, -0.000441229983711254, 0.006601491514214805;
 0.0004433164185858069, -0.999999852250221, 0.0003145951193223225;
 0.006601351730046519, 0.0003175147832201505, 0.9999781604313656]
2020/03/09 14:52:20 377125	INFO [input.cpp->run:256]	frame times (ms): 170.5
2020/03/09 14:52:20 377128	INFO [input.cpp->run:257]	FPS: 5.8651
2020/03/09 14:52:20 387517	INFO [input.cpp->run:173]	
frame_id 66
2020/03/09 14:52:20 440532	INFO [input.cpp->run:235]	rotation: 
[0.9999726058829472, -4.752246740536232e-05, -0.007401704214775901;
 0.0001622880532745606, 0.999879769906111, 0.015505463394887;
 0.007400077449304433, -0.01550623984457573, 0.9998523867949842]
2020/03/09 14:52:20 440588	INFO [input.cpp->run:256]	frame times (ms): 168.331
2020/03/09 14:52:20 440590	INFO [input.cpp->run:257]	FPS: 5.94068
2020/03/09 14:52:20 454758	INFO [input.cpp->run:173]	
frame_id 67
2020/03/09 14:52:20 507149	INFO [input.cpp->run:235]	rotation: 
[-0.9903157682748877, 0.004404381458813918, -0.1387633976597729;
 -0.01128121356924125, -0.9987443456939789, 0.04881051285032027;
 -0.1383741786841901, 0.04990324005784964, 0.9891219607840105]
2020/03/09 14:52:20 507232	INFO [input.cpp->run:256]	frame times (ms): 169.913
2020/03/09 14:52:20 507237	INFO [input.cpp->run:257]	FPS: 5.88537
2020/03/09 14:52:20 521654	INFO [input.cpp->run:173]	
frame_id 68
2020/03/09 14:52:20 578603	INFO [input.cpp->run:235]	rotation: 
[0.9999895072620653, -0.004211582179165854, 0.001802204572182855;
 0.004203014287791735, 0.9999799722418494, 0.004731784661900648;
 -0.001822096778023257, -0.004724160320957819, 0.999987181054134]
2020/03/09 14:52:20 578670	INFO [input.cpp->run:256]	frame times (ms): 174.734
2020/03/09 14:52:20 578675	INFO [input.cpp->run:257]	FPS: 5.72298
2020/03/09 14:52:20 588068	INFO [input.cpp->run:173]	
frame_id 69
2020/03/09 14:52:20 647260	INFO [input.cpp->run:235]	rotation: 
[0.9999375212139295, 0.008926818138758605, -0.006727970456215556;
 -0.008788946649095682, 0.9997563048619763, 0.0202505630915918;
 0.006907103976452706, -0.02019016608759622, 0.9997722986300499]
2020/03/09 14:52:20 647328	INFO [input.cpp->run:256]	frame times (ms): 173.449
2020/03/09 14:52:20 647331	INFO [input.cpp->run:257]	FPS: 5.76538
2020/03/09 14:52:20 654173	INFO [input.cpp->run:173]	
frame_id 70
2020/03/09 14:52:20 705921	INFO [input.cpp->run:235]	rotation: 
[0.9999929642857489, 0.003431842067481387, 0.00151454251337248;
 -0.003447080994991131, 0.9999422763635297, 0.01017652069895979;
 -0.001479530876635734, -0.01018166985058204, 0.9999470708929742]
2020/03/09 14:52:20 705981	INFO [input.cpp->run:256]	frame times (ms): 169.695
2020/03/09 14:52:20 705983	INFO [input.cpp->run:257]	FPS: 5.89293
2020/03/09 14:52:20 720665	INFO [input.cpp->run:173]	
frame_id 71
2020/03/09 14:52:20 773292	INFO [input.cpp->run:235]	rotation: 
[-0.9279151147230624, -0.02440451917816692, -0.3719918807073192;
 -0.03631884137327862, -0.9871900411987399, 0.1553601117382868;
 -0.3710181688674943, 0.1576713100145769, 0.9151422164715703]
2020/03/09 14:52:20 773348	INFO [input.cpp->run:256]	frame times (ms): 171.835
2020/03/09 14:52:20 773350	INFO [input.cpp->run:257]	FPS: 5.81954
2020/03/09 14:52:20 787284	INFO [input.cpp->run:173]	
frame_id 72
2020/03/09 14:52:20 842392	INFO [input.cpp->run:235]	rotation: 
[0.9999792746748779, -0.005425545561093561, -0.003466075023647813;
 0.005468392609534018, 0.9999072394873618, 0.01247433777928256;
 0.003398073420785809, -0.0124930331036198, 0.9999161850979805]
2020/03/09 14:52:20 842456	INFO [input.cpp->run:256]	frame times (ms): 169.906
2020/03/09 14:52:20 842460	INFO [input.cpp->run:257]	FPS: 5.88561
2020/03/09 14:52:20 853982	INFO [input.cpp->run:173]	
frame_id 73
2020/03/09 14:52:20 904580	INFO [input.cpp->run:235]	rotation: 
[0.9999993489707154, -0.001068822790175948, -0.0003995947803847741;
 0.001074303274535322, 0.9999017517850027, 0.01397614574040899;
 0.0003846174978247095, -0.01397656592750988, 0.999902249059504]
2020/03/09 14:52:20 904646	INFO [input.cpp->run:256]	frame times (ms): 164.495
2020/03/09 14:52:20 904665	INFO [input.cpp->run:257]	FPS: 6.07921
2020/03/09 14:52:20 920370	INFO [input.cpp->run:173]	
frame_id 74
2020/03/09 14:52:20 974047	INFO [input.cpp->run:235]	rotation: 
[-0.9103230982761901, -0.02552857589265502, -0.413110334605334;
 -0.03027167948058382, -0.9913165150689169, 0.1279655905821665;
 -0.4127898765307391, 0.1289955765307896, 0.9016455285028739]
2020/03/09 14:52:20 974111	INFO [input.cpp->run:256]	frame times (ms): 167.387
2020/03/09 14:52:20 974123	INFO [input.cpp->run:257]	FPS: 5.97418
2020/03/09 14:52:20 987625	INFO [input.cpp->run:173]	
frame_id 75
2020/03/09 14:52:21 040251	INFO [input.cpp->run:235]	rotation: 
[-0.9989513589109945, 0.0009544093332193722, 0.04577413715955858;
 -0.0004275136248411625, -0.9999335606346116, 0.01151918177163938;
 0.0457820899695284, 0.01148753321702086, 0.9988853972396479]
2020/03/09 14:52:21 040310	INFO [input.cpp->run:256]	frame times (ms): 169.893
2020/03/09 14:52:21 040313	INFO [input.cpp->run:257]	FPS: 5.88606
2020/03/09 14:52:21 054479	INFO [input.cpp->run:173]	
frame_id 76
2020/03/09 14:52:21 107878	INFO [input.cpp->run:235]	rotation: 
[-0.9256390845537593, -0.03603211349332956, -0.376688162733689;
 -0.04610500245104145, -0.9773009780112868, 0.2067779657680476;
 -0.3755883569753831, 0.2087689756055393, 0.9029667219389348]
2020/03/09 14:52:21 107936	INFO [input.cpp->run:256]	frame times (ms): 161.815
2020/03/09 14:52:21 107945	INFO [input.cpp->run:257]	FPS: 6.1799
2020/03/09 14:52:21 120222	INFO [input.cpp->run:173]	
frame_id 77
2020/03/09 14:52:21 171156	INFO [input.cpp->run:235]	rotation: 
[0.9999995668645018, -0.0002870480630682849, 0.0008853667140609419;
 0.0002674784755282297, 0.9997573879625359, 0.02202484210142171;
 -0.0008914741017031387, -0.0220245957451418, 0.9997570317112999]
2020/03/09 14:52:21 171225	INFO [input.cpp->run:256]	frame times (ms): 161.159
2020/03/09 14:52:21 171227	INFO [input.cpp->run:257]	FPS: 6.20505
2020/03/09 14:52:21 187861	INFO [input.cpp->run:173]	
frame_id 78
2020/03/09 14:52:21 238144	INFO [input.cpp->run:235]	rotation: 
[-0.9003731112141174, -0.02837586646441821, -0.4341924352231439;
 -0.03380636470284397, -0.9902929439296482, 0.1348221603028558;
 -0.4338034005263086, 0.1360687157488603, 0.8906738540488695]
2020/03/09 14:52:21 238203	INFO [input.cpp->run:256]	frame times (ms): 163.117
2020/03/09 14:52:21 238212	INFO [input.cpp->run:257]	FPS: 6.13057
2020/03/09 14:52:21 254635	INFO [input.cpp->run:173]	
frame_id 79
2020/03/09 14:52:21 306794	INFO [input.cpp->run:235]	rotation: 
[0.9999949831899115, 0.003166561610204003, 8.051445426121962e-05;
 -0.003167485998384874, 0.9998416372700146, 0.01751192204375172;
 -2.504912370781007e-05, -0.01751208921817109, 0.9998466512939653]
2020/03/09 14:52:21 306859	INFO [input.cpp->run:256]	frame times (ms): 160.37
2020/03/09 14:52:21 306873	INFO [input.cpp->run:257]	FPS: 6.23558
2020/03/09 14:52:21 320144	INFO [input.cpp->run:173]	
frame_id 80
2020/03/09 14:52:21 372271	INFO [input.cpp->run:235]	rotation: 
[0.9999961887269531, -0.002757399426200543, 0.0001388523408143624;
 0.002756263830355381, 0.999967287015483, 0.007604466358147869;
 -0.0001598163497124055, -0.007604054661765455, 0.9999710759874184]
2020/03/09 14:52:21 372342	INFO [input.cpp->run:256]	frame times (ms): 166.51
2020/03/09 14:52:21 372347	INFO [input.cpp->run:257]	FPS: 6.00565
2020/03/09 14:52:21 386639	INFO [input.cpp->run:173]	
frame_id 81
2020/03/09 14:52:21 443320	INFO [input.cpp->run:235]	rotation: 
[0.9999978149147751, 0.002071431892676352, -0.0002816657400924521;
 -0.002065996977938587, 0.9998341877532008, 0.0180922264076132;
 0.0003190958512534923, -0.01809160495398877, 0.9998362826023202]
2020/03/09 14:52:21 443381	INFO [input.cpp->run:256]	frame times (ms): 164.698
2020/03/09 14:52:21 443385	INFO [input.cpp->run:257]	FPS: 6.07172
2020/03/09 14:52:21 453386	INFO [input.cpp->run:173]	
frame_id 82
2020/03/09 14:52:21 507252	INFO [input.cpp->run:235]	rotation: 
[-0.9348110313298895, -0.02841902828658372, -0.3540066306373295;
 -0.03779814951929145, -0.9831701745050104, 0.1787392174557798;
 -0.3531283556964316, 0.1804681877645853, 0.918004138121447]
2020/03/09 14:52:21 507315	INFO [input.cpp->run:256]	frame times (ms): 164.878
2020/03/09 14:52:21 507320	INFO [input.cpp->run:257]	FPS: 6.06509
2020/03/09 14:52:21 520046	INFO [input.cpp->run:173]	
frame_id 83
2020/03/09 14:52:21 574324	INFO [input.cpp->run:235]	rotation: 
[-0.9998800330027735, -0.01546989794823002, 0.0007757962643894563;
 0.01547878126366985, -0.9997933583364121, 0.01317755504598673;
 0.0005717805207901792, 0.01318798255495874, 0.9999128712958774]
2020/03/09 14:52:21 574391	INFO [input.cpp->run:256]	frame times (ms): 170.305
2020/03/09 14:52:21 574397	INFO [input.cpp->run:257]	FPS: 5.87182
2020/03/09 14:52:21 587124	INFO [input.cpp->run:173]	
frame_id 84
2020/03/09 14:52:21 645012	INFO [input.cpp->run:235]	rotation: 
