		g3log created log at: Mon Mar 09 13:04:32 2020
		LOG format: [YYYY/MM/DD hh:mm:ss uuu* LEVEL FILE->FUNCTION:LINE] message		(uuu*: microseconds fractions of the seconds value)

2020/03/09 13:04:32 295322	INFO [g3logger.h->logBanner:29]	Starting log.
2020/03/09 13:04:32 298827	DEBUG [main.cpp->main:48]	Filepath: /home/mitchell/KITTI/data_odometry_gray/dataset/sequences/00/
2020/03/09 13:04:32 298831	DEBUG [main.cpp->main:52]	Calibration Filepath: /home/mitchell/visual_odom_catkin_ws/tank_downsized.yaml
2020/03/09 13:04:32 298934	INFO [main.cpp->main:66]	P_left: 
[409.41, 0, 251.22, 0;
 0, 408.72, 191.78999, 0;
 0, 0, 1, 0]
2020/03/09 13:04:32 298946	INFO [main.cpp->main:67]	P_right: 
[409.41, 0, 251.22, -73.940002;
 0, 408.72, 191.78999, 0;
 0, 0, 1, 0]
2020/03/09 13:04:32 429728	INFO [input.cpp->Input:22]	frame_pose [1, 0, 0, 0;
 0, 1, 0, 0;
 0, 0, 1, 0;
 0, 0, 0, 1]
2020/03/09 13:04:34 980784	INFO [input.cpp->run:173]	
frame_id 1
2020/03/09 13:04:35 067030	INFO [input.cpp->run:235]	rotation: 
[-0.995695465460792, 0.00798755089693676, 0.09234034379124635;
 -0.003769535092133073, -0.9989451904062421, 0.04576349166558345;
 0.09260848052962482, 0.04521842096873346, 0.9946753056847689]
2020/03/09 13:04:35 067126	INFO [input.cpp->run:256]	frame times (ms): 125.789
2020/03/09 13:04:35 067129	INFO [input.cpp->run:257]	FPS: 7.94982
2020/03/09 13:04:35 108114	INFO [input.cpp->run:173]	
frame_id 2
2020/03/09 13:04:35 148614	INFO [input.cpp->run:235]	rotation: 
[-0.8213995449824674, -0.02105565037462848, 0.5699644261617537;
 -0.07443337420782822, -0.9868146161331739, -0.1437239930908342;
 0.5654754285613418, -0.1604791979455224, 0.8090018335703134]
2020/03/09 13:04:35 148684	INFO [input.cpp->run:256]	frame times (ms): 107.133
2020/03/09 13:04:35 148695	INFO [input.cpp->run:257]	FPS: 9.33419
2020/03/09 13:04:35 237609	INFO [input.cpp->run:173]	
frame_id 3
2020/03/09 13:04:35 277745	INFO [input.cpp->run:235]	rotation: 
[-0.999101889871875, 0.02853672890786418, -0.03132201713949453;
 -0.02707729892248706, -0.9985712107774563, -0.04606904480784502;
 -0.03259192442170301, -0.0451795541111687, 0.9984470813983113]
2020/03/09 13:04:35 277808	INFO [input.cpp->run:256]	frame times (ms): 105.634
2020/03/09 13:04:35 277813	INFO [input.cpp->run:257]	FPS: 9.46665
2020/03/09 13:04:35 372807	INFO [input.cpp->run:173]	
frame_id 4
2020/03/09 13:04:35 415077	INFO [input.cpp->run:235]	rotation: 
[0.2894697704342938, -0.13663935588986, 0.9473842612302155;
 -0.1183077397678782, -0.9872767543992311, -0.1062444771926345;
 0.9498476355267369, -0.0813283262149444, -0.3019522688097284]
2020/03/09 13:04:35 415126	INFO [input.cpp->run:256]	frame times (ms): 117.842
2020/03/09 13:04:35 415129	INFO [input.cpp->run:257]	FPS: 8.48594
2020/03/09 13:04:35 505979	INFO [input.cpp->run:173]	
frame_id 5
2020/03/09 13:04:35 548809	INFO [input.cpp->run:235]	rotation: 
[-0.9999246732998128, 0.01167368049856624, -0.003791162075126349;
 -0.01167588741076801, -0.9999316774071634, 0.0005605094714650297;
 -0.003784359844617209, 0.0006047324316812696, 0.9999926564326618]
2020/03/09 13:04:35 548882	INFO [input.cpp->run:256]	frame times (ms): 118.112
2020/03/09 13:04:35 548887	INFO [input.cpp->run:257]	FPS: 8.46654
2020/03/09 13:04:35 638443	INFO [input.cpp->run:173]	
frame_id 6
2020/03/09 13:04:35 683670	INFO [input.cpp->run:235]	rotation: 
[-0.999902647342456, 0.01264545278469289, -0.005898165936803752;
 -0.01258676842715902, -0.9998719435845604, -0.009882797832322732;
 -0.00602238309218552, -0.009807596866898279, 0.9999337687795057]
2020/03/09 13:04:35 683752	INFO [input.cpp->run:256]	frame times (ms): 117.526
2020/03/09 13:04:35 683759	INFO [input.cpp->run:257]	FPS: 8.50876
2020/03/09 13:04:35 772831	INFO [input.cpp->run:173]	
frame_id 7
2020/03/09 13:04:35 813854	INFO [input.cpp->run:235]	rotation: 
[-0.8405118661749458, 0.2557351947385704, 0.4776393126524821;
 -0.06139483099647254, -0.9208685015218625, 0.3850089318857344;
 0.5383033322821109, 0.2942799909557307, 0.7897017217766908]
2020/03/09 13:04:35 813912	INFO [input.cpp->run:256]	frame times (ms): 114.33
2020/03/09 13:04:35 813916	INFO [input.cpp->run:257]	FPS: 8.74661
2020/03/09 13:04:35 906925	INFO [input.cpp->run:173]	
frame_id 8
2020/03/09 13:04:35 947971	INFO [input.cpp->run:235]	rotation: 
[-0.9967197767783245, -0.01690284821660572, -0.07914531130227143;
 0.01566657235489072, -0.9997457782104775, 0.01621534646486482;
 -0.07939927637967514, 0.01492222076277587, 0.9967311985876087]
2020/03/09 13:04:35 948032	INFO [input.cpp->run:256]	frame times (ms): 114.55
2020/03/09 13:04:35 948037	INFO [input.cpp->run:257]	FPS: 8.72981
2020/03/09 13:04:36 038353	INFO [input.cpp->run:173]	
frame_id 9
2020/03/09 13:04:36 078062	INFO [input.cpp->run:235]	rotation: 
[-0.8588664343069188, 0.4126372836711252, 0.3034450858811764;
 0.02323046382009791, -0.5604440846178489, 0.8278663983805385;
 0.5116725452588036, 0.7180758317485534, 0.4717608570949909]
2020/03/09 13:04:36 078124	INFO [input.cpp->run:256]	frame times (ms): 108.55
2020/03/09 13:04:36 078127	INFO [input.cpp->run:257]	FPS: 9.21234
2020/03/09 13:04:36 171818	INFO [input.cpp->run:173]	
frame_id 10
2020/03/09 13:04:36 210221	INFO [input.cpp->run:235]	rotation: 
[-0.9915435168884442, 0.01965509114269613, 0.1282775565275074;
 -0.01400035462225448, -0.998896258192021, 0.0448358722501343;
 0.1290172243808813, 0.04266078717219776, 0.9907242871005537]
2020/03/09 13:04:36 210288	INFO [input.cpp->run:256]	frame times (ms): 108.522
2020/03/09 13:04:36 210292	INFO [input.cpp->run:257]	FPS: 9.21472
2020/03/09 13:04:36 305461	INFO [input.cpp->run:173]	
frame_id 11
2020/03/09 13:04:36 343847	INFO [input.cpp->run:235]	rotation: 
[-0.9911957925986297, 0.002600236985692188, 0.1323787728542324;
 -0.007802972843839365, -0.9992165951534014, -0.03879831935589242;
 0.1321741818570197, -0.0394896788751409, 0.9904395745893668]
2020/03/09 13:04:36 343906	INFO [input.cpp->run:256]	frame times (ms): 118.637
2020/03/09 13:04:36 343910	INFO [input.cpp->run:257]	FPS: 8.42907
2020/03/09 13:04:36 437747	INFO [input.cpp->run:173]	
frame_id 12
2020/03/09 13:04:36 481757	INFO [input.cpp->run:235]	rotation: 
[-0.9999359602309973, 0.01107342258906713, -0.002335540425131147;
 -0.01107022337962102, -0.9999377732821635, -0.001378302519010539;
 -0.002350657618364697, -0.001352359298617269, 0.9999963227597831]
2020/03/09 13:04:36 481817	INFO [input.cpp->run:256]	frame times (ms): 127.829
2020/03/09 13:04:36 481823	INFO [input.cpp->run:257]	FPS: 7.82295
2020/03/09 13:04:36 573053	INFO [input.cpp->run:173]	
frame_id 13
2020/03/09 13:04:36 608869	INFO [input.cpp->run:235]	rotation: 
[-0.8936007745931271, -0.00692611600422979, 0.448809185025952;
 -0.004282650260276692, -0.9997038741728086, -0.02395460019756915;
 0.4488421933745884, -0.02332794206468244, 0.8933064941920634]
2020/03/09 13:04:36 608924	INFO [input.cpp->run:256]	frame times (ms): 107.909
2020/03/09 13:04:36 608928	INFO [input.cpp->run:257]	FPS: 9.26707
2020/03/09 13:04:36 705189	INFO [input.cpp->run:173]	
frame_id 14
2020/03/09 13:04:36 746155	INFO [input.cpp->run:235]	rotation: 
[-0.9456220523479997, 0.02123426096611366, 0.3245736284333341;
 -0.005502524673707942, -0.9987683534078128, 0.04931022666001107;
 0.3252209346511573, 0.04484286333709538, 0.9445742222146218]
2020/03/09 13:04:36 746224	INFO [input.cpp->run:256]	frame times (ms): 120.083
2020/03/09 13:04:36 746234	INFO [input.cpp->run:257]	FPS: 8.32757
2020/03/09 13:04:36 841840	INFO [input.cpp->run:173]	
frame_id 15
2020/03/09 13:04:36 883285	INFO [input.cpp->run:235]	rotation: 
[0.9999597676946944, -0.001387970548811968, -0.008862083825398213;
 0.00147253653821275, 0.9999533796741429, 0.009543066299834731;
 0.00884842517719297, -0.009555732102515408, 0.9999151930818276]
2020/03/09 13:04:36 883359	INFO [input.cpp->run:256]	frame times (ms): 118.236
2020/03/09 13:04:36 883364	INFO [input.cpp->run:257]	FPS: 8.45766
2020/03/09 13:04:36 972988	INFO [input.cpp->run:173]	
frame_id 16
2020/03/09 13:04:37 014328	INFO [input.cpp->run:235]	rotation: 
[-0.9958925468504127, 0.004889602677476122, 0.09041087829157952;
 0.01289540236613124, -0.9807018440291494, 0.1950835762324485;
 0.08961999623752483, 0.195448164236665, 0.9766106037571496]
2020/03/09 13:04:37 014386	INFO [input.cpp->run:256]	frame times (ms): 116.864
2020/03/09 13:04:37 014391	INFO [input.cpp->run:257]	FPS: 8.55696
2020/03/09 13:04:37 105633	INFO [input.cpp->run:173]	
frame_id 17
2020/03/09 13:04:37 145781	INFO [input.cpp->run:235]	rotation: 
[-0.9969895699525707, 0.07331791928419962, -0.02522459350760182;
 -0.07017811595732798, -0.9916178206054427, -0.1084856206987452;
 -0.03296709642155321, -0.1063888178783267, 0.9937779379640023]
2020/03/09 13:04:37 145848	INFO [input.cpp->run:256]	frame times (ms): 119.557
2020/03/09 13:04:37 145853	INFO [input.cpp->run:257]	FPS: 8.36421
2020/03/09 13:04:37 238732	INFO [input.cpp->run:173]	
frame_id 18
2020/03/09 13:04:37 279461	INFO [input.cpp->run:235]	rotation: 
[-0.9999034011459589, 0.00469785307544621, -0.01308122904108182;
 -0.004665604621345144, -0.9999860042707215, -0.002494673564584645;
 -0.01309276556961915, -0.002433400739310154, 0.9999113250936708]
2020/03/09 13:04:37 279527	INFO [input.cpp->run:256]	frame times (ms): 119.984
2020/03/09 13:04:37 279532	INFO [input.cpp->run:257]	FPS: 8.33444
2020/03/09 13:04:37 372084	INFO [input.cpp->run:173]	
frame_id 19
2020/03/09 13:04:37 416745	INFO [input.cpp->run:235]	rotation: 
[-0.9992465381526151, -0.00154957934668305, -0.03878085602282074;
 0.0008091428234779581, -0.99981722699914, 0.01910125345733728;
 -0.03880336683724277, 0.01905548214028074, 0.999065156695246]
2020/03/09 13:04:37 416812	INFO [input.cpp->run:256]	frame times (ms): 127.236
2020/03/09 13:04:37 416818	INFO [input.cpp->run:257]	FPS: 7.85941
2020/03/09 13:04:37 504362	INFO [input.cpp->run:173]	
frame_id 20
2020/03/09 13:04:37 543489	INFO [input.cpp->run:235]	rotation: 
[-0.9964250845209517, -0.01565388084581221, -0.08301811219173488;
 0.009772094466354768, -0.997443501517574, 0.07078818722147011;
 -0.08391398636195879, 0.06972386460048223, 0.994030696506913]
2020/03/09 13:04:37 543550	INFO [input.cpp->run:256]	frame times (ms): 111.457
2020/03/09 13:04:37 543555	INFO [input.cpp->run:257]	FPS: 8.97207
2020/03/09 13:04:37 641675	INFO [input.cpp->run:173]	
frame_id 21
2020/03/09 13:04:37 685217	INFO [input.cpp->run:235]	rotation: 
[-0.9973889084445445, 0.0139501877039899, 0.07085730431524619;
 -0.01280394237376141, -0.9997801365072386, 0.01660535170529637;
 0.07107337315401142, 0.01565474077047082, 0.9973482364349575]
2020/03/09 13:04:37 685282	INFO [input.cpp->run:256]	frame times (ms): 123.188
2020/03/09 13:04:37 685286	INFO [input.cpp->run:257]	FPS: 8.11767
2020/03/09 13:04:37 772379	INFO [input.cpp->run:173]	
frame_id 22
2020/03/09 13:04:37 814434	INFO [input.cpp->run:235]	rotation: 
[-0.9998629784242868, 0.0144656376226193, -0.008047962766139496;
 -0.01436989285452954, -0.9998267630880243, -0.0118300461652965;
 -0.008217697722808231, -0.01171277683108351, 0.9998976349122158]
2020/03/09 13:04:37 814504	INFO [input.cpp->run:256]	frame times (ms): 118.064
2020/03/09 13:04:37 814509	INFO [input.cpp->run:257]	FPS: 8.46998
2020/03/09 13:04:37 906445	INFO [input.cpp->run:173]	
frame_id 23
2020/03/09 13:04:37 949191	INFO [input.cpp->run:235]	rotation: 
[0.1532778522384657, 0.5628764233004681, 0.8122044275338787;
 0.4154801436209705, -0.7824472907341516, 0.4638453271075216;
 0.8965947525330833, 0.2663575966914746, -0.3537958174072736]
2020/03/09 13:04:37 949273	INFO [input.cpp->run:256]	frame times (ms): 117.834
2020/03/09 13:04:37 949279	INFO [input.cpp->run:257]	FPS: 8.48652
2020/03/09 13:04:38 038448	INFO [input.cpp->run:173]	
frame_id 24
2020/03/09 13:04:38 080185	INFO [input.cpp->run:235]	rotation: 
[-0.9995792862877561, -0.02898202307289923, 0.001136997388815342;
 0.02900215302886213, -0.998257538270133, 0.0513883489377155;
 -0.000354322100212695, 0.05139970452693167, 0.9986780987036781]
2020/03/09 13:04:38 080253	INFO [input.cpp->run:256]	frame times (ms): 121.109
2020/03/09 13:04:38 080257	INFO [input.cpp->run:257]	FPS: 8.25702
2020/03/09 13:04:38 173966	INFO [input.cpp->run:173]	
frame_id 25
2020/03/09 13:04:38 215889	INFO [input.cpp->run:235]	rotation: 
[-0.9944819904541127, 0.01415623544448595, 0.1039479276391135;
 0.0127233123527253, -0.9672640051549556, 0.2534530758431806;
 0.1041330302315316, 0.2533770813030143, 0.9617465189358182]
2020/03/09 13:04:38 215956	INFO [input.cpp->run:256]	frame times (ms): 125.432
2020/03/09 13:04:38 215962	INFO [input.cpp->run:257]	FPS: 7.97245
2020/03/09 13:04:38 304708	INFO [input.cpp->run:173]	
frame_id 26
2020/03/09 13:04:38 346239	INFO [input.cpp->run:235]	rotation: 
[-0.9998452518450109, -0.003738074358833705, -0.0171900890944289;
 0.003516419394682033, -0.9999105239446977, 0.01290654482349454;
 -0.01723679661733228, 0.01284409999680786, 0.9997689342731366]
2020/03/09 13:04:38 346309	INFO [input.cpp->run:256]	frame times (ms): 125.244
2020/03/09 13:04:38 346315	INFO [input.cpp->run:257]	FPS: 7.98441
2020/03/09 13:04:38 439081	INFO [input.cpp->run:173]	
frame_id 27
2020/03/09 13:04:38 479586	INFO [input.cpp->run:235]	rotation: 
[-0.9881130928141427, 0.02995103143388296, 0.1507827958532268;
 0.004515302885593573, -0.9747592446629612, 0.223212963297262;
 0.1536623826742272, 0.2212404815130812, 0.9630371340144364]
2020/03/09 13:04:38 479659	INFO [input.cpp->run:256]	frame times (ms): 118.455
2020/03/09 13:04:38 479664	INFO [input.cpp->run:257]	FPS: 8.44202
2020/03/09 13:04:38 572527	INFO [input.cpp->run:173]	
frame_id 28
2020/03/09 13:04:38 613237	INFO [input.cpp->run:235]	rotation: 
[-0.9865809868365778, 0.001515598138484325, 0.1632656098964106;
 0.01781565292408682, -0.9929869087579404, 0.1168742980566655;
 0.1622977477460879, 0.1182146437529312, 0.979635002987804]
2020/03/09 13:04:38 613301	INFO [input.cpp->run:256]	frame times (ms): 121.129
2020/03/09 13:04:38 613306	INFO [input.cpp->run:257]	FPS: 8.25566
2020/03/09 13:04:38 706078	INFO [input.cpp->run:173]	
frame_id 29
2020/03/09 13:04:38 748685	INFO [input.cpp->run:235]	rotation: 
[-0.9669155449181005, 0.003181494727441799, 0.255076865056461;
 -0.0169689945185145, -0.9985096687689511, -0.05186997782870271;
 0.2545316919771748, -0.05448228580207282, 0.9655285072503133]
2020/03/09 13:04:38 748747	INFO [input.cpp->run:256]	frame times (ms): 124.289
2020/03/09 13:04:38 748751	INFO [input.cpp->run:257]	FPS: 8.04576
2020/03/09 13:04:38 840034	INFO [input.cpp->run:173]	
frame_id 30
2020/03/09 13:04:38 881204	INFO [input.cpp->run:235]	rotation: 
[-0.9838151947315434, 0.01238077601208877, 0.1787578781499539;
 0.01280433878186381, -0.9902023478497965, 0.1390516422812392;
 0.1787280378779293, 0.1390899949604174, 0.9740175880230375]
2020/03/09 13:04:38 881265	INFO [input.cpp->run:256]	frame times (ms): 124.036
2020/03/09 13:04:38 881268	INFO [input.cpp->run:257]	FPS: 8.06218
2020/03/09 13:04:38 972124	INFO [input.cpp->run:173]	
frame_id 31
2020/03/09 13:04:39 013123	INFO [input.cpp->run:235]	rotation: 
[-0.9801142477450799, -0.1171200110258367, 0.1601841577198074;
 0.05587223945369282, -0.937463400433612, -0.3435704668708861;
 0.1904057620596746, -0.3277884620677752, 0.9253649928053889]
2020/03/09 13:04:39 013191	INFO [input.cpp->run:256]	frame times (ms): 126.816
2020/03/09 13:04:39 013195	INFO [input.cpp->run:257]	FPS: 7.88544
2020/03/09 13:04:39 108550	INFO [input.cpp->run:173]	
frame_id 32
2020/03/09 13:04:39 149865	INFO [input.cpp->run:235]	rotation: 
[-0.9997272505420036, 0.0003577654611866091, 0.02335158511966002;
 0.0009450591479102081, -0.9984439312472585, 0.05575682037855783;
 0.02333519631228537, 0.05576368136515552, 0.998171268096649]
2020/03/09 13:04:39 149936	INFO [input.cpp->run:256]	frame times (ms): 126.224
2020/03/09 13:04:39 149940	INFO [input.cpp->run:257]	FPS: 7.92242
2020/03/09 13:04:39 241625	INFO [input.cpp->run:173]	
frame_id 33
2020/03/09 13:04:39 288581	INFO [input.cpp->run:235]	rotation: 
[-0.9969892754018802, 0.01520021902937544, -0.07603511080476517;
 -0.009633329835200131, -0.9972815546778182, -0.07305271833190118;
 -0.07693883083281257, -0.07210030541442151, 0.9944254432933759]
2020/03/09 13:04:39 288643	INFO [input.cpp->run:256]	frame times (ms): 140.567
2020/03/09 13:04:39 288652	INFO [input.cpp->run:257]	FPS: 7.11405
2020/03/09 13:04:39 373148	INFO [input.cpp->run:173]	
frame_id 34
2020/03/09 13:04:39 417701	INFO [input.cpp->run:235]	rotation: 
[-0.988837575555493, -0.01393771605852392, 0.1483441580939626;
 0.007753634828504407, -0.9990797567127306, -0.04218436764699903;
 0.1487955991166433, -0.04056328139959759, 0.9880356723750496]
2020/03/09 13:04:39 417757	INFO [input.cpp->run:256]	frame times (ms): 136.425
2020/03/09 13:04:39 417759	INFO [input.cpp->run:257]	FPS: 7.33003
2020/03/09 13:04:39 505826	INFO [input.cpp->run:173]	
frame_id 35
2020/03/09 13:04:39 550181	INFO [input.cpp->run:235]	rotation: 
[-0.5401879046500037, -0.1314541339756939, -0.8312140749112342;
 -0.1000536163876868, -0.9706864498651129, 0.2185339559336474;
 -0.8355754313750401, 0.2012153739378878, 0.5112006179314068]
2020/03/09 13:04:39 550250	INFO [input.cpp->run:256]	frame times (ms): 136.778
2020/03/09 13:04:39 550254	INFO [input.cpp->run:257]	FPS: 7.31112
2020/03/09 13:04:39 639539	INFO [input.cpp->run:173]	
frame_id 36
2020/03/09 13:04:39 680234	INFO [input.cpp->run:235]	rotation: 
[-0.9731813024211923, 0.02559741905611367, 0.2286108587872797;
 -0.002320802985843938, -0.9948316898147309, 0.1015111955099922;
 0.2300277515677027, 0.09825823669307659, 0.9682110061503506]
2020/03/09 13:04:39 680306	INFO [input.cpp->run:256]	frame times (ms): 123.533
2020/03/09 13:04:39 680311	INFO [input.cpp->run:257]	FPS: 8.095
2020/03/09 13:04:39 772141	INFO [input.cpp->run:173]	
frame_id 37
2020/03/09 13:04:39 815048	INFO [input.cpp->run:235]	rotation: 
[-0.9988455133758734, 0.01282774445636068, -0.04629351337984951;
 -0.02314595257962864, -0.9729622422950089, 0.2298015229441485;
 -0.04209400536976234, 0.2306077276251399, 0.9721358807653901]
2020/03/09 13:04:39 815116	INFO [input.cpp->run:256]	frame times (ms): 134.737
2020/03/09 13:04:39 815121	INFO [input.cpp->run:257]	FPS: 7.42187
2020/03/09 13:04:39 905300	INFO [input.cpp->run:173]	
frame_id 38
2020/03/09 13:04:39 947419	INFO [input.cpp->run:235]	rotation: 
[0.4882730540354987, 0.04246542306967999, 0.8716571072080809;
 0.3457407638715818, -0.9264991271962808, -0.1485351524118954;
 0.8012819409548314, 0.3738931065799996, -0.4670665862075932]
2020/03/09 13:04:39 947478	INFO [input.cpp->run:256]	frame times (ms): 133.721
2020/03/09 13:04:39 947486	INFO [input.cpp->run:257]	FPS: 7.47826
2020/03/09 13:04:40 041618	INFO [input.cpp->run:173]	
frame_id 39
2020/03/09 13:04:40 083537	INFO [input.cpp->run:235]	rotation: 
[-0.9975083174208235, -0.003239220228133479, -0.07047456369919169;
 -0.01521150266681535, -0.9655731180326842, 0.2596866648853142;
 -0.06888952651089458, 0.260111632160028, 0.9631179429084222]
2020/03/09 13:04:40 083601	INFO [input.cpp->run:256]	frame times (ms): 132.538
2020/03/09 13:04:40 083606	INFO [input.cpp->run:257]	FPS: 7.54501
2020/03/09 13:04:40 174686	INFO [input.cpp->run:173]	
frame_id 40
2020/03/09 13:04:40 217023	INFO [input.cpp->run:235]	rotation: 
[-0.9921661541506402, -0.05143648769202085, -0.1138446761681743;
 -0.06949444730359899, -0.5300318498766163, 0.8451252924332219;
 -0.1038115810104787, 0.8464162840176696, 0.522305111786036]
2020/03/09 13:04:40 217089	INFO [input.cpp->run:256]	frame times (ms): 130.79
2020/03/09 13:04:40 217093	INFO [input.cpp->run:257]	FPS: 7.64584
2020/03/09 13:04:40 306816	INFO [input.cpp->run:173]	
frame_id 41
2020/03/09 13:04:40 352006	INFO [input.cpp->run:235]	rotation: 
[-0.999584126378403, 0.02232496070075468, -0.01825295652859315;
 -0.02657511627566106, -0.9588935864385467, 0.2825187658934472;
 -0.01119542260301265, 0.2828863482332279, 0.9590880963165005]
2020/03/09 13:04:40 352060	INFO [input.cpp->run:256]	frame times (ms): 141.18
2020/03/09 13:04:40 352064	INFO [input.cpp->run:257]	FPS: 7.08316
2020/03/09 13:04:40 440691	INFO [input.cpp->run:173]	
frame_id 42
2020/03/09 13:04:40 481786	INFO [input.cpp->run:235]	rotation: 
[-0.9998979113368978, 0.01035971510864628, -0.009840894622797759;
 -0.01015145500261416, -0.9997283144460867, -0.02098202221227522;
 -0.01005558876641362, -0.02087998078672959, 0.9997314197007646]
2020/03/09 13:04:40 481876	INFO [input.cpp->run:256]	frame times (ms): 149.264
2020/03/09 13:04:40 481883	INFO [input.cpp->run:257]	FPS: 6.69954
2020/03/09 13:04:40 572172	INFO [input.cpp->run:173]	
frame_id 43
2020/03/09 13:04:40 613448	INFO [input.cpp->run:235]	rotation: 
[-0.9986582255648616, -0.004212752835937963, -0.05161396347099501;
 -0.01086323648510357, -0.9574672648025727, 0.2883373491668203;
 -0.05063337441560286, 0.2885111601741316, 0.956136795573869]
2020/03/09 13:04:40 613510	INFO [input.cpp->run:256]	frame times (ms): 138.796
2020/03/09 13:04:40 613513	INFO [input.cpp->run:257]	FPS: 7.20482
2020/03/09 13:04:40 706269	INFO [input.cpp->run:173]	
frame_id 44
2020/03/09 13:04:40 751901	INFO [input.cpp->run:235]	rotation: 
[-0.9998950878982683, 0.01374285201671121, 0.004576812795076436;
 -0.01383225248200155, -0.9997020661683274, -0.02011088486495264;
 0.004299068293079389, -0.02017208261989813, 0.999787279922378]
2020/03/09 13:04:40 751963	INFO [input.cpp->run:256]	frame times (ms): 143.759
2020/03/09 13:04:40 751966	INFO [input.cpp->run:257]	FPS: 6.95609
2020/03/09 13:04:40 840111	INFO [input.cpp->run:173]	
frame_id 45
2020/03/09 13:04:40 886279	INFO [input.cpp->run:235]	rotation: 
[-0.9990209820625511, 0.03314487628435021, -0.02930007806937064;
 -0.03528387588252023, -0.9964998110727699, 0.07578373595067014;
 -0.02668567970809443, 0.07674336263175538, 0.9966936995840234]
2020/03/09 13:04:40 886342	INFO [input.cpp->run:256]	frame times (ms): 148.22
2020/03/09 13:04:40 886347	INFO [input.cpp->run:257]	FPS: 6.74673
2020/03/09 13:04:40 975300	INFO [input.cpp->run:173]	
frame_id 46
2020/03/09 13:04:41 023714	INFO [input.cpp->run:235]	rotation: 
[0.9999720569334312, 0.006922303837174348, -0.002822598432027294;
 -0.00696661796680318, 0.9998476506774456, -0.01600442654072091;
 0.002711380907813725, 0.01602364329291431, 0.9998679369142678]
2020/03/09 13:04:41 023774	INFO [input.cpp->run:256]	frame times (ms): 141.441
2020/03/09 13:04:41 023778	INFO [input.cpp->run:257]	FPS: 7.07009
2020/03/09 13:04:41 105530	INFO [input.cpp->run:173]	
frame_id 47
2020/03/09 13:04:41 147619	INFO [input.cpp->run:235]	rotation: 
[-0.9935099120339141, 0.01600160055698885, -0.1126144016988003;
 -0.009166561424807596, -0.9980985887663814, -0.06095228670200328;
 -0.1133756095551835, -0.05952441416908319, 0.9917675207808624]
2020/03/09 13:04:41 147682	INFO [input.cpp->run:256]	frame times (ms): 138.588
2020/03/09 13:04:41 147686	INFO [input.cpp->run:257]	FPS: 7.21563
2020/03/09 13:04:41 238893	INFO [input.cpp->run:173]	
frame_id 48
2020/03/09 13:04:41 280019	INFO [input.cpp->run:235]	rotation: 
[-0.8428273851334579, -0.09221484197191472, 0.5302248785083483;
 -0.08680317426939176, -0.949019661970617, -0.3030295202285306;
 0.5311376542911033, -0.301426780683586, 0.7918552191410206]
2020/03/09 13:04:41 280089	INFO [input.cpp->run:256]	frame times (ms): 136.698
2020/03/09 13:04:41 280093	INFO [input.cpp->run:257]	FPS: 7.3154
2020/03/09 13:04:41 375800	INFO [input.cpp->run:173]	
frame_id 49
2020/03/09 13:04:41 418793	INFO [input.cpp->run:235]	rotation: 
[-0.9899292494076801, 0.03751263145695655, 0.1365023210363901;
 -0.01291849738280184, -0.9841664067989337, 0.176775553043531;
 0.1409723149860202, 0.1732318856609552, 0.9747397192060208]
2020/03/09 13:04:41 418862	INFO [input.cpp->run:256]	frame times (ms): 132.164
2020/03/09 13:04:41 418869	INFO [input.cpp->run:257]	FPS: 7.56636
2020/03/09 13:04:41 506598	INFO [input.cpp->run:173]	
frame_id 50
2020/03/09 13:04:41 549013	INFO [input.cpp->run:235]	rotation: 
[-0.999870027727302, 0.004449526801635411, -0.01549610802252853;
 -0.008152241564933497, -0.9687653715215201, 0.2478451046485248;
 -0.01390929940979472, 0.2479392196729125, 0.9686757325018087]
2020/03/09 13:04:41 549077	INFO [input.cpp->run:256]	frame times (ms): 130.934
2020/03/09 13:04:41 549083	INFO [input.cpp->run:257]	FPS: 7.63744
2020/03/09 13:04:41 640504	INFO [input.cpp->run:173]	
frame_id 51
2020/03/09 13:04:41 683944	INFO [input.cpp->run:235]	rotation: 
[-0.9965530998099078, -0.004877333420164309, -0.08281383264873372;
 -0.01718983026058535, -0.9644628617078355, 0.2636586773120601;
 -0.08115681730376194, 0.2641734278935739, 0.9610546139528616]
2020/03/09 13:04:41 683990	INFO [input.cpp->run:256]	frame times (ms): 139.268
2020/03/09 13:04:41 683995	INFO [input.cpp->run:257]	FPS: 7.1804
2020/03/09 13:04:41 775238	INFO [input.cpp->run:173]	
frame_id 52
2020/03/09 13:04:41 815897	INFO [input.cpp->run:235]	rotation: 
[-0.9999810741483148, 0.005006352801782103, 0.003576000112788481;
 -0.005044811266515714, -0.9999286518669931, -0.01082779085238591;
 0.003521537230785848, -0.01084562617288021, 0.9999349834706506]
2020/03/09 13:04:41 815948	INFO [input.cpp->run:256]	frame times (ms): 137.729
2020/03/09 13:04:41 815954	INFO [input.cpp->run:257]	FPS: 7.26063
2020/03/09 13:04:41 906729	INFO [input.cpp->run:173]	
frame_id 53
2020/03/09 13:04:41 947592	INFO [input.cpp->run:235]	rotation: 
[-0.9999261965437061, 0.01210110814782451, -0.001079188228449723;
 -0.01208549113834773, -0.9998363387699346, -0.01346241356806224;
 -0.001241921729694644, -0.01344837747563932, 0.9999087952276898]
2020/03/09 13:04:41 947642	INFO [input.cpp->run:256]	frame times (ms): 135.627
2020/03/09 13:04:41 947650	INFO [input.cpp->run:257]	FPS: 7.37316
2020/03/09 13:04:42 042620	INFO [input.cpp->run:173]	
frame_id 54
2020/03/09 13:04:42 083224	INFO [input.cpp->run:235]	rotation: 
[-0.999964811124795, 0.0046267432173235, -0.00699783962048137;
 -0.004607521621141983, -0.9999855753034589, -0.002760421982439593;
 -0.007010510442452603, -0.002728082148942288, 0.9999717047552515]
2020/03/09 13:04:42 083268	INFO [input.cpp->run:256]	frame times (ms): 137.758
2020/03/09 13:04:42 083271	INFO [input.cpp->run:257]	FPS: 7.25911
2020/03/09 13:04:42 173671	INFO [input.cpp->run:173]	
frame_id 55
2020/03/09 13:04:42 215035	INFO [input.cpp->run:235]	rotation: 
[-0.8090270119827511, 0.1999402091926433, 0.5527198265217774;
 -0.05977881307850533, -0.9634784967206902, 0.2610281208294692;
 0.5847236846487294, 0.1781378654437088, 0.7914323177037778]
2020/03/09 13:04:42 215082	INFO [input.cpp->run:256]	frame times (ms): 138.141
2020/03/09 13:04:42 215086	INFO [input.cpp->run:257]	FPS: 7.23898
2020/03/09 13:04:42 308488	INFO [input.cpp->run:173]	
frame_id 56
2020/03/09 13:04:42 348263	INFO [input.cpp->run:235]	rotation: 
[-0.9974284634261136, -0.01963529970209908, 0.0689268841094003;
 0.02119083284048954, -0.9995353500430615, 0.02190964668407414;
 0.06846465475665807, 0.02331392330568321, 0.9973810966872938]
2020/03/09 13:04:42 348311	INFO [input.cpp->run:256]	frame times (ms): 132.511
2020/03/09 13:04:42 348314	INFO [input.cpp->run:257]	FPS: 7.54654
2020/03/09 13:04:42 439774	INFO [input.cpp->run:173]	
frame_id 57
2020/03/09 13:04:42 480926	INFO [input.cpp->run:235]	rotation: 
[-0.8500590103483054, -0.06258140007987355, 0.522956257529922;
 -0.07227525988517482, -0.9696620188641534, -0.2335205686461574;
 0.5217048645874311, -0.2363030629008796, 0.8197468491732506]
2020/03/09 13:04:42 480983	INFO [input.cpp->run:256]	frame times (ms): 134.817
2020/03/09 13:04:42 480991	INFO [input.cpp->run:257]	FPS: 7.41746
2020/03/09 13:04:42 573539	INFO [input.cpp->run:173]	
frame_id 58
2020/03/09 13:04:42 615715	INFO [input.cpp->run:235]	rotation: 
[-0.9993387127884066, 0.01598013431555442, 0.0326614823556334;
 -0.01533098670245243, -0.9996818342794144, 0.02002975432886412;
 0.03297116875604713, 0.01951577615679849, 0.999265748693439]
2020/03/09 13:04:42 615761	INFO [input.cpp->run:256]	frame times (ms): 140.481
2020/03/09 13:04:42 615777	INFO [input.cpp->run:257]	FPS: 7.1184
2020/03/09 13:04:42 708598	INFO [input.cpp->run:173]	
frame_id 59
2020/03/09 13:04:42 749619	INFO [input.cpp->run:235]	rotation: 
[-0.9893532620744278, -0.09178299034694364, 0.1129424876017064;
 0.04621826417774642, -0.9340336623211816, -0.3541821419937447;
 0.1379999814459581, -0.345191251821152, 0.9283313011996643]
2020/03/09 13:04:42 749668	INFO [input.cpp->run:256]	frame times (ms): 146.986
2020/03/09 13:04:42 749671	INFO [input.cpp->run:257]	FPS: 6.80337
2020/03/09 13:04:42 841563	INFO [input.cpp->run:173]	
frame_id 60
2020/03/09 13:04:42 884151	INFO [input.cpp->run:235]	rotation: 
[-0.9955684451421589, -0.007181681114056904, 0.09376510274937046;
 0.01015838775077565, -0.9994581671595626, 0.03130781462115789;
 0.0934894549964267, 0.03212157459440454, 0.9951019677651373]
2020/03/09 13:04:42 884198	INFO [input.cpp->run:256]	frame times (ms): 141.282
2020/03/09 13:04:42 884201	INFO [input.cpp->run:257]	FPS: 7.07804
2020/03/09 13:04:42 975301	INFO [input.cpp->run:173]	
frame_id 61
2020/03/09 13:04:43 017430	INFO [input.cpp->run:235]	rotation: 
[-0.9871334192089558, -0.01517088094041365, -0.1591774388923499;
 -0.02298234649849313, -0.9716911744525385, 0.2351341600883834;
 -0.1582385048913797, 0.2357670584762386, 0.9588401690100405]
2020/03/09 13:04:43 017472	INFO [input.cpp->run:256]	frame times (ms): 142.421
2020/03/09 13:04:43 017475	INFO [input.cpp->run:257]	FPS: 7.02144
2020/03/09 13:04:43 106907	INFO [input.cpp->run:173]	
frame_id 62
2020/03/09 13:04:43 147149	INFO [input.cpp->run:235]	rotation: 
[-0.9984633679000222, -0.00196450431478664, -0.0553808963862281;
 -0.006960561722412934, -0.9870106548638303, 0.160503949377519;
 -0.05497684551020936, 0.1606427960042712, 0.9854803085550097]
2020/03/09 13:04:43 147198	INFO [input.cpp->run:256]	frame times (ms): 134.825
2020/03/09 13:04:43 147201	INFO [input.cpp->run:257]	FPS: 7.41702
2020/03/09 13:04:43 239792	INFO [input.cpp->run:173]	
frame_id 63
2020/03/09 13:04:43 280684	INFO [input.cpp->run:235]	rotation: 
[-0.9979201639497122, -0.0113799967649146, -0.06344952368781057;
 0.004208781522682914, -0.9936959498741554, 0.1120296628656639;
 -0.06432443191100737, 0.1115296143512141, 0.9916771211346948]
2020/03/09 13:04:43 280731	INFO [input.cpp->run:256]	frame times (ms): 138.999
2020/03/09 13:04:43 280734	INFO [input.cpp->run:257]	FPS: 7.1943
2020/03/09 13:04:43 376507	INFO [input.cpp->run:173]	
frame_id 64
2020/03/09 13:04:43 416013	INFO [input.cpp->run:235]	rotation: 
[-0.9998795991532134, 0.01080898322268195, -0.01113342170677386;
 -0.01070313468831666, -0.9998973687562592, -0.009523385015480104;
 -0.01123521717871247, -0.009403075879790538, 0.9998926702696376]
2020/03/09 13:04:43 416056	INFO [input.cpp->run:256]	frame times (ms): 128.925
2020/03/09 13:04:43 416059	INFO [input.cpp->run:257]	FPS: 7.75645
2020/03/09 13:04:43 506915	INFO [input.cpp->run:173]	
frame_id 65
2020/03/09 13:04:43 548377	INFO [input.cpp->run:235]	rotation: 
[-0.996201147827338, -0.00551071822909171, -0.08690745107350574;
 -0.006544036351284648, -0.9904363026510296, 0.1378154780102409;
 -0.0868357567809903, 0.1378606629011977, 0.9866377192104078]
2020/03/09 13:04:43 548426	INFO [input.cpp->run:256]	frame times (ms): 142.253
2020/03/09 13:04:43 548429	INFO [input.cpp->run:257]	FPS: 7.02973
2020/03/09 13:04:43 640070	INFO [input.cpp->run:173]	
frame_id 66
2020/03/09 13:04:43 683072	INFO [input.cpp->run:235]	rotation: 
[-0.9935321655827035, -0.0003587260267488845, -0.1135504613296708;
 -0.02201947001662076, -0.9804043992541339, 0.1957609686922496;
 -0.1113955963794372, 0.1969951401400007, 0.9740554069807784]
2020/03/09 13:04:43 683126	INFO [input.cpp->run:256]	frame times (ms): 137.31
2020/03/09 13:04:43 683130	INFO [input.cpp->run:257]	FPS: 7.28279
2020/03/09 13:04:43 774106	INFO [input.cpp->run:173]	
frame_id 67
2020/03/09 13:04:43 816661	INFO [input.cpp->run:235]	rotation: 
[-0.9980540811696389, -0.008175306323237682, -0.06181598035418619;
 0.001712261035869453, -0.9945872116562262, 0.1038910322021983;
 -0.06233072454875643, 0.1035830235917759, 0.992665823931101]
2020/03/09 13:04:43 816713	INFO [input.cpp->run:256]	frame times (ms): 123.833
2020/03/09 13:04:43 816716	INFO [input.cpp->run:257]	FPS: 8.07539
2020/03/09 13:04:43 910951	INFO [input.cpp->run:173]	
frame_id 68
2020/03/09 13:04:43 951338	INFO [input.cpp->run:235]	rotation: 
[-0.9999518712172947, -0.009186194145018232, -0.003445154011200162;
 0.009135009718557435, -0.9998518382117871, 0.01458949011967254;
 -0.003578665459737332, 0.01455731642989855, 0.9998876325327196]
2020/03/09 13:04:43 951388	INFO [input.cpp->run:256]	frame times (ms): 111.556
2020/03/09 13:04:43 951390	INFO [input.cpp->run:257]	FPS: 8.96411
2020/03/09 13:04:44 041856	INFO [input.cpp->run:173]	
frame_id 69
2020/03/09 13:04:44 085886	INFO [input.cpp->run:235]	rotation: 
[-0.9999987050287955, 0.001391029710965426, 0.0008093065397777766;
 -0.001378068074314331, -0.9998741956033376, 0.01580170544470444;
 0.0008311853672143329, 0.0158005697024461, 0.9998748177286814]
2020/03/09 13:04:44 085958	INFO [input.cpp->run:256]	frame times (ms): 131.5
2020/03/09 13:04:44 085964	INFO [input.cpp->run:257]	FPS: 7.60456
2020/03/09 13:04:44 175063	INFO [input.cpp->run:173]	
frame_id 70
2020/03/09 13:04:44 219959	INFO [input.cpp->run:235]	rotation: 
[-0.9893324134667688, -0.05425264146002488, -0.135196252013983;
 0.05114042723188333, -0.9983427353130889, 0.0263901411538518;
 -0.1364039309058169, 0.01919462795132444, 0.9904673310570378]
2020/03/09 13:04:44 220030	INFO [input.cpp->run:256]	frame times (ms): 138.857
2020/03/09 13:04:44 220036	INFO [input.cpp->run:257]	FPS: 7.20165
2020/03/09 13:04:44 307782	INFO [input.cpp->run:173]	
frame_id 71
2020/03/09 13:04:44 354280	INFO [input.cpp->run:235]	rotation: 
[0.9998958462221775, -0.01136991815342035, -0.008889413300097898;
 0.01149029257467805, 0.9998413634153139, 0.01360959883150502;
 0.008733263089117009, -0.01371032330000743, 0.999867869846224]
2020/03/09 13:04:44 354340	INFO [input.cpp->run:256]	frame times (ms): 135.174
2020/03/09 13:04:44 354347	INFO [input.cpp->run:257]	FPS: 7.39787
2020/03/09 13:04:44 442591	INFO [input.cpp->run:173]	
frame_id 72
2020/03/09 13:04:44 485949	INFO [input.cpp->run:235]	rotation: 
[-0.9597263196373372, -0.2478534265641427, -0.1322651516302943;
 0.1983160081236155, -0.9311689254651374, 0.3059333149070487;
 -0.1989878195199036, 0.2673819574850076, 0.9428206279532707]
2020/03/09 13:04:44 486011	INFO [input.cpp->run:256]	frame times (ms): 125.778
2020/03/09 13:04:44 486016	INFO [input.cpp->run:257]	FPS: 7.95052
2020/03/09 13:04:44 573595	INFO [input.cpp->run:173]	
frame_id 73
2020/03/09 13:04:44 615987	INFO [input.cpp->run:235]	rotation: 
[-0.9996647306112384, 0.007687234410901197, -0.02472514507686711;
 -0.007679231612798764, -0.9999704266485073, -0.0004186051112743149;
 -0.02472763178707701, -0.0002285946500892118, 0.9996941992282875]
2020/03/09 13:04:44 616048	INFO [input.cpp->run:256]	frame times (ms): 131.025
2020/03/09 13:04:44 616052	INFO [input.cpp->run:257]	FPS: 7.63213
2020/03/09 13:04:44 708214	INFO [input.cpp->run:173]	
frame_id 74
2020/03/09 13:04:44 755481	INFO [input.cpp->run:235]	rotation: 
[-0.9888905675929118, -0.02885126552366418, -0.145818550957866;
 -0.010838645768941, -0.9643761097259858, 0.2643127744693186;
 -0.1482496849361379, 0.2629568851873943, 0.9533497298729773]
2020/03/09 13:04:44 755557	INFO [input.cpp->run:256]	frame times (ms): 140.45
2020/03/09 13:04:44 755563	INFO [input.cpp->run:257]	FPS: 7.11997
2020/03/09 13:04:44 843651	INFO [input.cpp->run:173]	
frame_id 75
2020/03/09 13:04:44 886519	INFO [input.cpp->run:235]	rotation: 
[0.9999855004511928, -0.004851460126600789, -0.002337139708591134;
 0.004837066560160724, 0.999969540631074, -0.006125405878085618;
 0.002366785683167297, 0.006114012162133275, 0.9999785083594603]
2020/03/09 13:04:44 886583	INFO [input.cpp->run:256]	frame times (ms): 129.666
2020/03/09 13:04:44 886589	INFO [input.cpp->run:257]	FPS: 7.71212
2020/03/09 13:04:44 976361	INFO [input.cpp->run:173]	
frame_id 76
2020/03/09 13:04:45 021388	INFO [input.cpp->run:235]	rotation: 
[-0.9998307917630858, 0.009130544815205472, -0.01596937674984929;
 -0.009113093887633596, -0.9999577960183181, -0.001165204695636423;
 -0.01597934173225786, -0.001019477103755861, 0.9998718024348119]
2020/03/09 13:04:45 021452	INFO [input.cpp->run:256]	frame times (ms): 136.029
2020/03/09 13:04:45 021458	INFO [input.cpp->run:257]	FPS: 7.35137
2020/03/09 13:04:45 107630	INFO [input.cpp->run:173]	
frame_id 77
2020/03/09 13:04:45 151657	INFO [input.cpp->run:235]	rotation: 
[-0.9997921309554565, 0.00655009211006411, -0.01930780083015575;
 -0.009463033122149755, -0.9878886822272275, 0.1548754419896227;
 -0.01805950950818941, 0.1550259585382447, 0.9877453144893278]
2020/03/09 13:04:45 151719	INFO [input.cpp->run:256]	frame times (ms): 137.182
2020/03/09 13:04:45 151724	INFO [input.cpp->run:257]	FPS: 7.28959
2020/03/09 13:04:45 241459	INFO [input.cpp->run:173]	
frame_id 78
2020/03/09 13:04:45 282916	INFO [input.cpp->run:235]	rotation: 
[-0.9998823025770098, 0.006740415803084517, -0.01378215469723433;
 -0.006737843486864438, -0.9999772733143734, -0.0002330662943936677;
 -0.01378341243827117, -0.0001401768618297132, 0.9999049944329728]
2020/03/09 13:04:45 282978	INFO [input.cpp->run:256]	frame times (ms): 130.975
2020/03/09 13:04:45 282983	INFO [input.cpp->run:257]	FPS: 7.63504
2020/03/09 13:04:45 376237	INFO [input.cpp->run:173]	
frame_id 79
2020/03/09 13:04:45 418331	INFO [input.cpp->run:235]	rotation: 
[-0.9963246566222214, 0.03879900504002715, 0.07636632644377132;
 -0.0264944889372038, -0.9874017720077921, 0.1559993034978955;
 0.08145686381496088, 0.153402665699707, 0.984800691253644]
2020/03/09 13:04:45 418401	INFO [input.cpp->run:256]	frame times (ms): 139.419
2020/03/09 13:04:45 418409	INFO [input.cpp->run:257]	FPS: 7.17262
2020/03/09 13:04:45 507355	INFO [input.cpp->run:173]	
frame_id 80
2020/03/09 13:04:45 552311	INFO [input.cpp->run:235]	rotation: 
[-0.9995398696249503, 0.0141515415981395, -0.02682877001529241;
 -0.01405194931715262, -0.9998936721718957, -0.003897059274588551;
 -0.02688106676688073, -0.003518269602746511, 0.9996324474668059]
2020/03/09 13:04:45 552372	INFO [input.cpp->run:256]	frame times (ms): 129.679
2020/03/09 13:04:45 552377	INFO [input.cpp->run:257]	FPS: 7.71135
2020/03/09 13:04:45 642358	INFO [input.cpp->run:173]	
frame_id 81
2020/03/09 13:04:45 683139	INFO [input.cpp->run:235]	rotation: 
[-0.9997811128573959, 0.01399992267060501, 0.01554762164589988;
 -0.0145984123411403, -0.9991297513920079, -0.03907206470692997;
 0.01498708546532706, -0.03929048292604152, 0.9991154313795245]
2020/03/09 13:04:45 683206	INFO [input.cpp->run:256]	frame times (ms): 121.115
2020/03/09 13:04:45 683226	INFO [input.cpp->run:257]	FPS: 8.25662
2020/03/09 13:04:45 775270	INFO [input.cpp->run:173]	
frame_id 82
2020/03/09 13:04:45 816928	INFO [input.cpp->run:235]	rotation: 
[-0.98324569386951, 0.03749698067763479, 0.1783868883273848;
 -0.02089517690093295, -0.995348085614882, 0.09405094388185742;
 0.1810836742209095, 0.08874775998779158, 0.9794552251266024]
2020/03/09 13:04:45 816991	INFO [input.cpp->run:256]	frame times (ms): 128.912
2020/03/09 13:04:45 816995	INFO [input.cpp->run:257]	FPS: 7.75723
2020/03/09 13:04:45 910077	INFO [input.cpp->run:173]	
frame_id 83
2020/03/09 13:04:45 951565	INFO [input.cpp->run:235]	rotation: 
[-0.9910921946641252, 0.03869623243561758, -0.1274317985086;
 -0.03337028906730753, -0.998488614863785, -0.04366817828767625;
 -0.1289289939595129, -0.03902675470351848, 0.9908855771146835]
2020/03/09 13:04:45 951634	INFO [input.cpp->run:256]	frame times (ms): 136.988
2020/03/09 13:04:45 951641	INFO [input.cpp->run:257]	FPS: 7.29991
2020/03/09 13:04:46 041560	INFO [input.cpp->run:173]	
frame_id 84
2020/03/09 13:04:46 083079	INFO [input.cpp->run:235]	rotation: 
[0.9999863594109716, -0.004569638550118675, -0.002529702652964546;
 0.004551624928732834, 0.9999645677287856, -0.007081383868358351;
 0.002561972384567093, 0.007069773016453736, 0.9999717269038143]
