		g3log created log at: Mon Mar 09 16:03:30 2020
		LOG format: [YYYY/MM/DD hh:mm:ss uuu* LEVEL FILE->FUNCTION:LINE] message		(uuu*: microseconds fractions of the seconds value)

2020/03/09 16:03:30 721599	INFO [g3logger.h->logBanner:29]	Starting log.
2020/03/09 16:03:30 725613	DEBUG [main.cpp->main:48]	Filepath: /home/mitchell/KITTI/data_odometry_gray/dataset/sequences/00/
2020/03/09 16:03:30 725618	DEBUG [main.cpp->main:52]	Calibration Filepath: /home/mitchell/visual_odom_catkin_ws/tank_downsized.yaml
2020/03/09 16:03:30 725732	INFO [main.cpp->main:66]	P_left: 
[409.41, 0, 251.22, 0;
 0, 408.72, 191.78999, 0;
 0, 0, 1, 0]
2020/03/09 16:03:30 725743	INFO [main.cpp->main:67]	P_right: 
[409.41, 0, 251.22, -73.940002;
 0, 408.72, 191.78999, 0;
 0, 0, 1, 0]
2020/03/09 16:03:30 860383	INFO [input.cpp->Input:22]	frame_pose [1, 0, 0, 0;
 0, 1, 0, 0;
 0, 0, 1, 0;
 0, 0, 0, 1]
2020/03/09 16:03:32 622546	INFO [input.cpp->run:173]	
frame_id 1
2020/03/09 16:03:32 720499	WARNING [visualOdometry.cpp->trackingFrame2Frame:187]	The Estimated Rotation and translation matrices(using getTransformation function) are : 
    0.999976  -0.00693744 -0.000677685   0.00650901
  0.00693925     0.999972   0.00278238    0.0049203
 0.000658363  -0.00278704     0.999996 -0.000144541
           0            0            0            1
2020/03/09 16:03:32 749083	INFO [input.cpp->run:235]	rotation: 
[0.9999759793281555, -0.006937436759471893, -0.0006776847876608372;
 0.006939254701137543, 0.999971866607666, 0.002782384632155299;
 0.000658362521789968, -0.002787037752568722, 0.9999960064888]
2020/03/09 16:03:32 749204	INFO [input.cpp->run:258]	frame times (ms): 186.644
2020/03/09 16:03:32 749209	INFO [input.cpp->run:259]	FPS: 5.35779
2020/03/09 16:03:32 758974	INFO [input.cpp->run:173]	
frame_id 2
2020/03/09 16:03:32 786967	WARNING [visualOdometry.cpp->trackingFrame2Frame:187]	The Estimated Rotation and translation matrices(using getTransformation function) are : 
    0.999983  -0.00559309  -0.00166708   0.00615036
  0.00559397     0.999984   0.00049204   0.00239959
   0.0016643 -0.000501338     0.999998  6.26445e-05
           0            0            0            1
2020/03/09 16:03:32 788502	INFO [input.cpp->run:235]	rotation: 
[0.9999829530715942, -0.005593091249465942, -0.00166708417236805;
 0.005593970417976379, 0.9999840259552002, 0.0004920396022498608;
 0.001664295792579651, -0.0005013379268348217, 0.9999984502792358]
2020/03/09 16:03:32 788564	INFO [input.cpp->run:258]	frame times (ms): 149.119
2020/03/09 16:03:32 788569	INFO [input.cpp->run:259]	FPS: 6.70605
2020/03/09 16:03:32 886248	INFO [input.cpp->run:173]	
frame_id 3
2020/03/09 16:03:32 916117	WARNING [visualOdometry.cpp->trackingFrame2Frame:187]	The Estimated Rotation and translation matrices(using getTransformation function) are : 
    0.999977  -0.00633374  -0.00265167   0.00594649
  0.00633529      0.99998  0.000498801    0.0024056
  0.00264845 -0.000515567     0.999997   0.00102752
           0            0            0            1
2020/03/09 16:03:32 917398	INFO [input.cpp->run:235]	rotation: 
[0.999976634979248, -0.006333738565444946, -0.002651669085025787;
 0.006335288286209106, 0.9999797940254211, 0.0004988014698028564;
 0.002648446708917618, -0.0005155671387910843, 0.999996542930603]
2020/03/09 16:03:32 917461	INFO [input.cpp->run:258]	frame times (ms): 162.79
2020/03/09 16:03:32 917467	INFO [input.cpp->run:259]	FPS: 6.14288
2020/03/09 16:03:33 021416	INFO [input.cpp->run:173]	
frame_id 4
2020/03/09 16:03:33 082558	WARNING [visualOdometry.cpp->trackingFrame2Frame:187]	The Estimated Rotation and translation matrices(using getTransformation function) are : 
   0.999988 -0.00392511 -0.00284793  0.00563821
 0.00391564    0.999987  -0.0032654  -0.0012154
 0.00286071  0.00325421    0.999991  0.00108451
          0           0           0           1
2020/03/09 16:03:33 084041	INFO [input.cpp->run:235]	rotation: 
[0.9999881982803345, -0.003925114870071411, -0.002847932279109955;
 0.003915637731552124, 0.9999868869781494, -0.003265395760536194;
 0.002860713750123978, 0.003254208713769913, 0.9999905824661255]
2020/03/09 16:03:33 084099	INFO [input.cpp->run:258]	frame times (ms): 183.373
2020/03/09 16:03:33 084106	INFO [input.cpp->run:259]	FPS: 5.45337
2020/03/09 16:03:33 154500	INFO [input.cpp->run:173]	
frame_id 5
2020/03/09 16:03:33 186992	WARNING [visualOdometry.cpp->trackingFrame2Frame:187]	The Estimated Rotation and translation matrices(using getTransformation function) are : 
   0.999948 -0.00992331 -0.00249382  0.00622043
 0.00993502    0.999939  0.00474533  0.00812659
 0.00244658 -0.00476988    0.999986  0.00087285
          0           0           0           1
2020/03/09 16:03:33 188333	INFO [input.cpp->run:235]	rotation: 
[0.9999476671218872, -0.009923309087753296, -0.002493821084499359;
 0.00993502140045166, 0.9999394416809082, 0.004745326936244965;
 0.002446580678224564, -0.004769876599311829, 0.9999857544898987]
2020/03/09 16:03:33 188375	INFO [input.cpp->run:258]	frame times (ms): 154.36
2020/03/09 16:03:33 188379	INFO [input.cpp->run:259]	FPS: 6.47836
2020/03/09 16:03:33 286776	INFO [input.cpp->run:173]	
frame_id 6
2020/03/09 16:03:33 312037	WARNING [visualOdometry.cpp->trackingFrame2Frame:187]	The Estimated Rotation and translation matrices(using getTransformation function) are : 
    0.999977  -0.00627074  -0.00282536   0.00508726
  0.00627053      0.99998 -5.76898e-05   0.00218792
  0.00282566  3.99724e-05     0.999996  0.000270128
           0            0            0            1
2020/03/09 16:03:33 313365	INFO [input.cpp->run:235]	rotation: 
[0.9999765753746033, -0.006270736455917358, -0.002825357019901276;
 0.006270527839660645, 0.9999803900718689, -5.76898455619812e-05;
 0.002825659699738026, 3.997236490249634e-05, 0.9999961256980896]
2020/03/09 16:03:33 313415	INFO [input.cpp->run:258]	frame times (ms): 151.553
2020/03/09 16:03:33 313419	INFO [input.cpp->run:259]	FPS: 6.59835
2020/03/09 16:03:33 421341	INFO [input.cpp->run:173]	
frame_id 7
2020/03/09 16:03:33 449656	WARNING [visualOdometry.cpp->trackingFrame2Frame:187]	The Estimated Rotation and translation matrices(using getTransformation function) are : 
    0.999963  -0.00782195  -0.00345062   0.00499272
  0.00782195     0.999969 -1.62944e-05   0.00365083
  0.00345064 -1.06618e-05     0.999994   0.00138617
           0            0            0            1
2020/03/09 16:03:33 450981	INFO [input.cpp->run:235]	rotation: 
[0.9999632239341736, -0.007821947336196899, -0.003450622782111168;
 0.007821947336196899, 0.9999692440032959, -1.629441976547241e-05;
 0.003450643271207809, -1.0661780834198e-05, 0.9999939799308777]
2020/03/09 16:03:33 451030	INFO [input.cpp->run:258]	frame times (ms): 165.3
2020/03/09 16:03:33 451035	INFO [input.cpp->run:259]	FPS: 6.04961
2020/03/09 16:03:33 555508	INFO [input.cpp->run:173]	
frame_id 8
2020/03/09 16:03:33 582821	WARNING [visualOdometry.cpp->trackingFrame2Frame:187]	The Estimated Rotation and translation matrices(using getTransformation function) are : 
    0.999989  -0.00282824  -0.00384822   0.00445789
  0.00281951     0.999993  -0.00223139 -0.000919506
  0.00385451   0.00222055      0.99999   0.00095135
           0            0            0            1
2020/03/09 16:03:33 584359	INFO [input.cpp->run:235]	rotation: 
[0.9999886751174927, -0.002828240394592285, -0.00384821742773056;
 0.00281950831413269, 0.9999933838844299, -0.002231389284133911;
 0.003854513168334961, 0.002220548689365387, 0.9999901056289673]
2020/03/09 16:03:33 584408	INFO [input.cpp->run:258]	frame times (ms): 161.738
2020/03/09 16:03:33 584415	INFO [input.cpp->run:259]	FPS: 6.18284
2020/03/09 16:03:33 686899	INFO [input.cpp->run:173]	
frame_id 9
2020/03/09 16:03:33 712869	WARNING [visualOdometry.cpp->trackingFrame2Frame:187]	The Estimated Rotation and translation matrices(using getTransformation function) are : 
    0.999989  -0.00464961 -0.000729447   0.00655022
  0.00464883     0.999989 -0.000969231  0.000698414
 0.000733947  0.000965834     0.999999  -0.00052613
           0            0            0            1
2020/03/09 16:03:33 714214	INFO [input.cpp->run:235]	rotation: 
[0.9999890923500061, -0.004649609327316284, -0.0007294472306966782;
 0.004648834466934204, 0.9999887943267822, -0.000969231128692627;
 0.0007339473813772202, 0.0009658336639404297, 0.9999993443489075]
2020/03/09 16:03:33 714260	INFO [input.cpp->run:258]	frame times (ms): 156.934
2020/03/09 16:03:33 714264	INFO [input.cpp->run:259]	FPS: 6.37211
2020/03/09 16:03:33 820329	INFO [input.cpp->run:173]	
frame_id 10
2020/03/09 16:03:33 846298	WARNING [visualOdometry.cpp->trackingFrame2Frame:187]	The Estimated Rotation and translation matrices(using getTransformation function) are : 
    0.999974  -0.00377457  -0.00614136   0.00285906
  0.00375495     0.999988  -0.00320805 -0.000951115
  0.00615349   0.00318494     0.999976   0.00223875
           0            0            0            1
2020/03/09 16:03:33 847792	INFO [input.cpp->run:235]	rotation: 
[0.9999737739562988, -0.003774568671360612, -0.006141364574432373;
 0.003754948498681188, 0.9999878406524658, -0.003208045614883304;
 0.006153494119644165, 0.003184941131621599, 0.9999759793281555]
2020/03/09 16:03:33 847832	INFO [input.cpp->run:258]	frame times (ms): 163.778
2020/03/09 16:03:33 847836	INFO [input.cpp->run:259]	FPS: 6.10583
2020/03/09 16:03:33 953910	INFO [input.cpp->run:173]	
frame_id 11
2020/03/09 16:03:33 980351	WARNING [visualOdometry.cpp->trackingFrame2Frame:187]	The Estimated Rotation and translation matrices(using getTransformation function) are : 
    0.999992  -0.00295001  -0.00257742   0.00578988
   0.0029451     0.999994  -0.00188635 -0.000683913
  0.00258297   0.00187874     0.999995  0.000571907
           0            0            0            1
2020/03/09 16:03:33 981726	INFO [input.cpp->run:235]	rotation: 
[0.9999924898147583, -0.002950012683868408, -0.002577424049377441;
 0.002945095300674438, 0.9999939203262329, -0.001886352896690369;
 0.002582971006631851, 0.001878738403320312, 0.9999949336051941]
2020/03/09 16:03:33 981770	INFO [input.cpp->run:258]	frame times (ms): 171.316
2020/03/09 16:03:33 981774	INFO [input.cpp->run:259]	FPS: 5.83717
2020/03/09 16:03:34 086037	INFO [input.cpp->run:173]	
frame_id 12
2020/03/09 16:03:34 112474	WARNING [visualOdometry.cpp->trackingFrame2Frame:187]	The Estimated Rotation and translation matrices(using getTransformation function) are : 
   0.999968 -0.00656757   -0.004571  0.00442356
  0.0065853    0.999971  0.00384428  0.00524033
 0.00454561 -0.00387423    0.999982  0.00171024
          0           0           0           1
2020/03/09 16:03:34 114357	INFO [input.cpp->run:235]	rotation: 
[0.9999681115150452, -0.006567567586898804, -0.004571001976728439;
 0.006585299968719482, 0.9999710321426392, 0.003844276070594788;
 0.004545610398054123, -0.003874227404594421, 0.9999822378158569]
2020/03/09 16:03:34 114403	INFO [input.cpp->run:258]	frame times (ms): 162.142
2020/03/09 16:03:34 114418	INFO [input.cpp->run:259]	FPS: 6.16743
2020/03/09 16:03:34 222250	INFO [input.cpp->run:173]	
frame_id 13
2020/03/09 16:03:34 248828	WARNING [visualOdometry.cpp->trackingFrame2Frame:187]	The Estimated Rotation and translation matrices(using getTransformation function) are : 
    0.999992   -0.0037457  -0.00163688   0.00610745
  0.00374252     0.999992  -0.00174616 -0.000453996
  0.00164343   0.00174002     0.999997  0.000300407
           0            0            0            1
2020/03/09 16:03:34 250213	INFO [input.cpp->run:235]	rotation: 
[0.9999917149543762, -0.003745704889297485, -0.00163688138127327;
 0.003742516040802002, 0.9999915957450867, -0.00174616277217865;
 0.001643426716327667, 0.001740016043186188, 0.9999971389770508]
2020/03/09 16:03:34 250264	INFO [input.cpp->run:258]	frame times (ms): 169.15
2020/03/09 16:03:34 250268	INFO [input.cpp->run:259]	FPS: 5.91191
2020/03/09 16:03:34 354190	INFO [input.cpp->run:173]	
frame_id 14
2020/03/09 16:03:34 381941	WARNING [visualOdometry.cpp->trackingFrame2Frame:187]	The Estimated Rotation and translation matrices(using getTransformation function) are : 
    0.999988  -0.00292188  -0.00392677   0.00561267
  0.00292155     0.999996 -7.75009e-05  0.000334668
  0.00392698  6.60047e-05     0.999992   0.00188035
           0            0            0            1
2020/03/09 16:03:34 383747	INFO [input.cpp->run:235]	rotation: 
[0.9999879598617554, -0.002921879291534424, -0.00392676517367363;
 0.002921551465988159, 0.9999957084655762, -7.750093936920166e-05;
 0.003926984965801239, 6.600469350814819e-05, 0.9999923706054688]
2020/03/09 16:03:34 383816	INFO [input.cpp->run:258]	frame times (ms): 166.484
2020/03/09 16:03:34 383822	INFO [input.cpp->run:259]	FPS: 6.00658
2020/03/09 16:03:34 490128	INFO [input.cpp->run:173]	
frame_id 15
2020/03/09 16:03:34 520594	WARNING [visualOdometry.cpp->trackingFrame2Frame:187]	The Estimated Rotation and translation matrices(using getTransformation function) are : 
    0.999968  -0.00313435  -0.00739071   0.00219876
  0.00312731     0.999995 -0.000909247  0.000146685
  0.00739342  0.000886247     0.999972   0.00278628
           0            0            0            1
2020/03/09 16:03:34 522014	INFO [input.cpp->run:235]	rotation: 
[0.9999679327011108, -0.003134347498416901, -0.007390707731246948;
 0.003127314150333405, 0.9999947547912598, -0.0009092465043067932;
 0.007393419742584229, 0.0008862465620040894, 0.9999724626541138]
2020/03/09 16:03:34 522065	INFO [input.cpp->run:258]	frame times (ms): 176.63
2020/03/09 16:03:34 522069	INFO [input.cpp->run:259]	FPS: 5.66155
2020/03/09 16:03:34 621424	INFO [input.cpp->run:173]	
frame_id 16
2020/03/09 16:03:34 651197	WARNING [visualOdometry.cpp->trackingFrame2Frame:187]	The Estimated Rotation and translation matrices(using getTransformation function) are : 
    0.999981  -0.00491545  -0.00361107   0.00470698
  0.00491416     0.999988 -0.000337534   0.00169467
  0.00361269  0.000319779     0.999994   0.00131589
           0            0            0            1
2020/03/09 16:03:34 652617	INFO [input.cpp->run:235]	rotation: 
[0.9999813437461853, -0.004915446043014526, -0.003611072897911072;
 0.004914164543151855, 0.9999877214431763, -0.0003375336527824402;
 0.003612685948610306, 0.0003197789192199707, 0.9999935030937195]
2020/03/09 16:03:34 652673	INFO [input.cpp->run:258]	frame times (ms): 190.683
2020/03/09 16:03:34 652679	INFO [input.cpp->run:259]	FPS: 5.24431
2020/03/09 16:03:34 754583	INFO [input.cpp->run:173]	
frame_id 17
2020/03/09 16:03:34 783011	WARNING [visualOdometry.cpp->trackingFrame2Frame:187]	The Estimated Rotation and translation matrices(using getTransformation function) are : 
    0.999977  -0.00462115  -0.00514642   0.00380528
  0.00461897      0.99999 -0.000361435   0.00152756
  0.00514803   0.00033769     0.999987   0.00242507
           0            0            0            1
2020/03/09 16:03:34 784479	INFO [input.cpp->run:235]	rotation: 
[0.9999765157699585, -0.004621148109436035, -0.005146417766809464;
 0.004618972539901733, 0.9999895095825195, -0.0003614351153373718;
 0.005148030817508698, 0.0003376901149749756, 0.9999869465827942]
2020/03/09 16:03:34 784532	INFO [input.cpp->run:258]	frame times (ms): 180.978
2020/03/09 16:03:34 784535	INFO [input.cpp->run:259]	FPS: 5.52553
2020/03/09 16:03:34 887263	INFO [input.cpp->run:173]	
frame_id 18
2020/03/09 16:03:34 915670	WARNING [visualOdometry.cpp->trackingFrame2Frame:187]	The Estimated Rotation and translation matrices(using getTransformation function) are : 
   0.999979 -0.00398377 -0.00519757  0.00334406
 0.00397831    0.999992 -0.00104821 0.000980019
 0.00520173  0.00102753    0.999986  0.00190759
          0           0           0           1
2020/03/09 16:03:34 917091	INFO [input.cpp->run:235]	rotation: 
[0.9999785423278809, -0.003983765840530396, -0.005197569727897644;
 0.003978312015533447, 0.9999915361404419, -0.00104820728302002;
 0.005201727151870728, 0.001027531921863556, 0.9999860525131226]
2020/03/09 16:03:34 917145	INFO [input.cpp->run:258]	frame times (ms): 186.036
2020/03/09 16:03:34 917149	INFO [input.cpp->run:259]	FPS: 5.3753
2020/03/09 16:03:35 020818	INFO [input.cpp->run:173]	
frame_id 19
2020/03/09 16:03:35 049574	WARNING [visualOdometry.cpp->trackingFrame2Frame:187]	The Estimated Rotation and translation matrices(using getTransformation function) are : 
   0.999983 -0.00489023 -0.00321575  0.00497621
 0.00489402    0.999987  0.00118525  0.00273819
  0.0032099 -0.00120097    0.999994  0.00134343
          0           0           0           1
2020/03/09 16:03:35 051237	INFO [input.cpp->run:235]	rotation: 
[0.9999829530715942, -0.004890233278274536, -0.003215745091438293;
 0.004894018173217773, 0.9999873638153076, 0.001185253262519836;
 0.003209896385669708, -0.001200966536998749, 0.999994158744812]
2020/03/09 16:03:35 051313	INFO [input.cpp->run:258]	frame times (ms): 186.589
2020/03/09 16:03:35 051319	INFO [input.cpp->run:259]	FPS: 5.35937
2020/03/09 16:03:35 153695	INFO [input.cpp->run:173]	
frame_id 20
2020/03/09 16:03:35 179254	WARNING [visualOdometry.cpp->trackingFrame2Frame:187]	The Estimated Rotation and translation matrices(using getTransformation function) are : 
    0.999979  -0.00483084  -0.00427172   0.00415927
  0.00483158     0.999988  0.000128411   0.00222835
  0.00427104 -0.000149043     0.999991   0.00130892
           0            0            0            1
2020/03/09 16:03:35 180706	INFO [input.cpp->run:235]	rotation: 
[0.9999790787696838, -0.004830837249755859, -0.004271721467375755;
 0.004831582307815552, 0.999988317489624, 0.0001284107565879822;
 0.004271041601896286, -0.0001490432769060135, 0.9999907612800598]
2020/03/09 16:03:35 180777	INFO [input.cpp->run:258]	frame times (ms): 163.699
2020/03/09 16:03:35 180781	INFO [input.cpp->run:259]	FPS: 6.10877
2020/03/09 16:03:35 290662	INFO [input.cpp->run:173]	
frame_id 21
2020/03/09 16:03:35 320683	WARNING [visualOdometry.cpp->trackingFrame2Frame:187]	The Estimated Rotation and translation matrices(using getTransformation function) are : 
    0.999992  -0.00383067 -0.000865564   0.00575882
  0.00382829      0.99999  -0.00248041 -0.000233077
 0.000875033   0.00247707     0.999997 -0.000507534
           0            0            0            1
2020/03/09 16:03:35 322345	INFO [input.cpp->run:235]	rotation: 
[0.9999921917915344, -0.003830671310424805, -0.0008655637502670288;
 0.003828287124633789, 0.9999895691871643, -0.002480410039424896;
 0.000875033438205719, 0.002477072179317474, 0.999996542930603]
2020/03/09 16:03:35 322410	INFO [input.cpp->run:258]	frame times (ms): 193.158
2020/03/09 16:03:35 322416	INFO [input.cpp->run:259]	FPS: 5.17711
2020/03/09 16:03:35 420824	INFO [input.cpp->run:173]	
frame_id 22
2020/03/09 16:03:35 449573	WARNING [visualOdometry.cpp->trackingFrame2Frame:187]	The Estimated Rotation and translation matrices(using getTransformation function) are : 
   0.999965 -0.00377044 -0.00751998  0.00216591
 0.00379109    0.999989  0.00278229  0.00250339
 0.00750941 -0.00281066    0.999968  0.00398409
          0           0           0           1
2020/03/09 16:03:35 451240	INFO [input.cpp->run:235]	rotation: 
[0.9999648928642273, -0.003770440816879272, -0.007519982755184174;
 0.003791093826293945, 0.9999892711639404, 0.002782292664051056;
 0.007509410381317139, -0.002810664474964142, 0.9999681711196899]
2020/03/09 16:03:35 451312	INFO [input.cpp->run:258]	frame times (ms): 189.713
2020/03/09 16:03:35 451317	INFO [input.cpp->run:259]	FPS: 5.27112
2020/03/09 16:03:35 554867	INFO [input.cpp->run:173]	
frame_id 23
2020/03/09 16:03:35 588012	WARNING [visualOdometry.cpp->trackingFrame2Frame:187]	The Estimated Rotation and translation matrices(using getTransformation function) are : 
    0.99998 -0.00502694 -0.00379472  0.00318897
 0.00503188    0.999987  0.00123403  0.00185916
 0.00378847 -0.00125311    0.999992  0.00095284
          0           0           0           1
2020/03/09 16:03:35 589546	INFO [input.cpp->run:235]	rotation: 
[0.999980092048645, -0.005026936531066895, -0.003794722259044647;
 0.005031883716583252, 0.9999865293502808, 0.001234032213687897;
 0.003788471221923828, -0.001253105700016022, 0.9999920129776001]
2020/03/09 16:03:35 589597	INFO [input.cpp->run:258]	frame times (ms): 202.845
2020/03/09 16:03:35 589600	INFO [input.cpp->run:259]	FPS: 4.92987
2020/03/09 16:03:35 687707	INFO [input.cpp->run:173]	
frame_id 24
2020/03/09 16:03:35 717247	WARNING [visualOdometry.cpp->trackingFrame2Frame:187]	The Estimated Rotation and translation matrices(using getTransformation function) are : 
     0.99999    -0.003397    -0.002924   0.00381136
  0.00339543     0.999994 -0.000510549  0.000329634
   0.0029256   0.00050072     0.999996  0.000926971
           0            0            0            1
2020/03/09 16:03:35 718760	INFO [input.cpp->run:235]	rotation: 
[0.9999903440475464, -0.003396999090909958, -0.00292399525642395;
 0.003395427018404007, 0.9999942779541016, -0.0005105491727590561;
 0.002925604581832886, 0.0005007199943065643, 0.9999958872795105]
2020/03/09 16:03:35 718815	INFO [input.cpp->run:258]	frame times (ms): 205.661
2020/03/09 16:03:35 718819	INFO [input.cpp->run:259]	FPS: 4.86237
2020/03/09 16:03:35 822699	INFO [input.cpp->run:173]	
frame_id 25
2020/03/09 16:03:35 855196	WARNING [visualOdometry.cpp->trackingFrame2Frame:187]	The Estimated Rotation and translation matrices(using getTransformation function) are : 
    0.999995  -0.00260144  -0.00195093   0.00461841
  0.00259951     0.999996 -0.000968285 -0.000358314
  0.00195345  0.000963226     0.999998  0.000447631
           0            0            0            1
2020/03/09 16:03:35 856859	INFO [input.cpp->run:235]	rotation: 
[0.9999948143959045, -0.002601444721221924, -0.001950927078723907;
 0.002599507570266724, 0.9999961853027344, -0.0009682849049568176;
 0.001953445374965668, 0.0009632259607315063, 0.9999976754188538]
2020/03/09 16:03:35 856905	INFO [input.cpp->run:258]	frame times (ms): 215.287
2020/03/09 16:03:35 856908	INFO [input.cpp->run:259]	FPS: 4.64496
2020/03/09 16:03:35 953310	INFO [input.cpp->run:173]	
frame_id 26
2020/03/09 16:03:35 986232	WARNING [visualOdometry.cpp->trackingFrame2Frame:187]	The Estimated Rotation and translation matrices(using getTransformation function) are : 
    0.999991  -0.00291634  -0.00319406   0.00403827
  0.00291854     0.999995  0.000660717   0.00071124
  0.00319209 -0.000670057     0.999994   0.00171489
           0            0            0            1
2020/03/09 16:03:35 987796	INFO [input.cpp->run:235]	rotation: 
[0.999990701675415, -0.002916336059570312, -0.003194063901901245;
 0.002918541431427002, 0.9999954700469971, 0.0006607174873352051;
 0.00319208949804306, -0.0006700567901134491, 0.9999943375587463]
2020/03/09 16:03:35 987859	INFO [input.cpp->run:258]	frame times (ms): 210.498
2020/03/09 16:03:35 987863	INFO [input.cpp->run:259]	FPS: 4.75064
2020/03/09 16:03:36 087318	INFO [input.cpp->run:173]	
frame_id 27
2020/03/09 16:03:36 118279	WARNING [visualOdometry.cpp->trackingFrame2Frame:187]	The Estimated Rotation and translation matrices(using getTransformation function) are : 
   0.999982 -0.00515425 -0.00319848  0.00316799
 0.00516143    0.999984  0.00224381  0.00297219
 0.00318683 -0.00226035    0.999992 0.000973821
          0           0           0           1
2020/03/09 16:03:36 119898	INFO [input.cpp->run:235]	rotation: 
[0.9999817609786987, -0.005154252052307129, -0.003198482096195221;
 0.005161434412002563, 0.9999844431877136, 0.002243809401988983;
 0.003186829388141632, -0.002260353416204453, 0.9999922513961792]
2020/03/09 16:03:36 119967	INFO [input.cpp->run:258]	frame times (ms): 227.063
2020/03/09 16:03:36 119970	INFO [input.cpp->run:259]	FPS: 4.40406
2020/03/09 16:03:36 221105	INFO [input.cpp->run:173]	
frame_id 28
2020/03/09 16:03:36 251406	WARNING [visualOdometry.cpp->trackingFrame2Frame:187]	The Estimated Rotation and translation matrices(using getTransformation function) are : 
     0.99999   -0.0035798  -0.00260597   0.00371578
  0.00357956     0.999994 -0.000108783  0.000815844
  0.00260633  9.94513e-05     0.999997  0.000814795
           0            0            0            1
2020/03/09 16:03:36 252900	INFO [input.cpp->run:235]	rotation: 
[0.9999902844429016, -0.003579795360565186, -0.002605967223644257;
 0.003579556941986084, 0.9999936819076538, -0.000108783133327961;
 0.002606334164738655, 9.945128113031387e-05, 0.999996542930603]
2020/03/09 16:03:36 252972	INFO [input.cpp->run:258]	frame times (ms): 220.253
2020/03/09 16:03:36 252975	INFO [input.cpp->run:259]	FPS: 4.54023
2020/03/09 16:03:36 354563	INFO [input.cpp->run:173]	
frame_id 29
2020/03/09 16:03:36 389153	WARNING [visualOdometry.cpp->trackingFrame2Frame:187]	The Estimated Rotation and translation matrices(using getTransformation function) are : 
    0.999994  -0.00248323  -0.00260288   0.00339705
  0.00248551     0.999997  0.000918783    0.0005611
  0.00260046 -0.000925198     0.999996  0.000696182
           0            0            0            1
2020/03/09 16:03:36 390929	INFO [input.cpp->run:235]	rotation: 
[0.9999936819076538, -0.00248323380947113, -0.002602875232696533;
 0.002485513687133789, 0.9999967813491821, 0.0009187832474708557;
 0.00260046124458313, -0.0009251981973648071, 0.9999963045120239]
2020/03/09 16:03:36 391007	INFO [input.cpp->run:258]	frame times (ms): 238.956
2020/03/09 16:03:36 391010	INFO [input.cpp->run:259]	FPS: 4.18487
2020/03/09 16:03:36 488339	INFO [input.cpp->run:173]	
frame_id 30
2020/03/09 16:03:36 523333	WARNING [visualOdometry.cpp->trackingFrame2Frame:187]	The Estimated Rotation and translation matrices(using getTransformation function) are : 
   0.999981 -0.00399122 -0.00469289   0.0022282
 0.00399992     0.99999  0.00189968  0.00251118
 0.00468528 -0.00191841    0.999987  0.00204575
          0           0           0           1
2020/03/09 16:03:36 524862	INFO [input.cpp->run:235]	rotation: 
[0.9999813437461853, -0.003991216421127319, -0.004692893475294113;
 0.003999918699264526, 0.9999903440475464, 0.001899681985378265;
 0.004685275256633759, -0.001918412744998932, 0.9999874234199524]
2020/03/09 16:03:36 524928	INFO [input.cpp->run:258]	frame times (ms): 237.787
2020/03/09 16:03:36 524931	INFO [input.cpp->run:259]	FPS: 4.20544
2020/03/09 16:03:36 620779	INFO [input.cpp->run:173]	
frame_id 31
2020/03/09 16:03:36 656149	WARNING [visualOdometry.cpp->trackingFrame2Frame:187]	The Estimated Rotation and translation matrices(using getTransformation function) are : 
    0.999995  -0.00272539  -0.00175945   0.00421435
   0.0027248     0.999996 -0.000322863  0.000115292
  0.00176034  0.000318028     0.999998  0.000785708
           0            0            0            1
2020/03/09 16:03:36 657710	INFO [input.cpp->run:235]	rotation: 
[0.9999950528144836, -0.002725392580032349, -0.001759447157382965;
 0.002724796533584595, 0.9999964237213135, -0.0003228634595870972;
 0.001760337501764297, 0.0003180280327796936, 0.9999983310699463]
2020/03/09 16:03:36 657774	INFO [input.cpp->run:258]	frame times (ms): 247.668
2020/03/09 16:03:36 657777	INFO [input.cpp->run:259]	FPS: 4.03766
2020/03/09 16:03:36 757005	INFO [input.cpp->run:173]	
frame_id 32
2020/03/09 16:03:36 793414	WARNING [visualOdometry.cpp->trackingFrame2Frame:187]	The Estimated Rotation and translation matrices(using getTransformation function) are : 
    0.999988  -0.00454411  -0.00155479   0.00361183
  0.00454572     0.999989  0.000985026   0.00228757
   0.0015503  -0.00099209     0.999998 -6.90818e-05
           0            0            0            1
2020/03/09 16:03:36 795585	INFO [input.cpp->run:235]	rotation: 
[0.9999884366989136, -0.004544109106063843, -0.001554787158966064;
 0.004545718431472778, 0.9999891519546509, 0.0009850263595581055;
 0.001550301909446716, -0.0009920895099639893, 0.9999982118606567]
2020/03/09 16:03:36 795645	INFO [input.cpp->run:258]	frame times (ms): 255.902
2020/03/09 16:03:36 795648	INFO [input.cpp->run:259]	FPS: 3.90775
2020/03/09 16:03:36 890028	INFO [input.cpp->run:173]	
frame_id 33
2020/03/09 16:03:36 926121	WARNING [visualOdometry.cpp->trackingFrame2Frame:187]	The Estimated Rotation and translation matrices(using getTransformation function) are : 
   0.999994 -0.00309882 -0.00167671  0.00360084
 0.00310072    0.999994  0.00104119  0.00141123
 0.00167346 -0.00104637    0.999998 0.000445247
          0           0           0           1
2020/03/09 16:03:36 927674	INFO [input.cpp->run:235]	rotation: 
[0.999993622303009, -0.003098815679550171, -0.001676708459854126;
 0.003100723028182983, 0.9999944567680359, 0.001041188836097717;
 0.001673463732004166, -0.001046366989612579, 0.9999980926513672]
2020/03/09 16:03:36 927746	INFO [input.cpp->run:258]	frame times (ms): 259.438
2020/03/09 16:03:36 927749	INFO [input.cpp->run:259]	FPS: 3.85449
2020/03/09 16:03:37 021626	INFO [input.cpp->run:173]	
frame_id 34
2020/03/09 16:03:37 051277	WARNING [visualOdometry.cpp->trackingFrame2Frame:187]	The Estimated Rotation and translation matrices(using getTransformation function) are : 
    0.999992  -0.00295565  -0.00269395   0.00307399
  0.00295648     0.999996  0.000318769  0.000755325
  0.00269302 -0.000326738     0.999996   0.00116503
           0            0            0            1
2020/03/09 16:03:37 053332	INFO [input.cpp->run:235]	rotation: 
[0.9999920129776001, -0.002955645322799683, -0.002693947404623032;
 0.002956479787826538, 0.9999955296516418, 0.0003187693655490875;
 0.002693016082048416, -0.0003267377614974976, 0.9999961256980896]
2020/03/09 16:03:37 053426	INFO [input.cpp->run:258]	frame times (ms): 263.022
2020/03/09 16:03:37 053431	INFO [input.cpp->run:259]	FPS: 3.80196
2020/03/09 16:03:37 154117	INFO [input.cpp->run:173]	
frame_id 35
2020/03/09 16:03:37 189202	WARNING [visualOdometry.cpp->trackingFrame2Frame:187]	The Estimated Rotation and translation matrices(using getTransformation function) are : 
   0.999988 -0.00408685 -0.00274849  0.00269976
 0.00409168     0.99999  0.00166909  0.00217689
 0.00274165 -0.00168036    0.999995 0.000717938
          0           0           0           1
2020/03/09 16:03:37 190760	INFO [input.cpp->run:235]	rotation: 
[0.9999878406524658, -0.004086852073669434, -0.002748493105173111;
 0.00409168004989624, 0.9999902248382568, 0.001669090241193771;
 0.002741649746894836, -0.00168035551905632, 0.999994695186615]
2020/03/09 16:03:37 190833	INFO [input.cpp->run:258]	frame times (ms): 265.185
2020/03/09 16:03:37 190837	INFO [input.cpp->run:259]	FPS: 3.77095
2020/03/09 16:03:37 287967	INFO [input.cpp->run:173]	
frame_id 36
2020/03/09 16:03:37 324073	WARNING [visualOdometry.cpp->trackingFrame2Frame:187]	The Estimated Rotation and translation matrices(using getTransformation function) are : 
    0.999997 -0.000928476  -0.00235376   0.00321272
 0.000934482     0.999996   0.00251319  0.000477535
   0.0023514  -0.00251535     0.999994  0.000570774
           0            0            0            1
2020/03/09 16:03:37 325871	INFO [input.cpp->run:235]	rotation: 
[0.9999970197677612, -0.0009284764528274536, -0.002353757619857788;
 0.0009344816207885742, 0.9999963045120239, 0.002513192594051361;
 0.00235140323638916, -0.002515345811843872, 0.9999942183494568]
2020/03/09 16:03:37 325938	INFO [input.cpp->run:258]	frame times (ms): 276.558
2020/03/09 16:03:37 325942	INFO [input.cpp->run:259]	FPS: 3.61588
2020/03/09 16:03:37 420865	INFO [input.cpp->run:173]	
frame_id 37
2020/03/09 16:03:37 457507	WARNING [visualOdometry.cpp->trackingFrame2Frame:187]	The Estimated Rotation and translation matrices(using getTransformation function) are : 
    0.999998 -0.000815392  -0.00197165   0.00281033
 0.000814319            1 -0.000549345 -0.000994029
  0.00197213  0.000547719     0.999998  0.000501394
           0            0            0            1
2020/03/09 16:03:37 459049	INFO [input.cpp->run:235]	rotation: 
[0.9999979734420776, -0.0008153915405273438, -0.001971645280718803;
 0.0008143186569213867, 0.9999997019767761, -0.0005493452772498131;
 0.00197212677448988, 0.0005477191880345345, 0.9999979138374329]
2020/03/09 16:03:37 459108	INFO [input.cpp->run:258]	frame times (ms): 287.89
2020/03/09 16:03:37 459112	INFO [input.cpp->run:259]	FPS: 3.47355
2020/03/09 16:03:37 554299	INFO [input.cpp->run:173]	
frame_id 38
2020/03/09 16:03:37 591438	WARNING [visualOdometry.cpp->trackingFrame2Frame:187]	The Estimated Rotation and translation matrices(using getTransformation function) are : 
    0.999995  -0.00262028  -0.00177851   0.00276679
  0.00262178     0.999997   0.00085526  0.000589251
  0.00177625 -0.000859946     0.999998  0.000680566
           0            0            0            1
2020/03/09 16:03:37 592975	INFO [input.cpp->run:235]	rotation: 
[0.999995231628418, -0.002620279788970947, -0.001778513193130493;
 0.002621784806251526, 0.999996542930603, 0.0008552595973014832;
 0.001776248216629028, -0.0008599460124969482, 0.9999983310699463]
2020/03/09 16:03:37 593031	INFO [input.cpp->run:258]	frame times (ms): 308.511
2020/03/09 16:03:37 593034	INFO [input.cpp->run:259]	FPS: 3.24138
2020/03/09 16:03:37 690219	INFO [input.cpp->run:173]	
frame_id 39
2020/03/09 16:03:37 727860	WARNING [visualOdometry.cpp->trackingFrame2Frame:187]	The Estimated Rotation and translation matrices(using getTransformation function) are : 
    0.999995  -0.00233488  -0.00187215   0.00259197
  0.00233597     0.999997  0.000526093 -0.000340026
  0.00187111 -0.000530556     0.999998   0.00076288
           0            0            0            1
2020/03/09 16:03:37 729470	INFO [input.cpp->run:235]	rotation: 
[0.9999954700469971, -0.002334877848625183, -0.001872152090072632;
 0.002335965633392334, 0.999997079372406, 0.0005260929465293884;
 0.001871109008789062, -0.0005305558443069458, 0.9999980926513672]
2020/03/09 16:03:37 729529	INFO [input.cpp->run:258]	frame times (ms): 327.793
2020/03/09 16:03:37 729533	INFO [input.cpp->run:259]	FPS: 3.05071
2020/03/09 16:03:37 823182	INFO [input.cpp->run:173]	
frame_id 40
2020/03/09 16:03:37 860660	WARNING [visualOdometry.cpp->trackingFrame2Frame:187]	The Estimated Rotation and translation matrices(using getTransformation function) are : 
   0.999997 -0.00199482 -0.00161111   0.0033651
 0.00199652    0.999998  0.00106929 7.15172e-05
 0.00160891 -0.00107255    0.999998 0.000706732
          0           0           0           1
2020/03/09 16:03:37 862272	INFO [input.cpp->run:235]	rotation: 
[0.9999969005584717, -0.001994818449020386, -0.001611113548278809;
 0.001996517181396484, 0.9999977350234985, 0.001069292426109314;
 0.001608908176422119, -0.00107254832983017, 0.9999982118606567]
2020/03/09 16:03:37 862328	INFO [input.cpp->run:258]	frame times (ms): 336.761
2020/03/09 16:03:37 862331	INFO [input.cpp->run:259]	FPS: 2.96947
2020/03/09 16:03:37 955291	INFO [input.cpp->run:173]	
frame_id 41
2020/03/09 16:03:37 991988	WARNING [visualOdometry.cpp->trackingFrame2Frame:187]	The Estimated Rotation and translation matrices(using getTransformation function) are : 
    0.999997  -0.00188753  -0.00199819   0.00215432
  0.00188914     0.999998  0.000756674 -0.000264429
  0.00199687 -0.000760272     0.999998  0.000638843
           0            0            0            1
2020/03/09 16:03:37 993587	INFO [input.cpp->run:235]	rotation: 
[0.9999966025352478, -0.001887530088424683, -0.001998186111450195;
 0.001889139413833618, 0.9999979734420776, 0.0007566735148429871;
 0.001996874809265137, -0.0007602721452713013, 0.9999980330467224]
2020/03/09 16:03:37 993641	INFO [input.cpp->run:258]	frame times (ms): 303.89
2020/03/09 16:03:37 993647	INFO [input.cpp->run:259]	FPS: 3.29066
2020/03/09 16:03:38 089480	INFO [input.cpp->run:173]	
frame_id 42
2020/03/09 16:03:38 124622	WARNING [visualOdometry.cpp->trackingFrame2Frame:187]	The Estimated Rotation and translation matrices(using getTransformation function) are : 
    0.999995  -0.00180069  -0.00267928   0.00133979
  0.00180373     0.999997   0.00114984 -0.000421932
  0.00267718  -0.00115461     0.999996  0.000823855
           0            0            0            1
2020/03/09 16:03:38 126438	INFO [input.cpp->run:235]	rotation: 
[0.9999946355819702, -0.001800686120986938, -0.002679284662008286;
 0.001803725957870483, 0.9999974966049194, 0.001149842515587807;
 0.002677176147699356, -0.00115460529923439, 0.9999957084655762]
2020/03/09 16:03:38 126504	INFO [input.cpp->run:258]	frame times (ms): 318.008
2020/03/09 16:03:38 126510	INFO [input.cpp->run:259]	FPS: 3.14458
2020/03/09 16:03:38 220744	INFO [input.cpp->run:173]	
frame_id 43
2020/03/09 16:03:38 262588	WARNING [visualOdometry.cpp->trackingFrame2Frame:187]	The Estimated Rotation and translation matrices(using getTransformation function) are : 
    0.999997  -0.00192761   -0.0015963   0.00219339
  0.00192899     0.999998  0.000905685 -0.000455586
  0.00159439 -0.000908792     0.999998  7.50422e-05
           0            0            0            1
2020/03/09 16:03:38 264282	INFO [input.cpp->run:235]	rotation: 
[0.9999969005584717, -0.001927614212036133, -0.001596301794052124;
 0.001928985118865967, 0.9999980330467224, 0.0009056851267814636;
 0.001594394445419312, -0.0009087920188903809, 0.9999983310699463]
2020/03/09 16:03:38 264339	INFO [input.cpp->run:258]	frame times (ms): 342.287
2020/03/09 16:03:38 264343	INFO [input.cpp->run:259]	FPS: 2.92153
2020/03/09 16:03:38 354959	INFO [input.cpp->run:173]	
frame_id 44
2020/03/09 16:03:38 396390	WARNING [visualOdometry.cpp->trackingFrame2Frame:187]	The Estimated Rotation and translation matrices(using getTransformation function) are : 
    0.999996  -0.00224675  -0.00173977   0.00163683
  0.00224774     0.999997  0.000557542 -0.000323373
  0.00173846 -0.000561617     0.999998   0.00035125
           0            0            0            1
2020/03/09 16:03:38 398015	INFO [input.cpp->run:235]	rotation: 
[0.9999959468841553, -0.002246752381324768, -0.001739770174026489;
 0.002247735857963562, 0.9999974966049194, 0.0005575418472290039;
 0.001738458871841431, -0.0005616173148155212, 0.9999983906745911]
2020/03/09 16:03:38 398087	INFO [input.cpp->run:258]	frame times (ms): 352.945
2020/03/09 16:03:38 398091	INFO [input.cpp->run:259]	FPS: 2.8333
2020/03/09 16:03:38 488332	INFO [input.cpp->run:173]	
frame_id 45
2020/03/09 16:03:38 524053	WARNING [visualOdometry.cpp->trackingFrame2Frame:187]	The Estimated Rotation and translation matrices(using getTransformation function) are : 
   0.999991 -0.00211304 -0.00366263 0.000774711
 0.00212103    0.999996  0.00215695 0.000115338
  0.0036581 -0.00216474    0.999991  0.00133455
          0           0           0           1
2020/03/09 16:03:38 525631	INFO [input.cpp->run:235]	rotation: 
[0.9999912977218628, -0.002113044261932373, -0.003662633709609509;
 0.002121031284332275, 0.9999957084655762, 0.002156950999051332;
 0.003658095374703407, -0.002164743840694427, 0.9999911189079285]
2020/03/09 16:03:38 525692	INFO [input.cpp->run:258]	frame times (ms): 322.266
2020/03/09 16:03:38 525696	INFO [input.cpp->run:259]	FPS: 3.10303
2020/03/09 16:03:38 623416	INFO [input.cpp->run:173]	
frame_id 46
2020/03/09 16:03:38 661635	WARNING [visualOdometry.cpp->trackingFrame2Frame:187]	The Estimated Rotation and translation matrices(using getTransformation function) are : 
    0.999996  -0.00233249  -0.00161409   0.00265431
  0.00233409     0.999997   0.00101428 -0.000148988
  0.00161171  -0.00101801     0.999998  0.000614583
           0            0            0            1
2020/03/09 16:03:38 663303	INFO [input.cpp->run:235]	rotation: 
[0.9999959468841553, -0.002332493662834167, -0.001614093780517578;
 0.002334088087081909, 0.9999967217445374, 0.001014277338981628;
 0.001611709594726562, -0.001018010079860687, 0.9999982118606567]
2020/03/09 16:03:38 663384	INFO [input.cpp->run:258]	frame times (ms): 331.606
2020/03/09 16:03:38 663387	INFO [input.cpp->run:259]	FPS: 3.01563
2020/03/09 16:03:38 753608	INFO [input.cpp->run:173]	
frame_id 47
