		g3log created log at: Mon Mar 09 14:45:35 2020
		LOG format: [YYYY/MM/DD hh:mm:ss uuu* LEVEL FILE->FUNCTION:LINE] message		(uuu*: microseconds fractions of the seconds value)

2020/03/09 14:45:35 163478	INFO [g3logger.h->logBanner:29]	Starting log.
2020/03/09 14:45:35 167819	DEBUG [main.cpp->main:48]	Filepath: /home/mitchell/KITTI/data_odometry_gray/dataset/sequences/00/
2020/03/09 14:45:35 167845	DEBUG [main.cpp->main:52]	Calibration Filepath: /home/mitchell/visual_odom_catkin_ws/tank_downsized.yaml
2020/03/09 14:45:35 167966	INFO [main.cpp->main:66]	P_left: 
[409.41, 0, 251.22, 0;
 0, 408.72, 191.78999, 0;
 0, 0, 1, 0]
2020/03/09 14:45:35 167977	INFO [main.cpp->main:67]	P_right: 
[409.41, 0, 251.22, -73.940002;
 0, 408.72, 191.78999, 0;
 0, 0, 1, 0]
2020/03/09 14:45:35 299686	INFO [input.cpp->Input:22]	frame_pose [1, 0, 0, 0;
 0, 1, 0, 0;
 0, 0, 1, 0;
 0, 0, 0, 1]
2020/03/09 14:45:35 886553	INFO [input.cpp->run:173]	
frame_id 1
2020/03/09 14:45:36 034041	INFO [input.cpp->run:235]	rotation: 
[-0.9464579917577297, -0.02554254678057896, -0.3218149284012276;
 -0.03436715589613707, -0.9832280776591018, 0.1791129417389985;
 -0.320992474107316, 0.1805827389501809, 0.9297062471338537]
2020/03/09 14:45:36 034152	INFO [input.cpp->run:256]	frame times (ms): 232.653
2020/03/09 14:45:36 034158	INFO [input.cpp->run:257]	FPS: 4.29825
2020/03/09 14:45:36 084601	INFO [input.cpp->run:173]	
frame_id 2
2020/03/09 14:45:36 177859	INFO [input.cpp->run:235]	rotation: 
[-0.9550559237601914, -0.02331283448404548, -0.2955075197670728;
 -0.0307974933768423, -0.9837036538388808, 0.1771401587041705;
 -0.2948214661320828, 0.178279648789072, 0.9387740249577503]
2020/03/09 14:45:36 177927	INFO [input.cpp->run:256]	frame times (ms): 190.115
2020/03/09 14:45:36 177932	INFO [input.cpp->run:257]	FPS: 5.25997
2020/03/09 14:45:36 284656	INFO [input.cpp->run:173]	
frame_id 3
2020/03/09 14:45:36 353900	INFO [input.cpp->run:235]	rotation: 
[-0.9403415473953921, 0.0355722003042837, -0.338367245470881;
 0.01784398304839182, -0.9879943167918583, -0.1534562551868051;
 -0.3397636921611963, -0.1503391118521759, 0.9284173549306861]
2020/03/09 14:45:36 353960	INFO [input.cpp->run:256]	frame times (ms): 179.235
2020/03/09 14:45:36 353964	INFO [input.cpp->run:257]	FPS: 5.57927
2020/03/09 14:45:36 483540	INFO [input.cpp->run:173]	
frame_id 4
2020/03/09 14:45:36 548469	INFO [input.cpp->run:235]	rotation: 
[-0.9802073170108343, 0.002758727355905535, -0.1979545531221688;
 -0.02571318986131527, -0.9932072687991983, 0.1134819504220522;
 -0.1962968352918042, 0.1163258811606984, 0.9736199678655988]
2020/03/09 14:45:36 548532	INFO [input.cpp->run:256]	frame times (ms): 174.564
2020/03/09 14:45:36 548537	INFO [input.cpp->run:257]	FPS: 5.72856
2020/03/09 14:45:36 683525	INFO [input.cpp->run:173]	
frame_id 5
2020/03/09 14:45:36 738511	INFO [input.cpp->run:235]	rotation: 
[-0.9994886222517387, 0.007739550780506642, 0.03102568843776028;
 -0.008220761884416701, -0.9998474230122802, -0.01541264966649456;
 0.03090166764692052, -0.0156598227773603, 0.9993997482925545]
2020/03/09 14:45:36 738581	INFO [input.cpp->run:256]	frame times (ms): 171.916
2020/03/09 14:45:36 738585	INFO [input.cpp->run:257]	FPS: 5.81679
2020/03/09 14:45:36 883667	INFO [input.cpp->run:173]	
frame_id 6
2020/03/09 14:45:36 935737	INFO [input.cpp->run:235]	rotation: 
[-0.8968723596811957, -0.0001512266177300203, -0.442289438682854;
 -0.007912524055345796, -0.9998344180312758, 0.01638683871689318;
 -0.4422186816530455, 0.01819652853073863, 0.8967226572059348]
2020/03/09 14:45:36 935793	INFO [input.cpp->run:256]	frame times (ms): 170.969
2020/03/09 14:45:36 935798	INFO [input.cpp->run:257]	FPS: 5.84901
2020/03/09 14:45:37 082568	INFO [input.cpp->run:173]	
frame_id 7
2020/03/09 14:45:37 134037	INFO [input.cpp->run:235]	rotation: 
[-0.9999489592213997, 0.0003054980795683245, -0.01009879314388585;
 0.0002634761745403862, -0.9984143406655664, -0.05629151742178969;
 -0.01009997684873908, -0.05629130505029691, 0.9983633003287875]
2020/03/09 14:45:37 134092	INFO [input.cpp->run:256]	frame times (ms): 171.399
2020/03/09 14:45:37 134097	INFO [input.cpp->run:257]	FPS: 5.83434
2020/03/09 14:45:37 283905	INFO [input.cpp->run:173]	
frame_id 8
2020/03/09 14:45:37 335204	INFO [input.cpp->run:235]	rotation: 
[-0.9548926123902235, -0.0193977315497328, -0.2963171051648875;
 -0.02808209160523133, -0.9874933444879249, 0.1551395846427593;
 -0.2956205252238922, 0.156462847356096, 0.9424053705617204]
2020/03/09 14:45:37 335286	INFO [input.cpp->run:256]	frame times (ms): 171.92
2020/03/09 14:45:37 335290	INFO [input.cpp->run:257]	FPS: 5.81666
2020/03/09 14:45:37 483166	INFO [input.cpp->run:173]	
frame_id 9
2020/03/09 14:45:37 538277	INFO [input.cpp->run:235]	rotation: 
[-0.933604211641068, -0.04707307402407883, -0.355200368395056;
 -0.01460357717379791, -0.9855097527588658, 0.1689889426882371;
 -0.3580082562452839, 0.1629559846065279, 0.9193886205197064]
2020/03/09 14:45:37 538341	INFO [input.cpp->run:256]	frame times (ms): 168.649
2020/03/09 14:45:37 538344	INFO [input.cpp->run:257]	FPS: 5.92947
2020/03/09 14:45:37 685265	INFO [input.cpp->run:173]	
frame_id 10
2020/03/09 14:45:37 738350	INFO [input.cpp->run:235]	rotation: 
[0.9999879006631486, -0.004908614748493188, -0.0003225345868241484;
 0.004912168300508035, 0.9999142648167462, 0.01213810605380908;
 0.0002629256478677397, -0.01213954353494841, 0.9999262784590006]
2020/03/09 14:45:37 738415	INFO [input.cpp->run:256]	frame times (ms): 167.05
2020/03/09 14:45:37 738426	INFO [input.cpp->run:257]	FPS: 5.98623
2020/03/09 14:45:37 885111	INFO [input.cpp->run:173]	
frame_id 11
2020/03/09 14:45:37 938336	INFO [input.cpp->run:235]	rotation: 
[-0.9958147343939308, -0.006572933876459725, 0.09115816641530736;
 0.003853971128867077, -0.9995433421664536, -0.02997088649429259;
 0.09131353497966793, -0.02949412943233957, 0.995385319692101]
2020/03/09 14:45:37 938402	INFO [input.cpp->run:256]	frame times (ms): 173.302
2020/03/09 14:45:37 938406	INFO [input.cpp->run:257]	FPS: 5.77027
2020/03/09 14:45:38 083515	INFO [input.cpp->run:173]	
frame_id 12
2020/03/09 14:45:38 135639	INFO [input.cpp->run:235]	rotation: 
[-0.9986384531539063, 0.00550493328677744, 0.05187422859071211;
 -0.01003044643297671, -0.9961238360466544, -0.0873881765689903;
 0.05119208949367576, -0.08778951514392803, 0.9948227837178162]
2020/03/09 14:45:38 135694	INFO [input.cpp->run:256]	frame times (ms): 166.799
2020/03/09 14:45:38 135699	INFO [input.cpp->run:257]	FPS: 5.99524
2020/03/09 14:45:38 283523	INFO [input.cpp->run:173]	
frame_id 13
2020/03/09 14:45:38 336502	INFO [input.cpp->run:235]	rotation: 
[-0.9437668371826509, 0.02299194970194798, -0.3298113510526265;
 0.006688655876659198, -0.996046904031097, -0.08857667216954065;
 -0.3305441255215699, -0.08580172037301897, 0.9398822510635096]
2020/03/09 14:45:38 336560	INFO [input.cpp->run:256]	frame times (ms): 165.338
2020/03/09 14:45:38 336565	INFO [input.cpp->run:257]	FPS: 6.04822
2020/03/09 14:45:38 483953	INFO [input.cpp->run:173]	
frame_id 14
2020/03/09 14:45:38 536797	INFO [input.cpp->run:235]	rotation: 
[0.9999527497520764, -0.009620032873242325, 0.001397580330097409;
 0.009607878539919285, 0.9999180753888188, 0.008457610814083321;
 -0.001478828327932843, -0.008443783407814159, 0.9999632571192496]
2020/03/09 14:45:38 536855	INFO [input.cpp->run:256]	frame times (ms): 173.47
2020/03/09 14:45:38 536857	INFO [input.cpp->run:257]	FPS: 5.76469
2020/03/09 14:45:38 686437	INFO [input.cpp->run:173]	
frame_id 15
2020/03/09 14:45:38 741658	INFO [input.cpp->run:235]	rotation: 
[-0.9951335733883855, 0.02051335165669447, -0.09637620826257738;
 -0.01477934116107037, -0.9980987026179168, -0.05983770472934367;
 -0.09742044030955511, -0.05812213206894786, 0.9935447023529705]
2020/03/09 14:45:38 741713	INFO [input.cpp->run:256]	frame times (ms): 175.414
2020/03/09 14:45:38 741717	INFO [input.cpp->run:257]	FPS: 5.7008
2020/03/09 14:45:38 884059	INFO [input.cpp->run:173]	
frame_id 16
2020/03/09 14:45:38 935594	INFO [input.cpp->run:235]	rotation: 
[-0.9949068643898348, 0.003691154202478697, 0.1007308620564747;
 -0.005944025529910512, -0.999738662998035, -0.02207428973718228;
 0.1006230577476493, -0.02256060920176631, 0.994668798727475]
2020/03/09 14:45:38 935654	INFO [input.cpp->run:256]	frame times (ms): 167.583
2020/03/09 14:45:38 935659	INFO [input.cpp->run:257]	FPS: 5.96719
2020/03/09 14:45:39 083741	INFO [input.cpp->run:173]	
frame_id 17
2020/03/09 14:45:39 136817	INFO [input.cpp->run:235]	rotation: 
[-0.992281773936557, 0.01252234622227327, -0.1233696557440643;
 -0.002480014638192318, -0.9966931262604682, -0.08121983496984424;
 -0.1239787507628375, -0.08028700337055743, 0.9890314789980457]
2020/03/09 14:45:39 136886	INFO [input.cpp->run:256]	frame times (ms): 168.03
2020/03/09 14:45:39 136891	INFO [input.cpp->run:257]	FPS: 5.95132
2020/03/09 14:45:39 284552	INFO [input.cpp->run:173]	
frame_id 18
2020/03/09 14:45:39 339586	INFO [input.cpp->run:235]	rotation: 
[-0.9468454985107538, 0.01329595251263849, -0.3214137825244956;
 -0.00388425593881902, -0.9995451763951908, -0.02990573357917629;
 -0.3216652211628168, -0.02706765582551591, 0.9464664957104338]
2020/03/09 14:45:39 339649	INFO [input.cpp->run:256]	frame times (ms): 172.361
2020/03/09 14:45:39 339669	INFO [input.cpp->run:257]	FPS: 5.80178
2020/03/09 14:45:39 483231	INFO [input.cpp->run:173]	
frame_id 19
2020/03/09 14:45:39 537418	INFO [input.cpp->run:235]	rotation: 
[-0.9717557904789238, -0.006058650573050946, -0.2359109501992556;
 -0.03241246564257985, -0.9867698356255924, 0.1588544099809945;
 -0.2337522529124598, 0.1620141483101861, 0.9587029258355659]
2020/03/09 14:45:39 537476	INFO [input.cpp->run:256]	frame times (ms): 173.862
2020/03/09 14:45:39 537480	INFO [input.cpp->run:257]	FPS: 5.75169
2020/03/09 14:45:39 683157	INFO [input.cpp->run:173]	
frame_id 20
2020/03/09 14:45:39 734115	INFO [input.cpp->run:235]	rotation: 
[-0.9187540971824959, 0.0006244745490072182, -0.3948297341157508;
 -0.001323855368988155, -0.999998000297896, 0.00149893534593132;
 -0.3948280085269267, 0.001899850453831364, 0.9187530866619797]
2020/03/09 14:45:39 734172	INFO [input.cpp->run:256]	frame times (ms): 165.785
2020/03/09 14:45:39 734177	INFO [input.cpp->run:257]	FPS: 6.03191
2020/03/09 14:45:39 883095	INFO [input.cpp->run:173]	
frame_id 21
2020/03/09 14:45:39 937549	INFO [input.cpp->run:235]	rotation: 
[-0.9891716610614608, 0.01053519568456274, -0.1463845435993787;
 0.001600537049875002, -0.9965865464774063, -0.08253904325462269;
 -0.1467544317356801, -0.08187957640415874, 0.9857783075995397]
2020/03/09 14:45:39 937633	INFO [input.cpp->run:256]	frame times (ms): 171.902
2020/03/09 14:45:39 937638	INFO [input.cpp->run:257]	FPS: 5.81727
2020/03/09 14:45:40 085156	INFO [input.cpp->run:173]	
frame_id 22
2020/03/09 14:45:40 140340	INFO [input.cpp->run:235]	rotation: 
[-0.9723660857049625, -0.009385868841706495, 0.2332725891246027;
 -0.0211955187527675, -0.9915159960905419, -0.1282449978805473;
 0.2324971942962119, -0.1296454201376462, 0.9639175896733716]
2020/03/09 14:45:40 140401	INFO [input.cpp->run:256]	frame times (ms): 175.123
2020/03/09 14:45:40 140404	INFO [input.cpp->run:257]	FPS: 5.71027
2020/03/09 14:45:40 283308	INFO [input.cpp->run:173]	
frame_id 23
2020/03/09 14:45:40 338189	INFO [input.cpp->run:235]	rotation: 
[-0.9981494959605969, 0.002245525046331477, 0.06076628449125899;
 -0.003620541218243816, -0.9997396721110257, -0.02252730983996586;
 0.06069987969422446, -0.02270562979979025, 0.9978977798254193]
2020/03/09 14:45:40 338255	INFO [input.cpp->run:256]	frame times (ms): 175.217
2020/03/09 14:45:40 338258	INFO [input.cpp->run:257]	FPS: 5.70721
2020/03/09 14:45:40 484537	INFO [input.cpp->run:173]	
frame_id 24
2020/03/09 14:45:40 536835	INFO [input.cpp->run:235]	rotation: 
[-0.9997971471880824, -0.0009619225428746127, 0.02011813061875528;
 0.0005980111194743435, -0.9998362392764913, -0.01808692931770742;
 0.02013223428417159, -0.01807122946742332, 0.9996339949242736]
2020/03/09 14:45:40 536898	INFO [input.cpp->run:256]	frame times (ms): 170.76
2020/03/09 14:45:40 536900	INFO [input.cpp->run:257]	FPS: 5.85617
2020/03/09 14:45:40 686011	INFO [input.cpp->run:173]	
frame_id 25
2020/03/09 14:45:40 740238	INFO [input.cpp->run:235]	rotation: 
[-0.9996461206450106, 0.00715639601784186, 0.02562068452279693;
 -0.007268172508928105, -0.9999644600085981, -0.004272281368687926;
 0.0255891998265153, -0.004456985051421354, 0.999662607151278]
2020/03/09 14:45:40 740312	INFO [input.cpp->run:256]	frame times (ms): 173.286
2020/03/09 14:45:40 740329	INFO [input.cpp->run:257]	FPS: 5.77081
2020/03/09 14:45:40 883822	INFO [input.cpp->run:173]	
frame_id 26
2020/03/09 14:45:40 939776	INFO [input.cpp->run:235]	rotation: 
[-0.9985584123553048, 0.002237177830987759, 0.05362920985624869;
 -0.004995919133403606, -0.9986675893068886, -0.05136230972201596;
 0.05344284710291469, -0.05155619364654785, 0.9972390992085172]
2020/03/09 14:45:40 939840	INFO [input.cpp->run:256]	frame times (ms): 170.998
2020/03/09 14:45:40 939843	INFO [input.cpp->run:257]	FPS: 5.84802
2020/03/09 14:45:41 084921	INFO [input.cpp->run:173]	
frame_id 27
2020/03/09 14:45:41 138188	INFO [input.cpp->run:235]	rotation: 
[-0.8962556373281458, -0.00208654212137913, -0.443532951311957;
 -0.01012612088993253, -0.9996320324371002, 0.02516468560095294;
 -0.4434222527492745, 0.02704525961509793, 0.8959047157477797]
2020/03/09 14:45:41 138244	INFO [input.cpp->run:256]	frame times (ms): 171.01
2020/03/09 14:45:41 138247	INFO [input.cpp->run:257]	FPS: 5.84761
2020/03/09 14:45:41 285766	INFO [input.cpp->run:173]	
frame_id 28
2020/03/09 14:45:41 337921	INFO [input.cpp->run:235]	rotation: 
[-0.9155109672664953, -0.0213988504305103, -0.4017234845201595;
 -0.02742791720130643, -0.9929405132251901, 0.1153986419074959;
 -0.4013569211721214, 0.1166671607452108, 0.9084610038030727]
2020/03/09 14:45:41 337979	INFO [input.cpp->run:256]	frame times (ms): 165.991
2020/03/09 14:45:41 337983	INFO [input.cpp->run:257]	FPS: 6.02442
2020/03/09 14:45:41 484998	INFO [input.cpp->run:173]	
frame_id 29
2020/03/09 14:45:41 535616	INFO [input.cpp->run:235]	rotation: 
[-0.9471474071359481, -0.03028117053749037, -0.3193663098489413;
 -0.03834603499207666, -0.9777104968704875, 0.2064261754469402;
 -0.3184986197082131, 0.2077624485323176, 0.92487479921545]
2020/03/09 14:45:41 535682	INFO [input.cpp->run:256]	frame times (ms): 165.706
2020/03/09 14:45:41 535688	INFO [input.cpp->run:257]	FPS: 6.03478
2020/03/09 14:45:41 684394	INFO [input.cpp->run:173]	
frame_id 30
2020/03/09 14:45:41 736802	INFO [input.cpp->run:235]	rotation: 
[-0.9577463450419876, -0.02657467875520676, -0.2863838770038767;
 -0.03219638413175875, -0.9795576232475367, 0.1985705305086261;
 -0.2858064579528501, 0.1994007251408443, 0.937312124857964]
2020/03/09 14:45:41 736871	INFO [input.cpp->run:256]	frame times (ms): 172.848
2020/03/09 14:45:41 736876	INFO [input.cpp->run:257]	FPS: 5.78543
2020/03/09 14:45:41 883290	INFO [input.cpp->run:173]	
frame_id 31
2020/03/09 14:45:41 938935	INFO [input.cpp->run:235]	rotation: 
[-0.9997141256729247, 0.00313756525619574, 0.02370279760456118;
 -0.003308908224006275, -0.9999686550955874, -0.007193048914566896;
 0.0236794859822755, -0.007269422988474513, 0.9996931716446955]
2020/03/09 14:45:41 938996	INFO [input.cpp->run:256]	frame times (ms): 169.272
2020/03/09 14:45:41 939000	INFO [input.cpp->run:257]	FPS: 5.90765
2020/03/09 14:45:42 085453	INFO [input.cpp->run:173]	
frame_id 32
2020/03/09 14:45:42 141562	INFO [input.cpp->run:235]	rotation: 
[-0.930508793454414, 0.003122604196204215, -0.3662562417857813;
 -0.00394413937162052, -0.9999911046287424, 0.001494800322726722;
 -0.366248316130775, 0.002835490508084775, 0.9305128322193903]
2020/03/09 14:45:42 141624	INFO [input.cpp->run:256]	frame times (ms): 172.715
2020/03/09 14:45:42 141646	INFO [input.cpp->run:257]	FPS: 5.78989
2020/03/09 14:45:42 283775	INFO [input.cpp->run:173]	
frame_id 33
2020/03/09 14:45:42 337758	INFO [input.cpp->run:235]	rotation: 
[-0.9947500602410518, -0.003571657766317009, 0.1022719947552801;
 0.008598839907763917, -0.9987736826567268, 0.0487564435183752;
 0.1019724355042302, 0.04937989563699149, 0.9935608931032942]
2020/03/09 14:45:42 337818	INFO [input.cpp->run:256]	frame times (ms): 172.431
2020/03/09 14:45:42 337822	INFO [input.cpp->run:257]	FPS: 5.79942
2020/03/09 14:45:42 483435	INFO [input.cpp->run:173]	
frame_id 34
2020/03/09 14:45:42 539344	INFO [input.cpp->run:235]	rotation: 
[-0.2413625194027602, 0.02578066402216798, 0.9700925170261485;
 0.1996471028192207, -0.9769443582193145, 0.0756356746472418;
 0.9496763493756406, 0.2119317774804618, 0.2306507167353448]
2020/03/09 14:45:42 539403	INFO [input.cpp->run:256]	frame times (ms): 166.537
2020/03/09 14:45:42 539406	INFO [input.cpp->run:257]	FPS: 6.00467
2020/03/09 14:45:42 684945	INFO [input.cpp->run:173]	
frame_id 35
2020/03/09 14:45:42 738611	INFO [input.cpp->run:235]	rotation: 
[-0.922771159671834, 0.02006579393374187, -0.3848256108833027;
 0.008274589462019605, -0.9973812973092298, -0.0718476091946898;
 -0.385259546341338, -0.06948317560076286, 0.9201886601460049]
2020/03/09 14:45:42 738674	INFO [input.cpp->run:256]	frame times (ms): 170.634
2020/03/09 14:45:42 738678	INFO [input.cpp->run:257]	FPS: 5.8605
2020/03/09 14:45:42 885168	INFO [input.cpp->run:173]	
frame_id 36
2020/03/09 14:45:42 939915	INFO [input.cpp->run:235]	rotation: 
[-0.9205717539633589, 0.02176050570817602, -0.3899668270457752;
 0.009377828370606169, -0.996927442956717, -0.07776715125831313;
 -0.390460884263554, -0.07524728480886428, 0.9175391784490827]
2020/03/09 14:45:42 939974	INFO [input.cpp->run:256]	frame times (ms): 172.287
2020/03/09 14:45:42 939976	INFO [input.cpp->run:257]	FPS: 5.80427
2020/03/09 14:45:43 086185	INFO [input.cpp->run:173]	
frame_id 37
2020/03/09 14:45:43 143373	INFO [input.cpp->run:235]	rotation: 
[-0.930103972190249, 0.04353378365525393, -0.3647072944109812;
 0.02847579158619932, -0.9814157153075724, -0.1897691308955841;
 -0.3661908385110964, -0.1868903513506878, 0.9115789962271821]
2020/03/09 14:45:43 143434	INFO [input.cpp->run:256]	frame times (ms): 171.969
2020/03/09 14:45:43 143438	INFO [input.cpp->run:257]	FPS: 5.815
2020/03/09 14:45:43 284558	INFO [input.cpp->run:173]	
frame_id 38
2020/03/09 14:45:43 340934	INFO [input.cpp->run:235]	rotation: 
[0.9999987031074949, -0.0005937443944352709, 0.001497080800195092;
 0.0005939517116761927, 0.9999998140831161, -0.0001380402022919236;
 -0.001496998561266177, 0.0001389292169724133, 0.9999988698463514]
2020/03/09 14:45:43 341002	INFO [input.cpp->run:256]	frame times (ms): 177.299
2020/03/09 14:45:43 341011	INFO [input.cpp->run:257]	FPS: 5.64019
2020/03/09 14:45:43 486330	INFO [input.cpp->run:173]	
frame_id 39
2020/03/09 14:45:43 540900	INFO [input.cpp->run:235]	rotation: 
[-0.9974107863416417, 0.01619471823638717, -0.07006749881786868;
 -0.03683911941135642, -0.9518289902082925, 0.3044083649968542;
 -0.06176246894630932, 0.3062014116562923, 0.9499611007453672]
2020/03/09 14:45:43 540965	INFO [input.cpp->run:256]	frame times (ms): 166.385
2020/03/09 14:45:43 540982	INFO [input.cpp->run:257]	FPS: 6.01016
2020/03/09 14:45:43 686793	INFO [input.cpp->run:173]	
frame_id 40
2020/03/09 14:45:43 741103	INFO [input.cpp->run:235]	rotation: 
[-0.9999740266084177, -0.006409137048616644, 0.003296827390004827;
 0.006457863339820609, -0.9998668224105043, 0.01498777647969738;
 0.003200329612967629, 0.01500867765704956, 0.9998822418091815]
2020/03/09 14:45:43 741170	INFO [input.cpp->run:256]	frame times (ms): 175.743
2020/03/09 14:45:43 741172	INFO [input.cpp->run:257]	FPS: 5.69013
2020/03/09 14:45:43 888776	INFO [input.cpp->run:173]	
frame_id 41
2020/03/09 14:45:43 942792	INFO [input.cpp->run:235]	rotation: 
[-0.8948249660271022, -0.006246508855499443, -0.446373454969842;
 -0.01430805355068284, -0.998987084483046, 0.04266244999591937;
 -0.4461878077426435, 0.04456216066554331, 0.8938292085508464]
2020/03/09 14:45:43 942846	INFO [input.cpp->run:256]	frame times (ms): 176.863
2020/03/09 14:45:43 942850	INFO [input.cpp->run:257]	FPS: 5.65409
2020/03/09 14:45:44 084568	INFO [input.cpp->run:173]	
frame_id 42
2020/03/09 14:45:44 136908	INFO [input.cpp->run:235]	rotation: 
[-0.9999937279083345, 0.001423209958069298, 0.003243241805215388;
 -0.001452675854121362, -0.9999575284976057, -0.009101150137378933;
 0.003230151212357891, -0.009105804433190524, 0.9999533241350671]
2020/03/09 14:45:44 136968	INFO [input.cpp->run:256]	frame times (ms): 170.744
2020/03/09 14:45:44 136971	INFO [input.cpp->run:257]	FPS: 5.85672
2020/03/09 14:45:44 288050	INFO [input.cpp->run:173]	
frame_id 43
2020/03/09 14:45:44 345605	INFO [input.cpp->run:235]	rotation: 
[-0.922526005139822, 0.02580355136416042, -0.3850713525799579;
 0.01086098986894763, -0.9956313992356673, -0.0927370247263401;
 -0.38578207415564, -0.08973457300853632, 0.9182156052187022]
2020/03/09 14:45:44 345705	INFO [input.cpp->run:256]	frame times (ms): 168.934
2020/03/09 14:45:44 345710	INFO [input.cpp->run:257]	FPS: 5.91947
2020/03/09 14:45:44 486914	INFO [input.cpp->run:173]	
frame_id 44
2020/03/09 14:45:44 540060	INFO [input.cpp->run:235]	rotation: 
[-0.8831598666387428, -0.02795581740275263, -0.4682383177741673;
 -0.03402376389751419, -0.9917752481341976, 0.1233865498285656;
 -0.467836545653377, 0.1249012788633281, 0.8749449337469311]
2020/03/09 14:45:44 540129	INFO [input.cpp->run:256]	frame times (ms): 169.564
2020/03/09 14:45:44 540135	INFO [input.cpp->run:257]	FPS: 5.89748
2020/03/09 14:45:44 684336	INFO [input.cpp->run:173]	
frame_id 45
2020/03/09 14:45:44 736986	INFO [input.cpp->run:235]	rotation: 
[0.9999883876374087, 0.003579694735923134, 0.003226511418435071;
 -0.003539210794040775, 0.9999160223231962, -0.01246684756916386;
 -0.003270867972118861, 0.01245528349557029, 0.9999170802300329]
2020/03/09 14:45:44 737047	INFO [input.cpp->run:256]	frame times (ms): 174.705
2020/03/09 14:45:44 737056	INFO [input.cpp->run:257]	FPS: 5.72393
2020/03/09 14:45:44 886781	INFO [input.cpp->run:173]	
frame_id 46
2020/03/09 14:45:44 939079	INFO [input.cpp->run:235]	rotation: 
[0.9998611715255125, -0.01666243666710234, -2.966385825908417e-05;
 0.01664682819695328, 0.998844285230749, 0.04508854591639937;
 -0.0007216554654437594, -0.04508278015150503, 0.9989829939229197]
2020/03/09 14:45:44 939146	INFO [input.cpp->run:256]	frame times (ms): 172.229
2020/03/09 14:45:44 939150	INFO [input.cpp->run:257]	FPS: 5.80622
2020/03/09 14:45:45 083856	INFO [input.cpp->run:173]	
frame_id 47
2020/03/09 14:45:45 135871	INFO [input.cpp->run:235]	rotation: 
[0.216558514685887, -0.3741710877130443, 0.9017196941603749;
 0.3347191895497365, -0.8391978021210152, -0.4286141773931714;
 0.9170962184330553, 0.3946429348599753, -0.05649318632273437]
2020/03/09 14:45:45 135935	INFO [input.cpp->run:256]	frame times (ms): 169.025
2020/03/09 14:45:45 135943	INFO [input.cpp->run:257]	FPS: 5.91628
2020/03/09 14:45:45 286493	INFO [input.cpp->run:173]	
frame_id 48
2020/03/09 14:45:45 338518	INFO [input.cpp->run:235]	rotation: 
[-0.8944267520428668, -0.02137197929871156, -0.4467035076321916;
 -0.04335451910740468, -0.990008982493319, 0.1341737688801681;
 -0.4451080440780796, 0.1393752240658236, 0.8845639468198935]
2020/03/09 14:45:45 338576	INFO [input.cpp->run:256]	frame times (ms): 175.418
2020/03/09 14:45:45 338591	INFO [input.cpp->run:257]	FPS: 5.70067
2020/03/09 14:45:45 488252	INFO [input.cpp->run:173]	
frame_id 49
2020/03/09 14:45:45 539883	INFO [input.cpp->run:235]	rotation: 
[-0.9999574088487106, 0.001556394854234815, 0.00909714920346936;
 -0.001611975498901157, -0.9999800617511853, -0.006105541342629499;
 0.00908746518911705, -0.006119945682220312, 0.9999399803194606]
2020/03/09 14:45:45 539953	INFO [input.cpp->run:256]	frame times (ms): 171.806
2020/03/09 14:45:45 539957	INFO [input.cpp->run:257]	FPS: 5.82052
2020/03/09 14:45:45 688029	INFO [input.cpp->run:173]	
frame_id 50
2020/03/09 14:45:45 738847	INFO [input.cpp->run:235]	rotation: 
[-0.9986448994934007, -0.03521919426444878, -0.03831413670146345;
 0.03392354319325482, -0.9988473987098891, 0.03395684478427038;
 -0.03946590849113681, 0.03261107857539634, 0.9986886199517435]
2020/03/09 14:45:45 738905	INFO [input.cpp->run:256]	frame times (ms): 172.153
2020/03/09 14:45:45 738908	INFO [input.cpp->run:257]	FPS: 5.80879
2020/03/09 14:45:45 885215	INFO [input.cpp->run:173]	
frame_id 51
2020/03/09 14:45:45 943376	INFO [input.cpp->run:235]	rotation: 
[-0.9990708360181678, -0.0048080942650783, -0.0428292755892203;
 0.003466723714547111, -0.999502819482984, 0.03133840570693554;
 -0.04295865971659564, 0.03116080992374259, 0.9985907857977909]
2020/03/09 14:45:45 943435	INFO [input.cpp->run:256]	frame times (ms): 178.344
2020/03/09 14:45:45 943441	INFO [input.cpp->run:257]	FPS: 5.60714
2020/03/09 14:45:46 084553	INFO [input.cpp->run:173]	
frame_id 52
2020/03/09 14:45:46 136890	INFO [input.cpp->run:235]	rotation: 
[-0.9992103616368867, -0.005247434757752968, 0.0393842306760608;
 0.005104225613737279, -0.9999799948500467, -0.003735877485211764;
 0.03940304656198694, -0.003531901494035463, 0.9992171563746644]
2020/03/09 14:45:46 136950	INFO [input.cpp->run:256]	frame times (ms): 177.331
2020/03/09 14:45:46 136959	INFO [input.cpp->run:257]	FPS: 5.63917
2020/03/09 14:45:46 286539	INFO [input.cpp->run:173]	
frame_id 53
2020/03/09 14:45:46 340932	INFO [input.cpp->run:235]	rotation: 
[-0.973827139909196, -0.01020908659351741, -0.227060512038534;
 -0.01812210207035982, -0.9923228297414718, 0.1223396542026722;
 -0.2265663059522016, 0.1232524893249788, 0.9661658930444446]
2020/03/09 14:45:46 340993	INFO [input.cpp->run:256]	frame times (ms): 175.176
2020/03/09 14:45:46 340998	INFO [input.cpp->run:257]	FPS: 5.70854
2020/03/09 14:45:46 486715	INFO [input.cpp->run:173]	
frame_id 54
2020/03/09 14:45:46 540345	INFO [input.cpp->run:235]	rotation: 
[-0.9985556167047569, -0.003117211270358772, 0.05363733160102713;
 0.0006069271180657264, -0.9989062567838275, -0.04675384259711113;
 0.05372440773853122, -0.04665375817678609, 0.9974653451930675]
2020/03/09 14:45:46 540414	INFO [input.cpp->run:256]	frame times (ms): 175.328
2020/03/09 14:45:46 540419	INFO [input.cpp->run:257]	FPS: 5.7036
2020/03/09 14:45:46 684111	INFO [input.cpp->run:173]	
frame_id 55
2020/03/09 14:45:46 744395	INFO [input.cpp->run:235]	rotation: 
[-0.9999935809127998, 0.002527978949540825, -0.002539184047371004;
 -0.002519893972381, -0.9999917616659308, -0.003182253075443015;
 -0.00254720779751139, -0.003175834173707295, 0.9999917128705302]
2020/03/09 14:45:46 744454	INFO [input.cpp->run:256]	frame times (ms): 180.486
2020/03/09 14:45:46 744473	INFO [input.cpp->run:257]	FPS: 5.5406
2020/03/09 14:45:46 885373	INFO [input.cpp->run:173]	
frame_id 56
2020/03/09 14:45:46 939110	INFO [input.cpp->run:235]	rotation: 
[-0.9058905473135839, -0.008553601756068032, 0.4234254977973033;
 -0.01245748717654308, -0.9988252289426871, -0.04682919005102498;
 0.4233286280198184, -0.04769693831460613, 0.9047197769333168]
2020/03/09 14:45:46 939166	INFO [input.cpp->run:256]	frame times (ms): 175.861
2020/03/09 14:45:46 939172	INFO [input.cpp->run:257]	FPS: 5.68631
2020/03/09 14:45:47 087433	INFO [input.cpp->run:173]	
frame_id 57
2020/03/09 14:45:47 140453	INFO [input.cpp->run:235]	rotation: 
[-0.9976143367485951, -0.002391987015716427, 0.06899212644771376;
 0.003808918108072696, -0.9997843704963636, 0.02041334499870024;
 0.0689284212535488, 0.02062743099143973, 0.9974083325469998]
2020/03/09 14:45:47 140518	INFO [input.cpp->run:256]	frame times (ms): 175.109
2020/03/09 14:45:47 140522	INFO [input.cpp->run:257]	FPS: 5.71073
2020/03/09 14:45:47 284631	INFO [input.cpp->run:173]	
frame_id 58
2020/03/09 14:45:47 340297	INFO [input.cpp->run:235]	rotation: 
[-0.9999262495138417, 0.002361800318566272, -0.01191291032610024;
 -0.00237905716023687, -0.9999961409688083, 0.001434619991395879;
 -0.01190947606785501, 0.00146285568208463, 0.9999280096252142]
2020/03/09 14:45:47 340360	INFO [input.cpp->run:256]	frame times (ms): 178.821
2020/03/09 14:45:47 340374	INFO [input.cpp->run:257]	FPS: 5.59218
2020/03/09 14:45:47 490570	INFO [input.cpp->run:173]	
frame_id 59
2020/03/09 14:45:47 543402	INFO [input.cpp->run:235]	rotation: 
[-0.9969244565599977, -0.01233733200891458, -0.07739133124229745;
 0.009417057054580034, -0.9992338985701402, 0.037985984056616;
 -0.07780068732976579, 0.03714035793070002, 0.9962768926677938]
2020/03/09 14:45:47 543463	INFO [input.cpp->run:256]	frame times (ms): 168.58
2020/03/09 14:45:47 543468	INFO [input.cpp->run:257]	FPS: 5.9319
2020/03/09 14:45:47 686002	INFO [input.cpp->run:173]	
frame_id 60
2020/03/09 14:45:47 738636	INFO [input.cpp->run:235]	rotation: 
[-0.9993140569370902, 0.006781220257121365, 0.03640646453253254;
 -0.006616574523334244, -0.9999673404391399, 0.004641012459612826;
 0.03643674724109312, 0.004396942903600649, 0.9993262882280198]
2020/03/09 14:45:47 738695	INFO [input.cpp->run:256]	frame times (ms): 166.931
2020/03/09 14:45:47 738700	INFO [input.cpp->run:257]	FPS: 5.9905
2020/03/09 14:45:47 890196	INFO [input.cpp->run:173]	
frame_id 61
2020/03/09 14:45:47 942402	INFO [input.cpp->run:235]	rotation: 
[-0.9996782750817572, -0.001536442654522438, -0.02531769487003105;
 0.002058413552543219, -0.9997856023585489, -0.02060369506181642;
 -0.02528061042003018, -0.02064918062594679, 0.9994671090517528]
2020/03/09 14:45:47 942462	INFO [input.cpp->run:256]	frame times (ms): 171.658
2020/03/09 14:45:47 942467	INFO [input.cpp->run:257]	FPS: 5.82554
2020/03/09 14:45:48 087975	INFO [input.cpp->run:173]	
frame_id 62
2020/03/09 14:45:48 139461	INFO [input.cpp->run:235]	rotation: 
[-0.7748526864512482, -0.1778638241867487, 0.6066034737330054;
 -0.1862882444802876, -0.8527375640000006, -0.4879911238043143;
 0.6040695359540459, -0.4911243294615024, 0.6276120527389937]
2020/03/09 14:45:48 139506	INFO [input.cpp->run:256]	frame times (ms): 173.401
2020/03/09 14:45:48 139511	INFO [input.cpp->run:257]	FPS: 5.76698
2020/03/09 14:45:48 288150	INFO [input.cpp->run:173]	
frame_id 63
2020/03/09 14:45:48 339882	INFO [input.cpp->run:235]	rotation: 
[-0.9998630898249287, 0.005092883753254917, 0.01574370162390059;
 -0.005272449759014266, -0.9999212862636399, -0.01138518995918602;
 0.01568447892935077, -0.01146663908666841, 0.9998112388389977]
2020/03/09 14:45:48 339931	INFO [input.cpp->run:256]	frame times (ms): 171.962
2020/03/09 14:45:48 339944	INFO [input.cpp->run:257]	FPS: 5.81524
2020/03/09 14:45:48 488744	INFO [input.cpp->run:173]	
frame_id 64
2020/03/09 14:45:48 539810	INFO [input.cpp->run:235]	rotation: 
[-0.9922514669403962, 0.001112683624705623, -0.1242408479115587;
 -0.009940982046269361, -0.9974650237184897, 0.07046065096370219;
 -0.1238474998963948, 0.07114976031881082, 0.989747194174345]
2020/03/09 14:45:48 539853	INFO [input.cpp->run:256]	frame times (ms): 170.272
2020/03/09 14:45:48 539857	INFO [input.cpp->run:257]	FPS: 5.87296
2020/03/09 14:45:48 687453	INFO [input.cpp->run:173]	
frame_id 65
2020/03/09 14:45:48 739066	INFO [input.cpp->run:235]	rotation: 
[-0.1580131829345367, -0.5514878078653592, 0.819080601525123;
 -0.5398250961298666, -0.6463228379448058, -0.5393103510404308;
 0.8268135821376404, -0.5273784096138493, -0.1955794300684255]
2020/03/09 14:45:48 739108	INFO [input.cpp->run:256]	frame times (ms): 168.803
2020/03/09 14:45:48 739110	INFO [input.cpp->run:257]	FPS: 5.92407
2020/03/09 14:45:48 888133	INFO [input.cpp->run:173]	
frame_id 66
2020/03/09 14:45:48 939256	INFO [input.cpp->run:235]	rotation: 
[-0.9999901217097134, 0.004064022924841137, 0.001800055737761064;
 -0.004104526951660381, -0.9997247215881274, -0.02310051739776146;
 0.001705679188996097, -0.02310767758143497, 0.9997315269087487]
2020/03/09 14:45:48 939300	INFO [input.cpp->run:256]	frame times (ms): 176.093
2020/03/09 14:45:48 939303	INFO [input.cpp->run:257]	FPS: 5.67882
2020/03/09 14:45:49 087924	INFO [input.cpp->run:173]	
frame_id 67
2020/03/09 14:45:49 146872	INFO [input.cpp->run:235]	rotation: 
[-0.9998472082209851, -0.001867968600668487, 0.01738018716841421;
 0.001837799031463807, -0.9999967770685746, -0.001751669827169144;
 0.01738340321749869, -0.001719460895275233, 0.9998474187328814]
2020/03/09 14:45:49 146941	INFO [input.cpp->run:256]	frame times (ms): 181.583
2020/03/09 14:45:49 146945	INFO [input.cpp->run:257]	FPS: 5.50712
2020/03/09 14:45:49 285782	INFO [input.cpp->run:173]	
frame_id 68
2020/03/09 14:45:49 340282	INFO [input.cpp->run:235]	rotation: 
[-0.9985773359231814, 0.006883388682500973, 0.05287648949020084;
 -0.006540882567196097, -0.9999565108702922, 0.006647798383926666;
 0.05291994931785038, 0.006292481891654938, 0.998578932100933]
2020/03/09 14:45:49 340346	INFO [input.cpp->run:256]	frame times (ms): 179.874
2020/03/09 14:45:49 340350	INFO [input.cpp->run:257]	FPS: 5.55945
2020/03/09 14:45:49 484786	INFO [input.cpp->run:173]	
frame_id 69
2020/03/09 14:45:49 538701	INFO [input.cpp->run:235]	rotation: 
[-0.9979318095008683, -0.03804755738678567, -0.05181203492647065;
 0.03324804588204651, -0.995337960779438, 0.09053679515233171;
 -0.05501518909672031, 0.08862689889829833, 0.994544419199225]
2020/03/09 14:45:49 538766	INFO [input.cpp->run:256]	frame times (ms): 171.268
2020/03/09 14:45:49 538772	INFO [input.cpp->run:257]	FPS: 5.8388
2020/03/09 14:45:49 685332	INFO [input.cpp->run:173]	
frame_id 70
2020/03/09 14:45:49 736516	INFO [input.cpp->run:235]	rotation: 
[-0.9999859320173755, -0.005302282304689173, 0.0001468662734600183;
 0.005303322713148405, -0.9999511658107856, 0.008339110375270986;
 0.0001026427839849817, 0.008339771940054959, 0.9999652182293375]
2020/03/09 14:45:49 736577	INFO [input.cpp->run:256]	frame times (ms): 180.231
2020/03/09 14:45:49 736583	INFO [input.cpp->run:257]	FPS: 5.54844
2020/03/09 14:45:49 887850	INFO [input.cpp->run:173]	
frame_id 71
2020/03/09 14:45:49 942261	INFO [input.cpp->run:235]	rotation: 
[-0.9999404886090465, 0.0007620005074849595, 0.0108829497622681;
 -0.0007538942394909626, -0.9999994353641832, 0.0007489424479658014;
 0.0108835143118903, 0.0007406932842245354, 0.999940498474625]
2020/03/09 14:45:49 942321	INFO [input.cpp->run:256]	frame times (ms): 176.846
2020/03/09 14:45:49 942326	INFO [input.cpp->run:257]	FPS: 5.65464
2020/03/09 14:45:50 085420	INFO [input.cpp->run:173]	
frame_id 72
2020/03/09 14:45:50 151773	INFO [input.cpp->run:235]	rotation: 
[-0.9999550312677081, -0.008522357173992525, -0.004159912330305217;
 0.008434775991583496, -0.9997514812556083, 0.02063565557933296;
 -0.004334742941482677, 0.0205996396914108, 0.9997784078725722]
2020/03/09 14:45:50 151837	INFO [input.cpp->run:256]	frame times (ms): 189.21
2020/03/09 14:45:50 151841	INFO [input.cpp->run:257]	FPS: 5.28513
2020/03/09 14:45:50 284817	INFO [input.cpp->run:173]	
frame_id 73
2020/03/09 14:45:50 343818	INFO [input.cpp->run:235]	rotation: 
[0.9998381300889292, -0.01797410612063849, 0.0008031995004534764;
 0.01793069354989736, 0.9991189087195467, 0.03794596774206375;
 -0.001484536659423341, -0.03792542350753778, 0.9992794696193257]
2020/03/09 14:45:50 343888	INFO [input.cpp->run:256]	frame times (ms): 186.772
2020/03/09 14:45:50 343900	INFO [input.cpp->run:257]	FPS: 5.35412
2020/03/09 14:45:50 486978	INFO [input.cpp->run:173]	
frame_id 74
2020/03/09 14:45:50 542788	INFO [input.cpp->run:235]	rotation: 
[-0.9999982147719942, 0.0017262316810001, -0.0007684900832159675;
 -0.001692149948046473, -0.9991020069395659, -0.04233575743842304;
 -0.0008408813101835686, -0.04233438145898882, 0.9991031443575319]
2020/03/09 14:45:50 542848	INFO [input.cpp->run:256]	frame times (ms): 183.565
2020/03/09 14:45:50 542853	INFO [input.cpp->run:257]	FPS: 5.44766
2020/03/09 14:45:50 687472	INFO [input.cpp->run:173]	
frame_id 75
2020/03/09 14:45:50 741645	INFO [input.cpp->run:235]	rotation: 
[-0.9999890729518434, -0.00283071823966881, -0.003720350945878251;
 0.002816085867167423, -0.9999883027454992, 0.003932433415135122;
 -0.003731439038980911, 0.003921913617526231, 0.9999853473707879]
2020/03/09 14:45:50 741708	INFO [input.cpp->run:256]	frame times (ms): 184.969
2020/03/09 14:45:50 741716	INFO [input.cpp->run:257]	FPS: 5.40631
2020/03/09 14:45:50 889544	INFO [input.cpp->run:173]	
frame_id 76
2020/03/09 14:45:50 945428	INFO [input.cpp->run:235]	rotation: 
[-0.9401838211376965, 0.03268668886391862, -0.3390958018643599;
 -0.004536885885495614, -0.9964993621456371, -0.08347716999156395;
 -0.3406373425468527, -0.07694544570312041, 0.9370408738407134]
2020/03/09 14:45:50 945528	INFO [input.cpp->run:256]	frame times (ms): 185.929
2020/03/09 14:45:50 945533	INFO [input.cpp->run:257]	FPS: 5.3784
2020/03/09 14:45:51 085336	INFO [input.cpp->run:173]	
frame_id 77
2020/03/09 14:45:51 142168	INFO [input.cpp->run:235]	rotation: 
[-0.9991507736795221, -0.03135576896746836, -0.0267310158443541;
 0.03010549145941934, -0.998489651655432, 0.04595731629458749;
 -0.02813166969092291, 0.04511353776276779, 0.998585688797375]
2020/03/09 14:45:51 142232	INFO [input.cpp->run:256]	frame times (ms): 188.058
2020/03/09 14:45:51 142235	INFO [input.cpp->run:257]	FPS: 5.31751
2020/03/09 14:45:51 287140	INFO [input.cpp->run:173]	
frame_id 78
2020/03/09 14:45:51 344861	INFO [input.cpp->run:235]	rotation: 
[-0.9999095776297354, 0.003430408374625107, 0.01300264829592455;
 -0.003521517642729002, -0.9999693649466986, -0.006990570905744024;
 0.01297826944612247, -0.007035727857129521, 0.9998910255901411]
2020/03/09 14:45:51 344928	INFO [input.cpp->run:256]	frame times (ms): 192.403
2020/03/09 14:45:51 344933	INFO [input.cpp->run:257]	FPS: 5.19742
2020/03/09 14:45:51 487779	INFO [input.cpp->run:173]	
frame_id 79
2020/03/09 14:45:51 545290	INFO [input.cpp->run:235]	rotation: 
[-0.9999718083925347, -0.007146312955568158, -0.002304914598185563;
 0.007126613918957676, -0.9999389497235439, 0.008444418264513856;
 -0.002365120338158068, 0.008427753966331433, 0.9999616888505617]
2020/03/09 14:45:51 545367	INFO [input.cpp->run:256]	frame times (ms): 183.512
2020/03/09 14:45:51 545375	INFO [input.cpp->run:257]	FPS: 5.44923
2020/03/09 14:45:51 687018	INFO [input.cpp->run:173]	
frame_id 80
2020/03/09 14:45:51 748998	INFO [input.cpp->run:235]	rotation: 
[-0.9999812821919825, -0.000273547879960611, 0.006112318482870691;
 0.0002794304656614573, -0.9999994986396682, 0.0009615815238625049;
 0.006112052379809407, 0.0009632714931640877, 0.9999808572786473]
2020/03/09 14:45:51 749079	INFO [input.cpp->run:256]	frame times (ms): 189.312
2020/03/09 14:45:51 749084	INFO [input.cpp->run:257]	FPS: 5.28229
2020/03/09 14:45:51 885293	INFO [input.cpp->run:173]	
frame_id 81
2020/03/09 14:45:51 941712	INFO [input.cpp->run:235]	rotation: 
[-0.9978096631711336, -0.01303952287338153, 0.06485250130521858;
 0.007456021325931136, -0.9963013798725503, -0.08560355255501664;
 0.06572886602015951, -0.0849325103084019, 0.9942163672281894]
2020/03/09 14:45:51 941783	INFO [input.cpp->run:256]	frame times (ms): 185.53
2020/03/09 14:45:51 941787	INFO [input.cpp->run:257]	FPS: 5.38996
2020/03/09 14:45:52 092352	INFO [input.cpp->run:173]	
frame_id 82
2020/03/09 14:45:52 148193	INFO [input.cpp->run:235]	rotation: 
[-0.9999858347138028, -0.004026124001624663, -0.003481479177413234;
 0.004004541667618504, -0.9999728599528891, 0.006184092792962886;
 -0.003506282614326365, 0.006170063465087705, 0.9999748178324623]
2020/03/09 14:45:52 148276	INFO [input.cpp->run:256]	frame times (ms): 167.511
2020/03/09 14:45:52 148280	INFO [input.cpp->run:257]	FPS: 5.96976
2020/03/09 14:45:52 285473	INFO [input.cpp->run:173]	
frame_id 83
2020/03/09 14:45:52 343600	INFO [input.cpp->run:235]	rotation: 
[-0.9999737078862511, -0.001678683191572975, 0.007054470849400747;
 0.001697058627183389, -0.9999951809861655, 0.002599614675710451;
 0.007050072924347446, 0.002611518176960884, 0.9999717378229109]
2020/03/09 14:45:52 343660	INFO [input.cpp->run:256]	frame times (ms): 189.378
2020/03/09 14:45:52 343664	INFO [input.cpp->run:257]	FPS: 5.28044
2020/03/09 14:45:52 486528	INFO [input.cpp->run:173]	
frame_id 84
2020/03/09 14:45:52 544616	INFO [input.cpp->run:235]	rotation: 
[-0.999997578263459, -0.0002402139833014677, 0.002187639014859705;
