		g3log created log at: Mon Mar 09 13:03:06 2020
		LOG format: [YYYY/MM/DD hh:mm:ss uuu* LEVEL FILE->FUNCTION:LINE] message		(uuu*: microseconds fractions of the seconds value)

2020/03/09 13:03:06 397425	INFO [g3logger.h->logBanner:29]	Starting log.
2020/03/09 13:03:06 401006	DEBUG [main.cpp->main:48]	Filepath: /home/mitchell/KITTI/data_odometry_gray/dataset/sequences/00/
2020/03/09 13:03:06 401013	DEBUG [main.cpp->main:52]	Calibration Filepath: /home/mitchell/visual_odom_catkin_ws/tank_downsized.yaml
2020/03/09 13:03:06 401123	INFO [main.cpp->main:66]	P_left: 
[409.41, 0, 251.22, 0;
 0, 408.72, 191.78999, 0;
 0, 0, 1, 0]
2020/03/09 13:03:06 401137	INFO [main.cpp->main:67]	P_right: 
[409.41, 0, 251.22, -73.940002;
 0, 408.72, 191.78999, 0;
 0, 0, 1, 0]
2020/03/09 13:03:06 536235	INFO [input.cpp->Input:22]	frame_pose [1, 0, 0, 0;
 0, 1, 0, 0;
 0, 0, 1, 0;
 0, 0, 0, 1]
2020/03/09 13:03:06 862537	INFO [input.cpp->run:173]	
frame_id 1
2020/03/09 13:03:06 944217	INFO [input.cpp->run:235]	rotation: 
[0.9999890656655738, 0.004632957956879897, 0.0006358064663008418;
 -0.004625308975678896, 0.9999226426468916, -0.01154622184683038;
 -0.0006892504423726928, 0.01154315479522397, 0.9999331380203385]
2020/03/09 13:03:06 944300	INFO [input.cpp->run:256]	frame times (ms): 187.495
2020/03/09 13:03:06 944303	INFO [input.cpp->run:257]	FPS: 5.33348
2020/03/09 13:03:06 950348	INFO [input.cpp->run:173]	
frame_id 2
2020/03/09 13:03:06 997775	INFO [input.cpp->run:235]	rotation: 
[-0.9899637937236981, -0.01853326030908335, -0.1401006972805594;
 0.01037734675625764, -0.9982203984116991, 0.0587226265513483;
 -0.1409396955810661, 0.05667940064171888, 0.9883943786527785]
2020/03/09 13:03:06 997844	INFO [input.cpp->run:256]	frame times (ms): 168.936
2020/03/09 13:03:06 997851	INFO [input.cpp->run:257]	FPS: 5.9194
2020/03/09 13:03:07 061942	INFO [input.cpp->run:173]	
frame_id 3
2020/03/09 13:03:07 110930	INFO [input.cpp->run:235]	rotation: 
[-0.9925460967996714, -0.006087777249239886, -0.1217176433221619;
 -0.0005940906500793591, -0.9984979998109808, 0.05478495623590613;
 -0.1218683420090586, 0.05444890578913684, 0.9910516756831247]
2020/03/09 13:03:07 111001	INFO [input.cpp->run:256]	frame times (ms): 166.567
2020/03/09 13:03:07 111006	INFO [input.cpp->run:257]	FPS: 6.00359
2020/03/09 13:03:07 128080	INFO [input.cpp->run:173]	
frame_id 4
2020/03/09 13:03:07 172858	INFO [input.cpp->run:235]	rotation: 
[-0.9929346379867097, -0.0189044491047362, -0.1171470293701397;
 0.004997789392606694, -0.9930146376303902, 0.1178853322214939;
 -0.1185572721826421, 0.1164669534925305, 0.9860931101862436]
2020/03/09 13:03:07 172912	INFO [input.cpp->run:256]	frame times (ms): 172.063
2020/03/09 13:03:07 172916	INFO [input.cpp->run:257]	FPS: 5.81182
2020/03/09 13:03:07 194986	INFO [input.cpp->run:173]	
frame_id 5
2020/03/09 13:03:07 239376	INFO [input.cpp->run:235]	rotation: 
[-0.9855587101619311, 0.009019482564174329, -0.1690936952054254;
 -0.01207794968589358, -0.9997813867728348, 0.01706756555494426;
 -0.1689027884770876, 0.01886339303682802, 0.9854521908483451]
2020/03/09 13:03:07 239432	INFO [input.cpp->run:256]	frame times (ms): 165.056
2020/03/09 13:03:07 239438	INFO [input.cpp->run:257]	FPS: 6.05855
2020/03/09 13:03:07 261499	INFO [input.cpp->run:173]	
frame_id 6
2020/03/09 13:03:07 307202	INFO [input.cpp->run:235]	rotation: 
[-0.9993637374237807, -0.003194173161482277, 0.03552347928043172;
 0.01476929202272272, -0.9436387576720202, 0.330647490588321;
 0.03246518651602567, 0.3309617686032947, 0.9430855313212365]
2020/03/09 13:03:07 307289	INFO [input.cpp->run:256]	frame times (ms): 162.467
2020/03/09 13:03:07 307295	INFO [input.cpp->run:257]	FPS: 6.1551
2020/03/09 13:03:07 328525	INFO [input.cpp->run:173]	
frame_id 7
2020/03/09 13:03:07 372769	INFO [input.cpp->run:235]	rotation: 
[-0.9946847762676464, -0.01241097493855007, -0.1022162587970081;
 0.002451317333264582, -0.9952821665964778, 0.09699175170267145;
 -0.1029377817165004, 0.09622565435524831, 0.990022442442186]
2020/03/09 13:03:07 372828	INFO [input.cpp->run:256]	frame times (ms): 161.608
2020/03/09 13:03:07 372833	INFO [input.cpp->run:257]	FPS: 6.18781
2020/03/09 13:03:07 395030	INFO [input.cpp->run:173]	
frame_id 8
2020/03/09 13:03:07 438287	INFO [input.cpp->run:235]	rotation: 
[-0.9891250350777437, -0.008917812863404611, -0.1468064630599947;
 0.0004830738038802806, -0.99835169134784, 0.05739047850129168;
 -0.1470762782441557, 0.05669544070417402, 0.9874989596861395]
2020/03/09 13:03:07 438343	INFO [input.cpp->run:256]	frame times (ms): 158.302
2020/03/09 13:03:07 438354	INFO [input.cpp->run:257]	FPS: 6.31704
2020/03/09 13:03:07 461378	INFO [input.cpp->run:173]	
frame_id 9
2020/03/09 13:03:07 502440	INFO [input.cpp->run:235]	rotation: 
[-0.9902378392275385, -0.01111548843482491, -0.1389441171076739;
 0.003518228541447665, -0.9984908789096444, 0.05480498884386339;
 -0.1393436178298306, 0.05378113657316217, 0.9887825572485556]
2020/03/09 13:03:07 502503	INFO [input.cpp->run:256]	frame times (ms): 155.342
2020/03/09 13:03:07 502508	INFO [input.cpp->run:257]	FPS: 6.43741
2020/03/09 13:03:07 536865	INFO [input.cpp->run:173]	
frame_id 10
2020/03/09 13:03:07 581444	INFO [input.cpp->run:235]	rotation: 
[-0.9999799217472687, 0.001358722274679545, 0.006189505320022329;
 -0.001647163026262836, -0.9989011660170937, -0.04683745705795181;
 0.006119064985045323, -0.0468467117679657, 0.998883347864123]
2020/03/09 13:03:07 581503	INFO [input.cpp->run:256]	frame times (ms): 169.148
2020/03/09 13:03:07 581509	INFO [input.cpp->run:257]	FPS: 5.91198
2020/03/09 13:03:07 601555	INFO [input.cpp->run:173]	
frame_id 11
2020/03/09 13:03:07 645734	INFO [input.cpp->run:235]	rotation: 
[-0.9966543220126066, 0.003965815884956296, 0.08163598910993898;
 -0.006619083295483733, -0.9994577132776598, -0.03225627235312173;
 0.08146379655969206, -0.03268870866458241, 0.996140099672693]
2020/03/09 13:03:07 645798	INFO [input.cpp->run:256]	frame times (ms): 158.577
2020/03/09 13:03:07 645804	INFO [input.cpp->run:257]	FPS: 6.30609
2020/03/09 13:03:07 661099	INFO [input.cpp->run:173]	
frame_id 12
2020/03/09 13:03:07 704445	INFO [input.cpp->run:235]	rotation: 
[-0.9689306354939852, -0.0229353377421477, -0.2462669159344706;
 -0.02376168540347934, -0.9824535437278704, 0.1849876123510317;
 -0.2461885576301386, 0.1850918817755202, 0.9513843541875113]
2020/03/09 13:03:07 704507	INFO [input.cpp->run:256]	frame times (ms): 167.553
2020/03/09 13:03:07 704518	INFO [input.cpp->run:257]	FPS: 5.96826
2020/03/09 13:03:07 728391	INFO [input.cpp->run:173]	
frame_id 13
2020/03/09 13:03:07 772708	INFO [input.cpp->run:235]	rotation: 
[-0.9997900575443178, 0.002685927047946941, 0.02031321322250158;
 -0.002816829019048335, -0.9999754350587736, -0.006418313898046742;
 0.02029547510671167, -0.006474185269940906, 0.999773063557567]
2020/03/09 13:03:07 772768	INFO [input.cpp->run:256]	frame times (ms): 169.817
2020/03/09 13:03:07 772780	INFO [input.cpp->run:257]	FPS: 5.88869
2020/03/09 13:03:07 796449	INFO [input.cpp->run:173]	
frame_id 14
2020/03/09 13:03:07 837943	INFO [input.cpp->run:235]	rotation: 
[-0.9915814425659291, -0.003229207352765064, -0.1294442543288192;
 0.009470965273886717, -0.998819996100638, -0.04763314188988851;
 -0.1291376923119351, -0.04845810158677565, 0.9904419563078668]
2020/03/09 13:03:07 838000	INFO [input.cpp->run:256]	frame times (ms): 159.974
2020/03/09 13:03:07 838010	INFO [input.cpp->run:257]	FPS: 6.25102
2020/03/09 13:03:07 861729	INFO [input.cpp->run:173]	
frame_id 15
2020/03/09 13:03:07 902925	INFO [input.cpp->run:235]	rotation: 
[-0.9871087152610892, -0.02363279039990758, -0.1582967955251016;
 -0.01264631221466446, -0.9744296423080625, 0.2243366732809206;
 -0.1595507914206978, 0.2234465560470676, 0.9615691246851339]
2020/03/09 13:03:07 902980	INFO [input.cpp->run:256]	frame times (ms): 161.496
2020/03/09 13:03:07 902983	INFO [input.cpp->run:257]	FPS: 6.1921
2020/03/09 13:03:07 930168	INFO [input.cpp->run:173]	
frame_id 16
2020/03/09 13:03:07 972322	INFO [input.cpp->run:235]	rotation: 
[-0.8770371107305741, -0.007533079429817317, -0.4803635697215919;
 0.02026496729960851, -0.9995672137947383, -0.02132407575886333;
 -0.4799950390386472, -0.02843655782488464, 0.8768101987758579]
2020/03/09 13:03:07 972382	INFO [input.cpp->run:256]	frame times (ms): 159.383
2020/03/09 13:03:07 972419	INFO [input.cpp->run:257]	FPS: 6.2742
2020/03/09 13:03:07 995132	INFO [input.cpp->run:173]	
frame_id 17
2020/03/09 13:03:08 037259	INFO [input.cpp->run:235]	rotation: 
[-0.9967556060113006, -0.08009361865051126, -0.00795450416501218;
 0.08022189125734513, -0.9966254238891367, -0.01738426359939474;
 -0.006535292506033281, -0.0179659875672066, 0.9998172399206742]
2020/03/09 13:03:08 037317	INFO [input.cpp->run:256]	frame times (ms): 162.543
2020/03/09 13:03:08 037320	INFO [input.cpp->run:257]	FPS: 6.15222
2020/03/09 13:03:08 061365	INFO [input.cpp->run:173]	
frame_id 18
2020/03/09 13:03:08 102903	INFO [input.cpp->run:235]	rotation: 
[-0.9817489084627145, 0.0077221057115665, -0.190024866308723;
 -0.01102943618077463, -0.9998054416340868, 0.01635329986280942;
 -0.1898616134709775, 0.0181507014257889, 0.9816430714714744]
2020/03/09 13:03:08 102960	INFO [input.cpp->run:256]	frame times (ms): 157.414
2020/03/09 13:03:08 102963	INFO [input.cpp->run:257]	FPS: 6.35267
2020/03/09 13:03:08 131643	INFO [input.cpp->run:173]	
frame_id 19
2020/03/09 13:03:08 181223	INFO [input.cpp->run:235]	rotation: 
[-0.9854908054139599, -0.004802430472151479, -0.1696608649810105;
 -0.008651661962009692, -0.996878800529484, 0.07847168788927839;
 -0.1695081744041852, 0.07880097535219571, 0.9823733430288624]
2020/03/09 13:03:08 181278	INFO [input.cpp->run:256]	frame times (ms): 170.174
2020/03/09 13:03:08 181281	INFO [input.cpp->run:257]	FPS: 5.87634
2020/03/09 13:03:08 195444	INFO [input.cpp->run:173]	
frame_id 20
2020/03/09 13:03:08 240704	INFO [input.cpp->run:235]	rotation: 
[0.9999991701999168, -0.000181270723182832, 0.001275437337800359;
 0.0002130675779704597, 0.9996880695057768, -0.02497435264466933;
 -0.001270512371036307, 0.02497460367529384, 0.9996872785874475]
2020/03/09 13:03:08 240752	INFO [input.cpp->run:256]	frame times (ms): 167.75
2020/03/09 13:03:08 240757	INFO [input.cpp->run:257]	FPS: 5.96125
2020/03/09 13:03:08 261304	INFO [input.cpp->run:173]	
frame_id 21
2020/03/09 13:03:08 305422	INFO [input.cpp->run:235]	rotation: 
[-0.9793490576979506, 0.004207285707958606, -0.2021329313424903;
 -0.01017829796114833, -0.9995416946348239, 0.02850969900154209;
 -0.2019203442864299, 0.02997831605537665, 0.9789430397779706]
2020/03/09 13:03:08 305475	INFO [input.cpp->run:256]	frame times (ms): 166.1
2020/03/09 13:03:08 305478	INFO [input.cpp->run:257]	FPS: 6.02047
2020/03/09 13:03:08 328765	INFO [input.cpp->run:173]	
frame_id 22
2020/03/09 13:03:08 372765	INFO [input.cpp->run:235]	rotation: 
[-0.9998579469165761, 0.002084822524454744, 0.01672541487708933;
 -0.002158140485405558, -0.9999881367826106, -0.0043667749756852;
 0.01671611250902818, -0.004402250456816737, 0.9998505847242884]
2020/03/09 13:03:08 372839	INFO [input.cpp->run:256]	frame times (ms): 162.442
2020/03/09 13:03:08 372846	INFO [input.cpp->run:257]	FPS: 6.15604
2020/03/09 13:03:08 395870	INFO [input.cpp->run:173]	
frame_id 23
2020/03/09 13:03:08 440771	INFO [input.cpp->run:235]	rotation: 
[-0.9407742955264896, -0.02386665818234457, -0.3381924119548579;
 -0.03082047864291683, -0.9873683019078585, 0.1554153611578131;
 -0.3376297128110302, 0.1566340289170878, 0.9281551368237653]
2020/03/09 13:03:08 440842	INFO [input.cpp->run:256]	frame times (ms): 157.085
2020/03/09 13:03:08 440847	INFO [input.cpp->run:257]	FPS: 6.36598
2020/03/09 13:03:08 461231	INFO [input.cpp->run:173]	
frame_id 24
2020/03/09 13:03:08 506478	INFO [input.cpp->run:235]	rotation: 
[0.9999899646376781, 0.002806527775254797, -0.003491994527774871;
 -0.002605243521681082, 0.9984066318725722, 0.05636852081666561;
 0.003644630314315162, -0.05635885764201443, 0.9984039241885817]
2020/03/09 13:03:08 506554	INFO [input.cpp->run:256]	frame times (ms): 166.114
2020/03/09 13:03:08 506561	INFO [input.cpp->run:257]	FPS: 6.01996
2020/03/09 13:03:08 528797	INFO [input.cpp->run:173]	
frame_id 25
2020/03/09 13:03:08 571780	INFO [input.cpp->run:235]	rotation: 
[-0.780253314131523, -0.001482842046724576, -0.6254618829043376;
 0.014508980751352, -0.9997710105608357, -0.01572946024891761;
 -0.6252953344335234, -0.02134777790848143, 0.7800961588894268]
2020/03/09 13:03:08 571839	INFO [input.cpp->run:256]	frame times (ms): 165.305
2020/03/09 13:03:08 571845	INFO [input.cpp->run:257]	FPS: 6.04942
2020/03/09 13:03:08 595991	INFO [input.cpp->run:173]	
frame_id 26
2020/03/09 13:03:08 638295	INFO [input.cpp->run:235]	rotation: 
[-0.993379487404572, -0.02251833062320936, -0.1126504273838921;
 0.01579140147560426, -0.99805809970957, 0.06025496862133669;
 -0.1137885127913446, 0.05807714171742457, 0.9918060394889057]
2020/03/09 13:03:08 638350	INFO [input.cpp->run:256]	frame times (ms): 154.441
2020/03/09 13:03:08 638353	INFO [input.cpp->run:257]	FPS: 6.47496
2020/03/09 13:03:08 662296	INFO [input.cpp->run:173]	
frame_id 27
2020/03/09 13:03:08 705846	INFO [input.cpp->run:235]	rotation: 
[-0.9999892006539234, -0.0007016845583814674, 0.004594150009298745;
 0.0006192392010414808, -0.9998391851922896, -0.01792261969775378;
 0.004605987227436065, -0.01791958126739984, 0.9998288220934934]
2020/03/09 13:03:08 705902	INFO [input.cpp->run:256]	frame times (ms): 166.665
2020/03/09 13:03:08 705905	INFO [input.cpp->run:257]	FPS: 6.00006
2020/03/09 13:03:08 729509	INFO [input.cpp->run:173]	
frame_id 28
2020/03/09 13:03:08 771828	INFO [input.cpp->run:235]	rotation: 
[0.9998891632589804, 0.01348189094714583, -0.006316629935766393;
 -0.01312993636145795, 0.9985193703380887, 0.05278893663231771;
 0.00701897203301288, -0.052700148729544, 0.9985857140754036]
2020/03/09 13:03:08 771888	INFO [input.cpp->run:256]	frame times (ms): 173.158
2020/03/09 13:03:08 771894	INFO [input.cpp->run:257]	FPS: 5.77507
2020/03/09 13:03:08 801842	INFO [input.cpp->run:173]	
frame_id 29
2020/03/09 13:03:08 846106	INFO [input.cpp->run:235]	rotation: 
[0.9999970047323168, 0.002437053137087892, -0.0002264915047014831;
 -0.002437841526947233, 0.9999907330137814, -0.003548353878854293;
 0.0002178418788558705, 0.003548895400980254, 0.9999936789231963]
2020/03/09 13:03:08 846167	INFO [input.cpp->run:256]	frame times (ms): 159.204
2020/03/09 13:03:08 846172	INFO [input.cpp->run:257]	FPS: 6.28125
2020/03/09 13:03:08 867469	INFO [input.cpp->run:173]	
frame_id 30
2020/03/09 13:03:08 911836	INFO [input.cpp->run:235]	rotation: 
[-0.9986397904651145, -0.01250722170965342, -0.05061756913264043;
 0.0055825007871895, -0.9908708422404326, 0.1346989594714697;
 -0.05184018310879205, 0.1342331680429289, 0.9895928718480167]
2020/03/09 13:03:08 911897	INFO [input.cpp->run:256]	frame times (ms): 158.648
2020/03/09 13:03:08 911902	INFO [input.cpp->run:257]	FPS: 6.30326
2020/03/09 13:03:08 928705	INFO [input.cpp->run:173]	
frame_id 31
2020/03/09 13:03:08 971406	INFO [input.cpp->run:235]	rotation: 
[-0.9962388670660478, -0.01429675874060274, -0.08546181858859826;
 0.001550549041906883, -0.9890778101207039, 0.1473861639520528;
 -0.08663553280626905, 0.1466993122558717, 0.9853799248203856]
2020/03/09 13:03:08 971465	INFO [input.cpp->run:256]	frame times (ms): 158.092
2020/03/09 13:03:08 971470	INFO [input.cpp->run:257]	FPS: 6.32543
2020/03/09 13:03:08 995247	INFO [input.cpp->run:173]	
frame_id 32
2020/03/09 13:03:09 036331	INFO [input.cpp->run:235]	rotation: 
[-0.993020558984906, -0.01903739505923873, -0.1163947894996298;
 0.008618363757564794, -0.9959611374499852, 0.08937078099398063;
 -0.117626073807838, 0.08774389026416726, 0.9891739566334444]
2020/03/09 13:03:09 036400	INFO [input.cpp->run:256]	frame times (ms): 157.947
2020/03/09 13:03:09 036408	INFO [input.cpp->run:257]	FPS: 6.33124
2020/03/09 13:03:09 061850	INFO [input.cpp->run:173]	
frame_id 33
2020/03/09 13:03:09 105598	INFO [input.cpp->run:235]	rotation: 
[0.9999768599496587, 0.005564889917454614, -0.003912999543485902;
 -0.005339348359731372, 0.9984465565506256, 0.05546138360419613;
 0.004215557414404743, -0.05543920735729339, 0.9984531653328967]
2020/03/09 13:03:09 105664	INFO [input.cpp->run:256]	frame times (ms): 163.072
2020/03/09 13:03:09 105667	INFO [input.cpp->run:257]	FPS: 6.13226
2020/03/09 13:03:09 127992	INFO [input.cpp->run:173]	
frame_id 34
2020/03/09 13:03:09 172283	INFO [input.cpp->run:235]	rotation: 
[-0.9948465393492394, -0.009423412477730469, -0.1009532686054144;
 0.0001696541560866766, -0.9958250019620607, 0.09128272938913012;
 -0.10139198371819, 0.09079518029353975, 0.9906946557204965]
2020/03/09 13:03:09 172345	INFO [input.cpp->run:256]	frame times (ms): 165.376
2020/03/09 13:03:09 172350	INFO [input.cpp->run:257]	FPS: 6.04683
2020/03/09 13:03:09 194699	INFO [input.cpp->run:173]	
frame_id 35
2020/03/09 13:03:09 238337	INFO [input.cpp->run:235]	rotation: 
[-0.9981815585845857, -0.01392680129889238, -0.05864827625112792;
 0.006328054105723306, -0.9917786563350035, 0.1278086560823248;
 -0.05994607437424476, 0.1272051140635317, 0.9900632945035392]
2020/03/09 13:03:09 238395	INFO [input.cpp->run:256]	frame times (ms): 158.662
2020/03/09 13:03:09 238401	INFO [input.cpp->run:257]	FPS: 6.30271
2020/03/09 13:03:09 261287	INFO [input.cpp->run:173]	
frame_id 36
2020/03/09 13:03:09 304111	INFO [input.cpp->run:235]	rotation: 
[0.9998758408870004, 0.01575406231947765, 0.0003351580938085403;
 -0.015736991634627, 0.9994287137003955, -0.02990975301577375;
 -0.00080616673555203, 0.02990076506725073, 0.9995525470647292]
2020/03/09 13:03:09 304177	INFO [input.cpp->run:256]	frame times (ms): 155.955
2020/03/09 13:03:09 304187	INFO [input.cpp->run:257]	FPS: 6.41211
2020/03/09 13:03:09 329276	INFO [input.cpp->run:173]	
frame_id 37
2020/03/09 13:03:09 371122	INFO [input.cpp->run:235]	rotation: 
[-0.9951784593221865, -0.007147703868974692, -0.09781995926456212;
 -0.003736727152777731, -0.9938538844304663, 0.1106367627538834;
 -0.09800954530710181, 0.1104688495996714, 0.9890352684797548]
2020/03/09 13:03:09 371182	INFO [input.cpp->run:256]	frame times (ms): 160.654
2020/03/09 13:03:09 371189	INFO [input.cpp->run:257]	FPS: 6.22456
2020/03/09 13:03:09 394864	INFO [input.cpp->run:173]	
frame_id 38
2020/03/09 13:03:09 437396	INFO [input.cpp->run:235]	rotation: 
[-0.9986961928972253, 0.01164560568589345, 0.0497020538891185;
 -0.01084845885693896, -0.9998086463722848, 0.0162782548096775;
 0.04988211335756993, 0.0157178404187144, 0.9986314256318767]
2020/03/09 13:03:09 437457	INFO [input.cpp->run:256]	frame times (ms): 159.222
2020/03/09 13:03:09 437464	INFO [input.cpp->run:257]	FPS: 6.28054
2020/03/09 13:03:09 462084	INFO [input.cpp->run:173]	
frame_id 39
2020/03/09 13:03:09 504783	INFO [input.cpp->run:235]	rotation: 
[-0.9847836624018332, 0.002463937622981982, -0.1737672790769948;
 -0.0005949985840505362, -0.9999414290418498, -0.01080668600581201;
 -0.1737837283611936, -0.01053885653822506, 0.9847274487185524]
2020/03/09 13:03:09 504842	INFO [input.cpp->run:256]	frame times (ms): 156.411
2020/03/09 13:03:09 504857	INFO [input.cpp->run:257]	FPS: 6.39341
2020/03/09 13:03:09 528860	INFO [input.cpp->run:173]	
frame_id 40
2020/03/09 13:03:09 572738	INFO [input.cpp->run:235]	rotation: 
[-0.9969856749497696, -0.01582885640964984, -0.07595400746316816;
 0.00544715342726332, -0.9908320370684414, 0.1349896397444737;
 -0.07739439556254815, 0.1341690039598029, 0.9879315694479764]
2020/03/09 13:03:09 572797	INFO [input.cpp->run:256]	frame times (ms): 166.703
2020/03/09 13:03:09 572802	INFO [input.cpp->run:257]	FPS: 5.99869
2020/03/09 13:03:09 595504	INFO [input.cpp->run:173]	
frame_id 41
2020/03/09 13:03:09 639920	INFO [input.cpp->run:235]	rotation: 
[0.9999192366244267, 0.01270880854358565, 8.008636659615731e-05;
 -0.01270473654284796, 0.9997235329303501, -0.01978502905320302;
 -0.0003315083716195025, 0.01978241367128259, 0.9998042539475104]
2020/03/09 13:03:09 639981	INFO [input.cpp->run:256]	frame times (ms): 162.166
2020/03/09 13:03:09 639984	INFO [input.cpp->run:257]	FPS: 6.16652
2020/03/09 13:03:09 662454	INFO [input.cpp->run:173]	
frame_id 42
2020/03/09 13:03:09 709224	INFO [input.cpp->run:235]	rotation: 
[-0.9937384769098727, -0.01525619974503417, -0.11068463252948;
 0.003692832782677652, -0.9945774673229575, 0.1039327882792072;
 -0.1116700608707884, 0.1028732708860322, 0.9884062361409516]
2020/03/09 13:03:09 709290	INFO [input.cpp->run:256]	frame times (ms): 167.977
2020/03/09 13:03:09 709295	INFO [input.cpp->run:257]	FPS: 5.9532
2020/03/09 13:03:09 728436	INFO [input.cpp->run:173]	
frame_id 43
2020/03/09 13:03:09 776647	INFO [input.cpp->run:235]	rotation: 
[-0.992720730660701, -0.0115419067579794, -0.11988467502093;
 -0.007509992896118182, -0.9875283841641294, 0.1572618532158515;
 -0.1202046210558652, 0.1570174348872566, 0.9802532194378357]
2020/03/09 13:03:09 776716	INFO [input.cpp->run:256]	frame times (ms): 170.501
2020/03/09 13:03:09 776730	INFO [input.cpp->run:257]	FPS: 5.86507
2020/03/09 13:03:09 801181	INFO [input.cpp->run:173]	
frame_id 44
2020/03/09 13:03:09 846043	INFO [input.cpp->run:235]	rotation: 
[0.9999643594555683, 0.00684317688309571, -0.00494476983911046;
 -0.00655714828089891, 0.9984253102464105, 0.05571268855279991;
 0.005318235143110585, -0.05567827933319817, 0.9984345975503137]
2020/03/09 13:03:09 846128	INFO [input.cpp->run:256]	frame times (ms): 162.031
2020/03/09 13:03:09 846132	INFO [input.cpp->run:257]	FPS: 6.17166
2020/03/09 13:03:09 867320	INFO [input.cpp->run:173]	
frame_id 45
2020/03/09 13:03:09 914056	INFO [input.cpp->run:235]	rotation: 
[-0.9838481136264527, -0.008589134508142105, -0.1787990941869434;
 -0.01121107539749855, -0.9939306539943724, 0.1094356744336631;
 -0.1786538583465301, 0.1096726119809323, 0.9777805055733001]
2020/03/09 13:03:09 914130	INFO [input.cpp->run:256]	frame times (ms): 162.809
2020/03/09 13:03:09 914138	INFO [input.cpp->run:257]	FPS: 6.14217
2020/03/09 13:03:09 928965	INFO [input.cpp->run:173]	
frame_id 46
2020/03/09 13:03:09 977735	INFO [input.cpp->run:235]	rotation: 
[-0.9647228602081275, -0.0219096033440689, -0.2623542876972957;
 -0.03007606326068718, -0.9808347880807297, 0.1925059711005591;
 -0.2615439416438258, 0.1936054952007709, 0.9455747875326812]
2020/03/09 13:03:09 977798	INFO [input.cpp->run:256]	frame times (ms): 165.54
2020/03/09 13:03:09 977803	INFO [input.cpp->run:257]	FPS: 6.04084
2020/03/09 13:03:09 995766	INFO [input.cpp->run:173]	
frame_id 47
2020/03/09 13:03:10 041257	INFO [input.cpp->run:235]	rotation: 
[-0.9999493673006563, -0.01000327023588134, -0.001094266697385189;
 0.009614727568570139, -0.981837282564557, 0.1894811536275531;
 -0.002969823024904528, 0.1894610386090875, 0.9818837482107372]
2020/03/09 13:03:10 041326	INFO [input.cpp->run:256]	frame times (ms): 155.419
2020/03/09 13:03:10 041330	INFO [input.cpp->run:257]	FPS: 6.43422
2020/03/09 13:03:10 062055	INFO [input.cpp->run:173]	
frame_id 48
2020/03/09 13:03:10 108389	INFO [input.cpp->run:235]	rotation: 
[-0.9943752744917773, -0.01626103743738593, -0.1046584547032031;
 0.005410468282947283, -0.994652556290924, 0.1031359253455823;
 -0.1057758966511828, 0.1019895628257629, 0.989145888513038]
2020/03/09 13:03:10 108460	INFO [input.cpp->run:256]	frame times (ms): 161.884
2020/03/09 13:03:10 108466	INFO [input.cpp->run:257]	FPS: 6.17726
2020/03/09 13:03:10 129036	INFO [input.cpp->run:173]	
frame_id 49
2020/03/09 13:03:10 174969	INFO [input.cpp->run:235]	rotation: 
[-0.9962785578083819, -0.009630332464085286, -0.08565215670303776;
 0.003293870875181844, -0.997266528233399, 0.07381478225911732;
 -0.08612888984486088, 0.07325795766969249, 0.9935869795705651]
2020/03/09 13:03:10 175033	INFO [input.cpp->run:256]	frame times (ms): 160.124
2020/03/09 13:03:10 175042	INFO [input.cpp->run:257]	FPS: 6.24516
2020/03/09 13:03:10 200794	INFO [input.cpp->run:173]	
frame_id 50
2020/03/09 13:03:10 247486	INFO [input.cpp->run:235]	rotation: 
[-0.9902159505590804, -0.008695953181905971, -0.1392722214105702;
 -0.004933323171981488, -0.9952509236896863, 0.09721759726154089;
 -0.1394562066774283, 0.09695349036050466, 0.9854704394988509]
2020/03/09 13:03:10 247556	INFO [input.cpp->run:256]	frame times (ms): 164.058
2020/03/09 13:03:10 247559	INFO [input.cpp->run:257]	FPS: 6.09541
2020/03/09 13:03:10 267367	INFO [input.cpp->run:173]	
frame_id 51
2020/03/09 13:03:10 314590	INFO [input.cpp->run:235]	rotation: 
[0.9996059625792302, -0.0270803575603461, 0.007387408913452229;
 0.02763250668710406, 0.9956188660953883, -0.08932814813439439;
 -0.004936005494111309, 0.08949708212750272, 0.9959748531666978]
2020/03/09 13:03:10 314634	INFO [input.cpp->run:256]	frame times (ms): 163.633
2020/03/09 13:03:10 314637	INFO [input.cpp->run:257]	FPS: 6.11124
2020/03/09 13:03:10 328080	INFO [input.cpp->run:173]	
frame_id 52
2020/03/09 13:03:10 373316	INFO [input.cpp->run:235]	rotation: 
[-0.994200337584475, -0.01555457853918239, -0.1064130811196831;
 7.61490087100164e-05, -0.9895866905247135, 0.1439380982842048;
 -0.1075438652283073, 0.1430952026547827, 0.9838486062545103]
2020/03/09 13:03:10 373368	INFO [input.cpp->run:256]	frame times (ms): 164.119
2020/03/09 13:03:10 373373	INFO [input.cpp->run:257]	FPS: 6.09314
2020/03/09 13:03:10 394884	INFO [input.cpp->run:173]	
frame_id 53
2020/03/09 13:03:10 440063	INFO [input.cpp->run:235]	rotation: 
[-0.9821668295778805, -0.008286500053084817, -0.1878287858497866;
 -0.01336303775043369, -0.9934248813498412, 0.1137032732032564;
 -0.1875359914763437, 0.1141855465105987, 0.9755982333261272]
2020/03/09 13:03:10 440117	INFO [input.cpp->run:256]	frame times (ms): 165.519
2020/03/09 13:03:10 440122	INFO [input.cpp->run:257]	FPS: 6.0416
2020/03/09 13:03:10 466997	INFO [input.cpp->run:173]	
frame_id 54
2020/03/09 13:03:10 509838	INFO [input.cpp->run:235]	rotation: 
[-0.9782062974981758, -0.0136435107045134, -0.2071866167264825;
 -0.01471748736487062, -0.9907729723386105, 0.1347305193672901;
 -0.2071130973660898, 0.1348435089241254, 0.9689795627362091]
2020/03/09 13:03:10 509890	INFO [input.cpp->run:256]	frame times (ms): 158.774
2020/03/09 13:03:10 509895	INFO [input.cpp->run:257]	FPS: 6.29826
2020/03/09 13:03:10 532348	INFO [input.cpp->run:173]	
frame_id 55
2020/03/09 13:03:10 577874	INFO [input.cpp->run:235]	rotation: 
[-0.9933191185426936, -0.006645841393397307, -0.1152083396709633;
 -0.006308732907331423, -0.9937200750516544, 0.1117166609259258;
 -0.1152272911539198, 0.1116971138011549, 0.9870392221901934]
2020/03/09 13:03:10 577933	INFO [input.cpp->run:256]	frame times (ms): 165.823
2020/03/09 13:03:10 577939	INFO [input.cpp->run:257]	FPS: 6.03053
2020/03/09 13:03:10 595563	INFO [input.cpp->run:173]	
frame_id 56
2020/03/09 13:03:10 639461	INFO [input.cpp->run:235]	rotation: 
[0.9999595319319673, 0.008965583074307341, -0.0007435176787125678;
 -0.008979434123480057, 0.9997310136809598, -0.02138387353270247;
 0.0005515987880211037, 0.02138968453666918, 0.9997710623608781]
2020/03/09 13:03:10 639518	INFO [input.cpp->run:256]	frame times (ms): 164.611
2020/03/09 13:03:10 639522	INFO [input.cpp->run:257]	FPS: 6.07493
2020/03/09 13:03:10 662202	INFO [input.cpp->run:173]	
frame_id 57
2020/03/09 13:03:10 705165	INFO [input.cpp->run:235]	rotation: 
[0.9999574035976436, 0.009220656085255984, -0.0004129063048758672;
 -0.009226835613750501, 0.9997770409938144, -0.01899299360842568;
 0.0002376863816037262, 0.01899599439382695, 0.9998195315666591]
2020/03/09 13:03:10 705227	INFO [input.cpp->run:256]	frame times (ms): 159.916
2020/03/09 13:03:10 705249	INFO [input.cpp->run:257]	FPS: 6.25328
2020/03/09 13:03:10 728698	INFO [input.cpp->run:173]	
frame_id 58
2020/03/09 13:03:10 774191	INFO [input.cpp->run:235]	rotation: 
[-0.9756577341059885, -0.01394230691022051, -0.2188551986067258;
 -0.01708621683984372, -0.9901103968020639, 0.1392460532243604;
 -0.2186322187447907, 0.1395958961520029, 0.965770644979567]
2020/03/09 13:03:10 774251	INFO [input.cpp->run:256]	frame times (ms): 161.769
2020/03/09 13:03:10 774260	INFO [input.cpp->run:257]	FPS: 6.18165
2020/03/09 13:03:10 795985	INFO [input.cpp->run:173]	
frame_id 59
2020/03/09 13:03:10 840033	INFO [input.cpp->run:235]	rotation: 
[-0.9764860611022476, -0.01440739221879291, -0.2150985809401624;
 -0.01555125055186823, -0.9904573382013925, 0.1369394749854309;
 -0.2150189086552407, 0.1370645404634849, 0.9669437319039008]
2020/03/09 13:03:10 840090	INFO [input.cpp->run:256]	frame times (ms): 156.968
2020/03/09 13:03:10 840095	INFO [input.cpp->run:257]	FPS: 6.37073
2020/03/09 13:03:10 861709	INFO [input.cpp->run:173]	
frame_id 60
2020/03/09 13:03:10 907954	INFO [input.cpp->run:235]	rotation: 
[-0.9948156501400461, -0.01175435913379902, -0.1010131539839787;
 -0.00227368900581088, -0.9904784870039881, 0.1376488180864455;
 -0.1016693295676832, 0.1371648709533319, 0.9853167742414691]
2020/03/09 13:03:10 908012	INFO [input.cpp->run:256]	frame times (ms): 166.233
2020/03/09 13:03:10 908017	INFO [input.cpp->run:257]	FPS: 6.01565
2020/03/09 13:03:10 928410	INFO [input.cpp->run:173]	
frame_id 61
2020/03/09 13:03:10 974465	INFO [input.cpp->run:235]	rotation: 
[-0.9942226394234548, -0.01097263744905124, -0.1067752053862262;
 -0.0004498887025538075, -0.9943265207942813, 0.1063699564975702;
 -0.1073365774469003, 0.1058034558629884, 0.9885770014872062]
2020/03/09 13:03:10 974519	INFO [input.cpp->run:256]	frame times (ms): 153.746
2020/03/09 13:03:10 974522	INFO [input.cpp->run:257]	FPS: 6.50423
2020/03/09 13:03:10 994881	INFO [input.cpp->run:173]	
frame_id 62
2020/03/09 13:03:11 038558	INFO [input.cpp->run:235]	rotation: 
[-0.9961014740777874, -0.01006849829721937, -0.08763834025184421;
 0.003188659164631238, -0.9969254309836746, 0.07829123521024922;
 -0.08815716529466529, 0.07770656600348291, 0.9930709963578408]
2020/03/09 13:03:11 038614	INFO [input.cpp->run:256]	frame times (ms): 159.565
2020/03/09 13:03:11 038627	INFO [input.cpp->run:257]	FPS: 6.26704
2020/03/09 13:03:11 062129	INFO [input.cpp->run:173]	
frame_id 63
2020/03/09 13:03:11 107559	INFO [input.cpp->run:235]	rotation: 
[0.9999689506581626, 0.00785197854571321, 0.0006664476955397232;
 -0.007828802080047086, 0.9995307890711694, -0.02961269249421172;
 -0.0008986532171428351, 0.02960655555249465, 0.9995612258839938]
2020/03/09 13:03:11 107622	INFO [input.cpp->run:256]	frame times (ms): 162.695
2020/03/09 13:03:11 107627	INFO [input.cpp->run:257]	FPS: 6.14647
2020/03/09 13:03:11 128828	INFO [input.cpp->run:173]	
frame_id 64
2020/03/09 13:03:11 172993	INFO [input.cpp->run:235]	rotation: 
[-0.9952488132011379, 0.00716936973747196, 0.09709994829707112;
 0.02095306913000387, -0.9581471978745727, 0.2855081716853961;
 0.09508295702048682, 0.2861862109583055, 0.9534446412569364]
2020/03/09 13:03:11 173055	INFO [input.cpp->run:256]	frame times (ms): 158.031
2020/03/09 13:03:11 173058	INFO [input.cpp->run:257]	FPS: 6.32787
2020/03/09 13:03:11 196683	INFO [input.cpp->run:173]	
frame_id 65
2020/03/09 13:03:11 241474	INFO [input.cpp->run:235]	rotation: 
[-0.9900874549378221, -0.01695674210808801, -0.1394248918659282;
 -0.006341359269974283, -0.9862762698242908, 0.1649815345549065;
 -0.1403090116042269, 0.1642302909897029, 0.9763922330621448]
2020/03/09 13:03:11 241540	INFO [input.cpp->run:256]	frame times (ms): 162.546
2020/03/09 13:03:11 241545	INFO [input.cpp->run:257]	FPS: 6.1521
2020/03/09 13:03:11 262116	INFO [input.cpp->run:173]	
frame_id 66
2020/03/09 13:03:11 310318	INFO [input.cpp->run:235]	rotation: 
[-0.9930128507969792, -0.01082736535299911, -0.1175084946357882;
 0.002135837753082759, -0.9972677879712222, 0.07384034989135616;
 -0.1179869329593277, 0.07307343727031096, 0.9903228546369885]
2020/03/09 13:03:11 310375	INFO [input.cpp->run:256]	frame times (ms): 168.143
2020/03/09 13:03:11 310381	INFO [input.cpp->run:257]	FPS: 5.94732
2020/03/09 13:03:11 328927	INFO [input.cpp->run:173]	
frame_id 67
2020/03/09 13:03:11 375468	INFO [input.cpp->run:235]	rotation: 
[-0.9926357097242058, -0.003151811633225911, -0.1210967128527897;
 0.003844772489723004, -0.9999775432446428, -0.005489146646855913;
 -0.1210766926572766, -0.005914312287754355, 0.9926255363455735]
2020/03/09 13:03:11 375532	INFO [input.cpp->run:256]	frame times (ms): 167.06
2020/03/09 13:03:11 375539	INFO [input.cpp->run:257]	FPS: 5.98587
2020/03/09 13:03:11 400195	INFO [input.cpp->run:173]	
frame_id 68
2020/03/09 13:03:11 447206	INFO [input.cpp->run:235]	rotation: 
[-0.9999404220156766, 0.00205916852654227, 0.01071971287348829;
 -0.00220448147058684, -0.9999056077897401, -0.01356155492840966;
 0.01069077548901726, -0.01358437836670235, 0.9998505748279756]
2020/03/09 13:03:11 447306	INFO [input.cpp->run:256]	frame times (ms): 164.442
2020/03/09 13:03:11 447310	INFO [input.cpp->run:257]	FPS: 6.08117
2020/03/09 13:03:11 466182	INFO [input.cpp->run:173]	
frame_id 69
2020/03/09 13:03:11 513894	INFO [input.cpp->run:235]	rotation: 
[0.9999661935454515, 0.008199015816751008, 0.0006228208870847653;
 -0.008177344307087782, 0.9995404383506836, -0.02918977803626674;
 -0.0008618621142974701, 0.02918369821252693, 0.999573693607598]
2020/03/09 13:03:11 513958	INFO [input.cpp->run:256]	frame times (ms): 159.229
2020/03/09 13:03:11 513963	INFO [input.cpp->run:257]	FPS: 6.28026
2020/03/09 13:03:11 528861	INFO [input.cpp->run:173]	
frame_id 70
2020/03/09 13:03:11 578836	INFO [input.cpp->run:235]	rotation: 
[-0.9453841571935999, 0.09717280868952369, 0.3111370125503169;
 -0.1592555425797633, -0.9705444396864429, -0.1807793205854965;
 0.2844054631770846, -0.2204561993800985, 0.9330126455037525]
2020/03/09 13:03:11 578902	INFO [input.cpp->run:256]	frame times (ms): 162.2
2020/03/09 13:03:11 578907	INFO [input.cpp->run:257]	FPS: 6.16523
2020/03/09 13:03:11 595633	INFO [input.cpp->run:173]	
frame_id 71
2020/03/09 13:03:11 643061	INFO [input.cpp->run:235]	rotation: 
[-0.9685115440102262, -0.01035307767750051, -0.2487532972676571;
 -0.01415021277644164, -0.9952309709940169, 0.09651469241875893;
 -0.2485662096852852, 0.09699550585934308, 0.9637461861121843]
2020/03/09 13:03:11 643113	INFO [input.cpp->run:256]	frame times (ms): 165.147
2020/03/09 13:03:11 643116	INFO [input.cpp->run:257]	FPS: 6.05521
2020/03/09 13:03:11 662090	INFO [input.cpp->run:173]	
frame_id 72
2020/03/09 13:03:11 711694	INFO [input.cpp->run:235]	rotation: 
[-0.9997315147746989, 0.003309659232030175, 0.02293348037376465;
 -0.003652564521373612, -0.9998819229757255, -0.0149264489676007;
 0.02288137099701882, -0.01500620745335152, 0.9996255581962497]
2020/03/09 13:03:11 711760	INFO [input.cpp->run:256]	frame times (ms): 170.225
2020/03/09 13:03:11 711764	INFO [input.cpp->run:257]	FPS: 5.87458
2020/03/09 13:03:11 728619	INFO [input.cpp->run:173]	
frame_id 73
2020/03/09 13:03:11 779584	INFO [input.cpp->run:235]	rotation: 
[-0.9929181136382861, -0.006778086074863321, -0.1186072390630077;
 -0.001831621921769386, -0.9973790064059223, 0.07233092521094252;
 -0.1187866354861666, 0.07203592943730934, 0.9903032667319541]
2020/03/09 13:03:11 779651	INFO [input.cpp->run:256]	frame times (ms): 168.316
2020/03/09 13:03:11 779656	INFO [input.cpp->run:257]	FPS: 5.94121
2020/03/09 13:03:11 796147	INFO [input.cpp->run:173]	
frame_id 74
2020/03/09 13:03:11 844696	INFO [input.cpp->run:235]	rotation: 
[-0.9956962175363735, -0.007602419207170504, -0.09236474222319532;
 0.002726154346305421, -0.998601097336446, 0.05280545881749504;
 -0.09263698217363839, 0.05232639506639541, 0.9943240608137351]
2020/03/09 13:03:11 844753	INFO [input.cpp->run:256]	frame times (ms): 169.737
2020/03/09 13:03:11 844756	INFO [input.cpp->run:257]	FPS: 5.89147
2020/03/09 13:03:11 863833	INFO [input.cpp->run:173]	
frame_id 75
2020/03/09 13:03:11 908212	INFO [input.cpp->run:235]	rotation: 
[-0.9877860902558718, -0.01586876380640777, -0.1550058780571726;
 -0.01266378856874497, -0.9833334072213299, 0.1813698946947269;
 -0.1553005742297972, 0.1811176208372522, 0.9711221030674512]
2020/03/09 13:03:11 908279	INFO [input.cpp->run:256]	frame times (ms): 163.195
2020/03/09 13:03:11 908283	INFO [input.cpp->run:257]	FPS: 6.12764
2020/03/09 13:03:11 929599	INFO [input.cpp->run:173]	
frame_id 76
2020/03/09 13:03:11 974186	INFO [input.cpp->run:235]	rotation: 
[0.9997648080605402, 0.0005256091111004171, -0.02168068953546885;
 0.0003007564071689206, 0.9992740989777349, 0.03809441767266701;
 0.02168497427378246, -0.03809197877898161, 0.9990389196840367]
2020/03/09 13:03:11 974247	INFO [input.cpp->run:256]	frame times (ms): 166.937
2020/03/09 13:03:11 974253	INFO [input.cpp->run:257]	FPS: 5.99028
2020/03/09 13:03:11 996813	INFO [input.cpp->run:173]	
frame_id 77
2020/03/09 13:03:12 040637	INFO [input.cpp->run:235]	rotation: 
[-0.9735911191137047, -0.01474179714682401, -0.2278223259467914;
 -0.01895038696403525, -0.9892507887756017, 0.144995723180938;
 -0.227510913181846, 0.1454838696341687, 0.9628464197676752]
2020/03/09 13:03:12 040706	INFO [input.cpp->run:256]	frame times (ms): 162.094
2020/03/09 13:03:12 040713	INFO [input.cpp->run:257]	FPS: 6.16926
2020/03/09 13:03:12 062358	INFO [input.cpp->run:173]	
frame_id 78
2020/03/09 13:03:12 108835	INFO [input.cpp->run:235]	rotation: 
[0.9999736055698366, 0.007239190685488305, 0.0006182894791372415;
 -0.00722899949138153, 0.9998592055498073, -0.01514300642744901;
 -0.0007278255384898448, 0.01513813712209319, 0.9998851469416166]
2020/03/09 13:03:12 108899	INFO [input.cpp->run:256]	frame times (ms): 163.75
2020/03/09 13:03:12 108905	INFO [input.cpp->run:257]	FPS: 6.10687
2020/03/09 13:03:12 128723	INFO [input.cpp->run:173]	
frame_id 79
2020/03/09 13:03:12 173132	INFO [input.cpp->run:235]	rotation: 
[0.9999730622313645, 0.007319430395188329, 0.0005484070729685569;
 -0.007311387347279278, 0.9998826849684394, -0.01345956594258191;
 -0.0006468590926416592, 0.01345519375537416, 0.9999092655507896]
2020/03/09 13:03:12 173193	INFO [input.cpp->run:256]	frame times (ms): 165.424
2020/03/09 13:03:12 173199	INFO [input.cpp->run:257]	FPS: 6.04507
2020/03/09 13:03:12 195489	INFO [input.cpp->run:173]	
frame_id 80
2020/03/09 13:03:12 238896	INFO [input.cpp->run:235]	rotation: 
[-0.997949489193523, 0.01536162103817042, 0.06213563886744932;
 -0.01705093111750472, -0.999496746772783, -0.02674918575675602;
 0.06169345805198918, -0.02775380676056835, 0.9977091978346619]
2020/03/09 13:03:12 238970	INFO [input.cpp->run:256]	frame times (ms): 159.979
2020/03/09 13:03:12 238972	INFO [input.cpp->run:257]	FPS: 6.25082
2020/03/09 13:03:12 262350	INFO [input.cpp->run:173]	
frame_id 81
2020/03/09 13:03:12 313135	INFO [input.cpp->run:235]	rotation: 
[-0.9912681113925121, -0.008041971255741329, -0.1316163289058165;
 -0.001268372577134637, -0.997510812222559, 0.07050227464483878;
 -0.1318556884147507, 0.07005359517835281, 0.9887904587096601]
2020/03/09 13:03:12 313221	INFO [input.cpp->run:256]	frame times (ms): 160.985
2020/03/09 13:03:12 313228	INFO [input.cpp->run:257]	FPS: 6.21176
2020/03/09 13:03:12 329127	INFO [input.cpp->run:173]	
frame_id 82
2020/03/09 13:03:12 374113	INFO [input.cpp->run:235]	rotation: 
[-0.9900312765367489, -0.01668981479318748, -0.1398553594296069;
 0.01673324826399664, -0.9998596148774096, 0.0008654130422632044;
 -0.1398501694012235, -0.001483448471422705, 0.9901715656890384]
2020/03/09 13:03:12 374171	INFO [input.cpp->run:256]	frame times (ms): 164.503
2020/03/09 13:03:12 374176	INFO [input.cpp->run:257]	FPS: 6.07892
2020/03/09 13:03:12 395659	INFO [input.cpp->run:173]	
frame_id 83
2020/03/09 13:03:12 443929	INFO [input.cpp->run:235]	rotation: 
[-0.9614593266707049, -0.02053128798184594, -0.274179556808529;
 -0.02373936816407845, -0.9872851100421163, 0.1571768236359824;
 -0.2739204365451494, 0.1576279724634333, 0.9487470773288225]
2020/03/09 13:03:12 443987	INFO [input.cpp->run:256]	frame times (ms): 159.922
2020/03/09 13:03:12 443991	INFO [input.cpp->run:257]	FPS: 6.25305
2020/03/09 13:03:12 463919	INFO [input.cpp->run:173]	
frame_id 84
2020/03/09 13:03:12 509803	INFO [input.cpp->run:235]	rotation: 
[-0.9659723211636853, -0.01288341342148176, -0.2583243937460286;
 -0.02171465295207801, -0.9911929585958446, 0.13063304588498;
