		g3log created log at: Mon Mar 09 16:25:00 2020
		LOG format: [YYYY/MM/DD hh:mm:ss uuu* LEVEL FILE->FUNCTION:LINE] message		(uuu*: microseconds fractions of the seconds value)

2020/03/09 16:25:00 071953	INFO [g3logger.h->logBanner:29]	Starting log.
2020/03/09 16:25:00 076027	DEBUG [main.cpp->main:48]	Filepath: /home/mitchell/KITTI/data_odometry_gray/dataset/sequences/00/
2020/03/09 16:25:00 076035	DEBUG [main.cpp->main:52]	Calibration Filepath: /home/mitchell/visual_odom_catkin_ws/tank_downsized.yaml
2020/03/09 16:25:00 076154	INFO [main.cpp->main:66]	P_left: 
[409.41, 0, 251.22, 0;
 0, 408.72, 191.78999, 0;
 0, 0, 1, 0]
2020/03/09 16:25:00 076168	INFO [main.cpp->main:67]	P_right: 
[409.41, 0, 251.22, -73.940002;
 0, 408.72, 191.78999, 0;
 0, 0, 1, 0]
2020/03/09 16:25:00 208091	INFO [input.cpp->Input:22]	frame_pose [1, 0, 0, 0;
 0, 1, 0, 0;
 0, 0, 1, 0;
 0, 0, 0, 1]
2020/03/09 16:25:00 668904	INFO [input.cpp->run:173]	
frame_id 1
2020/03/09 16:25:00 781470	WARNING [visualOdometry.cpp->trackingFrame2Frame:187]	The Estimated Rotation and translation matrices(using getTransformation function) are : 
           1 -0.000524521  -8.1867e-05  0.000184536
 0.000524551            1 -6.90296e-05 -0.000442713
  8.1867e-05  6.89998e-05            1  3.20077e-05
           0            0            0            1
2020/03/09 16:25:00 792305	INFO [input.cpp->run:235]	rotation: 
[0.9999998807907104, -0.0005245208740234375, -8.186697959899902e-05;
 0.0005245506763458252, 1, -6.902962923049927e-05;
 8.186697959899902e-05, 6.899982690811157e-05, 1]
2020/03/09 16:25:00 792445	INFO [input.cpp->run:258]	frame times (ms): 393.484
2020/03/09 16:25:00 792452	INFO [input.cpp->run:259]	FPS: 2.5414
2020/03/09 16:25:00 805451	INFO [input.cpp->run:173]	
frame_id 2
2020/03/09 16:25:00 849321	WARNING [visualOdometry.cpp->trackingFrame2Frame:187]	The Estimated Rotation and translation matrices(using getTransformation function) are : 
    0.999999  -0.00074324   -0.0012159  -0.00053519
 0.000744015     0.999999  0.000759903  0.000733733
  0.00121536 -0.000760814     0.999999  0.000628233
           0            0            0            1
2020/03/09 16:25:00 850955	INFO [input.cpp->run:235]	rotation: 
[0.9999990463256836, -0.0007432401180267334, -0.001215903088450432;
 0.0007440149784088135, 0.999999463558197, 0.0007599033415317535;
 0.001215357333421707, -0.0007608141750097275, 0.999998927116394]
2020/03/09 16:25:00 851018	INFO [input.cpp->run:258]	frame times (ms): 350.456
2020/03/09 16:25:00 851023	INFO [input.cpp->run:259]	FPS: 2.85343
2020/03/09 16:25:00 934112	INFO [input.cpp->run:173]	
frame_id 3
2020/03/09 16:25:00 995796	WARNING [visualOdometry.cpp->trackingFrame2Frame:187]	The Estimated Rotation and translation matrices(using getTransformation function) are : 
           1 -0.000433892    -3.18e-06 -6.38068e-05
 0.000433862            1 -0.000568525  -0.00136149
 3.41842e-06  0.000568542            1 -0.000869989
           0            0            0            1
2020/03/09 16:25:00 998335	INFO [input.cpp->run:235]	rotation: 
[1, -0.0004338920116424561, -3.180000931024551e-06;
 0.0004338622093200684, 0.9999997615814209, -0.0005685254000127316;
 3.418419510126114e-06, 0.0005685421638190746, 1.00000011920929]
2020/03/09 16:25:00 998423	INFO [input.cpp->run:258]	frame times (ms): 367.983
2020/03/09 16:25:00 998431	INFO [input.cpp->run:259]	FPS: 2.71752
2020/03/09 16:25:01 069307	INFO [input.cpp->run:173]	
frame_id 4
2020/03/09 16:25:01 153179	WARNING [visualOdometry.cpp->trackingFrame2Frame:187]	The Estimated Rotation and translation matrices(using getTransformation function) are : 
           1 -0.000435472 -0.000212364 -0.000108704
  0.00043565            1  9.46373e-05   -0.0005081
 0.000212327 -9.47565e-05            1 -0.000270665
           0            0            0            1
2020/03/09 16:25:01 155356	INFO [input.cpp->run:235]	rotation: 
[0.9999996423721313, -0.0004354715347290039, -0.0002123638987541199;
 0.0004356503486633301, 0.9999998211860657, 9.463727474212646e-05;
 0.0002123266458511353, -9.475648403167725e-05, 0.9999998211860657]
2020/03/09 16:25:01 155439	INFO [input.cpp->run:258]	frame times (ms): 383.931
2020/03/09 16:25:01 155445	INFO [input.cpp->run:259]	FPS: 2.60463
2020/03/09 16:25:01 202787	INFO [input.cpp->run:173]	
frame_id 5
2020/03/09 16:25:01 249307	WARNING [visualOdometry.cpp->trackingFrame2Frame:187]	The Estimated Rotation and translation matrices(using getTransformation function) are : 
           1 -0.000421286  -0.00019224   0.00011684
 0.000421524            1  7.81268e-05 -0.000244558
 0.000192121 -7.82311e-05            1   9.0003e-06
           0            0            0            1
2020/03/09 16:25:01 251027	INFO [input.cpp->run:235]	rotation: 
[1, -0.0004212856292724609, -0.0001922398805618286;
 0.0004215240478515625, 1, 7.812678813934326e-05;
 0.0001921206712722778, -7.82310962677002e-05, 0.9999998211860657]
2020/03/09 16:25:01 251084	INFO [input.cpp->run:258]	frame times (ms): 372.807
2020/03/09 16:25:01 251090	INFO [input.cpp->run:259]	FPS: 2.68235
2020/03/09 16:25:01 332692	INFO [input.cpp->run:173]	
frame_id 6
2020/03/09 16:25:01 376900	WARNING [visualOdometry.cpp->trackingFrame2Frame:187]	The Estimated Rotation and translation matrices(using getTransformation function) are : 
           1 -0.000322789 -0.000268333 -8.20905e-05
 0.000322849            1 -0.000349917 -0.000815094
 0.000268489  0.000349887            1  0.000115275
           0            0            0            1
2020/03/09 16:25:01 378407	INFO [input.cpp->run:235]	rotation: 
[0.9999999403953552, -0.0003227889537811279, -0.0002683326601982117;
 0.0003228485584259033, 0.9999998807907104, -0.0003499165177345276;
 0.0002684891223907471, 0.0003498867154121399, 0.9999999403953552]
2020/03/09 16:25:01 378469	INFO [input.cpp->run:258]	frame times (ms): 379.978
2020/03/09 16:25:01 378473	INFO [input.cpp->run:259]	FPS: 2.63173
2020/03/09 16:25:01 468497	INFO [input.cpp->run:173]	
frame_id 7
2020/03/09 16:25:01 514647	WARNING [visualOdometry.cpp->trackingFrame2Frame:187]	The Estimated Rotation and translation matrices(using getTransformation function) are : 
           1 -0.000256687 -0.000269108 -0.000263676
 0.000256598            1 -1.35452e-05 -0.000179142
 0.000269128  1.34669e-05            1  -0.00017041
           0            0            0            1
2020/03/09 16:25:01 516179	INFO [input.cpp->run:235]	rotation: 
[1, -0.0002566874027252197, -0.0002691075205802917;
 0.0002565979957580566, 0.9999998807907104, -1.354515552520752e-05;
 0.0002691280096769333, 1.346692442893982e-05, 0.9999998211860657]
2020/03/09 16:25:01 516231	INFO [input.cpp->run:258]	frame times (ms): 388.031
2020/03/09 16:25:01 516236	INFO [input.cpp->run:259]	FPS: 2.57711
2020/03/09 16:25:01 602497	INFO [input.cpp->run:173]	
frame_id 8
2020/03/09 16:25:01 648721	WARNING [visualOdometry.cpp->trackingFrame2Frame:187]	The Estimated Rotation and translation matrices(using getTransformation function) are : 
           1 -0.000242949 -0.000108287 -9.35942e-05
 0.000243217            1 -0.000277862 -0.000598282
 0.000108309  0.000277877            1  6.71148e-05
           0            0            0            1
2020/03/09 16:25:01 650244	INFO [input.cpp->run:235]	rotation: 
[0.9999997615814209, -0.0002429485321044922, -0.0001082867383956909;
 0.0002432167530059814, 0.9999996423721313, -0.0002778619527816772;
 0.0001083090901374817, 0.0002778768539428711, 0.9999998211860657]
2020/03/09 16:25:01 650283	INFO [input.cpp->run:258]	frame times (ms): 373.685
2020/03/09 16:25:01 650287	INFO [input.cpp->run:259]	FPS: 2.67605
2020/03/09 16:25:01 733132	INFO [input.cpp->run:173]	
frame_id 9
2020/03/09 16:25:01 778133	WARNING [visualOdometry.cpp->trackingFrame2Frame:187]	The Estimated Rotation and translation matrices(using getTransformation function) are : 
           1  2.94447e-05  0.000365347  0.000188917
 -2.9318e-05            1 -0.000585269 -0.000563234
-0.000365555  0.000585198            1  4.75049e-05
           0            0            0            1
2020/03/09 16:25:01 779935	INFO [input.cpp->run:235]	rotation: 
[0.9999998807907104, 2.944469451904297e-05, 0.0003653466701507568;
 -2.931803464889526e-05, 1.00000011920929, -0.0005852691829204559;
 -0.0003655552864074707, 0.0005851984024047852, 1]
2020/03/09 16:25:01 779978	INFO [input.cpp->run:258]	frame times (ms): 379.011
2020/03/09 16:25:01 779983	INFO [input.cpp->run:259]	FPS: 2.63845
2020/03/09 16:25:01 866404	INFO [input.cpp->run:173]	
frame_id 10
2020/03/09 16:25:01 911912	WARNING [visualOdometry.cpp->trackingFrame2Frame:187]	The Estimated Rotation and translation matrices(using getTransformation function) are : 
           1 -0.000317492 -6.77705e-05 -0.000383526
 0.000317484            1  2.11634e-05 -0.000473201
 6.79195e-05 -2.11522e-05            1 -0.000210345
           0            0            0            1
2020/03/09 16:25:01 913587	INFO [input.cpp->run:235]	rotation: 
[1.00000011920929, -0.0003174915909767151, -6.777048110961914e-05;
 0.0003174841403961182, 1, 2.116337418556213e-05;
 6.791949272155762e-05, -2.115219831466675e-05, 0.9999997615814209]
2020/03/09 16:25:01 913626	INFO [input.cpp->run:258]	frame times (ms): 378.032
2020/03/09 16:25:01 913630	INFO [input.cpp->run:259]	FPS: 2.64528
2020/03/09 16:25:01 999663	INFO [input.cpp->run:173]	
frame_id 11
2020/03/09 16:25:02 043482	WARNING [visualOdometry.cpp->trackingFrame2Frame:187]	The Estimated Rotation and translation matrices(using getTransformation function) are : 
           1 -0.000122428 -0.000210565 -0.000398129
 0.000122279            1 -0.000141513  -0.00034678
 0.000210576  0.000141472            1 -3.09348e-05
           0            0            0            1
2020/03/09 16:25:02 044972	INFO [input.cpp->run:235]	rotation: 
[1, -0.0001224279403686523, -0.0002105645835399628;
 0.0001222789287567139, 1, -0.0001415126025676727;
 0.0002105757594108582, 0.0001414716243743896, 0.9999998807907104]
2020/03/09 16:25:02 045013	INFO [input.cpp->run:258]	frame times (ms): 380.099
2020/03/09 16:25:02 045017	INFO [input.cpp->run:259]	FPS: 2.63089
2020/03/09 16:25:02 136379	INFO [input.cpp->run:173]	
frame_id 12
2020/03/09 16:25:02 179694	WARNING [visualOdometry.cpp->trackingFrame2Frame:187]	The Estimated Rotation and translation matrices(using getTransformation function) are : 
           1 -3.19481e-05 -0.000181815   -0.0004877
 3.19481e-05            1 -0.000196064 -0.000366211
 0.000181805  0.000196049            1 -0.000106692
           0            0            0            1
2020/03/09 16:25:02 181233	INFO [input.cpp->run:235]	rotation: 
[0.9999999403953552, -3.194808959960938e-05, -0.0001818146556615829;
 3.194808959960938e-05, 0.9999998807907104, -0.0001960638910531998;
 0.0001818053424358368, 0.0001960489898920059, 0.9999997019767761]
2020/03/09 16:25:02 181282	INFO [input.cpp->run:258]	frame times (ms): 382.342
2020/03/09 16:25:02 181287	INFO [input.cpp->run:259]	FPS: 2.61546
2020/03/09 16:25:02 267843	INFO [input.cpp->run:173]	
frame_id 13
2020/03/09 16:25:02 311915	WARNING [visualOdometry.cpp->trackingFrame2Frame:187]	The Estimated Rotation and translation matrices(using getTransformation function) are : 
           1 -7.47144e-05  9.75132e-05 -0.000408575
 7.45654e-05            1 -6.32405e-05 -0.000440508
-9.77516e-05  6.32107e-05            1 -0.000294685
           0            0            0            1
2020/03/09 16:25:02 313471	INFO [input.cpp->run:235]	rotation: 
[0.9999998807907104, -7.471442222595215e-05, 9.751319885253906e-05;
 7.456541061401367e-05, 1.00000011920929, -6.324052810668945e-05;
 -9.775161743164062e-05, 6.321072578430176e-05, 1.00000011920929]
2020/03/09 16:25:02 313525	INFO [input.cpp->run:258]	frame times (ms): 377.288
2020/03/09 16:25:02 313529	INFO [input.cpp->run:259]	FPS: 2.6505
2020/03/09 16:25:02 400114	INFO [input.cpp->run:173]	
frame_id 14
2020/03/09 16:25:02 443607	WARNING [visualOdometry.cpp->trackingFrame2Frame:187]	The Estimated Rotation and translation matrices(using getTransformation function) are : 
           1  6.64592e-05   0.00027962 -0.000204951
-6.62506e-05            1 -9.31025e-05 -0.000172108
-0.000279605  9.30801e-05            1 -0.000123918
           0            0            0            1
2020/03/09 16:25:02 445209	INFO [input.cpp->run:235]	rotation: 
[1.00000011920929, 6.645917892456055e-05, 0.0002796202898025513;
 -6.625056266784668e-05, 1.000000238418579, -9.310245513916016e-05;
 -0.0002796053886413574, 9.308010339736938e-05, 0.9999999403953552]
2020/03/09 16:25:02 445264	INFO [input.cpp->run:258]	frame times (ms): 377.148
2020/03/09 16:25:02 445268	INFO [input.cpp->run:259]	FPS: 2.65148
2020/03/09 16:25:02 536334	INFO [input.cpp->run:173]	
frame_id 15
2020/03/09 16:25:02 581470	WARNING [visualOdometry.cpp->trackingFrame2Frame:187]	The Estimated Rotation and translation matrices(using getTransformation function) are : 
           1  0.000195682  0.000725664  0.000151932
-0.000195533            1  1.63838e-05 -0.000220001
-0.000725701 -1.65403e-05            1 -0.000145972
           0            0            0            1
2020/03/09 16:25:02 583130	INFO [input.cpp->run:235]	rotation: 
[0.9999998807907104, 0.0001956820487976074, 0.0007256641983985901;
 -0.0001955330371856689, 1.00000011920929, 1.63838267326355e-05;
 -0.0007257014513015747, -1.65402889251709e-05, 1]
2020/03/09 16:25:02 583188	INFO [input.cpp->run:258]	frame times (ms): 381.087
2020/03/09 16:25:02 583193	INFO [input.cpp->run:259]	FPS: 2.62407
2020/03/09 16:25:02 667517	INFO [input.cpp->run:173]	
frame_id 16
2020/03/09 16:25:02 712438	WARNING [visualOdometry.cpp->trackingFrame2Frame:187]	The Estimated Rotation and translation matrices(using getTransformation function) are : 
           1 -0.000150591 -0.000292648 -0.000748619
 0.000150234            1 -9.02675e-05 -0.000271052
 0.000292657  9.02209e-05            1 -0.000133514
           0            0            0            1
2020/03/09 16:25:02 713951	INFO [input.cpp->run:235]	rotation: 
[0.9999998807907104, -0.0001505911350250244, -0.0002926476299762726;
 0.0001502335071563721, 0.9999999403953552, -9.026750922203064e-05;
 0.0002926569432020187, 9.022094309329987e-05, 1]
2020/03/09 16:25:02 714007	INFO [input.cpp->run:258]	frame times (ms): 373.389
2020/03/09 16:25:02 714011	INFO [input.cpp->run:259]	FPS: 2.67817
2020/03/09 16:25:02 802424	INFO [input.cpp->run:173]	
frame_id 17
2020/03/09 16:25:02 848575	WARNING [visualOdometry.cpp->trackingFrame2Frame:187]	The Estimated Rotation and translation matrices(using getTransformation function) are : 
           1 -0.000238687  -0.00051976  -0.00113423
 0.000238717            1  0.000239983 -0.000153661
 0.000519641 -0.000240155            1 -0.000417352
           0            0            0            1
2020/03/09 16:25:02 850248	INFO [input.cpp->run:235]	rotation: 
[0.9999997615814209, -0.0002386868000030518, -0.0005197599530220032;
 0.0002387166023254395, 0.9999998807907104, 0.0002399832010269165;
 0.0005196407437324524, -0.0002401545643806458, 1]
2020/03/09 16:25:02 850307	INFO [input.cpp->run:258]	frame times (ms): 379.449
2020/03/09 16:25:02 850313	INFO [input.cpp->run:259]	FPS: 2.6354
2020/03/09 16:25:02 877121	INFO [input.cpp->run:173]	
frame_id 18
2020/03/09 16:25:02 920021	WARNING [visualOdometry.cpp->trackingFrame2Frame:187]	The Estimated Rotation and translation matrices(using getTransformation function) are : 
           1  5.22658e-05  0.000180215 -0.000665382
-5.23217e-05            1  8.51676e-05  7.55489e-05
-0.000180215 -8.52197e-05            1  -0.00040251
           0            0            0            1
2020/03/09 16:25:02 921524	INFO [input.cpp->run:235]	rotation: 
[0.9999997615814209, 5.226582288742065e-05, 0.0001802146434783936;
 -5.232170224189758e-05, 1.00000011920929, 8.516758680343628e-05;
 -0.0001802146434783936, -8.521974086761475e-05, 0.9999998211860657]
2020/03/09 16:25:02 921582	INFO [input.cpp->run:258]	frame times (ms): 371.225
2020/03/09 16:25:02 921591	INFO [input.cpp->run:259]	FPS: 2.69378
2020/03/09 16:25:03 066659	INFO [input.cpp->run:173]	
frame_id 19
2020/03/09 16:25:03 113751	WARNING [visualOdometry.cpp->trackingFrame2Frame:187]	The Estimated Rotation and translation matrices(using getTransformation function) are : 
    0.999999  0.000292279  0.000870854  0.000209585
-0.000291683            1 -0.000735072 -0.000505686
-0.000871122  0.000734817     0.999999  0.000140011
           0            0            0            1
2020/03/09 16:25:03 115557	INFO [input.cpp->run:235]	rotation: 
[0.9999994039535522, 0.0002922788262367249, 0.0008708536624908447;
 -0.0002916827797889709, 0.9999997019767761, -0.0007350724190473557;
 -0.000871121883392334, 0.000734817236661911, 0.9999992251396179]
2020/03/09 16:25:03 115621	INFO [input.cpp->run:258]	frame times (ms): 374.591
2020/03/09 16:25:03 115630	INFO [input.cpp->run:259]	FPS: 2.66958
2020/03/09 16:25:03 142822	INFO [input.cpp->run:173]	
frame_id 20
2020/03/09 16:25:03 189672	WARNING [visualOdometry.cpp->trackingFrame2Frame:187]	The Estimated Rotation and translation matrices(using getTransformation function) are : 
           1 -0.000124773  5.31673e-05 -0.000851542
 0.000124775            1  1.43982e-05  0.000151336
-5.32269e-05 -1.43643e-05            1 -0.000363886
           0            0            0            1
2020/03/09 16:25:03 191403	INFO [input.cpp->run:235]	rotation: 
[0.9999998807907104, -0.0001247730106115341, 5.316734313964844e-05;
 0.0001247748732566833, 0.9999997019767761, 1.43982470035553e-05;
 -5.322694778442383e-05, -1.436425372958183e-05, 0.9999998807907104]
2020/03/09 16:25:03 191472	INFO [input.cpp->run:258]	frame times (ms): 374.767
2020/03/09 16:25:03 191481	INFO [input.cpp->run:259]	FPS: 2.66832
2020/03/09 16:25:03 333714	INFO [input.cpp->run:173]	
frame_id 21
2020/03/09 16:25:03 376378	WARNING [visualOdometry.cpp->trackingFrame2Frame:187]	The Estimated Rotation and translation matrices(using getTransformation function) are : 
           1  0.000185255   0.00046578 -0.000211723
 -0.00018502            1 -0.000452599 -0.000145853
-0.000465721  0.000452543            1  -0.00013876
           0            0            0            1
2020/03/09 16:25:03 377886	INFO [input.cpp->run:235]	rotation: 
[1.000000238418579, 0.0001852549612522125, 0.00046578049659729;
 -0.0001850202679634094, 0.9999998807907104, -0.0004525985568761826;
 -0.0004657208919525146, 0.0004525426775217056, 1]
2020/03/09 16:25:03 377929	INFO [input.cpp->run:258]	frame times (ms): 377.285
2020/03/09 16:25:03 377933	INFO [input.cpp->run:259]	FPS: 2.65052
2020/03/09 16:25:03 470423	INFO [input.cpp->run:173]	
frame_id 22
2020/03/09 16:25:03 513433	WARNING [visualOdometry.cpp->trackingFrame2Frame:187]	The Estimated Rotation and translation matrices(using getTransformation function) are : 
           1 -0.000310034 -0.000248719 -0.000969246
 0.000310183            1  6.77248e-05  0.000500828
 0.000248725 -6.78208e-05            1 -0.000166774
           0            0            0            1
2020/03/09 16:25:03 514986	INFO [input.cpp->run:235]	rotation: 
[0.9999998807907104, -0.0003100335597991943, -0.0002487190067768097;
 0.0003101825714111328, 1, 6.772484630346298e-05;
 0.0002487245947122574, -6.782077252864838e-05, 0.9999996423721313]
2020/03/09 16:25:03 515042	INFO [input.cpp->run:258]	frame times (ms): 373.355
2020/03/09 16:25:03 515049	INFO [input.cpp->run:259]	FPS: 2.67842
2020/03/09 16:25:03 602268	INFO [input.cpp->run:173]	
frame_id 23
2020/03/09 16:25:03 649629	WARNING [visualOdometry.cpp->trackingFrame2Frame:187]	The Estimated Rotation and translation matrices(using getTransformation function) are : 
           1 -0.000267774  0.000417063 -0.000397384
 0.000267476            1  5.90906e-05  0.000657558
-0.000417059 -5.90011e-05            1 -0.000191569
           0            0            0            1
2020/03/09 16:25:03 651530	INFO [input.cpp->run:235]	rotation: 
[0.9999997019767761, -0.0002677738666534424, 0.0004170630127191544;
 0.0002674758434295654, 0.9999997615814209, 5.909055471420288e-05;
 -0.0004170592874288559, -5.900114774703979e-05, 0.9999998211860657]
2020/03/09 16:25:03 651579	INFO [input.cpp->run:258]	frame times (ms): 369.77
2020/03/09 16:25:03 651584	INFO [input.cpp->run:259]	FPS: 2.70438
2020/03/09 16:25:03 736016	INFO [input.cpp->run:173]	
frame_id 24
2020/03/09 16:25:03 782239	WARNING [visualOdometry.cpp->trackingFrame2Frame:187]	The Estimated Rotation and translation matrices(using getTransformation function) are : 
           1 -0.000161737  0.000671208 -0.000139475
 0.000161886            1 -0.000407919  0.000100374
-0.000671118  0.000408009     0.999999 -6.68168e-05
           0            0            0            1
2020/03/09 16:25:03 783778	INFO [input.cpp->run:235]	rotation: 
[0.9999996423721313, -0.0001617372035980225, 0.0006712079048156738;
 0.0001618862152099609, 0.9999998807907104, -0.0004079192876815796;
 -0.0006711184978485107, 0.0004080086946487427, 0.9999994039535522]
2020/03/09 16:25:03 783831	INFO [input.cpp->run:258]	frame times (ms): 377.449
2020/03/09 16:25:03 783836	INFO [input.cpp->run:259]	FPS: 2.64936
2020/03/09 16:25:03 811833	INFO [input.cpp->run:173]	
frame_id 25
2020/03/09 16:25:03 856853	WARNING [visualOdometry.cpp->trackingFrame2Frame:187]	The Estimated Rotation and translation matrices(using getTransformation function) are : 
           1  -0.00046283 -0.000133846 -0.000980362
  0.00046286            1  8.19564e-05  0.000682235
 0.000133816  -8.2016e-05            1 -0.000273228
           0            0            0            1
2020/03/09 16:25:03 858751	INFO [input.cpp->run:235]	rotation: 
[0.9999995231628418, -0.0004628300666809082, -0.0001338459551334381;
 0.0004628598690032959, 0.9999995827674866, 8.195638656616211e-05;
 0.0001338161528110504, -8.20159912109375e-05, 0.9999997615814209]
2020/03/09 16:25:03 858822	INFO [input.cpp->run:258]	frame times (ms): 366.562
2020/03/09 16:25:03 858830	INFO [input.cpp->run:259]	FPS: 2.72805
2020/03/09 16:25:04 001049	INFO [input.cpp->run:173]	
frame_id 26
2020/03/09 16:25:04 057228	WARNING [visualOdometry.cpp->trackingFrame2Frame:187]	The Estimated Rotation and translation matrices(using getTransformation function) are : 
           1 -0.000417203  0.000228681 -0.000610054
 0.000417501            1 -0.000169009   0.00073722
-0.000228554  0.000169136            1 -0.000170648
           0            0            0            1
2020/03/09 16:25:04 059473	INFO [input.cpp->run:235]	rotation: 
[0.9999997615814209, -0.0004172027111053467, 0.0002286806702613831;
 0.0004175007343292236, 0.9999998807907104, -0.0001690089702606201;
 -0.0002285540103912354, 0.0001691356301307678, 1]
2020/03/09 16:25:04 059554	INFO [input.cpp->run:258]	frame times (ms): 381.936
2020/03/09 16:25:04 059564	INFO [input.cpp->run:259]	FPS: 2.61824
2020/03/09 16:25:04 077229	INFO [input.cpp->run:173]	
frame_id 27
2020/03/09 16:25:04 125567	WARNING [visualOdometry.cpp->trackingFrame2Frame:187]	The Estimated Rotation and translation matrices(using getTransformation function) are : 
           1 -0.000484556  6.36736e-05 -0.000793636
 0.000484526            1 -0.000127292   0.00101116
-6.36224e-05   0.00012732            1 -0.000167727
           0            0            0            1
2020/03/09 16:25:04 127080	INFO [input.cpp->run:235]	rotation: 
[0.9999997615814209, -0.0004845559597015381, 6.367359310388565e-05;
 0.0004845261573791504, 0.9999997615814209, -0.000127292238175869;
 -6.36223703622818e-05, 0.0001273201778531075, 1]
2020/03/09 16:25:04 127144	INFO [input.cpp->run:258]	frame times (ms): 360.808
2020/03/09 16:25:04 127148	INFO [input.cpp->run:259]	FPS: 2.77156
2020/03/09 16:25:04 268538	INFO [input.cpp->run:173]	
frame_id 28
2020/03/09 16:25:04 312081	WARNING [visualOdometry.cpp->trackingFrame2Frame:187]	The Estimated Rotation and translation matrices(using getTransformation function) are : 
           1  9.65595e-06  0.000853628  7.62343e-05
-8.86619e-06            1 -0.000942379  0.000477105
-0.000853539  0.000942633     0.999999  1.72257e-05
           0            0            0            1
2020/03/09 16:25:04 314073	INFO [input.cpp->run:235]	rotation: 
[1, 9.655952453613281e-06, 0.0008536279201507568;
 -8.866190910339355e-06, 0.9999997019767761, -0.0009423792362213135;
 -0.0008535385131835938, 0.0009426325559616089, 0.999999463558197]
2020/03/09 16:25:04 314136	INFO [input.cpp->run:258]	frame times (ms): 373.896
2020/03/09 16:25:04 314140	INFO [input.cpp->run:259]	FPS: 2.67454
2020/03/09 16:25:04 343773	INFO [input.cpp->run:173]	
frame_id 29
2020/03/09 16:25:04 384398	WARNING [visualOdometry.cpp->trackingFrame2Frame:187]	The Estimated Rotation and translation matrices(using getTransformation function) are : 
           1  -0.00049299    0.0006762  -0.00024648
 0.000493616     0.999999 -0.000825942  0.000662208
-0.000675902  0.000826538     0.999999 -0.000124693
           0            0            0            1
2020/03/09 16:25:04 385914	INFO [input.cpp->run:235]	rotation: 
[0.9999996423721313, -0.0004929900169372559, 0.0006761997938156128;
 0.0004936158657073975, 0.999999463558197, -0.0008259415626525879;
 -0.0006759017705917358, 0.0008265376091003418, 0.9999992847442627]
2020/03/09 16:25:04 385989	INFO [input.cpp->run:258]	frame times (ms): 365.199
2020/03/09 16:25:04 385993	INFO [input.cpp->run:259]	FPS: 2.73823
2020/03/09 16:25:04 534793	INFO [input.cpp->run:173]	
frame_id 30
2020/03/09 16:25:04 581011	WARNING [visualOdometry.cpp->trackingFrame2Frame:187]	The Estimated Rotation and translation matrices(using getTransformation function) are : 
           1 -0.000304282  0.000184157 -0.000456423
 0.000304222            1 -0.000123013   0.00110424
-0.000184105  0.000123062            1 -0.000134528
           0            0            0            1
2020/03/09 16:25:04 582574	INFO [input.cpp->run:235]	rotation: 
[1.000000238418579, -0.0003042817115783691, 0.0001841569319367409;
 0.0003042221069335938, 1.000000357627869, -0.0001230128109455109;
 -0.0001841047778725624, 0.0001230621710419655, 1.000000238418579]
2020/03/09 16:25:04 582637	INFO [input.cpp->run:258]	frame times (ms): 381.133
2020/03/09 16:25:04 582640	INFO [input.cpp->run:259]	FPS: 2.62376
2020/03/09 16:25:04 612214	INFO [input.cpp->run:173]	
frame_id 31
2020/03/09 16:25:04 658380	WARNING [visualOdometry.cpp->trackingFrame2Frame:187]	The Estimated Rotation and translation matrices(using getTransformation function) are : 
           1 -0.000392199  0.000191637 -0.000543177
 0.000392199            1  8.87038e-05   0.00145099
-0.000191675 -8.86237e-05            1 -0.000241518
           0            0            0            1
2020/03/09 16:25:04 659994	INFO [input.cpp->run:235]	rotation: 
[0.9999997615814209, -0.0003921985626220703, 0.0001916373148560524;
 0.0003921985626220703, 0.9999998211860657, 8.870381861925125e-05;
 -0.0001916754990816116, -8.862372487783432e-05, 0.9999999403953552]
2020/03/09 16:25:04 660056	INFO [input.cpp->run:258]	frame times (ms): 368.465
2020/03/09 16:25:04 660059	INFO [input.cpp->run:259]	FPS: 2.71396
2020/03/09 16:25:04 801816	INFO [input.cpp->run:173]	
frame_id 32
2020/03/09 16:25:04 845550	WARNING [visualOdometry.cpp->trackingFrame2Frame:187]	The Estimated Rotation and translation matrices(using getTransformation function) are : 
           1 -0.000224084  0.000177749 -0.000403821
 0.000224262            1 -5.09806e-05   0.00142571
-0.000177763   5.1029e-05            1 -2.41995e-05
           0            0            0            1
2020/03/09 16:25:04 847145	INFO [input.cpp->run:235]	rotation: 
[0.9999999403953552, -0.0002240836620330811, 0.0001777485013008118;
 0.0002242624759674072, 1, -5.098059773445129e-05;
 -0.0001777634024620056, 5.10290265083313e-05, 0.9999999403953552]
2020/03/09 16:25:04 847199	INFO [input.cpp->run:258]	frame times (ms): 367.322
2020/03/09 16:25:04 847202	INFO [input.cpp->run:259]	FPS: 2.72241
2020/03/09 16:25:04 876683	INFO [input.cpp->run:173]	
frame_id 33
2020/03/09 16:25:04 920211	WARNING [visualOdometry.cpp->trackingFrame2Frame:187]	The Estimated Rotation and translation matrices(using getTransformation function) are : 
           1 -0.000138938  0.000110891 -0.000397429
 0.000139028            1  9.20296e-05     0.001699
  -0.0001109 -9.20054e-05            1  -0.00013721
           0            0            0            1
2020/03/09 16:25:04 921799	INFO [input.cpp->run:235]	rotation: 
[1.000000238418579, -0.0001389384269714355, 0.0001108911819756031;
 0.0001390278339385986, 1.00000011920929, 9.202957153320312e-05;
 -0.0001108995638787746, -9.200535714626312e-05, 1.00000011920929]
2020/03/09 16:25:04 921871	INFO [input.cpp->run:258]	frame times (ms): 369.072
2020/03/09 16:25:04 921875	INFO [input.cpp->run:259]	FPS: 2.7095
2020/03/09 16:25:05 069125	INFO [input.cpp->run:173]	
frame_id 34
2020/03/09 16:25:05 116858	WARNING [visualOdometry.cpp->trackingFrame2Frame:187]	The Estimated Rotation and translation matrices(using getTransformation function) are : 
           1 -0.000171721  5.31524e-05   -0.0004576
  0.00017187            1  0.000329506   0.00178933
-5.32018e-05 -0.000329499            1  -0.00035125
           0            0            0            1
2020/03/09 16:25:05 118420	INFO [input.cpp->run:235]	rotation: 
[1.000000238418579, -0.0001717209815979004, 5.315244197845459e-05;
 0.0001718699932098389, 1.00000011920929, 0.0003295056521892548;
 -5.320180207490921e-05, -0.0003294991329312325, 1.00000011920929]
2020/03/09 16:25:05 118475	INFO [input.cpp->run:258]	frame times (ms): 374.394
2020/03/09 16:25:05 118479	INFO [input.cpp->run:259]	FPS: 2.67098
2020/03/09 16:25:05 201929	INFO [input.cpp->run:173]	
frame_id 35
2020/03/09 16:25:05 247575	WARNING [visualOdometry.cpp->trackingFrame2Frame:187]	The Estimated Rotation and translation matrices(using getTransformation function) are : 
           1 -5.04553e-05 -0.000337303 -0.000730604
 5.04851e-05            1  2.25008e-05   0.00170615
 0.000337258  -2.2538e-05            1 -0.000167072
           0            0            0            1
2020/03/09 16:25:05 249119	INFO [input.cpp->run:235]	rotation: 
[1.000000238418579, -5.045533180236816e-05, -0.0003373026847839355;
 5.048513412475586e-05, 1.000000357627869, 2.250075340270996e-05;
 0.000337257981300354, -2.253800630569458e-05, 1.000000357627869]
2020/03/09 16:25:05 249176	INFO [input.cpp->run:258]	frame times (ms): 367.449
2020/03/09 16:25:05 249181	INFO [input.cpp->run:259]	FPS: 2.72147
2020/03/09 16:25:05 279156	INFO [input.cpp->run:173]	
frame_id 36
2020/03/09 16:25:05 325068	WARNING [visualOdometry.cpp->trackingFrame2Frame:187]	The Estimated Rotation and translation matrices(using getTransformation function) are : 
           1  0.000316858  0.000909582  0.000356957
-0.000315607     0.999999  -0.00128481  0.000886977
-0.000910044   0.00128463     0.999999 -8.88109e-05
           0            0            0            1
2020/03/09 16:25:05 326614	INFO [input.cpp->run:235]	rotation: 
[0.9999995231628418, 0.0003168582916259766, 0.0009095817804336548;
 -0.0003156065940856934, 0.9999992251396179, -0.001284807920455933;
 -0.0009100437164306641, 0.001284629106521606, 0.9999988079071045]
2020/03/09 16:25:05 326672	INFO [input.cpp->run:258]	frame times (ms): 376.26
2020/03/09 16:25:05 326676	INFO [input.cpp->run:259]	FPS: 2.65774
2020/03/09 16:25:05 484213	INFO [input.cpp->run:173]	
frame_id 37
2020/03/09 16:25:05 527774	WARNING [visualOdometry.cpp->trackingFrame2Frame:187]	The Estimated Rotation and translation matrices(using getTransformation function) are : 
           1  0.000278682  6.28829e-05  -0.00017108
-0.000278577            1 -0.000151396  0.000712514
-6.29425e-05  0.000151388            1 -0.000146508
           0            0            0            1
2020/03/09 16:25:05 529390	INFO [input.cpp->run:235]	rotation: 
[1.000000238418579, 0.0002786815166473389, 6.288290023803711e-05;
 -0.0002785772085189819, 1.00000011920929, -0.0001513957977294922;
 -6.29425048828125e-05, 0.0001513883471488953, 1.00000011920929]
2020/03/09 16:25:05 529454	INFO [input.cpp->run:258]	frame times (ms): 365.381
2020/03/09 16:25:05 529461	INFO [input.cpp->run:259]	FPS: 2.73687
2020/03/09 16:25:05 537608	INFO [input.cpp->run:173]	
frame_id 38
2020/03/09 16:25:05 580276	WARNING [visualOdometry.cpp->trackingFrame2Frame:187]	The Estimated Rotation and translation matrices(using getTransformation function) are : 
           1  0.000270933  0.000257707 -2.18153e-05
-0.000271231            1 -3.33451e-05   0.00170138
-0.000257691  3.32613e-05            1 -0.000262439
           0            0            0            1
2020/03/09 16:25:05 581949	INFO [input.cpp->run:235]	rotation: 
[1.000000238418579, 0.0002709329128265381, 0.0002577072009444237;
 -0.000271230936050415, 1.000000357627869, -3.334507346153259e-05;
 -0.0002576913684606552, 3.32612544298172e-05, 1.00000011920929]
2020/03/09 16:25:05 581991	INFO [input.cpp->run:258]	frame times (ms): 370.848
2020/03/09 16:25:05 581995	INFO [input.cpp->run:259]	FPS: 2.69652
2020/03/09 16:25:05 610581	INFO [input.cpp->run:173]	
frame_id 39
2020/03/09 16:25:05 652048	WARNING [visualOdometry.cpp->trackingFrame2Frame:187]	The Estimated Rotation and translation matrices(using getTransformation function) are : 
           1  0.000216365  0.000236627  9.17017e-05
-0.000216573            1 -0.000212237  0.000623137
-0.000236645  0.000212174            1 -4.14252e-05
           0            0            0            1
2020/03/09 16:25:05 653770	INFO [input.cpp->run:235]	rotation: 
[0.9999999403953552, 0.000216364860534668, 0.0002366267144680023;
 -0.0002165734767913818, 1, -0.0002122372388839722;
 -0.0002366453409194946, 0.0002121739089488983, 0.9999999403953552]
2020/03/09 16:25:05 653824	INFO [input.cpp->run:258]	frame times (ms): 361.987
2020/03/09 16:25:05 653828	INFO [input.cpp->run:259]	FPS: 2.76253
2020/03/09 16:25:05 676710	INFO [input.cpp->run:173]	
frame_id 40
2020/03/09 16:25:05 722384	WARNING [visualOdometry.cpp->trackingFrame2Frame:187]	The Estimated Rotation and translation matrices(using getTransformation function) are : 
           1  0.000427336  3.81768e-05  0.000140056
-0.000427425            1 -0.000636078  0.000484973
-3.83854e-05  0.000636071            1  0.000259161
           0            0            0            1
2020/03/09 16:25:05 724058	INFO [input.cpp->run:235]	rotation: 
[0.9999997615814209, 0.0004273355007171631, 3.81767749786377e-05;
 -0.0004274249076843262, 0.9999996423721313, -0.000636078417301178;
 -3.838539123535156e-05, 0.0006360709667205811, 0.9999996423721313]
2020/03/09 16:25:05 724108	INFO [input.cpp->run:258]	frame times (ms): 375.813
2020/03/09 16:25:05 724112	INFO [input.cpp->run:259]	FPS: 2.6609
2020/03/09 16:25:05 737386	INFO [input.cpp->run:173]	
frame_id 41
2020/03/09 16:25:05 779456	WARNING [visualOdometry.cpp->trackingFrame2Frame:187]	The Estimated Rotation and translation matrices(using getTransformation function) are : 
           1  0.000145227  0.000546113  0.000310853
-0.000144958            1 -0.000469431  0.000415057
-0.000546031  0.000469208            1 -0.000173986
           0            0            0            1
2020/03/09 16:25:05 781303	INFO [input.cpp->run:235]	rotation: 
[1, 0.0001452267169952393, 0.0005461126565933228;
 -0.00014495849609375, 1, -0.0004694312810897827;
 -0.0005460307002067566, 0.000469207763671875, 1.000000238418579]
2020/03/09 16:25:05 781360	INFO [input.cpp->run:258]	frame times (ms): 366.247
2020/03/09 16:25:05 781366	INFO [input.cpp->run:259]	FPS: 2.7304
2020/03/09 16:25:05 811233	INFO [input.cpp->run:173]	
frame_id 42
2020/03/09 16:25:05 856161	WARNING [visualOdometry.cpp->trackingFrame2Frame:187]	The Estimated Rotation and translation matrices(using getTransformation function) are : 
           1  0.000212431  0.000578068  0.000270426
-0.000211895            1  -0.00054732  0.000670999
-0.000578046  0.000547215            1 -0.000276089
           0            0            0            1
2020/03/09 16:25:05 858120	INFO [input.cpp->run:235]	rotation: 
[0.9999997019767761, 0.0002124309539794922, 0.0005780681967735291;
 -0.0002118945121765137, 1, -0.0005473196506500244;
 -0.0005780458450317383, 0.0005472153425216675, 0.9999995827674866]
2020/03/09 16:25:05 858178	INFO [input.cpp->run:258]	frame times (ms): 378.333
2020/03/09 16:25:05 858182	INFO [input.cpp->run:259]	FPS: 2.64317
2020/03/09 16:25:05 876422	INFO [input.cpp->run:173]	
frame_id 43
2020/03/09 16:25:05 918321	WARNING [visualOdometry.cpp->trackingFrame2Frame:187]	The Estimated Rotation and translation matrices(using getTransformation function) are : 
           1  0.000229903  0.000812456  0.000574172
-0.000229545            1 -0.000316232  0.000424534
-0.000812486  0.000315696            1 -0.000546634
           0            0            0            1
2020/03/09 16:25:05 920304	INFO [input.cpp->run:235]	rotation: 
[0.9999998211860657, 0.0002299025654792786, 0.0008124560117721558;
 -0.0002295449376106262, 1.000000238418579, -0.000316232442855835;
 -0.0008124858140945435, 0.0003156960010528564, 0.9999996423721313]
2020/03/09 16:25:05 920363	INFO [input.cpp->run:258]	frame times (ms): 359.517
2020/03/09 16:25:05 920398	INFO [input.cpp->run:259]	FPS: 2.78151
2020/03/09 16:25:05 937725	INFO [input.cpp->run:173]	
frame_id 44
2020/03/09 16:25:05 980870	WARNING [visualOdometry.cpp->trackingFrame2Frame:187]	The Estimated Rotation and translation matrices(using getTransformation function) are : 
           1 -6.50883e-05 -0.000857949 -0.000686154
 6.46263e-05            1 -0.000457317  0.000827968
 0.000858068  0.000457287     0.999999  0.000393093
           0            0            0            1
2020/03/09 16:25:05 982487	INFO [input.cpp->run:235]	rotation: 
[0.9999997019767761, -6.508827209472656e-05, -0.0008579492568969727;
 6.462633609771729e-05, 0.9999998807907104, -0.0004573166370391846;
 0.0008580684661865234, 0.0004572868347167969, 0.9999994039535522]
2020/03/09 16:25:05 982537	INFO [input.cpp->run:258]	frame times (ms): 359.448
2020/03/09 16:25:05 982541	INFO [input.cpp->run:259]	FPS: 2.78204
2020/03/09 16:25:06 006213	INFO [input.cpp->run:173]	
frame_id 45
2020/03/09 16:25:06 054696	WARNING [visualOdometry.cpp->trackingFrame2Frame:187]	The Estimated Rotation and translation matrices(using getTransformation function) are : 
           1  0.000405908  0.000835657   0.00055258
-0.000405744            1 -0.000295281  0.000555873
-0.000835627  0.000294775            1 -0.000698388
           0            0            0            1
2020/03/09 16:25:06 056901	INFO [input.cpp->run:235]	rotation: 
[0.9999995827674866, 0.0004059076309204102, 0.0008356571197509766;
 -0.0004057437181472778, 1, -0.0002952814102172852;
 -0.0008356273174285889, 0.0002947747707366943, 0.9999997615814209]
2020/03/09 16:25:06 056952	INFO [input.cpp->run:258]	frame times (ms): 358.672
2020/03/09 16:25:06 056955	INFO [input.cpp->run:259]	FPS: 2.78806
2020/03/09 16:25:06 071602	INFO [input.cpp->run:173]	
frame_id 46
2020/03/09 16:25:06 123909	WARNING [visualOdometry.cpp->trackingFrame2Frame:187]	The Estimated Rotation and translation matrices(using getTransformation function) are : 
           1  6.95735e-05  -2.8789e-05  0.000248238
-6.96927e-05            1  0.000108093  0.000763088
  2.8789e-05 -0.000107884            1  -0.00018394
           0            0            0            1
2020/03/09 16:25:06 126013	INFO [input.cpp->run:235]	rotation: 
[0.9999997615814209, 6.957352161407471e-05, -2.878904342651367e-05;
 -6.969273090362549e-05, 0.9999996423721313, 0.0001080930233001709;
 2.878904342651367e-05, -0.000107884407043457, 0.9999998211860657]
2020/03/09 16:25:06 126094	INFO [input.cpp->run:258]	frame times (ms): 362.03
2020/03/09 16:25:06 126101	INFO [input.cpp->run:259]	FPS: 2.7622
2020/03/09 16:25:06 138201	INFO [input.cpp->run:173]	
frame_id 47
