		g3log created log at: Mon Mar 09 16:02:07 2020
		LOG format: [YYYY/MM/DD hh:mm:ss uuu* LEVEL FILE->FUNCTION:LINE] message		(uuu*: microseconds fractions of the seconds value)

2020/03/09 16:02:07 528487	INFO [g3logger.h->logBanner:29]	Starting log.
2020/03/09 16:02:07 532162	DEBUG [main.cpp->main:48]	Filepath: /home/mitchell/KITTI/data_odometry_gray/dataset/sequences/00/
2020/03/09 16:02:07 532169	DEBUG [main.cpp->main:52]	Calibration Filepath: /home/mitchell/visual_odom_catkin_ws/tank_downsized.yaml
2020/03/09 16:02:07 532277	INFO [main.cpp->main:66]	P_left: 
[409.41, 0, 251.22, 0;
 0, 408.72, 191.78999, 0;
 0, 0, 1, 0]
2020/03/09 16:02:07 532291	INFO [main.cpp->main:67]	P_right: 
[409.41, 0, 251.22, -73.940002;
 0, 408.72, 191.78999, 0;
 0, 0, 1, 0]
2020/03/09 16:02:07 658204	INFO [input.cpp->Input:22]	frame_pose [1, 0, 0, 0;
 0, 1, 0, 0;
 0, 0, 1, 0;
 0, 0, 0, 1]
2020/03/09 16:02:07 970419	INFO [input.cpp->run:173]	
frame_id 1
2020/03/09 16:02:08 098450	WARNING [visualOdometry.cpp->trackingFrame2Frame:187]	The Estimated Rotation and translation matrices(using getTransformation function) are : 
    0.999999   -0.0012953  -0.00128771  0.000641942
  0.00129563     0.999999  0.000252858  0.000697166
  0.00128737 -0.000254437     0.999999  0.000387967
           0            0            0            1
2020/03/09 16:02:08 102714	INFO [input.cpp->run:235]	rotation: 
[0.9999986290931702, -0.001295298337936401, -0.001287713646888733;
 0.001295626163482666, 0.9999992847442627, 0.0002528578042984009;
 0.001287370920181274, -0.0002544373273849487, 0.9999994039535522]
2020/03/09 16:02:08 102827	INFO [input.cpp->run:258]	frame times (ms): 521.212
2020/03/09 16:02:08 102832	INFO [input.cpp->run:259]	FPS: 1.91861
2020/03/09 16:02:08 170909	INFO [input.cpp->run:173]	
frame_id 2
2020/03/09 16:02:08 240750	WARNING [visualOdometry.cpp->trackingFrame2Frame:187]	The Estimated Rotation and translation matrices(using getTransformation function) are : 
     0.99999  -0.00303501  -0.00325629   0.00268909
  0.00303239     0.999995 -0.000811026  0.000106275
  0.00325859  0.000801235     0.999995    0.0012762
           0            0            0            1
2020/03/09 16:02:08 242783	INFO [input.cpp->run:235]	rotation: 
[0.9999899864196777, -0.003035008907318115, -0.003256291151046753;
 0.003032386302947998, 0.9999949932098389, -0.0008110255002975464;
 0.003258585929870605, 0.0008012354373931885, 0.9999945759773254]
2020/03/09 16:02:08 242857	INFO [input.cpp->run:258]	frame times (ms): 521.285
2020/03/09 16:02:08 242861	INFO [input.cpp->run:259]	FPS: 1.91834
2020/03/09 16:02:08 302836	INFO [input.cpp->run:173]	
frame_id 3
2020/03/09 16:02:08 358352	WARNING [visualOdometry.cpp->trackingFrame2Frame:187]	The Estimated Rotation and translation matrices(using getTransformation function) are : 
    0.999995  -0.00232041  -0.00195379   0.00171632
  0.00231978     0.999997 -0.000259226  0.000395536
  0.00195438  0.000254691     0.999998  0.000582695
           0            0            0            1
2020/03/09 16:02:08 359929	INFO [input.cpp->run:235]	rotation: 
[0.9999953508377075, -0.002320408821105957, -0.001953789964318275;
 0.002319782972335815, 0.9999973177909851, -0.0002592261880636215;
 0.001954382285475731, 0.0002546906471252441, 0.9999979138374329]
2020/03/09 16:02:08 359983	INFO [input.cpp->run:258]	frame times (ms): 552.385
2020/03/09 16:02:08 359987	INFO [input.cpp->run:259]	FPS: 1.81033
2020/03/09 16:02:08 368923	INFO [input.cpp->run:173]	
frame_id 4
2020/03/09 16:02:08 427325	WARNING [visualOdometry.cpp->trackingFrame2Frame:187]	The Estimated Rotation and translation matrices(using getTransformation function) are : 
    0.999999  -0.00108084  -0.00111976  0.000712067
  0.00108007            1 -0.000582099 -0.000335574
  0.00112027  0.000580847            1  0.000425816
           0            0            0            1
2020/03/09 16:02:08 429221	INFO [input.cpp->run:235]	rotation: 
[0.9999990463256836, -0.001080840826034546, -0.001119762659072876;
 0.001080065965652466, 0.9999995827674866, -0.0005820989608764648;
 0.001120269298553467, 0.0005808472633361816, 0.9999996423721313]
2020/03/09 16:02:08 429272	INFO [input.cpp->run:258]	frame times (ms): 535.058
2020/03/09 16:02:08 429277	INFO [input.cpp->run:259]	FPS: 1.86896
2020/03/09 16:02:08 435990	INFO [input.cpp->run:173]	
frame_id 5
2020/03/09 16:02:08 498626	WARNING [visualOdometry.cpp->trackingFrame2Frame:187]	The Estimated Rotation and translation matrices(using getTransformation function) are : 
    0.999999  -0.00121135  -0.00110407  0.000620067
  0.00121117     0.999999 -0.000109255  2.53022e-05
  0.00110428   0.00010784     0.999999  0.000115871
           0            0            0            1
2020/03/09 16:02:08 500808	INFO [input.cpp->run:235]	rotation: 
[0.9999988079071045, -0.001211345195770264, -0.001104071736335754;
 0.001211166381835938, 0.999999463558197, -0.000109255313873291;
 0.001104280352592468, 0.0001078397035598755, 0.9999994039535522]
2020/03/09 16:02:08 500873	INFO [input.cpp->run:258]	frame times (ms): 577.907
2020/03/09 16:02:08 500878	INFO [input.cpp->run:259]	FPS: 1.73038
2020/03/09 16:02:08 505719	INFO [input.cpp->run:173]	
frame_id 6
2020/03/09 16:02:08 557348	WARNING [visualOdometry.cpp->trackingFrame2Frame:187]	The Estimated Rotation and translation matrices(using getTransformation function) are : 
    0.999999  -0.00106227 -0.000881776   0.00108233
  0.00106153     0.999999 -0.000698008 -0.000372857
 0.000882402  0.000697039     0.999999  0.000490189
           0            0            0            1
2020/03/09 16:02:08 559020	INFO [input.cpp->run:235]	rotation: 
[0.9999988079071045, -0.001062273979187012, -0.0008817762136459351;
 0.001061528921127319, 0.999998927116394, -0.0006980076432228088;
 0.0008824020624160767, 0.0006970390677452087, 0.9999993443489075]
2020/03/09 16:02:08 559086	INFO [input.cpp->run:258]	frame times (ms): 570.481
2020/03/09 16:02:08 559090	INFO [input.cpp->run:259]	FPS: 1.75291
2020/03/09 16:02:08 568663	INFO [input.cpp->run:173]	
frame_id 7
2020/03/09 16:02:08 621451	WARNING [visualOdometry.cpp->trackingFrame2Frame:187]	The Estimated Rotation and translation matrices(using getTransformation function) are : 
    0.999999  -0.00108448 -0.000986159  0.000983089
  0.00108391     0.999999 -0.000527993 -0.000231773
 0.000986636  0.000526898            1  0.000403523
           0            0            0            1
2020/03/09 16:02:08 623573	INFO [input.cpp->run:235]	rotation: 
[0.9999990463256836, -0.001084476709365845, -0.0009861588478088379;
 0.001083910465240479, 0.9999994039535522, -0.000527992844581604;
 0.000986635684967041, 0.0005268976092338562, 0.9999997615814209]
2020/03/09 16:02:08 623637	INFO [input.cpp->run:258]	frame times (ms): 580.5
2020/03/09 16:02:08 623642	INFO [input.cpp->run:259]	FPS: 1.72265
2020/03/09 16:02:08 635600	INFO [input.cpp->run:173]	
frame_id 8
2020/03/09 16:02:08 685971	WARNING [visualOdometry.cpp->trackingFrame2Frame:187]	The Estimated Rotation and translation matrices(using getTransformation function) are : 
    0.999999  -0.00118425  -0.00120082  0.000818402
  0.00118405     0.999999 -0.000296742 -7.28071e-05
  0.00120109  0.000295311            1  0.000383437
           0            0            0            1
2020/03/09 16:02:08 687756	INFO [input.cpp->run:235]	rotation: 
[0.9999988079071045, -0.001184254884719849, -0.001200824975967407;
 0.001184046268463135, 0.9999992847442627, -0.0002967417240142822;
 0.001201093196868896, 0.0002953112125396729, 0.9999995231628418]
2020/03/09 16:02:08 687815	INFO [input.cpp->run:258]	frame times (ms): 566.481
2020/03/09 16:02:08 687819	INFO [input.cpp->run:259]	FPS: 1.76528
2020/03/09 16:02:08 701728	INFO [input.cpp->run:173]	
frame_id 9
2020/03/09 16:02:08 755042	WARNING [visualOdometry.cpp->trackingFrame2Frame:187]	The Estimated Rotation and translation matrices(using getTransformation function) are : 
    0.999999  -0.00125504  -0.00128843  0.000684321
  0.00125486     0.999999 -0.000197358 -0.000106663
  0.00128859  0.000195853     0.999999  0.000285566
           0            0            0            1
2020/03/09 16:02:08 756911	INFO [input.cpp->run:235]	rotation: 
[0.9999986290931702, -0.001255035400390625, -0.001288428902626038;
 0.001254856586456299, 0.999999463558197, -0.0001973584294319153;
 0.00128859281539917, 0.0001958534121513367, 0.9999994039535522]
2020/03/09 16:02:08 756967	INFO [input.cpp->run:258]	frame times (ms): 567.789
2020/03/09 16:02:08 756972	INFO [input.cpp->run:259]	FPS: 1.76122
2020/03/09 16:02:08 769470	INFO [input.cpp->run:173]	
frame_id 10
2020/03/09 16:02:08 830301	WARNING [visualOdometry.cpp->trackingFrame2Frame:187]	The Estimated Rotation and translation matrices(using getTransformation function) are : 
    0.999999   -0.0012536  -0.00112834  0.000832111
  0.00125328     0.999999 -0.000340089 -6.10054e-05
  0.00112882  0.000338621     0.999999  0.000361681
           0            0            0            1
2020/03/09 16:02:08 832114	INFO [input.cpp->run:235]	rotation: 
[0.9999985694885254, -0.001253604888916016, -0.001128338277339935;
 0.001253277063369751, 0.9999990463256836, -0.0003400892019271851;
 0.001128815114498138, 0.0003386214375495911, 0.9999993443489075]
2020/03/09 16:02:08 832171	INFO [input.cpp->run:258]	frame times (ms): 604.99
2020/03/09 16:02:08 832175	INFO [input.cpp->run:259]	FPS: 1.65292
2020/03/09 16:02:08 838794	INFO [input.cpp->run:173]	
frame_id 11
2020/03/09 16:02:08 890015	WARNING [visualOdometry.cpp->trackingFrame2Frame:187]	The Estimated Rotation and translation matrices(using getTransformation function) are : 
    0.999999  -0.00126511  -0.00110115  0.000944167
  0.00126505     0.999999 -6.21006e-06  0.000192583
  0.00110111  4.87268e-06            1  0.000201344
           0            0            0            1
2020/03/09 16:02:08 891721	INFO [input.cpp->run:235]	rotation: 
[0.9999988079071045, -0.001265108585357666, -0.00110115110874176;
 0.001265048980712891, 0.999999463558197, -6.210058927536011e-06;
 0.001101113855838776, 4.872679710388184e-06, 0.9999995827674866]
2020/03/09 16:02:08 891768	INFO [input.cpp->run:258]	frame times (ms): 598.14
2020/03/09 16:02:08 891772	INFO [input.cpp->run:259]	FPS: 1.67185
2020/03/09 16:02:08 902712	INFO [input.cpp->run:173]	
frame_id 12
2020/03/09 16:02:08 955501	WARNING [visualOdometry.cpp->trackingFrame2Frame:187]	The Estimated Rotation and translation matrices(using getTransformation function) are : 
    0.999998  -0.00148776  -0.00132831  0.000623345
  0.00148824     0.999999  0.000335153  0.000244141
  0.00132784 -0.000337131     0.999999  8.63075e-05
           0            0            0            1
2020/03/09 16:02:08 957222	INFO [input.cpp->run:235]	rotation: 
[0.9999979734420776, -0.001487761735916138, -0.001328311860561371;
 0.001488238573074341, 0.9999988079071045, 0.000335153192281723;
 0.001327835023403168, -0.0003371313214302063, 0.9999987483024597]
2020/03/09 16:02:08 957265	INFO [input.cpp->run:258]	frame times (ms): 596.8
2020/03/09 16:02:08 957269	INFO [input.cpp->run:259]	FPS: 1.6756
2020/03/09 16:02:08 968545	INFO [input.cpp->run:173]	
frame_id 13
2020/03/09 16:02:09 018841	WARNING [visualOdometry.cpp->trackingFrame2Frame:187]	The Estimated Rotation and translation matrices(using getTransformation function) are : 
    0.999998  -0.00130683   -0.0012688  0.000706792
  0.00130683     0.999999 -1.19507e-05  0.000158787
  0.00126882  1.03861e-05     0.999999  0.000159264
           0            0            0            1
2020/03/09 16:02:09 020566	INFO [input.cpp->run:235]	rotation: 
[0.9999982118606567, -0.001306831836700439, -0.00126880407333374;
 0.001306831836700439, 0.9999989867210388, -1.195073127746582e-05;
 0.001268818974494934, 1.038610935211182e-05, 0.9999990463256836]
2020/03/09 16:02:09 020613	INFO [input.cpp->run:258]	frame times (ms): 551.263
2020/03/09 16:02:09 020624	INFO [input.cpp->run:259]	FPS: 1.81402
2020/03/09 16:02:09 035376	INFO [input.cpp->run:173]	
frame_id 14
2020/03/09 16:02:09 091220	WARNING [visualOdometry.cpp->trackingFrame2Frame:187]	The Estimated Rotation and translation matrices(using getTransformation function) are : 
    0.999998     -0.00138  -0.00123204   0.00091058
  0.00137952     0.999999 -0.000305101  3.21865e-05
  0.00123243  0.000303514     0.999999  0.000449836
           0            0            0            1
2020/03/09 16:02:09 092903	INFO [input.cpp->run:235]	rotation: 
[0.9999983906745911, -0.001379996538162231, -0.001232042908668518;
 0.001379519701004028, 0.9999991655349731, -0.0003051012754440308;
 0.001232430338859558, 0.000303514301776886, 0.9999993443489075]
2020/03/09 16:02:09 092954	INFO [input.cpp->run:258]	frame times (ms): 585.891
2020/03/09 16:02:09 092959	INFO [input.cpp->run:259]	FPS: 1.7068
2020/03/09 16:02:09 103911	INFO [input.cpp->run:173]	
frame_id 15
2020/03/09 16:02:09 158786	WARNING [visualOdometry.cpp->trackingFrame2Frame:187]	The Estimated Rotation and translation matrices(using getTransformation function) are : 
    0.999997  -0.00155768  -0.00144051  0.000570059
   0.0015578     0.999999  0.000197485  0.000377774
  0.00144023 -0.000199839     0.999999  0.000204563
           0            0            0            1
2020/03/09 16:02:09 160765	INFO [input.cpp->run:235]	rotation: 
[0.9999974966049194, -0.001557677984237671, -0.001440510153770447;
 0.001557797193527222, 0.9999988079071045, 0.000197485089302063;
 0.001440227031707764, -0.0001998394727706909, 0.9999988079071045]
2020/03/09 16:02:09 160822	INFO [input.cpp->run:258]	frame times (ms): 554.869
2020/03/09 16:02:09 160826	INFO [input.cpp->run:259]	FPS: 1.80223
2020/03/09 16:02:09 169691	INFO [input.cpp->run:173]	
frame_id 16
2020/03/09 16:02:09 221895	WARNING [visualOdometry.cpp->trackingFrame2Frame:187]	The Estimated Rotation and translation matrices(using getTransformation function) are : 
    0.999998  -0.00154257  -0.00151823  0.000405937
  0.00154305     0.999999  0.000270948   0.00047344
  0.00151786 -0.000273332     0.999999  9.90629e-05
           0            0            0            1
2020/03/09 16:02:09 223721	INFO [input.cpp->run:235]	rotation: 
[0.999997615814209, -0.001542568206787109, -0.001518234610557556;
 0.001543045043945312, 0.9999987483024597, 0.0002709478139877319;
 0.00151786208152771, -0.0002733319997787476, 0.9999988675117493]
2020/03/09 16:02:09 223774	INFO [input.cpp->run:258]	frame times (ms): 586.079
2020/03/09 16:02:09 223778	INFO [input.cpp->run:259]	FPS: 1.70625
2020/03/09 16:02:09 235044	INFO [input.cpp->run:173]	
frame_id 17
2020/03/09 16:02:09 287982	WARNING [visualOdometry.cpp->trackingFrame2Frame:187]	The Estimated Rotation and translation matrices(using getTransformation function) are : 
    0.999998  -0.00140586  -0.00137651  0.000764936
  0.00140575     0.999999 -0.000106812  0.000153601
  0.00137672  0.000104621     0.999999  0.000347197
           0            0            0            1
2020/03/09 16:02:09 289955	INFO [input.cpp->run:235]	rotation: 
[0.9999979138374329, -0.001405864953994751, -0.001376509666442871;
 0.0014057457447052, 0.9999988675117493, -0.0001068115234375;
 0.001376718282699585, 0.0001046210527420044, 0.9999988675117493]
2020/03/09 16:02:09 290006	INFO [input.cpp->run:258]	frame times (ms): 606.025
2020/03/09 16:02:09 290015	INFO [input.cpp->run:259]	FPS: 1.6501
2020/03/09 16:02:09 302490	INFO [input.cpp->run:173]	
frame_id 18
2020/03/09 16:02:09 353759	WARNING [visualOdometry.cpp->trackingFrame2Frame:187]	The Estimated Rotation and translation matrices(using getTransformation function) are : 
    0.999999   -0.0014444  -0.00118262  0.000858098
   0.0014438     0.999999 -0.000456706 -7.56085e-05
  0.00118328  0.000454955     0.999999  0.000443876
           0            0            0            1
2020/03/09 16:02:09 355665	INFO [input.cpp->run:235]	rotation: 
[0.9999985098838806, -0.001444399356842041, -0.001182623207569122;
 0.001443803310394287, 0.9999993443489075, -0.0004567056894302368;
 0.001183278858661652, 0.0004549548029899597, 0.999999463558197]
2020/03/09 16:02:09 355715	INFO [input.cpp->run:258]	frame times (ms): 586.315
2020/03/09 16:02:09 355718	INFO [input.cpp->run:259]	FPS: 1.70557
2020/03/09 16:02:09 368404	INFO [input.cpp->run:173]	
frame_id 19
2020/03/09 16:02:09 422541	WARNING [visualOdometry.cpp->trackingFrame2Frame:187]	The Estimated Rotation and translation matrices(using getTransformation function) are : 
    0.999998  -0.00152603   -0.0011308   0.00106096
  0.00152573     0.999999 -1.51396e-05  0.000137359
  0.00113086  1.32769e-05     0.999999  0.000265718
           0            0            0            1
2020/03/09 16:02:09 424324	INFO [input.cpp->run:235]	rotation: 
[0.9999982118606567, -0.001526027917861938, -0.001130804419517517;
 0.001525729894638062, 0.9999990463256836, -1.513957977294922e-05;
 0.001130864024162292, 1.327693462371826e-05, 0.9999993443489075]
2020/03/09 16:02:09 424385	INFO [input.cpp->run:258]	frame times (ms): 590.011
2020/03/09 16:02:09 424389	INFO [input.cpp->run:259]	FPS: 1.69488
2020/03/09 16:02:09 435660	INFO [input.cpp->run:173]	
frame_id 20
2020/03/09 16:02:09 491253	WARNING [visualOdometry.cpp->trackingFrame2Frame:187]	The Estimated Rotation and translation matrices(using getTransformation function) are : 
    0.999998   -0.0016174  -0.00138484  0.000705898
  0.00161764     0.999999  0.000169385  0.000270426
  0.00138459 -0.000171587     0.999999  0.000136256
           0            0            0            1
2020/03/09 16:02:09 493100	INFO [input.cpp->run:235]	rotation: 
[0.9999976754188538, -0.001617401838302612, -0.001384839415550232;
 0.001617640256881714, 0.9999985694885254, 0.0001693852245807648;
 0.001384593546390533, -0.0001715868711471558, 0.9999988079071045]
2020/03/09 16:02:09 493154	INFO [input.cpp->run:258]	frame times (ms): 578.637
2020/03/09 16:02:09 493159	INFO [input.cpp->run:259]	FPS: 1.7282
2020/03/09 16:02:09 502997	INFO [input.cpp->run:173]	
frame_id 21
2020/03/09 16:02:09 552044	WARNING [visualOdometry.cpp->trackingFrame2Frame:187]	The Estimated Rotation and translation matrices(using getTransformation function) are : 
    0.999998  -0.00166586  -0.00144869  0.000654161
  0.00166619     0.999999  0.000242919    0.0003497
  0.00144827 -0.000245336     0.999999  0.000119269
           0            0            0            1
2020/03/09 16:02:09 553989	INFO [input.cpp->run:235]	rotation: 
[0.9999977350234985, -0.001665860414505005, -0.001448690891265869;
 0.00166618824005127, 0.9999986290931702, 0.0002429187297821045;
 0.001448273658752441, -0.0002453364431858063, 0.9999992847442627]
2020/03/09 16:02:09 554055	INFO [input.cpp->run:258]	frame times (ms): 561.645
2020/03/09 16:02:09 554059	INFO [input.cpp->run:259]	FPS: 1.78048
2020/03/09 16:02:09 569496	INFO [input.cpp->run:173]	
frame_id 22
2020/03/09 16:02:09 624542	WARNING [visualOdometry.cpp->trackingFrame2Frame:187]	The Estimated Rotation and translation matrices(using getTransformation function) are : 
    0.999998  -0.00169218  -0.00147088  0.000688195
  0.00169259     0.999999  0.000272244  0.000283599
  0.00147037 -0.000274718     0.999999  0.000119805
           0            0            0            1
2020/03/09 16:02:09 626296	INFO [input.cpp->run:235]	rotation: 
[0.9999979734420776, -0.00169217586517334, -0.001470878720283508;
 0.001692593097686768, 0.999998927116394, 0.0002722442150115967;
 0.001470372080802917, -0.0002747178077697754, 0.9999992251396179]
2020/03/09 16:02:09 626351	INFO [input.cpp->run:258]	frame times (ms): 604.82
2020/03/09 16:02:09 626355	INFO [input.cpp->run:259]	FPS: 1.65338
2020/03/09 16:02:09 636412	INFO [input.cpp->run:173]	
frame_id 23
2020/03/09 16:02:09 688105	WARNING [visualOdometry.cpp->trackingFrame2Frame:187]	The Estimated Rotation and translation matrices(using getTransformation function) are : 
    0.999998  -0.00165021  -0.00136223  0.000700831
  0.00165024     0.999999 -5.75185e-06  0.000134885
  0.00136219  3.58373e-06     0.999999  0.000210345
           0            0            0            1
2020/03/09 16:02:09 690022	INFO [input.cpp->run:235]	rotation: 
[0.9999979734420776, -0.001650214195251465, -0.001362234354019165;
 0.001650243997573853, 0.9999987483024597, -5.751848220825195e-06;
 0.001362189650535583, 3.583729267120361e-06, 0.9999994039535522]
2020/03/09 16:02:09 690088	INFO [input.cpp->run:258]	frame times (ms): 573.911
2020/03/09 16:02:09 690094	INFO [input.cpp->run:259]	FPS: 1.74243
2020/03/09 16:02:09 703122	INFO [input.cpp->run:173]	
frame_id 24
2020/03/09 16:02:09 753736	WARNING [visualOdometry.cpp->trackingFrame2Frame:187]	The Estimated Rotation and translation matrices(using getTransformation function) are : 
    0.999998  -0.00172418   -0.0013227   0.00077498
  0.00172347     0.999999 -0.000469044 -0.000186056
  0.00132345  0.000466757     0.999999  0.000529766
           0            0            0            1
2020/03/09 16:02:09 755389	INFO [input.cpp->run:235]	rotation: 
[0.9999978542327881, -0.001724183559417725, -0.001322701573371887;
 0.00172346830368042, 0.9999985694885254, -0.0004690438508987427;
 0.00132344663143158, 0.0004667565226554871, 0.9999989867210388]
2020/03/09 16:02:09 755436	INFO [input.cpp->run:258]	frame times (ms): 598.109
2020/03/09 16:02:09 755443	INFO [input.cpp->run:259]	FPS: 1.67194
2020/03/09 16:02:09 770340	INFO [input.cpp->run:173]	
frame_id 25
2020/03/09 16:02:09 826887	WARNING [visualOdometry.cpp->trackingFrame2Frame:187]	The Estimated Rotation and translation matrices(using getTransformation function) are : 
    0.999997  -0.00188404  -0.00152994  0.000747859
  0.00188506     0.999998  0.000647821  0.000486612
   0.0015288 -0.000650682     0.999998  9.40561e-05
           0            0            0            1
2020/03/09 16:02:09 829112	INFO [input.cpp->run:235]	rotation: 
[0.9999971389770508, -0.001884043216705322, -0.001529939472675323;
 0.001885056495666504, 0.9999980926513672, 0.0006478205323219299;
 0.001528799533843994, -0.0006506815552711487, 0.9999984502792358]
2020/03/09 16:02:09 829168	INFO [input.cpp->run:258]	frame times (ms): 585.914
2020/03/09 16:02:09 829173	INFO [input.cpp->run:259]	FPS: 1.70674
2020/03/09 16:02:09 836039	INFO [input.cpp->run:173]	
frame_id 26
2020/03/09 16:02:09 883655	WARNING [visualOdometry.cpp->trackingFrame2Frame:187]	The Estimated Rotation and translation matrices(using getTransformation function) are : 
    0.999997  -0.00187939  -0.00151449  0.000537187
  0.00187963     0.999999  0.000167102  0.000108927
   0.0015142 -0.000170007     0.999999  0.000141382
           0            0            0            1
2020/03/09 16:02:09 885290	INFO [input.cpp->run:235]	rotation: 
[0.9999974370002747, -0.001879394054412842, -0.001514486968517303;
 0.001879632472991943, 0.9999986290931702, 0.0001671016216278076;
 0.001514196395874023, -0.0001700073480606079, 0.9999991059303284]
2020/03/09 16:02:09 885337	INFO [input.cpp->run:258]	frame times (ms): 546.848
2020/03/09 16:02:09 885341	INFO [input.cpp->run:259]	FPS: 1.82866
2020/03/09 16:02:09 902845	INFO [input.cpp->run:173]	
frame_id 27
2020/03/09 16:02:09 955431	WARNING [visualOdometry.cpp->trackingFrame2Frame:187]	The Estimated Rotation and translation matrices(using getTransformation function) are : 
    0.999997  -0.00183618  -0.00131302  0.000726342
  0.00183541     0.999998 -0.000498418 -0.000251919
  0.00131397  0.000496008     0.999999  0.000481367
           0            0            0            1
2020/03/09 16:02:09 957309	INFO [input.cpp->run:235]	rotation: 
[0.9999974966049194, -0.001836180686950684, -0.001313023269176483;
 0.001835405826568604, 0.9999983310699463, -0.0004984177649021149;
 0.001313969492912292, 0.00049600750207901, 0.9999989867210388]
2020/03/09 16:02:09 957359	INFO [input.cpp->run:258]	frame times (ms): 599.737
2020/03/09 16:02:09 957370	INFO [input.cpp->run:259]	FPS: 1.6674
2020/03/09 16:02:09 968896	INFO [input.cpp->run:173]	
frame_id 28
2020/03/09 16:02:10 020032	WARNING [visualOdometry.cpp->trackingFrame2Frame:187]	The Estimated Rotation and translation matrices(using getTransformation function) are : 
    0.999997   -0.0019559  -0.00153724  0.000608861
  0.00195649     0.999998  0.000329018  0.000157684
  0.00153659 -0.000332015     0.999999  0.000122249
           0            0            0            1
2020/03/09 16:02:10 021813	INFO [input.cpp->run:235]	rotation: 
[0.9999969005584717, -0.001955896615982056, -0.00153723731637001;
 0.00195649266242981, 0.9999979734420776, 0.0003290176391601562;
 0.001536592841148376, -0.0003320146352052689, 0.9999988675117493]
2020/03/09 16:02:10 021871	INFO [input.cpp->run:258]	frame times (ms): 576.465
2020/03/09 16:02:10 021875	INFO [input.cpp->run:259]	FPS: 1.73471
2020/03/09 16:02:10 036227	INFO [input.cpp->run:173]	
frame_id 29
2020/03/09 16:02:10 090912	WARNING [visualOdometry.cpp->trackingFrame2Frame:187]	The Estimated Rotation and translation matrices(using getTransformation function) are : 
    0.999998  -0.00184101  -0.00123809  0.000948429
  0.00184092     0.999999  3.32752e-05  0.000101507
  0.00123804 -3.55644e-05     0.999999  0.000226855
           0            0            0            1
2020/03/09 16:02:10 093071	INFO [input.cpp->run:235]	rotation: 
[0.9999976754188538, -0.00184100866317749, -0.001238089054822922;
 0.001840919256210327, 0.9999985694885254, 3.327522426843643e-05;
 0.001238040626049042, -3.556441515684128e-05, 0.9999991655349731]
2020/03/09 16:02:10 093126	INFO [input.cpp->run:258]	frame times (ms): 567.588
2020/03/09 16:02:10 093130	INFO [input.cpp->run:259]	FPS: 1.76184
2020/03/09 16:02:10 102666	INFO [input.cpp->run:173]	
frame_id 30
2020/03/09 16:02:10 155620	WARNING [visualOdometry.cpp->trackingFrame2Frame:187]	The Estimated Rotation and translation matrices(using getTransformation function) are : 
    0.999997  -0.00200152  -0.00160138  0.000515789
  0.00200215     0.999998  0.000259466  8.43406e-05
  0.00160091 -0.000262663     0.999999  8.06451e-05
           0            0            0            1
2020/03/09 16:02:10 157306	INFO [input.cpp->run:235]	rotation: 
[0.9999969005584717, -0.002001523971557617, -0.001601383090019226;
 0.002002149820327759, 0.9999980926513672, 0.0002594664692878723;
 0.001600906252861023, -0.0002626627683639526, 0.9999988675117493]
2020/03/09 16:02:10 157363	INFO [input.cpp->run:258]	frame times (ms): 602.048
2020/03/09 16:02:10 157368	INFO [input.cpp->run:259]	FPS: 1.661
2020/03/09 16:02:10 169837	INFO [input.cpp->run:173]	
frame_id 31
2020/03/09 16:02:10 220406	WARNING [visualOdometry.cpp->trackingFrame2Frame:187]	The Estimated Rotation and translation matrices(using getTransformation function) are : 
    0.999997  -0.00207812  -0.00149916  0.000621468
  0.00207829     0.999998  0.000209913  0.000150055
  0.00149873 -0.000213027     0.999999  0.000120342
           0            0            0            1
2020/03/09 16:02:10 222173	INFO [input.cpp->run:235]	rotation: 
[0.9999966621398926, -0.002078115940093994, -0.001499161124229431;
 0.00207829475402832, 0.9999976754188538, 0.0002099126577377319;
 0.00149872899055481, -0.0002130270004272461, 0.9999985694885254]
2020/03/09 16:02:10 222224	INFO [input.cpp->run:258]	frame times (ms): 575.887
2020/03/09 16:02:10 222227	INFO [input.cpp->run:259]	FPS: 1.73645
2020/03/09 16:02:10 236531	INFO [input.cpp->run:173]	
frame_id 32
2020/03/09 16:02:10 287536	WARNING [visualOdometry.cpp->trackingFrame2Frame:187]	The Estimated Rotation and translation matrices(using getTransformation function) are : 
    0.999997  -0.00217041  -0.00163765   0.00050351
  0.00217077     0.999998  0.000103749  3.61204e-05
  0.00163744 -0.000107326     0.999999   0.00028044
           0            0            0            1
2020/03/09 16:02:10 289455	INFO [input.cpp->run:235]	rotation: 
[0.9999966025352478, -0.002170413732528687, -0.001637652516365051;
 0.002170771360397339, 0.9999978542327881, 0.0001037493348121643;
 0.001637443900108337, -0.0001073256134986877, 0.9999989867210388]
2020/03/09 16:02:10 289514	INFO [input.cpp->run:258]	frame times (ms): 571.06
2020/03/09 16:02:10 289519	INFO [input.cpp->run:259]	FPS: 1.75113
2020/03/09 16:02:10 304024	INFO [input.cpp->run:173]	
frame_id 33
2020/03/09 16:02:10 356830	WARNING [visualOdometry.cpp->trackingFrame2Frame:187]	The Estimated Rotation and translation matrices(using getTransformation function) are : 
    0.999997  -0.00211203  -0.00134484  0.000719041
  0.00211194     0.999998 -4.54709e-05 -0.000196099
  0.00134493  4.26769e-05     0.999999  0.000152707
           0            0            0            1
2020/03/09 16:02:10 358531	INFO [input.cpp->run:235]	rotation: 
[0.9999966621398926, -0.002112030982971191, -0.001344844698905945;
 0.002111941576004028, 0.9999976754188538, -4.547089338302612e-05;
 0.001344934105873108, 4.267692565917969e-05, 0.9999990463256836]
2020/03/09 16:02:10 358595	INFO [input.cpp->run:258]	frame times (ms): 568.768
2020/03/09 16:02:10 358600	INFO [input.cpp->run:259]	FPS: 1.75819
2020/03/09 16:02:10 369423	INFO [input.cpp->run:173]	
frame_id 34
2020/03/09 16:02:10 421782	WARNING [visualOdometry.cpp->trackingFrame2Frame:187]	The Estimated Rotation and translation matrices(using getTransformation function) are : 
   0.999997 -0.00216538 -0.00147413 0.000595212
 0.00216544    0.999998 6.86124e-05 3.60608e-06
 0.00147398 -7.1805e-05    0.999999 0.000214756
          0           0           0           1
2020/03/09 16:02:10 423683	INFO [input.cpp->run:235]	rotation: 
[0.999996542930603, -0.002165377140045166, -0.001474127173423767;
 0.002165436744689941, 0.999997615814209, 6.861239671707153e-05;
 0.001473978161811829, -7.180497050285339e-05, 0.999998927116394]
2020/03/09 16:02:10 423745	INFO [input.cpp->run:258]	frame times (ms): 560.571
2020/03/09 16:02:10 423750	INFO [input.cpp->run:259]	FPS: 1.7839
2020/03/09 16:02:10 440081	INFO [input.cpp->run:173]	
frame_id 35
2020/03/09 16:02:10 493429	WARNING [visualOdometry.cpp->trackingFrame2Frame:187]	The Estimated Rotation and translation matrices(using getTransformation function) are : 
    0.999997  -0.00216746  -0.00140482  0.000840783
  0.00216672     0.999998 -0.000423212 -0.000367433
   0.0014057  0.000420175     0.999999  0.000481367
           0            0            0            1
2020/03/09 16:02:10 495546	INFO [input.cpp->run:235]	rotation: 
[0.999996542930603, -0.002167463302612305, -0.001404821872711182;
 0.002166718244552612, 0.9999975562095642, -0.0004232116043567657;
 0.001405701041221619, 0.0004201754927635193, 0.9999991655349731]
2020/03/09 16:02:10 495606	INFO [input.cpp->run:258]	frame times (ms): 575.034
2020/03/09 16:02:10 495613	INFO [input.cpp->run:259]	FPS: 1.73903
2020/03/09 16:02:10 504592	INFO [input.cpp->run:173]	
frame_id 36
2020/03/09 16:02:10 562746	WARNING [visualOdometry.cpp->trackingFrame2Frame:187]	The Estimated Rotation and translation matrices(using getTransformation function) are : 
    0.999997  -0.00199956  -0.00113877    0.0012404
  0.00199875     0.999998 -0.000704966 -0.000465959
  0.00114014  0.000702683     0.999999  0.000612378
           0            0            0            1
2020/03/09 16:02:10 564380	INFO [input.cpp->run:235]	rotation: 
[0.9999972581863403, -0.001999557018280029, -0.001138769090175629;
 0.001998752355575562, 0.9999978542327881, -0.0007049664855003357;
 0.001140139997005463, 0.0007026828825473785, 0.9999990463256836]
2020/03/09 16:02:10 564433	INFO [input.cpp->run:258]	frame times (ms): 579.817
2020/03/09 16:02:10 564438	INFO [input.cpp->run:259]	FPS: 1.72468
2020/03/09 16:02:10 571446	INFO [input.cpp->run:173]	
frame_id 37
2020/03/09 16:02:10 616986	WARNING [visualOdometry.cpp->trackingFrame2Frame:187]	The Estimated Rotation and translation matrices(using getTransformation function) are : 
    0.999997  -0.00208104  -0.00139923   0.00108522
  0.00208053     0.999998 -0.000329383 -0.000224084
  0.00139977  0.000326514     0.999999  0.000533342
           0            0            0            1
2020/03/09 16:02:10 618632	INFO [input.cpp->run:235]	rotation: 
[0.9999968409538269, -0.002081036567687988, -0.001399233937263489;
 0.002080529928207397, 0.9999977350234985, -0.0003293827176094055;
 0.001399770379066467, 0.0003265142440795898, 0.9999990463256836]
2020/03/09 16:02:10 618685	INFO [input.cpp->run:258]	frame times (ms): 522.724
2020/03/09 16:02:10 618688	INFO [input.cpp->run:259]	FPS: 1.91306
2020/03/09 16:02:10 638145	INFO [input.cpp->run:173]	
frame_id 38
2020/03/09 16:02:10 688113	WARNING [visualOdometry.cpp->trackingFrame2Frame:187]	The Estimated Rotation and translation matrices(using getTransformation function) are : 
    0.999996  -0.00223684  -0.00162446  0.000776142
  0.00223646     0.999998 -0.000161551  -0.00015226
  0.00162482  0.000157967     0.999999  0.000488222
           0            0            0            1
2020/03/09 16:02:10 689838	INFO [input.cpp->run:235]	rotation: 
[0.9999961853027344, -0.002236843109130859, -0.001624464988708496;
 0.002236455678939819, 0.9999977350234985, -0.0001615509390830994;
 0.001624822616577148, 0.000157967209815979, 0.9999985694885254]
2020/03/09 16:02:10 689910	INFO [input.cpp->run:258]	frame times (ms): 551.391
2020/03/09 16:02:10 689914	INFO [input.cpp->run:259]	FPS: 1.8136
2020/03/09 16:02:10 704250	INFO [input.cpp->run:173]	
frame_id 39
2020/03/09 16:02:10 753703	WARNING [visualOdometry.cpp->trackingFrame2Frame:187]	The Estimated Rotation and translation matrices(using getTransformation function) are : 
    0.999996  -0.00227112  -0.00143283  0.000836372
  0.00227147     0.999997  0.000134632   0.00020799
  0.00143252 -0.000137888     0.999999  0.000190139
           0            0            0            1
2020/03/09 16:02:10 755538	INFO [input.cpp->run:235]	rotation: 
[0.9999963045120239, -0.002271115779876709, -0.001432828605175018;
 0.002271473407745361, 0.9999973773956299, 0.0001346319913864136;
 0.001432523131370544, -0.0001378878951072693, 0.9999989867210388]
2020/03/09 16:02:10 755591	INFO [input.cpp->run:258]	frame times (ms): 557.831
2020/03/09 16:02:10 755595	INFO [input.cpp->run:259]	FPS: 1.79266
2020/03/09 16:02:10 770083	INFO [input.cpp->run:173]	
frame_id 40
2020/03/09 16:02:10 823940	WARNING [visualOdometry.cpp->trackingFrame2Frame:187]	The Estimated Rotation and translation matrices(using getTransformation function) are : 
    0.999996  -0.00224864  -0.00132149   0.00105646
  0.00224853     0.999997 -0.000222716  1.60933e-06
  0.00132204  0.000219766     0.999999  0.000329137
           0            0            0            1
2020/03/09 16:02:10 825633	INFO [input.cpp->run:235]	rotation: 
[0.9999964237213135, -0.002248644828796387, -0.001321487128734589;
 0.002248525619506836, 0.9999972581863403, -0.0002227164804935455;
 0.001322038471698761, 0.0002197660505771637, 0.999998927116394]
2020/03/09 16:02:10 825685	INFO [input.cpp->run:258]	frame times (ms): 554.999
2020/03/09 16:02:10 825693	INFO [input.cpp->run:259]	FPS: 1.80181
2020/03/09 16:02:10 836980	INFO [input.cpp->run:173]	
frame_id 41
2020/03/09 16:02:10 885524	WARNING [visualOdometry.cpp->trackingFrame2Frame:187]	The Estimated Rotation and translation matrices(using getTransformation function) are : 
    0.999997  -0.00228676  -0.00134091   0.00115794
  0.00228605     0.999998 -0.000442307 -0.000282735
   0.0013419  0.000439238     0.999999  0.000498176
           0            0            0            1
2020/03/09 16:02:10 887199	INFO [input.cpp->run:235]	rotation: 
[0.999996542930603, -0.002286761999130249, -0.001340910792350769;
 0.002286046743392944, 0.9999975562095642, -0.0004423074424266815;
 0.00134190171957016, 0.0004392378032207489, 0.9999991059303284]
2020/03/09 16:02:10 887266	INFO [input.cpp->run:258]	frame times (ms): 538.086
2020/03/09 16:02:10 887271	INFO [input.cpp->run:259]	FPS: 1.85844
2020/03/09 16:02:10 904018	INFO [input.cpp->run:173]	
frame_id 42
2020/03/09 16:02:10 951845	WARNING [visualOdometry.cpp->trackingFrame2Frame:187]	The Estimated Rotation and translation matrices(using getTransformation function) are : 
    0.999997   -0.0021145  -0.00124784   0.00133014
  0.00211373     0.999997 -0.000721306 -0.000295103
  0.00124934  0.000718739     0.999999  0.000639796
           0            0            0            1
2020/03/09 16:02:10 953485	INFO [input.cpp->run:235]	rotation: 
[0.9999971389770508, -0.00211450457572937, -0.001247838139533997;
 0.00211372971534729, 0.9999974966049194, -0.0007213056087493896;
 0.001249343156814575, 0.0007187388837337494, 0.9999991059303284]
2020/03/09 16:02:10 953537	INFO [input.cpp->run:258]	frame times (ms): 524.166
2020/03/09 16:02:10 953541	INFO [input.cpp->run:259]	FPS: 1.90779
2020/03/09 16:02:10 971722	INFO [input.cpp->run:173]	
frame_id 43
2020/03/09 16:02:11 022701	WARNING [visualOdometry.cpp->trackingFrame2Frame:187]	The Estimated Rotation and translation matrices(using getTransformation function) are : 
    0.999996  -0.00232747  -0.00143166   0.00101769
  0.00232744     0.999997 -0.000118941  8.83937e-05
  0.00143203  0.000115663     0.999999   0.00031352
           0            0            0            1
2020/03/09 16:02:11 024417	INFO [input.cpp->run:235]	rotation: 
[0.9999963641166687, -0.002327471971511841, -0.001431658864021301;
 0.002327442169189453, 0.9999972581863403, -0.000118941068649292;
 0.001432031393051147, 0.0001156628131866455, 0.9999987483024597]
2020/03/09 16:02:11 024476	INFO [input.cpp->run:258]	frame times (ms): 524.883
2020/03/09 16:02:11 024500	INFO [input.cpp->run:259]	FPS: 1.90519
2020/03/09 16:02:11 039437	INFO [input.cpp->run:173]	
frame_id 44
2020/03/09 16:02:11 089176	WARNING [visualOdometry.cpp->trackingFrame2Frame:187]	The Estimated Rotation and translation matrices(using getTransformation function) are : 
    0.999996  -0.00238129  -0.00155601  0.000798076
  0.00238109     0.999997 -0.000134528  1.96695e-05
  0.00155629   0.00013084     0.999999  0.000276446
           0            0            0            1
2020/03/09 16:02:11 090796	INFO [input.cpp->run:235]	rotation: 
[0.9999960660934448, -0.002381294965744019, -0.00155600905418396;
 0.002381086349487305, 0.9999972581863403, -0.0001345276832580566;
 0.001556292176246643, 0.0001308396458625793, 0.9999988675117493]
2020/03/09 16:02:11 090846	INFO [input.cpp->run:258]	frame times (ms): 523.082
2020/03/09 16:02:11 090848	INFO [input.cpp->run:259]	FPS: 1.91175
2020/03/09 16:02:11 104516	INFO [input.cpp->run:173]	
frame_id 45
2020/03/09 16:02:11 153414	WARNING [visualOdometry.cpp->trackingFrame2Frame:187]	The Estimated Rotation and translation matrices(using getTransformation function) are : 
    0.999995  -0.00238612  -0.00192666  0.000739574
  0.00238585     0.999997 -0.000171974  0.000114739
  0.00192712  0.000167429     0.999998   0.00066644
           0            0            0            1
2020/03/09 16:02:11 155103	INFO [input.cpp->run:235]	rotation: 
[0.9999952912330627, -0.002386122941970825, -0.001926660537719727;
 0.002385854721069336, 0.9999971389770508, -0.0001719743013381958;
 0.001927122473716736, 0.0001674294471740723, 0.9999980330467224]
2020/03/09 16:02:11 155169	INFO [input.cpp->run:258]	frame times (ms): 530.187
2020/03/09 16:02:11 155173	INFO [input.cpp->run:259]	FPS: 1.88613
2020/03/09 16:02:11 171107	INFO [input.cpp->run:173]	
frame_id 46
2020/03/09 16:02:11 221150	WARNING [visualOdometry.cpp->trackingFrame2Frame:187]	The Estimated Rotation and translation matrices(using getTransformation function) are : 
    0.999996  -0.00238279  -0.00170952  0.000839472
  0.00238228     0.999997 -0.000328057  -7.9304e-05
  0.00171021  0.000323974     0.999999  0.000530243
           0            0            0            1
2020/03/09 16:02:11 222868	INFO [input.cpp->run:235]	rotation: 
[0.9999959468841553, -0.002382785081863403, -0.001709520816802979;
 0.002382278442382812, 0.9999972581863403, -0.0003280565142631531;
 0.001710206270217896, 0.0003239735960960388, 0.9999986886978149]
2020/03/09 16:02:11 222934	INFO [input.cpp->run:258]	frame times (ms): 546.069
