		g3log created log at: Mon Mar 09 15:43:25 2020
		LOG format: [YYYY/MM/DD hh:mm:ss uuu* LEVEL FILE->FUNCTION:LINE] message		(uuu*: microseconds fractions of the seconds value)

2020/03/09 15:43:25 701955	INFO [g3logger.h->logBanner:29]	Starting log.
2020/03/09 15:43:25 705828	DEBUG [main.cpp->main:48]	Filepath: /home/mitchell/KITTI/data_odometry_gray/dataset/sequences/00/
2020/03/09 15:43:25 705834	DEBUG [main.cpp->main:52]	Calibration Filepath: /home/mitchell/visual_odom_catkin_ws/tank_downsized.yaml
2020/03/09 15:43:25 705961	INFO [main.cpp->main:66]	P_left: 
[409.41, 0, 251.22, 0;
 0, 408.72, 191.78999, 0;
 0, 0, 1, 0]
2020/03/09 15:43:25 705977	INFO [main.cpp->main:67]	P_right: 
[409.41, 0, 251.22, -73.940002;
 0, 408.72, 191.78999, 0;
 0, 0, 1, 0]
2020/03/09 15:43:25 843421	INFO [input.cpp->Input:22]	frame_pose [1, 0, 0, 0;
 0, 1, 0, 0;
 0, 0, 1, 0;
 0, 0, 0, 1]
2020/03/09 15:43:26 164490	INFO [input.cpp->run:173]	
frame_id 1
2020/03/09 15:43:26 252736	WARNING [visualOdometry.cpp->trackingFrame2Frame:179]	The Estimated Rotation and translation matrices(using getTransformation function) are : 
   0.999963 -0.00855851 -0.00124955   0.0224485
 0.00856748    0.999937  0.00722833   0.0125518
 0.00118777 -0.00723872    0.999973   0.0160312
          0           0           0           1
2020/03/09 15:43:26 280574	INFO [input.cpp->run:235]	rotation: 
[0.9999626874923706, -0.008558511734008789, -0.001249551773071289;
 0.008567482233047485, 0.9999372363090515, 0.00722832977771759;
 0.001187771558761597, -0.007238715887069702, 0.9999730587005615]
2020/03/09 15:43:26 280693	INFO [input.cpp->run:256]	frame times (ms): 321.898
2020/03/09 15:43:26 280702	INFO [input.cpp->run:257]	FPS: 3.10657
2020/03/09 15:43:26 298015	INFO [input.cpp->run:173]	
frame_id 2
2020/03/09 15:43:26 344971	WARNING [visualOdometry.cpp->trackingFrame2Frame:179]	The Estimated Rotation and translation matrices(using getTransformation function) are : 
   0.999979 -0.00328995 -0.00549963  -0.0753356
 0.00327758    0.999992 -0.00228041  -0.0311416
 0.00550726  0.00226246    0.999982  -0.0701432
          0           0           0           1
2020/03/09 15:43:26 346722	INFO [input.cpp->run:235]	rotation: 
[0.9999793767929077, -0.003289952874183655, -0.00549963116645813;
 0.003277584910392761, 0.9999917149543762, -0.00228041410446167;
 0.00550726056098938, 0.002262458205223083, 0.9999822378158569]
2020/03/09 15:43:26 346791	INFO [input.cpp->run:256]	frame times (ms): 283.114
2020/03/09 15:43:26 346796	INFO [input.cpp->run:257]	FPS: 3.53215
2020/03/09 15:43:26 430699	INFO [input.cpp->run:173]	
frame_id 3
2020/03/09 15:43:26 545992	WARNING [visualOdometry.cpp->trackingFrame2Frame:179]	The Estimated Rotation and translation matrices(using getTransformation function) are : 
   0.999975  -0.0055131 -0.00433785    -0.20183
 0.00549203    0.999973 -0.00483774  -0.0844501
 0.00436443  0.00481384    0.999979   -0.191844
          0           0           0           1
2020/03/09 15:43:26 548259	INFO [input.cpp->run:235]	rotation: 
[0.9999752044677734, -0.005513101816177368, -0.004337847232818604;
 0.005492031574249268, 0.9999730587005615, -0.004837736487388611;
 0.004364430904388428, 0.004813835024833679, 0.9999788403511047]
2020/03/09 15:43:26 548345	INFO [input.cpp->run:256]	frame times (ms): 317.495
2020/03/09 15:43:26 548357	INFO [input.cpp->run:257]	FPS: 3.14966
2020/03/09 15:43:26 582108	INFO [input.cpp->run:173]	
frame_id 4
2020/03/09 15:43:26 622670	WARNING [visualOdometry.cpp->trackingFrame2Frame:179]	The Estimated Rotation and translation matrices(using getTransformation function) are : 
 -0.995903  0.0854586 -0.0295705   -1.26344
 0.0807139   0.692577  -0.716814  -0.470933
-0.0407781  -0.716264  -0.696637   -1.26639
         0          0          0          1
2020/03/09 15:43:26 624851	INFO [input.cpp->run:235]	rotation: 
[-0.995902955532074, 0.08545860648155212, -0.02957054972648621;
 0.0807139128446579, 0.6925768852233887, -0.7168139219284058;
 -0.04077807068824768, -0.7162638306617737, -0.6966372728347778]
2020/03/09 15:43:26 624917	INFO [input.cpp->run:256]	frame times (ms): 308.331
2020/03/09 15:43:26 624923	INFO [input.cpp->run:257]	FPS: 3.24327
2020/03/09 15:43:26 696285	INFO [input.cpp->run:173]	
frame_id 5
2020/03/09 15:43:26 756053	WARNING [visualOdometry.cpp->trackingFrame2Frame:179]	The Estimated Rotation and translation matrices(using getTransformation function) are : 
  -0.999955  0.00910775    0.002626    -1.16151
 0.00501673    0.743577   -0.668631   -0.449076
-0.00804231   -0.668588    -0.74359    -1.17002
          0           0           0           1
2020/03/09 15:43:26 757613	INFO [input.cpp->run:235]	rotation: 
[-0.9999549388885498, 0.00910775363445282, 0.002626001834869385;
 0.005016729235649109, 0.743577241897583, -0.6686311364173889;
 -0.008042305707931519, -0.6685879230499268, -0.7435896396636963]
2020/03/09 15:43:26 757661	INFO [input.cpp->run:256]	frame times (ms): 310.76
2020/03/09 15:43:26 757665	INFO [input.cpp->run:257]	FPS: 3.21792
2020/03/09 15:43:26 829890	INFO [input.cpp->run:173]	
frame_id 6
2020/03/09 15:43:26 868108	WARNING [visualOdometry.cpp->trackingFrame2Frame:179]	The Estimated Rotation and translation matrices(using getTransformation function) are : 
   0.999979 -0.00285089 -0.00588605   0.0825837
 0.00285394    0.999996 0.000506341   0.0301007
 0.00588474 -0.00052318    0.999983   0.0807322
          0           0           0           1
2020/03/09 15:43:26 869727	INFO [input.cpp->run:235]	rotation: 
[0.9999786019325256, -0.002850890159606934, -0.005886048078536987;
 0.002853944897651672, 0.9999958872795105, 0.0005063414573669434;
 0.005884736776351929, -0.0005231797695159912, 0.9999825954437256]
2020/03/09 15:43:26 869767	INFO [input.cpp->run:256]	frame times (ms): 309.894
2020/03/09 15:43:26 869771	INFO [input.cpp->run:257]	FPS: 3.22691
2020/03/09 15:43:26 964237	INFO [input.cpp->run:173]	
frame_id 7
2020/03/09 15:43:27 001539	WARNING [visualOdometry.cpp->trackingFrame2Frame:179]	The Estimated Rotation and translation matrices(using getTransformation function) are : 
   0.999962 -0.00790103 -0.00354388   0.0439047
 0.00788477    0.999958   -0.004576   0.0207982
 0.00357983  0.00454797    0.999983   0.0311511
          0           0           0           1
2020/03/09 15:43:27 003178	INFO [input.cpp->run:235]	rotation: 
[0.9999624490737915, -0.007901027798652649, -0.003543883562088013;
 0.007884770631790161, 0.9999582767486572, -0.004575997591018677;
 0.003579825162887573, 0.004547968506813049, 0.9999833106994629]
2020/03/09 15:43:27 003249	INFO [input.cpp->run:256]	frame times (ms): 320.269
2020/03/09 15:43:27 003258	INFO [input.cpp->run:257]	FPS: 3.12238
2020/03/09 15:43:27 096967	INFO [input.cpp->run:173]	
frame_id 8
2020/03/09 15:43:27 137149	WARNING [visualOdometry.cpp->trackingFrame2Frame:179]	The Estimated Rotation and translation matrices(using getTransformation function) are : 
   0.999979 -0.00350451 -0.00545269   -0.276289
 0.00349233    0.999991 -0.00226204   -0.108739
 0.00546071  0.00224295    0.999983   -0.273151
          0           0           0           1
2020/03/09 15:43:27 139047	INFO [input.cpp->run:235]	rotation: 
[0.9999790191650391, -0.003504514694213867, -0.00545269250869751;
 0.0034923255443573, 0.9999914169311523, -0.002262040972709656;
 0.0054607093334198, 0.002242952585220337, 0.9999827146530151]
2020/03/09 15:43:27 139088	INFO [input.cpp->run:256]	frame times (ms): 356.58
2020/03/09 15:43:27 139093	INFO [input.cpp->run:257]	FPS: 2.80442
2020/03/09 15:43:27 231438	INFO [input.cpp->run:173]	
frame_id 9
2020/03/09 15:43:27 273100	WARNING [visualOdometry.cpp->trackingFrame2Frame:179]	The Estimated Rotation and translation matrices(using getTransformation function) are : 
    0.999977  -0.00461945  -0.00497058     0.114639
  0.00461926      0.99999 -4.52548e-05    0.0461948
  0.00497073  2.21878e-05     0.999988     0.112976
           0            0            0            1
2020/03/09 15:43:27 274920	INFO [input.cpp->run:235]	rotation: 
[0.9999771118164062, -0.004619449377059937, -0.004970580339431763;
 0.004619255661964417, 0.9999896287918091, -4.525482654571533e-05;
 0.004970729351043701, 2.218782901763916e-05, 0.999987781047821]
2020/03/09 15:43:27 274965	INFO [input.cpp->run:256]	frame times (ms): 353.585
2020/03/09 15:43:27 274968	INFO [input.cpp->run:257]	FPS: 2.82817
2020/03/09 15:43:27 363063	INFO [input.cpp->run:173]	
frame_id 10
2020/03/09 15:43:27 402300	WARNING [visualOdometry.cpp->trackingFrame2Frame:179]	The Estimated Rotation and translation matrices(using getTransformation function) are : 
   0.999978 -0.00385337 -0.00537044  -0.0829027
 0.00384745    0.999992 -0.00113855   -0.034271
 0.00537509  0.00111791    0.999985  -0.0841676
          0           0           0           1
2020/03/09 15:43:27 403937	INFO [input.cpp->run:235]	rotation: 
[0.9999783039093018, -0.003853365778923035, -0.005370438098907471;
 0.003847450017929077, 0.9999920129776001, -0.001138553023338318;
 0.005375087261199951, 0.001117914915084839, 0.9999849200248718]
2020/03/09 15:43:27 403994	INFO [input.cpp->run:256]	frame times (ms): 356.696
2020/03/09 15:43:27 403998	INFO [input.cpp->run:257]	FPS: 2.80351
2020/03/09 15:43:27 501244	INFO [input.cpp->run:173]	
frame_id 11
2020/03/09 15:43:27 540046	WARNING [visualOdometry.cpp->trackingFrame2Frame:179]	The Estimated Rotation and translation matrices(using getTransformation function) are : 
   0.999979 -0.00424181 -0.00496787    -0.27173
 0.00422511    0.999986  -0.0033754   -0.112141
 0.00498217  0.00335428    0.999982   -0.279908
          0           0           0           1
2020/03/09 15:43:27 541845	INFO [input.cpp->run:235]	rotation: 
[0.9999789595603943, -0.004241809248924255, -0.004967868328094482;
 0.004225105047225952, 0.9999856352806091, -0.003375396132469177;
 0.004982173442840576, 0.003354281187057495, 0.9999822378158569]
2020/03/09 15:43:27 541896	INFO [input.cpp->run:256]	frame times (ms): 361.104
2020/03/09 15:43:27 541900	INFO [input.cpp->run:257]	FPS: 2.76929
2020/03/09 15:43:27 630512	INFO [input.cpp->run:173]	
frame_id 12
2020/03/09 15:43:27 671065	WARNING [visualOdometry.cpp->trackingFrame2Frame:179]	The Estimated Rotation and translation matrices(using getTransformation function) are : 
   0.999981   -0.003838 -0.00470892   -0.263069
 0.00383136    0.999991 -0.00141808   -0.116581
 0.00471443  0.00140001    0.999988    -0.27594
          0           0           0           1
2020/03/09 15:43:27 672658	INFO [input.cpp->run:235]	rotation: 
[0.9999814033508301, -0.003838002681732178, -0.004708915948867798;
 0.003831356763839722, 0.9999914765357971, -0.001418083906173706;
 0.004714429378509521, 0.001400008797645569, 0.9999879002571106]
2020/03/09 15:43:27 672699	INFO [input.cpp->run:256]	frame times (ms): 388.549
2020/03/09 15:43:27 672702	INFO [input.cpp->run:257]	FPS: 2.57368
2020/03/09 15:43:27 763742	INFO [input.cpp->run:173]	
frame_id 13
2020/03/09 15:43:27 804186	WARNING [visualOdometry.cpp->trackingFrame2Frame:179]	The Estimated Rotation and translation matrices(using getTransformation function) are : 
    0.999983  -0.00353573  -0.00459146   0.00338262
   0.0035364     0.999994  0.000138506  0.000766009
  0.00459105 -0.000154689      0.99999   0.00307488
           0            0            0            1
2020/03/09 15:43:27 806062	INFO [input.cpp->run:235]	rotation: 
[0.9999833106994629, -0.003535732626914978, -0.004591464996337891;
 0.003536403179168701, 0.9999938607215881, 0.000138506293296814;
 0.004591047763824463, -0.0001546889543533325, 0.9999895095825195]
2020/03/09 15:43:27 806112	INFO [input.cpp->run:256]	frame times (ms): 404.052
2020/03/09 15:43:27 806116	INFO [input.cpp->run:257]	FPS: 2.47493
2020/03/09 15:43:27 897022	INFO [input.cpp->run:173]	
frame_id 14
2020/03/09 15:43:27 936829	WARNING [visualOdometry.cpp->trackingFrame2Frame:179]	The Estimated Rotation and translation matrices(using getTransformation function) are : 
   0.999984 -0.00324927 -0.00464806  -0.0898288
 0.00324239    0.999994 -0.00149709  -0.0398381
 0.00465298  0.00148199    0.999988  -0.0951759
          0           0           0           1
2020/03/09 15:43:27 938476	INFO [input.cpp->run:235]	rotation: 
[0.9999840259552002, -0.003249272704124451, -0.004648059606552124;
 0.003242388367652893, 0.9999938011169434, -0.001497089862823486;
 0.004652976989746094, 0.001481994986534119, 0.9999882578849792]
2020/03/09 15:43:27 938518	INFO [input.cpp->run:256]	frame times (ms): 401.793
2020/03/09 15:43:27 938522	INFO [input.cpp->run:257]	FPS: 2.48884
2020/03/09 15:43:28 029952	INFO [input.cpp->run:173]	
frame_id 15
2020/03/09 15:43:28 072621	WARNING [visualOdometry.cpp->trackingFrame2Frame:179]	The Estimated Rotation and translation matrices(using getTransformation function) are : 
   0.999975 -0.00655046 -0.00250551   -0.346718
 0.00653909    0.999969 -0.00451916   -0.150496
 0.00253507  0.00450259    0.999987   -0.376333
          0           0           0           1
2020/03/09 15:43:28 074221	INFO [input.cpp->run:235]	rotation: 
[0.9999754428863525, -0.006550461053848267, -0.002505511045455933;
 0.006539091467857361, 0.9999685883522034, -0.004519164562225342;
 0.002535074949264526, 0.004502594470977783, 0.9999867081642151]
2020/03/09 15:43:28 074263	INFO [input.cpp->run:256]	frame times (ms): 403.467
2020/03/09 15:43:28 074268	INFO [input.cpp->run:257]	FPS: 2.47852
2020/03/09 15:43:28 163155	INFO [input.cpp->run:173]	
frame_id 16
2020/03/09 15:43:28 207275	WARNING [visualOdometry.cpp->trackingFrame2Frame:179]	The Estimated Rotation and translation matrices(using getTransformation function) are : 
   0.999929  -0.0119064 7.85887e-05    -8.80171
  0.0119067     0.99989 -0.00888546    -4.34807
2.72691e-05  0.00888582    0.999961    -9.70582
          0           0           0           1
2020/03/09 15:43:28 209001	INFO [input.cpp->run:235]	rotation: 
[0.9999291896820068, -0.01190641522407532, 7.858872413635254e-05;
 0.01190674304962158, 0.9998896718025208, -0.008885458111763;
 2.726912498474121e-05, 0.008885815739631653, 0.9999605417251587]
2020/03/09 15:43:28 209039	INFO [input.cpp->run:256]	frame times (ms): 436.615
2020/03/09 15:43:28 209042	INFO [input.cpp->run:257]	FPS: 2.29035
2020/03/09 15:43:28 298374	INFO [input.cpp->run:173]	
frame_id 17
2020/03/09 15:43:28 341235	WARNING [visualOdometry.cpp->trackingFrame2Frame:179]	The Estimated Rotation and translation matrices(using getTransformation function) are : 
    0.99999 -0.00316964 -0.00330105   -0.526009
 0.00316426    0.999994  -0.0016232    -0.26364
 0.00330612  0.00161272    0.999993   -0.585022
          0           0           0           1
2020/03/09 15:43:28 342884	INFO [input.cpp->run:235]	rotation: 
[0.9999895691871643, -0.003169640898704529, -0.003301054239273071;
 0.00316426157951355, 0.9999936819076538, -0.001623198390007019;
 0.003306120634078979, 0.001612722873687744, 0.9999930858612061]
2020/03/09 15:43:28 342930	INFO [input.cpp->run:256]	frame times (ms): 436.921
2020/03/09 15:43:28 342938	INFO [input.cpp->run:257]	FPS: 2.28874
2020/03/09 15:43:28 428853	INFO [input.cpp->run:173]	
frame_id 18
2020/03/09 15:43:28 473817	WARNING [visualOdometry.cpp->trackingFrame2Frame:179]	The Estimated Rotation and translation matrices(using getTransformation function) are : 
-0.843405 -0.527631  0.101355  -0.82677
-0.528966  0.782395 -0.328714 -0.499824
0.0941404 -0.330853 -0.938975  -1.36486
        0         0         0         1
2020/03/09 15:43:28 475953	INFO [input.cpp->run:235]	rotation: 
[-0.8434053659439087, -0.5276309251785278, 0.1013546586036682;
 -0.5289657711982727, 0.7823950052261353, -0.3287144899368286;
 0.09414038062095642, -0.330852746963501, -0.9389748573303223]
2020/03/09 15:43:28 475997	INFO [input.cpp->run:256]	frame times (ms): 454.395
2020/03/09 15:43:28 476000	INFO [input.cpp->run:257]	FPS: 2.20073
2020/03/09 15:43:28 563053	INFO [input.cpp->run:173]	
frame_id 19
2020/03/09 15:43:28 608654	WARNING [visualOdometry.cpp->trackingFrame2Frame:179]	The Estimated Rotation and translation matrices(using getTransformation function) are : 
    0.999993  -0.00269482  -0.00258803    -0.122914
   0.0026938     0.999996 -0.000405952   -0.0599554
  0.00258911  0.000398964     0.999997    -0.137309
           0            0            0            1
2020/03/09 15:43:28 610312	INFO [input.cpp->run:235]	rotation: 
[0.9999930858612061, -0.002694815397262573, -0.002588033676147461;
 0.002693802118301392, 0.9999964237213135, -0.0004059523344039917;
 0.002589106559753418, 0.0003989636898040771, 0.9999967813491821]
2020/03/09 15:43:28 610358	INFO [input.cpp->run:256]	frame times (ms): 480.844
2020/03/09 15:43:28 610362	INFO [input.cpp->run:257]	FPS: 2.07968
2020/03/09 15:43:28 698188	INFO [input.cpp->run:173]	
frame_id 20
2020/03/09 15:43:28 744518	WARNING [visualOdometry.cpp->trackingFrame2Frame:179]	The Estimated Rotation and translation matrices(using getTransformation function) are : 
    0.999995   -0.0019071  -0.00244066    0.0412282
  0.00190738     0.999998  8.00192e-05    0.0183474
  0.00244051 -8.46386e-05     0.999997    0.0455859
           0            0            0            1
2020/03/09 15:43:28 746311	INFO [input.cpp->run:235]	rotation: 
[0.999995231628418, -0.001907095313072205, -0.002440661191940308;
 0.001907378435134888, 0.999998152256012, 8.001923561096191e-05;
 0.002440512180328369, -8.463859558105469e-05, 0.9999969005584717]
2020/03/09 15:43:28 746376	INFO [input.cpp->run:256]	frame times (ms): 498.177
2020/03/09 15:43:28 746381	INFO [input.cpp->run:257]	FPS: 2.00732
2020/03/09 15:43:28 831023	INFO [input.cpp->run:173]	
frame_id 21
2020/03/09 15:43:28 882912	WARNING [visualOdometry.cpp->trackingFrame2Frame:179]	The Estimated Rotation and translation matrices(using getTransformation function) are : 
    0.999996  -0.00120378  -0.00267735    -0.110123
  0.00120366     0.999999 -5.59539e-05   -0.0517646
  0.00267741  5.27948e-05     0.999997     -0.12389
           0            0            0            1
2020/03/09 15:43:28 884780	INFO [input.cpp->run:235]	rotation: 
[0.9999958276748657, -0.001203775405883789, -0.002677351236343384;
 0.001203656196594238, 0.9999994039535522, -5.595386028289795e-05;
 0.002677410840988159, 5.279481410980225e-05, 0.9999966621398926]
2020/03/09 15:43:28 884828	INFO [input.cpp->run:256]	frame times (ms): 525.255
2020/03/09 15:43:28 884833	INFO [input.cpp->run:257]	FPS: 1.90384
2020/03/09 15:43:28 963670	INFO [input.cpp->run:173]	
frame_id 22
2020/03/09 15:43:29 012180	WARNING [visualOdometry.cpp->trackingFrame2Frame:179]	The Estimated Rotation and translation matrices(using getTransformation function) are : 
    0.999997  -0.00217929  -0.00148469    -0.756416
  0.00217822     0.999997 -0.000783071    -0.394126
  0.00148636  0.000779808     0.999999    -0.867563
           0            0            0            1
2020/03/09 15:43:29 013886	INFO [input.cpp->run:235]	rotation: 
[0.9999966621398926, -0.00217929482460022, -0.001484692096710205;
 0.002178221940994263, 0.9999973773956299, -0.0007830709218978882;
 0.001486361026763916, 0.0007798075675964355, 0.9999986886978149]
2020/03/09 15:43:29 013942	INFO [input.cpp->run:256]	frame times (ms): 517.615
2020/03/09 15:43:29 013948	INFO [input.cpp->run:257]	FPS: 1.93194
2020/03/09 15:43:29 097585	INFO [input.cpp->run:173]	
frame_id 23
2020/03/09 15:43:29 146180	WARNING [visualOdometry.cpp->trackingFrame2Frame:179]	The Estimated Rotation and translation matrices(using getTransformation function) are : 
    0.999998  -0.00175084  -0.00126144     -1.39845
  0.00174978     0.999998 -0.000846893    -0.730286
  0.00126287  0.000844672     0.999999     -1.60954
           0            0            0            1
2020/03/09 15:43:29 147960	INFO [input.cpp->run:235]	rotation: 
[0.999997615814209, -0.001750841736793518, -0.001261442899703979;
 0.001749783754348755, 0.9999980330467224, -0.0008468925952911377;
 0.001262873411178589, 0.0008446723222732544, 0.9999989867210388]
2020/03/09 15:43:29 148024	INFO [input.cpp->run:256]	frame times (ms): 532.08
2020/03/09 15:43:29 148029	INFO [input.cpp->run:257]	FPS: 1.87942
2020/03/09 15:43:29 232059	INFO [input.cpp->run:173]	
frame_id 24
2020/03/09 15:43:29 280896	WARNING [visualOdometry.cpp->trackingFrame2Frame:179]	The Estimated Rotation and translation matrices(using getTransformation function) are : 
-0.826766  -0.55205  0.108158  -1.62259
 -0.55249  0.760649 -0.340833 -0.953792
 0.105886 -0.341546 -0.933882  -2.26147
        0         0         0         1
2020/03/09 15:43:29 282649	INFO [input.cpp->run:235]	rotation: 
[-0.8267660140991211, -0.5520500540733337, 0.1081582307815552;
 -0.5524902939796448, 0.7606490850448608, -0.3408330380916595;
 0.1058863997459412, -0.3415456414222717, -0.9338815212249756]
2020/03/09 15:43:29 282706	INFO [input.cpp->run:256]	frame times (ms): 537.315
2020/03/09 15:43:29 282710	INFO [input.cpp->run:257]	FPS: 1.86111
2020/03/09 15:43:29 364176	INFO [input.cpp->run:173]	
frame_id 25
2020/03/09 15:43:29 412842	WARNING [visualOdometry.cpp->trackingFrame2Frame:179]	The Estimated Rotation and translation matrices(using getTransformation function) are : 
   0.999998 -0.00161782 -0.00100046  0.00364503
 0.00162034    0.999996  0.00240798  0.00182352
0.000996619 -0.00240961    0.999997   0.0034799
          0           0           0           1
2020/03/09 15:43:29 414715	INFO [input.cpp->run:235]	rotation: 
[0.9999983906745911, -0.00161781907081604, -0.001000463962554932;
 0.0016203373670578, 0.9999958276748657, 0.0024079829454422;
 0.0009966194629669189, -0.002409607172012329, 0.9999966621398926]
2020/03/09 15:43:29 414776	INFO [input.cpp->run:256]	frame times (ms): 513.11
2020/03/09 15:43:29 414781	INFO [input.cpp->run:257]	FPS: 1.9489
2020/03/09 15:43:29 498650	INFO [input.cpp->run:173]	
frame_id 26
2020/03/09 15:43:29 551062	WARNING [visualOdometry.cpp->trackingFrame2Frame:179]	The Estimated Rotation and translation matrices(using getTransformation function) are : 
    0.999999  -0.00133537 -0.000692695    0.0345839
  0.00133704     0.999996   0.00230096    0.0177184
 0.000689805  -0.00230178     0.999997     0.039203
           0            0            0            1
2020/03/09 15:43:29 552927	INFO [input.cpp->run:235]	rotation: 
[0.9999988079071045, -0.001335367560386658, -0.0006926953792572021;
 0.001337036490440369, 0.9999963045120239, 0.002300962805747986;
 0.0006898045539855957, -0.002301782369613647, 0.9999971985816956]
2020/03/09 15:43:29 552985	INFO [input.cpp->run:256]	frame times (ms): 543.96
2020/03/09 15:43:29 552987	INFO [input.cpp->run:257]	FPS: 1.83837
2020/03/09 15:43:29 629721	INFO [input.cpp->run:173]	
frame_id 27
2020/03/09 15:43:29 681657	WARNING [visualOdometry.cpp->trackingFrame2Frame:179]	The Estimated Rotation and translation matrices(using getTransformation function) are : 
           1 -0.000942022 -0.000668705     0.313432
 0.000943646     0.999997   0.00249502     0.157956
  0.00066638  -0.00249563     0.999997     0.357949
           0            0            0            1
2020/03/09 15:43:29 683679	INFO [input.cpp->run:235]	rotation: 
[0.9999995827674866, -0.0009420216083526611, -0.0006687045097351074;
 0.0009436458349227905, 0.9999966025352478, 0.002495020627975464;
 0.0006663799285888672, -0.002495631575584412, 0.9999966025352478]
2020/03/09 15:43:29 683734	INFO [input.cpp->run:256]	frame times (ms): 557.934
2020/03/09 15:43:29 683739	INFO [input.cpp->run:257]	FPS: 1.79233
2020/03/09 15:43:29 762866	INFO [input.cpp->run:173]	
frame_id 28
2020/03/09 15:43:29 812904	WARNING [visualOdometry.cpp->trackingFrame2Frame:179]	The Estimated Rotation and translation matrices(using getTransformation function) are : 
           1  -0.00100431 -0.000133663   -0.0327621
   0.0010045     0.999999   0.00141075    -0.017375
 0.000132322  -0.00141081     0.999999   -0.0375194
           0            0            0            1
2020/03/09 15:43:29 814655	INFO [input.cpp->run:235]	rotation: 
[0.9999995231628418, -0.001004308462142944, -0.0001336634159088135;
 0.001004502177238464, 0.9999985694885254, 0.001410752534866333;
 0.0001323223114013672, -0.001410812139511108, 0.9999990463256836]
2020/03/09 15:43:29 814714	INFO [input.cpp->run:256]	frame times (ms): 564.97
2020/03/09 15:43:29 814718	INFO [input.cpp->run:257]	FPS: 1.77001
2020/03/09 15:43:29 896736	INFO [input.cpp->run:173]	
frame_id 29
2020/03/09 15:43:29 949159	WARNING [visualOdometry.cpp->trackingFrame2Frame:179]	The Estimated Rotation and translation matrices(using getTransformation function) are : 
           1 -0.000848323  0.000262618   -0.0795526
 0.000847772     0.999999   0.00153482   -0.0402263
-0.000263929  -0.00153463     0.999999   -0.0903662
           0            0            0            1
2020/03/09 15:43:29 950896	INFO [input.cpp->run:235]	rotation: 
[0.9999997615814209, -0.0008483231067657471, 0.0002626180648803711;
 0.0008477717638015747, 0.9999986290931702, 0.001534819602966309;
 -0.0002639293670654297, -0.001534625887870789, 0.999998927116394]
2020/03/09 15:43:29 950945	INFO [input.cpp->run:256]	frame times (ms): 587.061
2020/03/09 15:43:29 950950	INFO [input.cpp->run:257]	FPS: 1.7034
2020/03/09 15:43:30 029149	INFO [input.cpp->run:173]	
frame_id 30
2020/03/09 15:43:30 081819	WARNING [visualOdometry.cpp->trackingFrame2Frame:179]	The Estimated Rotation and translation matrices(using getTransformation function) are : 
   0.999993  -0.0031534  0.00210747   -0.192046
 0.00315616    0.999994 -0.00130148  -0.0973123
-0.00210336  0.00130808    0.999997   -0.220762
          0           0           0           1
2020/03/09 15:43:30 083812	INFO [input.cpp->run:235]	rotation: 
[0.9999929666519165, -0.003153398633003235, 0.002107471227645874;
 0.003156155347824097, 0.9999943375587463, -0.001301482319831848;
 -0.002103358507156372, 0.001308083534240723, 0.9999970197677612]
2020/03/09 15:43:30 083868	INFO [input.cpp->run:256]	frame times (ms): 592.065
2020/03/09 15:43:30 083875	INFO [input.cpp->run:257]	FPS: 1.689
2020/03/09 15:43:30 163652	INFO [input.cpp->run:173]	
frame_id 31
2020/03/09 15:43:30 213970	WARNING [visualOdometry.cpp->trackingFrame2Frame:179]	The Estimated Rotation and translation matrices(using getTransformation function) are : 
  -0.24203     0.0679   -0.96789   -3.75918
 0.0670391  -0.993994  -0.086495   -1.42992
  -0.96795 -0.0858207   0.236024    -2.7824
         0          0          0          1
2020/03/09 15:43:30 215802	INFO [input.cpp->run:235]	rotation: 
[-0.2420298159122467, 0.06790003180503845, -0.9678901433944702;
 0.06703905761241913, -0.9939944744110107, -0.08649498969316483;
 -0.967950165271759, -0.08582073450088501, 0.2360242605209351]
2020/03/09 15:43:30 215863	INFO [input.cpp->run:256]	frame times (ms): 562.805
2020/03/09 15:43:30 215869	INFO [input.cpp->run:257]	FPS: 1.77681
2020/03/09 15:43:30 296479	INFO [input.cpp->run:173]	
frame_id 32
2020/03/09 15:43:30 348764	WARNING [visualOdometry.cpp->trackingFrame2Frame:179]	The Estimated Rotation and translation matrices(using getTransformation function) are : 
    0.999999  0.000165373   0.00140044    -0.784042
-0.000166237            1  0.000554875    -0.406953
 -0.00140032 -0.000555053     0.999999    -0.887727
           0            0            0            1
2020/03/09 15:43:30 350907	INFO [input.cpp->run:235]	rotation: 
[0.999998927116394, 0.0001653730869293213, 0.00140044093132019;
 -0.0001662373542785645, 0.9999997615814209, 0.0005548745393753052;
 -0.00140032172203064, -0.0005550533533096313, 0.9999988079071045]
2020/03/09 15:43:30 350961	INFO [input.cpp->run:256]	frame times (ms): 564.337
2020/03/09 15:43:30 350966	INFO [input.cpp->run:257]	FPS: 1.77199
2020/03/09 15:43:30 430210	INFO [input.cpp->run:173]	
frame_id 33
2020/03/09 15:43:30 481590	WARNING [visualOdometry.cpp->trackingFrame2Frame:179]	The Estimated Rotation and translation matrices(using getTransformation function) are : 
    0.999998  0.000858039   0.00165331     -2.62011
-0.000859022     0.999999  0.000571325     -1.32126
 -0.00165281 -0.000572696     0.999998     -2.95051
           0            0            0            1
2020/03/09 15:43:30 483335	INFO [input.cpp->run:235]	rotation: 
[0.9999979734420776, 0.0008580386638641357, 0.001653313636779785;
 -0.0008590221405029297, 0.9999992847442627, 0.000571325421333313;
 -0.001652806997299194, -0.000572696328163147, 0.9999983310699463]
2020/03/09 15:43:30 483392	INFO [input.cpp->run:256]	frame times (ms): 575.08
2020/03/09 15:43:30 483396	INFO [input.cpp->run:257]	FPS: 1.73889
2020/03/09 15:43:30 564192	INFO [input.cpp->run:173]	
frame_id 34
2020/03/09 15:43:30 617969	WARNING [visualOdometry.cpp->trackingFrame2Frame:179]	The Estimated Rotation and translation matrices(using getTransformation function) are : 
-0.811951 -0.575199  0.099402  -3.39394
-0.574396  0.756981 -0.311526  -1.82008
 0.103944  -0.31004 -0.945024  -4.24517
        0         0         0         1
2020/03/09 15:43:30 620432	INFO [input.cpp->run:235]	rotation: 
[-0.8119514584541321, -0.5751992464065552, 0.09940195083618164;
 -0.5743958950042725, 0.756981372833252, -0.3115258514881134;
 0.1039438843727112, -0.3100399971008301, -0.9450242519378662]
2020/03/09 15:43:30 620495	INFO [input.cpp->run:256]	frame times (ms): 570.189
2020/03/09 15:43:30 620500	INFO [input.cpp->run:257]	FPS: 1.7538
2020/03/09 15:43:30 699561	INFO [input.cpp->run:173]	
frame_id 35
2020/03/09 15:43:30 752442	WARNING [visualOdometry.cpp->trackingFrame2Frame:179]	The Estimated Rotation and translation matrices(using getTransformation function) are : 
    0.999997  0.000180081   0.00248203     -6.58573
-0.000182331            1  0.000934243     -3.30797
 -0.00248179  -0.00093469     0.999996     -7.33675
           0            0            0            1
2020/03/09 15:43:30 754238	INFO [input.cpp->run:235]	rotation: 
[0.9999969005584717, 0.0001800805330276489, 0.002482026815414429;
 -0.0001823306083679199, 0.9999995231628418, 0.0009342432022094727;
 -0.002481788396835327, -0.0009346902370452881, 0.9999964237213135]
2020/03/09 15:43:30 754292	INFO [input.cpp->run:256]	frame times (ms): 562.128
2020/03/09 15:43:30 754298	INFO [input.cpp->run:257]	FPS: 1.77895
2020/03/09 15:43:30 831105	INFO [input.cpp->run:173]	
frame_id 36
2020/03/09 15:43:30 881454	WARNING [visualOdometry.cpp->trackingFrame2Frame:179]	The Estimated Rotation and translation matrices(using getTransformation function) are : 
   0.999973  -0.0048719  0.00547206   -0.775113
 0.00489688    0.999978 -0.00454514    -0.39424
-0.00544986  0.00457177    0.999975   -0.867242
          0           0           0           1
2020/03/09 15:43:30 883271	INFO [input.cpp->run:235]	rotation: 
[0.9999732971191406, -0.004871904850006104, 0.005472064018249512;
 0.004896879196166992, 0.9999777674674988, -0.004545137286186218;
 -0.005449861288070679, 0.004571765661239624, 0.99997478723526]
2020/03/09 15:43:30 883339	INFO [input.cpp->run:256]	frame times (ms): 523.891
2020/03/09 15:43:30 883343	INFO [input.cpp->run:257]	FPS: 1.90879
2020/03/09 15:43:30 964115	INFO [input.cpp->run:173]	
frame_id 37
2020/03/09 15:43:31 014463	WARNING [visualOdometry.cpp->trackingFrame2Frame:179]	The Estimated Rotation and translation matrices(using getTransformation function) are : 
-0.918007 -0.383873 0.0995256   27.0441
-0.382529  0.790996 -0.477491   13.5643
 0.104571 -0.476411 -0.872982   29.3125
        0         0         0         1
2020/03/09 15:43:31 016126	INFO [input.cpp->run:235]	rotation: 
[-0.9180066585540771, -0.3838725686073303, 0.0995255708694458;
 -0.3825288414955139, 0.7909956574440002, -0.4774906635284424;
 0.1045713126659393, -0.4764111638069153, -0.8729817867279053]
2020/03/09 15:43:31 016179	INFO [input.cpp->run:256]	frame times (ms): 541.521
2020/03/09 15:43:31 016185	INFO [input.cpp->run:257]	FPS: 1.84665
2020/03/09 15:43:31 098173	INFO [input.cpp->run:173]	
frame_id 38
2020/03/09 15:43:31 149379	WARNING [visualOdometry.cpp->trackingFrame2Frame:179]	The Estimated Rotation and translation matrices(using getTransformation function) are : 
   0.999883  -0.0122428  0.00922352    -8.76183
  0.0123534    0.999851  -0.0120282    -4.42942
-0.00907493   0.0121408    0.999885    -9.53628
          0           0           0           1
2020/03/09 15:43:31 151030	INFO [input.cpp->run:235]	rotation: 
[0.9998825788497925, -0.01224277913570404, 0.009223520755767822;
 0.01235340535640717, 0.9998514652252197, -0.01202823221683502;
 -0.009074926376342773, 0.01214075088500977, 0.9998852014541626]
2020/03/09 15:43:31 151078	INFO [input.cpp->run:256]	frame times (ms): 546.732
2020/03/09 15:43:31 151083	INFO [input.cpp->run:257]	FPS: 1.82905
2020/03/09 15:43:31 231250	INFO [input.cpp->run:173]	
frame_id 39
2020/03/09 15:43:31 280634	WARNING [visualOdometry.cpp->trackingFrame2Frame:179]	The Estimated Rotation and translation matrices(using getTransformation function) are : 
-0.835068 -0.542024  0.094186   60.4546
-0.540871  0.777561 -0.320714   30.1016
 0.100599  -0.31876 -0.942482   65.2154
        0         0         0         1
2020/03/09 15:43:31 282444	INFO [input.cpp->run:235]	rotation: 
[-0.8350678086280823, -0.5420244336128235, 0.09418600797653198;
 -0.5408709049224854, 0.7775610089302063, -0.3207135498523712;
 0.1005991995334625, -0.3187601566314697, -0.9424817562103271]
2020/03/09 15:43:31 282502	INFO [input.cpp->run:256]	frame times (ms): 551.559
2020/03/09 15:43:31 282506	INFO [input.cpp->run:257]	FPS: 1.81304
2020/03/09 15:43:31 364761	INFO [input.cpp->run:173]	
frame_id 40
2020/03/09 15:43:31 415423	WARNING [visualOdometry.cpp->trackingFrame2Frame:179]	The Estimated Rotation and translation matrices(using getTransformation function) are : 
    0.999993  0.000959262   0.00350672    -0.153922
-0.000957653     0.999999 -0.000484288   -0.0777066
 -0.00350699   0.00048098     0.999994    -0.165888
           0            0            0            1
2020/03/09 15:43:31 417121	INFO [input.cpp->run:235]	rotation: 
[0.9999933838844299, 0.0009592622518539429, 0.003506720066070557;
 -0.0009576529264450073, 0.999999463558197, -0.0004842877388000488;
 -0.003506988286972046, 0.0004809796810150146, 0.9999936819076538]
2020/03/09 15:43:31 417168	INFO [input.cpp->run:256]	frame times (ms): 523.137
2020/03/09 15:43:31 417173	INFO [input.cpp->run:257]	FPS: 1.91155
2020/03/09 15:43:31 496026	INFO [input.cpp->run:173]	
frame_id 41
2020/03/09 15:43:31 544795	WARNING [visualOdometry.cpp->trackingFrame2Frame:179]	The Estimated Rotation and translation matrices(using getTransformation function) are : 
  -0.585302   -0.810726  -0.0120756     3.99424
  -0.810773    0.585053   0.0190191     1.98346
-0.00835422   0.0209225   -0.999746     3.80069
          0           0           0           1
2020/03/09 15:43:31 546489	INFO [input.cpp->run:235]	rotation: 
[-0.5853020548820496, -0.8107256889343262, -0.01207557320594788;
 -0.810772716999054, 0.5850527286529541, 0.01901906728744507;
 -0.008354216814041138, 0.02092254161834717, -0.9997464418411255]
2020/03/09 15:43:31 546545	INFO [input.cpp->run:256]	frame times (ms): 538.043
2020/03/09 15:43:31 546550	INFO [input.cpp->run:257]	FPS: 1.85859
2020/03/09 15:43:31 632549	INFO [input.cpp->run:173]	
frame_id 42
2020/03/09 15:43:31 680843	WARNING [visualOdometry.cpp->trackingFrame2Frame:179]	The Estimated Rotation and translation matrices(using getTransformation function) are : 
  0.10688 -0.907759 -0.405649   2.02415
 -0.88909  -0.26989  0.369702   1.05245
 -0.44508  0.321145 -0.835925   1.44827
        0         0         0         1
2020/03/09 15:43:31 682617	INFO [input.cpp->run:235]	rotation: 
[0.1068800091743469, -0.9077585935592651, -0.405648946762085;
 -0.8890896439552307, -0.2698898911476135, 0.3697015345096588;
 -0.4450801908969879, 0.3211446404457092, -0.835924506187439]
2020/03/09 15:43:31 682671	INFO [input.cpp->run:256]	frame times (ms): 535.183
2020/03/09 15:43:31 682675	INFO [input.cpp->run:257]	FPS: 1.86852
2020/03/09 15:43:31 763173	INFO [input.cpp->run:173]	
frame_id 43
2020/03/09 15:43:31 813932	WARNING [visualOdometry.cpp->trackingFrame2Frame:179]	The Estimated Rotation and translation matrices(using getTransformation function) are : 
 -0.569261  -0.821772 -0.0251423  0.0654616
 -0.821905   0.568066  0.0421051 0.00910596
-0.0203184  0.0446334  -0.998797  -0.413874
         0          0          0          1
2020/03/09 15:43:31 815910	INFO [input.cpp->run:235]	rotation: 
[-0.5692614316940308, -0.8217718005180359, -0.02514231204986572;
 -0.8219051957130432, 0.5680657029151917, 0.04210510849952698;
 -0.02031838893890381, 0.04463338851928711, -0.9987967014312744]
2020/03/09 15:43:31 815979	INFO [input.cpp->run:256]	frame times (ms): 526.726
2020/03/09 15:43:31 815984	INFO [input.cpp->run:257]	FPS: 1.89852
2020/03/09 15:43:31 899015	INFO [input.cpp->run:173]	
frame_id 44
2020/03/09 15:43:31 961095	WARNING [visualOdometry.cpp->trackingFrame2Frame:179]	The Estimated Rotation and translation matrices(using getTransformation function) are : 
-0.0527291  -0.930276  -0.363051   0.129297
 -0.931388  -0.085317   0.353889   0.202698
 -0.360189   0.356801  -0.861949   -0.33351
         0          0          0          1
2020/03/09 15:43:31 962919	INFO [input.cpp->run:235]	rotation: 
[-0.05272909998893738, -0.9302763342857361, -0.3630505204200745;
 -0.9313879609107971, -0.08531704545021057, 0.3538894057273865;
 -0.3601893782615662, 0.3568010926246643, -0.8619492650032043]
2020/03/09 15:43:31 962972	INFO [input.cpp->run:256]	frame times (ms): 545.796
2020/03/09 15:43:31 962976	INFO [input.cpp->run:257]	FPS: 1.83219
2020/03/09 15:43:32 031395	INFO [input.cpp->run:173]	
frame_id 45
2020/03/09 15:43:32 089149	WARNING [visualOdometry.cpp->trackingFrame2Frame:179]	The Estimated Rotation and translation matrices(using getTransformation function) are : 
 -0.659781  -0.751419 0.00765011   0.421145
  -0.75138   0.659531 -0.0211291   0.193501
 0.0108315 -0.0196887  -0.999747 -0.0238458
         0          0          0          1
2020/03/09 15:43:32 091287	INFO [input.cpp->run:235]	rotation: 
[-0.6597808003425598, -0.7514190673828125, 0.007650107145309448;
 -0.7513799667358398, 0.6595313549041748, -0.02112914621829987;
 0.01083147525787354, -0.01968872547149658, -0.9997474551200867]
2020/03/09 15:43:32 091350	INFO [input.cpp->run:256]	frame times (ms): 543.119
2020/03/09 15:43:32 091355	INFO [input.cpp->run:257]	FPS: 1.84122
2020/03/09 15:43:32 163789	INFO [input.cpp->run:173]	
frame_id 46
2020/03/09 15:43:32 215289	WARNING [visualOdometry.cpp->trackingFrame2Frame:179]	The Estimated Rotation and translation matrices(using getTransformation function) are : 
-0.875861 -0.472731  0.096917 -0.169438
-0.471711  0.796365  -0.37854 -0.173162
 0.101766 -0.377265 -0.920497  -0.61068
        0         0         0         1
2020/03/09 15:43:32 217271	INFO [input.cpp->run:235]	rotation: 
[-0.8758612275123596, -0.4727308750152588, 0.09691700339317322;
 -0.4717107713222504, 0.7963647246360779, -0.3785397112369537;
 0.1017661690711975, -0.3772650361061096, -0.9204971790313721]
2020/03/09 15:43:32 217332	INFO [input.cpp->run:256]	frame times (ms): 560.333
2020/03/09 15:43:32 217337	INFO [input.cpp->run:257]	FPS: 1.78465
2020/03/09 15:43:32 298589	INFO [input.cpp->run:173]	
frame_id 47
2020/03/09 15:43:32 350423	WARNING [visualOdometry.cpp->trackingFrame2Frame:179]	The Estimated Rotation and translation matrices(using getTransformation function) are : 
  0.997895 -0.0566615  0.0315633   -230.255
  0.058413   0.996627 -0.0576472   -108.695
-0.0281904  0.0593695   0.997838   -237.783
         0          0          0          1
2020/03/09 15:43:32 352218	INFO [input.cpp->run:235]	rotation: 
[0.9978947043418884, -0.05666150152683258, 0.03156331181526184;
 0.05841301381587982, 0.9966269135475159, -0.0576472282409668;
 -0.02819043397903442, 0.05936954915523529, 0.9978380799293518]
2020/03/09 15:43:32 352269	INFO [input.cpp->run:256]	frame times (ms): 544.369
2020/03/09 15:43:32 352273	INFO [input.cpp->run:257]	FPS: 1.83699
2020/03/09 15:43:32 429444	INFO [input.cpp->run:173]	
frame_id 48
