		g3log created log at: Mon Mar 09 14:54:27 2020
		LOG format: [YYYY/MM/DD hh:mm:ss uuu* LEVEL FILE->FUNCTION:LINE] message		(uuu*: microseconds fractions of the seconds value)

2020/03/09 14:54:27 838764	INFO [g3logger.h->logBanner:29]	Starting log.
2020/03/09 14:54:27 842274	DEBUG [main.cpp->main:48]	Filepath: /home/mitchell/KITTI/data_odometry_gray/dataset/sequences/00/
2020/03/09 14:54:27 842282	DEBUG [main.cpp->main:52]	Calibration Filepath: /home/mitchell/visual_odom_catkin_ws/tank_downsized.yaml
2020/03/09 14:54:27 842383	INFO [main.cpp->main:66]	P_left: 
[409.41, 0, 251.22, 0;
 0, 408.72, 191.78999, 0;
 0, 0, 1, 0]
2020/03/09 14:54:27 842397	INFO [main.cpp->main:67]	P_right: 
[409.41, 0, 251.22, -73.940002;
 0, 408.72, 191.78999, 0;
 0, 0, 1, 0]
2020/03/09 14:54:27 988481	INFO [input.cpp->Input:22]	frame_pose [1, 0, 0, 0;
 0, 1, 0, 0;
 0, 0, 1, 0;
 0, 0, 0, 1]
2020/03/09 14:54:28 507504	INFO [input.cpp->run:173]	
frame_id 1
2020/03/09 14:54:28 633863	INFO [input.cpp->run:235]	rotation: 
[-0.953929963630477, -0.03543230638356026, -0.2979298174944869;
 -0.03541140607614746, -0.9727652070239429, 0.2290717885802957;
 -0.2979323023904373, 0.2290685566986596, 0.9266951707677807]
2020/03/09 14:54:28 633955	INFO [input.cpp->run:256]	frame times (ms): 205.698
2020/03/09 14:54:28 633959	INFO [input.cpp->run:257]	FPS: 4.8615
2020/03/09 14:54:28 707340	INFO [input.cpp->run:173]	
frame_id 2
2020/03/09 14:54:28 769030	INFO [input.cpp->run:235]	rotation: 
[-0.9649514351777716, -0.01974022399537086, -0.2616850230811298;
 -0.04568870220387769, -0.9693011675402969, 0.2415942654450692;
 -0.2584207233162314, 0.2450827822627077, 0.9344266475219366]
2020/03/09 14:54:28 769109	INFO [input.cpp->run:256]	frame times (ms): 173.016
2020/03/09 14:54:28 769115	INFO [input.cpp->run:257]	FPS: 5.77981
2020/03/09 14:54:28 908294	INFO [input.cpp->run:173]	
frame_id 3
2020/03/09 14:54:28 988424	INFO [input.cpp->run:235]	rotation: 
[0.9999060350684799, -0.01261393569165936, 0.005367463087772059;
 0.01282123802008029, 0.9990964218136997, -0.04052105347463535;
 -0.004851483202522836, 0.0405860634384328, 0.9991642680587147]
2020/03/09 14:54:28 988490	INFO [input.cpp->run:256]	frame times (ms): 185.817
2020/03/09 14:54:28 988494	INFO [input.cpp->run:257]	FPS: 5.38164
2020/03/09 14:54:29 107668	INFO [input.cpp->run:173]	
frame_id 4
2020/03/09 14:54:29 183329	INFO [input.cpp->run:235]	rotation: 
[-0.9752868667019061, -0.01088769266371215, -0.2206739354505622;
 -0.0137812539574214, -0.993842462457977, 0.1099419703972307;
 -0.2205121417930073, 0.1102661233739766, 0.9691314551483383]
2020/03/09 14:54:29 183396	INFO [input.cpp->run:256]	frame times (ms): 189.652
2020/03/09 14:54:29 183400	INFO [input.cpp->run:257]	FPS: 5.27282
2020/03/09 14:54:29 305586	INFO [input.cpp->run:173]	
frame_id 5
2020/03/09 14:54:29 364229	INFO [input.cpp->run:235]	rotation: 
[-0.9693634403993493, 0.02893345478611039, -0.2439208388212808;
 0.00961945698749722, -0.9878047554809912, -0.1554002287527428;
 -0.2454424300409423, -0.1529856864000002, 0.9572634920920771]
2020/03/09 14:54:29 364295	INFO [input.cpp->run:256]	frame times (ms): 172.751
2020/03/09 14:54:29 364300	INFO [input.cpp->run:257]	FPS: 5.78868
2020/03/09 14:54:29 506147	INFO [input.cpp->run:173]	
frame_id 6
2020/03/09 14:54:29 560440	INFO [input.cpp->run:235]	rotation: 
[-0.9647276718723456, -0.02433097700074151, -0.2621231059673167;
 -0.0294268440241808, -0.9795119277495095, 0.1992246075343514;
 -0.2616000381776353, 0.1999109475607307, 0.9442462777638203]
2020/03/09 14:54:29 560499	INFO [input.cpp->run:256]	frame times (ms): 171.657
2020/03/09 14:54:29 560503	INFO [input.cpp->run:257]	FPS: 5.82557
2020/03/09 14:54:29 707753	INFO [input.cpp->run:173]	
frame_id 7
2020/03/09 14:54:29 757382	INFO [input.cpp->run:235]	rotation: 
[-0.9114416068734313, -0.05175171903937231, -0.4081616797746296;
 -0.03495397894849948, -0.9787307929916054, 0.202149089054814;
 -0.4099419673754388, 0.1985139653185467, 0.8902470381629257]
2020/03/09 14:54:29 757454	INFO [input.cpp->run:256]	frame times (ms): 164.287
2020/03/09 14:54:29 757459	INFO [input.cpp->run:257]	FPS: 6.08691
2020/03/09 14:54:29 906719	INFO [input.cpp->run:173]	
frame_id 8
2020/03/09 14:54:29 960313	INFO [input.cpp->run:235]	rotation: 
[-0.9521360790119973, -0.03434706162872337, -0.3037386481848043;
 -0.03892958937749753, -0.9719501872880083, 0.2319424939542237;
 -0.3031853791239925, 0.2326652376017491, 0.9240917233138513]
2020/03/09 14:54:29 960384	INFO [input.cpp->run:256]	frame times (ms): 167.807
2020/03/09 14:54:29 960387	INFO [input.cpp->run:257]	FPS: 5.95923
2020/03/09 14:54:30 107492	INFO [input.cpp->run:173]	
frame_id 9
2020/03/09 14:54:30 166225	INFO [input.cpp->run:235]	rotation: 
[0.9998344197749381, -0.01135215940715278, 0.01422186732139407;
 0.01167037682863399, 0.9996788209143727, -0.02249571781311551;
 -0.01396192458045906, 0.02265796751794459, 0.9996457778483163]
2020/03/09 14:54:30 166281	INFO [input.cpp->run:256]	frame times (ms): 182.18
2020/03/09 14:54:30 166283	INFO [input.cpp->run:257]	FPS: 5.48908
2020/03/09 14:54:30 305280	INFO [input.cpp->run:173]	
frame_id 10
2020/03/09 14:54:30 362532	INFO [input.cpp->run:235]	rotation: 
[-0.9850204670172525, 0.01477897846265988, -0.1718029724792735;
 -0.01093861945859833, -0.9996691729922986, -0.02327855608137485;
 -0.1720901686949425, -0.02105056684495634, 0.9848562572650141]
2020/03/09 14:54:30 362590	INFO [input.cpp->run:256]	frame times (ms): 174.381
2020/03/09 14:54:30 362596	INFO [input.cpp->run:257]	FPS: 5.73457
2020/03/09 14:54:30 507388	INFO [input.cpp->run:173]	
frame_id 11
2020/03/09 14:54:30 562151	INFO [input.cpp->run:235]	rotation: 
[-0.9846504305683229, 0.010121155072118, -0.1742443451065845;
 -0.005635387618549903, -0.9996403211768797, -0.0262196621597899;
 -0.1744470463722589, -0.02483526720997711, 0.9843533092922501]
2020/03/09 14:54:30 562211	INFO [input.cpp->run:256]	frame times (ms): 171.98
2020/03/09 14:54:30 562215	INFO [input.cpp->run:257]	FPS: 5.81463
2020/03/09 14:54:30 705046	INFO [input.cpp->run:173]	
frame_id 12
2020/03/09 14:54:30 758365	INFO [input.cpp->run:235]	rotation: 
[-0.9749820282144518, -0.01749890032857435, -0.2215938472659487;
 -0.03244586270877364, -0.9750159129873706, 0.2197526687312069;
 -0.2199029573514585, 0.2214447062105906, 0.9500552254681761]
2020/03/09 14:54:30 758405	INFO [input.cpp->run:256]	frame times (ms): 177.396
2020/03/09 14:54:30 758407	INFO [input.cpp->run:257]	FPS: 5.63711
2020/03/09 14:54:30 905226	INFO [input.cpp->run:173]	
frame_id 13
2020/03/09 14:54:30 956919	INFO [input.cpp->run:235]	rotation: 
[-0.9939073344088839, 0.01211741826385822, -0.10955080457416;
 -0.01128823403877678, -0.9999027779596822, -0.008185988076973794;
 -0.1096393468628525, -0.006899478467918513, 0.9939474889632545]
2020/03/09 14:54:30 956978	INFO [input.cpp->run:256]	frame times (ms): 172.81
2020/03/09 14:54:30 956981	INFO [input.cpp->run:257]	FPS: 5.7867
2020/03/09 14:54:31 106109	INFO [input.cpp->run:173]	
frame_id 14
2020/03/09 14:54:31 159799	INFO [input.cpp->run:235]	rotation: 
[-0.9438044941660326, -0.03110086126985417, -0.3290377079002837;
 -0.03557788673310824, -0.9802170704900848, 0.194701588836461;
 -0.3285837652222113, 0.1954667008677168, 0.9240267734672434]
2020/03/09 14:54:31 159840	INFO [input.cpp->run:256]	frame times (ms): 175.239
2020/03/09 14:54:31 159843	INFO [input.cpp->run:257]	FPS: 5.70649
2020/03/09 14:54:31 304782	INFO [input.cpp->run:173]	
frame_id 15
2020/03/09 14:54:31 360431	INFO [input.cpp->run:235]	rotation: 
[-0.9909036837894215, -0.01858700924597161, -0.1332832042676207;
 -0.03557121307424015, -0.9190135710662498, 0.3926178103403944;
 -0.1297866643880686, 0.3937874798458543, 0.9099927705557167]
2020/03/09 14:54:31 360476	INFO [input.cpp->run:256]	frame times (ms): 175.105
2020/03/09 14:54:31 360480	INFO [input.cpp->run:257]	FPS: 5.71086
2020/03/09 14:54:31 508603	INFO [input.cpp->run:173]	
frame_id 16
2020/03/09 14:54:31 564100	INFO [input.cpp->run:235]	rotation: 
[-0.9435860189133025, -0.003646480389075063, -0.3311074268151001;
 -0.02019880950598169, -0.9974433796923778, 0.06854715459002014;
 -0.3305108666986395, 0.0713681125476858, 0.9410999731726143]
2020/03/09 14:54:31 564140	INFO [input.cpp->run:256]	frame times (ms): 179.681
2020/03/09 14:54:31 564143	INFO [input.cpp->run:257]	FPS: 5.56542
2020/03/09 14:54:31 708099	INFO [input.cpp->run:173]	
frame_id 17
2020/03/09 14:54:31 757392	INFO [input.cpp->run:235]	rotation: 
[-0.9449508282063439, 0.02514189797944195, -0.3262450263806884;
 0.00996645838120824, -0.9943695849504959, -0.1054978589010899;
 -0.3270605478798694, -0.1029417966200802, 0.9393797871623337]
2020/03/09 14:54:31 757432	INFO [input.cpp->run:256]	frame times (ms): 174.897
2020/03/09 14:54:31 757436	INFO [input.cpp->run:257]	FPS: 5.71765
2020/03/09 14:54:31 906675	INFO [input.cpp->run:173]	
frame_id 18
2020/03/09 14:54:31 971676	INFO [input.cpp->run:235]	rotation: 
[-0.9999465964344569, 0.01030707602601887, -0.0007539648129949602;
 -0.01029881568082763, -0.9998945008891663, -0.01024311901606711;
 -0.0008594618768197526, -0.0102348070523505, 0.9999472536338525]
2020/03/09 14:54:31 971748	INFO [input.cpp->run:256]	frame times (ms): 181.451
2020/03/09 14:54:31 971751	INFO [input.cpp->run:257]	FPS: 5.51113
2020/03/09 14:54:32 105776	INFO [input.cpp->run:173]	
frame_id 19
2020/03/09 14:54:32 165386	INFO [input.cpp->run:235]	rotation: 
[-0.9979445909024359, -0.001784148108919772, 0.06405786684003204;
 -0.001191705465431489, -0.9989228111433194, -0.04638746830354044;
 0.06407162653354057, -0.04636846118919353, 0.9968674899304785]
2020/03/09 14:54:32 165457	INFO [input.cpp->run:256]	frame times (ms): 173.326
2020/03/09 14:54:32 165461	INFO [input.cpp->run:257]	FPS: 5.76947
2020/03/09 14:54:32 307298	INFO [input.cpp->run:173]	
frame_id 20
2020/03/09 14:54:32 362361	INFO [input.cpp->run:235]	rotation: 
[-0.9969295585517306, 0.01266568898985005, -0.07727247639531169;
 -0.0143006973785593, -0.9996846399418022, 0.02064244944080371;
 -0.07698665689805266, 0.02168411830906808, 0.9967962949734612]
2020/03/09 14:54:32 362431	INFO [input.cpp->run:256]	frame times (ms): 181.578
2020/03/09 14:54:32 362440	INFO [input.cpp->run:257]	FPS: 5.50728
2020/03/09 14:54:32 506178	INFO [input.cpp->run:173]	
frame_id 21
2020/03/09 14:54:32 561000	INFO [input.cpp->run:235]	rotation: 
[-0.9426109367887624, -0.01188129812295129, -0.3336816695611634;
 -0.03292025840243304, -0.9911903140384857, 0.128288806772084;
 -0.3322662764003125, 0.1319113191170554, 0.9339156950474004]
2020/03/09 14:54:32 561066	INFO [input.cpp->run:256]	frame times (ms): 176.016
2020/03/09 14:54:32 561070	INFO [input.cpp->run:257]	FPS: 5.6813
2020/03/09 14:54:32 706072	INFO [input.cpp->run:173]	
frame_id 22
2020/03/09 14:54:32 763122	INFO [input.cpp->run:235]	rotation: 
[-0.8986426974042574, -6.329729244534173e-05, -0.4386813175819699;
 -0.008375268093380676, -0.9998152467483372, 0.01730107666954838;
 -0.4386013648934124, 0.01922155984862729, 0.8984761401120349]
2020/03/09 14:54:32 763202	INFO [input.cpp->run:256]	frame times (ms): 178.577
2020/03/09 14:54:32 763206	INFO [input.cpp->run:257]	FPS: 5.59983
2020/03/09 14:54:32 905904	INFO [input.cpp->run:173]	
frame_id 23
2020/03/09 14:54:32 959489	INFO [input.cpp->run:235]	rotation: 
[-0.9949521811574675, -0.003392175004969972, 0.1002928230669258;
 -0.003419888219125164, -0.9977017693360232, -0.06767188358792423;
 0.1002918818976228, -0.06767327842290882, 0.9926539506862038]
2020/03/09 14:54:32 959575	INFO [input.cpp->run:256]	frame times (ms): 170.619
2020/03/09 14:54:32 959580	INFO [input.cpp->run:257]	FPS: 5.86101
2020/03/09 14:54:33 106799	INFO [input.cpp->run:173]	
frame_id 24
2020/03/09 14:54:33 163929	INFO [input.cpp->run:235]	rotation: 
[-0.9647392940148327, -0.01291431946717638, -0.2628903097043742;
 -0.02422224660505409, -0.9902010561089214, 0.1375323643735564;
 -0.262090399200669, 0.139050670021674, 0.9549730539723915]
2020/03/09 14:54:33 163998	INFO [input.cpp->run:256]	frame times (ms): 169.475
2020/03/09 14:54:33 164003	INFO [input.cpp->run:257]	FPS: 5.90058
2020/03/09 14:54:33 308090	INFO [input.cpp->run:173]	
frame_id 25
2020/03/09 14:54:33 362797	INFO [input.cpp->run:235]	rotation: 
[-0.9850366209372197, 0.007280803009662922, -0.1721913044265558;
 -0.03427085752012031, -0.9874298185831532, 0.1542979640101477;
 -0.1689034154107605, 0.1578902887462547, 0.972904051272377]
2020/03/09 14:54:33 362864	INFO [input.cpp->run:256]	frame times (ms): 173.757
2020/03/09 14:54:33 362868	INFO [input.cpp->run:257]	FPS: 5.75516
2020/03/09 14:54:33 506552	INFO [input.cpp->run:173]	
frame_id 26
2020/03/09 14:54:33 558498	INFO [input.cpp->run:235]	rotation: 
[-0.9566503695164024, -0.01995724726074252, -0.2905542613452853;
 -0.02992719092031939, -0.985631882672017, 0.1662352402592006;
 -0.2896971414214326, 0.1677244768726049, 0.942307840416316]
2020/03/09 14:54:33 558561	INFO [input.cpp->run:256]	frame times (ms): 169.276
2020/03/09 14:54:33 558565	INFO [input.cpp->run:257]	FPS: 5.90751
2020/03/09 14:54:33 706193	INFO [input.cpp->run:173]	
frame_id 27
2020/03/09 14:54:33 759793	INFO [input.cpp->run:235]	rotation: 
[-0.9460811782322658, -0.03293929326350576, -0.3222505347613073;
 -0.04086867245376506, -0.9747295680096849, 0.2196178974025569;
 -0.3213411828672364, 0.2209463106887144, 0.9208271129731851]
2020/03/09 14:54:33 759862	INFO [input.cpp->run:256]	frame times (ms): 171.973
2020/03/09 14:54:33 759867	INFO [input.cpp->run:257]	FPS: 5.81487
2020/03/09 14:54:33 906487	INFO [input.cpp->run:173]	
frame_id 28
2020/03/09 14:54:33 958933	INFO [input.cpp->run:235]	rotation: 
[-0.9220347794258176, -0.04403865881971379, -0.3845938923833097;
 -0.0386070999639451, -0.9780932062801964, 0.2045560355034755;
 -0.385177046774023, 0.2034558339244319, 0.9001357488071211]
2020/03/09 14:54:33 958997	INFO [input.cpp->run:256]	frame times (ms): 170.919
2020/03/09 14:54:33 959001	INFO [input.cpp->run:257]	FPS: 5.85072
2020/03/09 14:54:34 106045	INFO [input.cpp->run:173]	
frame_id 29
2020/03/09 14:54:34 159459	INFO [input.cpp->run:235]	rotation: 
[-0.999253195858694, 0.006921504176114977, -0.03801504105122908;
 -0.006151295430753283, -0.9997741901678757, -0.02034035984666448;
 -0.03814724276681347, -0.02009132783337701, 0.9990701308792993]
2020/03/09 14:54:34 159523	INFO [input.cpp->run:256]	frame times (ms): 172.046
2020/03/09 14:54:34 159527	INFO [input.cpp->run:257]	FPS: 5.8124
2020/03/09 14:54:34 306855	INFO [input.cpp->run:173]	
frame_id 30
2020/03/09 14:54:34 361519	INFO [input.cpp->run:235]	rotation: 
[-0.9918563167279723, 0.0197903953198379, -0.1258148926793046;
 -0.01278645081259101, -0.998335709464157, -0.05623449016676219;
 -0.1267184029351601, -0.05416780835314478, 0.9904586285634454]
2020/03/09 14:54:34 361579	INFO [input.cpp->run:256]	frame times (ms): 175.207
2020/03/09 14:54:34 361583	INFO [input.cpp->run:257]	FPS: 5.70753
2020/03/09 14:54:34 506219	INFO [input.cpp->run:173]	
frame_id 31
2020/03/09 14:54:34 563208	INFO [input.cpp->run:235]	rotation: 
[-0.9952345952094902, -0.04589812713632379, 0.08603175241490842;
 0.02479518476807189, -0.9724121745320286, -0.2319477562603457;
 0.0943042910504046, -0.228709258114466, 0.9689162894400175]
2020/03/09 14:54:34 563288	INFO [input.cpp->run:256]	frame times (ms): 178.036
2020/03/09 14:54:34 563293	INFO [input.cpp->run:257]	FPS: 5.61684
2020/03/09 14:54:34 706243	INFO [input.cpp->run:173]	
frame_id 32
2020/03/09 14:54:34 761151	INFO [input.cpp->run:235]	rotation: 
[-0.8737786038860511, -0.01311157500333908, -0.4861471361551719;
 -0.01923899317333894, -0.997922038579598, 0.06149362616414288;
 -0.485943219453281, 0.06308479625132314, 0.8717106721552219]
2020/03/09 14:54:34 761221	INFO [input.cpp->run:256]	frame times (ms): 174.607
2020/03/09 14:54:34 761226	INFO [input.cpp->run:257]	FPS: 5.72715
2020/03/09 14:54:34 905284	INFO [input.cpp->run:173]	
frame_id 33
2020/03/09 14:54:34 957565	INFO [input.cpp->run:235]	rotation: 
[-0.9918361842548358, 0.02385863033715617, -0.1252667129018811;
 -0.0174653118046032, -0.9985000597659464, -0.05189020650343789;
 -0.1263168495742961, -0.04927876221899623, 0.9907651876745507]
2020/03/09 14:54:34 957638	INFO [input.cpp->run:256]	frame times (ms): 172.697
2020/03/09 14:54:34 957643	INFO [input.cpp->run:257]	FPS: 5.79049
2020/03/09 14:54:35 105823	INFO [input.cpp->run:173]	
frame_id 34
2020/03/09 14:54:35 162241	INFO [input.cpp->run:235]	rotation: 
[-0.9476842616579886, 0.02862020253045311, -0.3179236138019146;
 0.01363036280525777, -0.991435840741536, -0.1298814340193417;
 -0.3189180982878679, -0.1274200051021794, 0.9391780389703597]
2020/03/09 14:54:35 162318	INFO [input.cpp->run:256]	frame times (ms): 181.081
2020/03/09 14:54:35 162323	INFO [input.cpp->run:257]	FPS: 5.52239
2020/03/09 14:54:35 307395	INFO [input.cpp->run:173]	
frame_id 35
2020/03/09 14:54:35 362304	INFO [input.cpp->run:235]	rotation: 
[-0.9367841706439397, -0.01325828925526057, -0.3496564533895662;
 -0.03529408916928332, -0.9906051610578329, 0.1321201807268505;
 -0.3481231748974158, 0.1361088999720768, 0.9275152949939609]
2020/03/09 14:54:35 362366	INFO [input.cpp->run:256]	frame times (ms): 176.155
2020/03/09 14:54:35 362370	INFO [input.cpp->run:257]	FPS: 5.67682
2020/03/09 14:54:35 508065	INFO [input.cpp->run:173]	
frame_id 36
2020/03/09 14:54:35 560966	INFO [input.cpp->run:235]	rotation: 
[-0.9394281452947464, 0.0185717889245001, -0.3422423826533129;
 0.007239000033588357, -0.9972330545016677, -0.07398534914283765;
 -0.342669456921078, -0.07198141194376291, 0.9366943576364681]
2020/03/09 14:54:35 561014	INFO [input.cpp->run:256]	frame times (ms): 180.069
2020/03/09 14:54:35 561019	INFO [input.cpp->run:257]	FPS: 5.55343
2020/03/09 14:54:35 708998	INFO [input.cpp->run:173]	
frame_id 37
2020/03/09 14:54:35 761672	INFO [input.cpp->run:235]	rotation: 
[-0.9443298481352915, -0.02130145071760255, -0.3283098934209916;
 -0.0302796322043913, -0.9880392420212165, 0.1512005294293203;
 -0.3276038488698569, 0.1527242758158162, 0.9323899472764551]
2020/03/09 14:54:35 761717	INFO [input.cpp->run:256]	frame times (ms): 168.16
2020/03/09 14:54:35 761719	INFO [input.cpp->run:257]	FPS: 5.94672
2020/03/09 14:54:35 908302	INFO [input.cpp->run:173]	
frame_id 38
2020/03/09 14:54:35 960397	INFO [input.cpp->run:235]	rotation: 
[-0.9998438213450255, -0.006773780883968743, 0.01632325980657193;
 0.006782018530226982, -0.9999769008864208, 0.0004493531406773443;
 0.0163198389340252, 0.0005599876117901049, 0.9998666657465093]
2020/03/09 14:54:35 960446	INFO [input.cpp->run:256]	frame times (ms): 169.368
2020/03/09 14:54:35 960465	INFO [input.cpp->run:257]	FPS: 5.9043
2020/03/09 14:54:36 106703	INFO [input.cpp->run:173]	
frame_id 39
2020/03/09 14:54:36 159422	INFO [input.cpp->run:235]	rotation: 
[-0.9430093412056741, 0.02162724136912816, -0.3320627121939498;
 0.009204058876879202, -0.9958087969503732, -0.09099519336998745;
 -0.3326389449523783, -0.0888656421065641, 0.9388579391760798]
2020/03/09 14:54:36 159485	INFO [input.cpp->run:256]	frame times (ms): 171.563
2020/03/09 14:54:36 159489	INFO [input.cpp->run:257]	FPS: 5.82876
2020/03/09 14:54:36 306246	INFO [input.cpp->run:173]	
frame_id 40
2020/03/09 14:54:36 359815	INFO [input.cpp->run:235]	rotation: 
[-0.9984177194883722, 0.00345368350735356, 0.05612601430592774;
 -0.004284948074871819, -0.9998828104559238, -0.01469709409232968;
 0.05606867781242772, -0.01491433622372024, 0.9983155142255236]
2020/03/09 14:54:36 359878	INFO [input.cpp->run:256]	frame times (ms): 170.206
2020/03/09 14:54:36 359882	INFO [input.cpp->run:257]	FPS: 5.87523
2020/03/09 14:54:36 505557	INFO [input.cpp->run:173]	
frame_id 41
2020/03/09 14:54:36 562175	INFO [input.cpp->run:235]	rotation: 
[-0.947828177505574, 0.008614816605275789, -0.3186652332171169;
 0.003097906200336612, -0.9993386580866112, -0.03623050414809629;
 -0.3187666056908032, -0.03532748771861326, 0.9471746511113217]
2020/03/09 14:54:36 562241	INFO [input.cpp->run:256]	frame times (ms): 183.661
2020/03/09 14:54:36 562245	INFO [input.cpp->run:257]	FPS: 5.44481
2020/03/09 14:54:36 709734	INFO [input.cpp->run:173]	
frame_id 42
2020/03/09 14:54:36 764529	INFO [input.cpp->run:235]	rotation: 
[-0.9021718482338752, 0.05908245651550814, -0.4273116188291242;
 0.04396496083670468, -0.9728247891372629, -0.2273301824630136;
 -0.4291305611033787, -0.2238776294588924, 0.8750575801368543]
2020/03/09 14:54:36 764589	INFO [input.cpp->run:256]	frame times (ms): 167.271
2020/03/09 14:54:36 764594	INFO [input.cpp->run:257]	FPS: 5.97832
2020/03/09 14:54:36 906637	INFO [input.cpp->run:173]	
frame_id 43
2020/03/09 14:54:36 962345	INFO [input.cpp->run:235]	rotation: 
[-0.9670170802007256, -0.009322742124240793, -0.2545408672086827;
 -0.03651221535469532, -0.9839356867514968, 0.1747495993321665;
 -0.252080988434185, 0.1782796982725327, 0.951142220939591]
2020/03/09 14:54:36 962412	INFO [input.cpp->run:256]	frame times (ms): 171.929
2020/03/09 14:54:36 962417	INFO [input.cpp->run:257]	FPS: 5.81635
2020/03/09 14:54:37 108123	INFO [input.cpp->run:173]	
frame_id 44
2020/03/09 14:54:37 160394	INFO [input.cpp->run:235]	rotation: 
[-0.9403415473953921, 0.0355722003042837, -0.338367245470881;
 0.01784398304839182, -0.9879943167918583, -0.1534562551868051;
 -0.3397636921611963, -0.1503391118521759, 0.9284173549306861]
2020/03/09 14:54:37 160448	INFO [input.cpp->run:256]	frame times (ms): 170.211
2020/03/09 14:54:37 160451	INFO [input.cpp->run:257]	FPS: 5.87506
2020/03/09 14:54:37 307330	INFO [input.cpp->run:173]	
frame_id 45
2020/03/09 14:54:37 361562	INFO [input.cpp->run:235]	rotation: 
[-0.9802073170108343, 0.002758727355905535, -0.1979545531221688;
 -0.02571318986131527, -0.9932072687991983, 0.1134819504220522;
 -0.1962968352918042, 0.1163258811606984, 0.9736199678655988]
2020/03/09 14:54:37 361618	INFO [input.cpp->run:256]	frame times (ms): 175.177
2020/03/09 14:54:37 361621	INFO [input.cpp->run:257]	FPS: 5.70851
2020/03/09 14:54:37 507373	INFO [input.cpp->run:173]	
frame_id 46
2020/03/09 14:54:37 563755	INFO [input.cpp->run:235]	rotation: 
[-0.9994886222517387, 0.007739550780506642, 0.03102568843776028;
 -0.008220761884416701, -0.9998474230122802, -0.01541264966649456;
 0.03090166764692052, -0.0156598227773603, 0.9993997482925545]
2020/03/09 14:54:37 563821	INFO [input.cpp->run:256]	frame times (ms): 179.829
2020/03/09 14:54:37 563824	INFO [input.cpp->run:257]	FPS: 5.56084
2020/03/09 14:54:37 707752	INFO [input.cpp->run:173]	
frame_id 47
2020/03/09 14:54:37 761579	INFO [input.cpp->run:235]	rotation: 
[-0.8968723596811957, -0.0001512266177300203, -0.442289438682854;
 -0.007912524055345796, -0.9998344180312758, 0.01638683871689318;
 -0.4422186816530455, 0.01819652853073863, 0.8967226572059348]
2020/03/09 14:54:37 761643	INFO [input.cpp->run:256]	frame times (ms): 177.031
2020/03/09 14:54:37 761648	INFO [input.cpp->run:257]	FPS: 5.64873
2020/03/09 14:54:37 906395	INFO [input.cpp->run:173]	
frame_id 48
2020/03/09 14:54:37 960120	INFO [input.cpp->run:235]	rotation: 
[-0.9999489592213997, 0.0003054980795683245, -0.01009879314388585;
 0.0002634761745403862, -0.9984143406655664, -0.05629151742178969;
 -0.01009997684873908, -0.05629130505029691, 0.9983633003287875]
2020/03/09 14:54:37 960182	INFO [input.cpp->run:256]	frame times (ms): 170.833
2020/03/09 14:54:37 960185	INFO [input.cpp->run:257]	FPS: 5.85367
2020/03/09 14:54:38 106913	INFO [input.cpp->run:173]	
frame_id 49
2020/03/09 14:54:38 160681	INFO [input.cpp->run:235]	rotation: 
[-0.9548926123902235, -0.0193977315497328, -0.2963171051648875;
 -0.02808209160523133, -0.9874933444879249, 0.1551395846427593;
 -0.2956205252238922, 0.156462847356096, 0.9424053705617204]
2020/03/09 14:54:38 160742	INFO [input.cpp->run:256]	frame times (ms): 172.873
2020/03/09 14:54:38 160746	INFO [input.cpp->run:257]	FPS: 5.78459
2020/03/09 14:54:38 306542	INFO [input.cpp->run:173]	
frame_id 50
2020/03/09 14:54:38 360087	INFO [input.cpp->run:235]	rotation: 
[-0.933604211641068, -0.04707307402407883, -0.355200368395056;
 -0.01460357717379791, -0.9855097527588658, 0.1689889426882371;
 -0.3580082562452839, 0.1629559846065279, 0.9193886205197064]
2020/03/09 14:54:38 360147	INFO [input.cpp->run:256]	frame times (ms): 173.198
2020/03/09 14:54:38 360150	INFO [input.cpp->run:257]	FPS: 5.77374
2020/03/09 14:54:38 509235	INFO [input.cpp->run:173]	
frame_id 51
2020/03/09 14:54:38 562212	INFO [input.cpp->run:235]	rotation: 
[0.9999879006631486, -0.004908614748493188, -0.0003225345868241484;
 0.004912168300508035, 0.9999142648167462, 0.01213810605380908;
 0.0002629256478677397, -0.01213954353494841, 0.9999262784590006]
2020/03/09 14:54:38 562283	INFO [input.cpp->run:256]	frame times (ms): 171.266
2020/03/09 14:54:38 562291	INFO [input.cpp->run:257]	FPS: 5.83887
2020/03/09 14:54:38 708530	INFO [input.cpp->run:173]	
frame_id 52
2020/03/09 14:54:38 763005	INFO [input.cpp->run:235]	rotation: 
[-0.9958147343939308, -0.006572933876459725, 0.09115816641530736;
 0.003853971128867077, -0.9995433421664536, -0.02997088649429259;
 0.09131353497966793, -0.02949412943233957, 0.995385319692101]
2020/03/09 14:54:38 763087	INFO [input.cpp->run:256]	frame times (ms): 182.916
2020/03/09 14:54:38 763092	INFO [input.cpp->run:257]	FPS: 5.46699
2020/03/09 14:54:38 906810	INFO [input.cpp->run:173]	
frame_id 53
2020/03/09 14:54:38 961686	INFO [input.cpp->run:235]	rotation: 
[-0.9986384531539063, 0.00550493328677744, 0.05187422859071211;
 -0.01003044643297671, -0.9961238360466544, -0.0873881765689903;
 0.05119208949367576, -0.08778951514392803, 0.9948227837178162]
2020/03/09 14:54:38 961750	INFO [input.cpp->run:256]	frame times (ms): 176.804
2020/03/09 14:54:38 961754	INFO [input.cpp->run:257]	FPS: 5.65598
2020/03/09 14:54:39 106759	INFO [input.cpp->run:173]	
frame_id 54
2020/03/09 14:54:39 161373	INFO [input.cpp->run:235]	rotation: 
[-0.9437668371826509, 0.02299194970194798, -0.3298113510526265;
 0.006688655876659198, -0.996046904031097, -0.08857667216954065;
 -0.3305441255215699, -0.08580172037301897, 0.9398822510635096]
2020/03/09 14:54:39 161439	INFO [input.cpp->run:256]	frame times (ms): 173.84
2020/03/09 14:54:39 161442	INFO [input.cpp->run:257]	FPS: 5.75242
2020/03/09 14:54:39 307449	INFO [input.cpp->run:173]	
frame_id 55
2020/03/09 14:54:39 361652	INFO [input.cpp->run:235]	rotation: 
[0.9999527497520764, -0.009620032873242325, 0.001397580330097409;
 0.009607878539919285, 0.9999180753888188, 0.008457610814083321;
 -0.001478828327932843, -0.008443783407814159, 0.9999632571192496]
2020/03/09 14:54:39 361718	INFO [input.cpp->run:256]	frame times (ms): 170.915
2020/03/09 14:54:39 361722	INFO [input.cpp->run:257]	FPS: 5.85086
2020/03/09 14:54:39 510075	INFO [input.cpp->run:173]	
frame_id 56
2020/03/09 14:54:39 564255	INFO [input.cpp->run:235]	rotation: 
[-0.9951335733883855, 0.02051335165669447, -0.09637620826257738;
 -0.01477934116107037, -0.9980987026179168, -0.05983770472934367;
 -0.09742044030955511, -0.05812213206894786, 0.9935447023529705]
2020/03/09 14:54:39 564316	INFO [input.cpp->run:256]	frame times (ms): 164.205
2020/03/09 14:54:39 564328	INFO [input.cpp->run:257]	FPS: 6.08995
2020/03/09 14:54:39 707063	INFO [input.cpp->run:173]	
frame_id 57
2020/03/09 14:54:39 759920	INFO [input.cpp->run:235]	rotation: 
[-0.9949068643898348, 0.003691154202478697, 0.1007308620564747;
 -0.005944025529910512, -0.999738662998035, -0.02207428973718228;
 0.1006230577476493, -0.02256060920176631, 0.994668798727475]
2020/03/09 14:54:39 759980	INFO [input.cpp->run:256]	frame times (ms): 166.308
2020/03/09 14:54:39 759984	INFO [input.cpp->run:257]	FPS: 6.01294
2020/03/09 14:54:39 906771	INFO [input.cpp->run:173]	
frame_id 58
2020/03/09 14:54:39 958173	INFO [input.cpp->run:235]	rotation: 
[-0.992281773936557, 0.01252234622227327, -0.1233696557440643;
 -0.002480014638192318, -0.9966931262604682, -0.08121983496984424;
 -0.1239787507628375, -0.08028700337055743, 0.9890314789980457]
2020/03/09 14:54:39 958221	INFO [input.cpp->run:256]	frame times (ms): 172.545
2020/03/09 14:54:39 958224	INFO [input.cpp->run:257]	FPS: 5.79559
2020/03/09 14:54:40 108149	INFO [input.cpp->run:173]	
frame_id 59
2020/03/09 14:54:40 161330	INFO [input.cpp->run:235]	rotation: 
[-0.9468454985107538, 0.01329595251263849, -0.3214137825244956;
 -0.00388425593881902, -0.9995451763951908, -0.02990573357917629;
 -0.3216652211628168, -0.02706765582551591, 0.9464664957104338]
2020/03/09 14:54:40 161381	INFO [input.cpp->run:256]	frame times (ms): 169.548
2020/03/09 14:54:40 161395	INFO [input.cpp->run:257]	FPS: 5.89803
2020/03/09 14:54:40 307388	INFO [input.cpp->run:173]	
frame_id 60
2020/03/09 14:54:40 358891	INFO [input.cpp->run:235]	rotation: 
[-0.9717557904789238, -0.006058650573050946, -0.2359109501992556;
 -0.03241246564257985, -0.9867698356255924, 0.1588544099809945;
 -0.2337522529124598, 0.1620141483101861, 0.9587029258355659]
2020/03/09 14:54:40 358939	INFO [input.cpp->run:256]	frame times (ms): 168.264
2020/03/09 14:54:40 358943	INFO [input.cpp->run:257]	FPS: 5.94304
2020/03/09 14:54:40 506753	INFO [input.cpp->run:173]	
frame_id 61
2020/03/09 14:54:40 562581	INFO [input.cpp->run:235]	rotation: 
[-0.9187540971824959, 0.0006244745490072182, -0.3948297341157508;
 -0.001323855368988155, -0.999998000297896, 0.00149893534593132;
 -0.3948280085269267, 0.001899850453831364, 0.9187530866619797]
2020/03/09 14:54:40 562646	INFO [input.cpp->run:256]	frame times (ms): 180.483
2020/03/09 14:54:40 562650	INFO [input.cpp->run:257]	FPS: 5.54069
2020/03/09 14:54:40 707702	INFO [input.cpp->run:173]	
frame_id 62
2020/03/09 14:54:40 762740	INFO [input.cpp->run:235]	rotation: 
[-0.9891716610614608, 0.01053519568456274, -0.1463845435993787;
 0.001600537049875002, -0.9965865464774063, -0.08253904325462269;
 -0.1467544317356801, -0.08187957640415874, 0.9857783075995397]
2020/03/09 14:54:40 762799	INFO [input.cpp->run:256]	frame times (ms): 167.957
2020/03/09 14:54:40 762801	INFO [input.cpp->run:257]	FPS: 5.9539
2020/03/09 14:54:40 908865	INFO [input.cpp->run:173]	
frame_id 63
2020/03/09 14:54:40 961238	INFO [input.cpp->run:235]	rotation: 
[-0.9723660857049625, -0.009385868841706495, 0.2332725891246027;
 -0.0211955187527675, -0.9915159960905419, -0.1282449978805473;
 0.2324971942962119, -0.1296454201376462, 0.9639175896733716]
2020/03/09 14:54:40 961296	INFO [input.cpp->run:256]	frame times (ms): 168.545
2020/03/09 14:54:40 961299	INFO [input.cpp->run:257]	FPS: 5.93313
2020/03/09 14:54:41 107585	INFO [input.cpp->run:173]	
frame_id 64
2020/03/09 14:54:41 165828	INFO [input.cpp->run:235]	rotation: 
[-0.9981494959605969, 0.002245525046331477, 0.06076628449125899;
 -0.003620541218243816, -0.9997396721110257, -0.02252730983996586;
 0.06069987969422446, -0.02270562979979025, 0.9978977798254193]
2020/03/09 14:54:41 165891	INFO [input.cpp->run:256]	frame times (ms): 175.974
2020/03/09 14:54:41 165895	INFO [input.cpp->run:257]	FPS: 5.68266
2020/03/09 14:54:41 308107	INFO [input.cpp->run:173]	
frame_id 65
2020/03/09 14:54:41 360784	INFO [input.cpp->run:235]	rotation: 
[-0.9997971471880824, -0.0009619225428746127, 0.02011813061875528;
 0.0005980111194743435, -0.9998362392764913, -0.01808692931770742;
 0.02013223428417159, -0.01807122946742332, 0.9996339949242736]
2020/03/09 14:54:41 360846	INFO [input.cpp->run:256]	frame times (ms): 169.459
2020/03/09 14:54:41 360850	INFO [input.cpp->run:257]	FPS: 5.90113
2020/03/09 14:54:41 510223	INFO [input.cpp->run:173]	
frame_id 66
2020/03/09 14:54:41 563319	INFO [input.cpp->run:235]	rotation: 
[-0.9996461206450106, 0.00715639601784186, 0.02562068452279693;
 -0.007268172508928105, -0.9999644600085981, -0.004272281368687926;
 0.0255891998265153, -0.004456985051421354, 0.999662607151278]
2020/03/09 14:54:41 563383	INFO [input.cpp->run:256]	frame times (ms): 169.768
2020/03/09 14:54:41 563386	INFO [input.cpp->run:257]	FPS: 5.89039
2020/03/09 14:54:41 707910	INFO [input.cpp->run:173]	
frame_id 67
2020/03/09 14:54:41 761569	INFO [input.cpp->run:235]	rotation: 
[-0.9985584123553048, 0.002237177830987759, 0.05362920985624869;
 -0.004995919133403606, -0.9986675893068886, -0.05136230972201596;
 0.05344284710291469, -0.05155619364654785, 0.9972390992085172]
2020/03/09 14:54:41 761653	INFO [input.cpp->run:256]	frame times (ms): 171.943
2020/03/09 14:54:41 761661	INFO [input.cpp->run:257]	FPS: 5.81588
2020/03/09 14:54:41 908533	INFO [input.cpp->run:173]	
frame_id 68
2020/03/09 14:54:41 958607	INFO [input.cpp->run:235]	rotation: 
[-0.8962556373281458, -0.00208654212137913, -0.443532951311957;
 -0.01012612088993253, -0.9996320324371002, 0.02516468560095294;
 -0.4434222527492745, 0.02704525961509793, 0.8959047157477797]
2020/03/09 14:54:41 958664	INFO [input.cpp->run:256]	frame times (ms): 168.694
2020/03/09 14:54:41 958666	INFO [input.cpp->run:257]	FPS: 5.92789
2020/03/09 14:54:42 109539	INFO [input.cpp->run:173]	
frame_id 69
2020/03/09 14:54:42 164175	INFO [input.cpp->run:235]	rotation: 
[-0.9155109672664953, -0.0213988504305103, -0.4017234845201595;
 -0.02742791720130643, -0.9929405132251901, 0.1153986419074959;
 -0.4013569211721214, 0.1166671607452108, 0.9084610038030727]
2020/03/09 14:54:42 164228	INFO [input.cpp->run:256]	frame times (ms): 168.073
2020/03/09 14:54:42 164232	INFO [input.cpp->run:257]	FPS: 5.9498
2020/03/09 14:54:42 309574	INFO [input.cpp->run:173]	
frame_id 70
2020/03/09 14:54:42 363325	INFO [input.cpp->run:235]	rotation: 
[-0.9471474071359481, -0.03028117053749037, -0.3193663098489413;
 -0.03834603499207666, -0.9777104968704875, 0.2064261754469402;
 -0.3184986197082131, 0.2077624485323176, 0.92487479921545]
2020/03/09 14:54:42 363377	INFO [input.cpp->run:256]	frame times (ms): 168.145
2020/03/09 14:54:42 363380	INFO [input.cpp->run:257]	FPS: 5.94725
2020/03/09 14:54:42 508225	INFO [input.cpp->run:173]	
frame_id 71
2020/03/09 14:54:42 559059	INFO [input.cpp->run:235]	rotation: 
[-0.9577463450419876, -0.02657467875520676, -0.2863838770038767;
 -0.03219638413175875, -0.9795576232475367, 0.1985705305086261;
 -0.2858064579528501, 0.1994007251408443, 0.937312124857964]
2020/03/09 14:54:42 559116	INFO [input.cpp->run:256]	frame times (ms): 160
2020/03/09 14:54:42 559122	INFO [input.cpp->run:257]	FPS: 6.25
2020/03/09 14:54:42 706859	INFO [input.cpp->run:173]	
frame_id 72
2020/03/09 14:54:42 761279	INFO [input.cpp->run:235]	rotation: 
[-0.9997141256729247, 0.00313756525619574, 0.02370279760456118;
 -0.003308908224006275, -0.9999686550955874, -0.007193048914566896;
 0.0236794859822755, -0.007269422988474513, 0.9996931716446955]
2020/03/09 14:54:42 761343	INFO [input.cpp->run:256]	frame times (ms): 167.988
2020/03/09 14:54:42 761348	INFO [input.cpp->run:257]	FPS: 5.95281
2020/03/09 14:54:42 909518	INFO [input.cpp->run:173]	
frame_id 73
2020/03/09 14:54:42 963856	INFO [input.cpp->run:235]	rotation: 
[-0.930508793454414, 0.003122604196204215, -0.3662562417857813;
 -0.00394413937162052, -0.9999911046287424, 0.001494800322726722;
 -0.366248316130775, 0.002835490508084775, 0.9305128322193903]
2020/03/09 14:54:42 963933	INFO [input.cpp->run:256]	frame times (ms): 171.009
2020/03/09 14:54:42 963937	INFO [input.cpp->run:257]	FPS: 5.84765
2020/03/09 14:54:43 107792	INFO [input.cpp->run:173]	
frame_id 74
2020/03/09 14:54:43 163929	INFO [input.cpp->run:235]	rotation: 
[-0.9947500602410518, -0.003571657766317009, 0.1022719947552801;
 0.008598839907763917, -0.9987736826567268, 0.0487564435183752;
 0.1019724355042302, 0.04937989563699149, 0.9935608931032942]
2020/03/09 14:54:43 163997	INFO [input.cpp->run:256]	frame times (ms): 172.468
2020/03/09 14:54:43 164001	INFO [input.cpp->run:257]	FPS: 5.79818
2020/03/09 14:54:43 307631	INFO [input.cpp->run:173]	
frame_id 75
2020/03/09 14:54:43 359700	INFO [input.cpp->run:235]	rotation: 
[-0.2413625194027602, 0.02578066402216798, 0.9700925170261485;
 0.1996471028192207, -0.9769443582193145, 0.0756356746472418;
 0.9496763493756406, 0.2119317774804618, 0.2306507167353448]
2020/03/09 14:54:43 359754	INFO [input.cpp->run:256]	frame times (ms): 160.627
2020/03/09 14:54:43 359758	INFO [input.cpp->run:257]	FPS: 6.2256
2020/03/09 14:54:43 509691	INFO [input.cpp->run:173]	
frame_id 76
2020/03/09 14:54:43 560507	INFO [input.cpp->run:235]	rotation: 
[-0.922771159671834, 0.02006579393374187, -0.3848256108833027;
 0.008274589462019605, -0.9973812973092298, -0.0718476091946898;
 -0.385259546341338, -0.06948317560076286, 0.9201886601460049]
2020/03/09 14:54:43 560558	INFO [input.cpp->run:256]	frame times (ms): 166.027
2020/03/09 14:54:43 560561	INFO [input.cpp->run:257]	FPS: 6.02312
2020/03/09 14:54:43 709378	INFO [input.cpp->run:173]	
frame_id 77
2020/03/09 14:54:43 761905	INFO [input.cpp->run:235]	rotation: 
[-0.9205717539633589, 0.02176050570817602, -0.3899668270457752;
 0.009377828370606169, -0.996927442956717, -0.07776715125831313;
 -0.390460884263554, -0.07524728480886428, 0.9175391784490827]
2020/03/09 14:54:43 761966	INFO [input.cpp->run:256]	frame times (ms): 165.799
2020/03/09 14:54:43 761969	INFO [input.cpp->run:257]	FPS: 6.0314
2020/03/09 14:54:43 910879	INFO [input.cpp->run:173]	
frame_id 78
2020/03/09 14:54:43 963865	INFO [input.cpp->run:235]	rotation: 
[-0.930103972190249, 0.04353378365525393, -0.3647072944109812;
 0.02847579158619932, -0.9814157153075724, -0.1897691308955841;
 -0.3661908385110964, -0.1868903513506878, 0.9115789962271821]
2020/03/09 14:54:43 963926	INFO [input.cpp->run:256]	frame times (ms): 164.711
2020/03/09 14:54:43 963929	INFO [input.cpp->run:257]	FPS: 6.07124
2020/03/09 14:54:44 109496	INFO [input.cpp->run:173]	
frame_id 79
2020/03/09 14:54:44 163202	INFO [input.cpp->run:235]	rotation: 
[0.9999987031074949, -0.0005937443944352709, 0.001497080800195092;
 0.0005939517116761927, 0.9999998140831161, -0.0001380402022919236;
 -0.001496998561266177, 0.0001389292169724133, 0.9999988698463514]
2020/03/09 14:54:44 163290	INFO [input.cpp->run:256]	frame times (ms): 171.755
2020/03/09 14:54:44 163295	INFO [input.cpp->run:257]	FPS: 5.82225
2020/03/09 14:54:44 310246	INFO [input.cpp->run:173]	
frame_id 80
2020/03/09 14:54:44 364400	INFO [input.cpp->run:235]	rotation: 
[-0.9974107863416417, 0.01619471823638717, -0.07006749881786868;
 -0.03683911941135642, -0.9518289902082925, 0.3044083649968542;
 -0.06176246894630932, 0.3062014116562923, 0.9499611007453672]
2020/03/09 14:54:44 364473	INFO [input.cpp->run:256]	frame times (ms): 169.559
2020/03/09 14:54:44 364477	INFO [input.cpp->run:257]	FPS: 5.89765
2020/03/09 14:54:44 511137	INFO [input.cpp->run:173]	
frame_id 81
2020/03/09 14:54:44 566773	INFO [input.cpp->run:235]	rotation: 
[-0.9999740266084177, -0.006409137048616644, 0.003296827390004827;
 0.006457863339820609, -0.9998668224105043, 0.01498777647969738;
 0.003200329612967629, 0.01500867765704956, 0.9998822418091815]
2020/03/09 14:54:44 566838	INFO [input.cpp->run:256]	frame times (ms): 169.59
2020/03/09 14:54:44 566841	INFO [input.cpp->run:257]	FPS: 5.89657
2020/03/09 14:54:44 712456	INFO [input.cpp->run:173]	
frame_id 82
2020/03/09 14:54:44 771022	INFO [input.cpp->run:235]	rotation: 
[-0.8948249660271022, -0.006246508855499443, -0.446373454969842;
 -0.01430805355068284, -0.998987084483046, 0.04266244999591937;
 -0.4461878077426435, 0.04456216066554331, 0.8938292085508464]
2020/03/09 14:54:44 771085	INFO [input.cpp->run:256]	frame times (ms): 173.771
2020/03/09 14:54:44 771089	INFO [input.cpp->run:257]	FPS: 5.7547
2020/03/09 14:54:44 908113	INFO [input.cpp->run:173]	
frame_id 83
2020/03/09 14:54:44 961505	INFO [input.cpp->run:235]	rotation: 
[-0.9999937279083345, 0.001423209958069298, 0.003243241805215388;
 -0.001452675854121362, -0.9999575284976057, -0.009101150137378933;
 0.003230151212357891, -0.009105804433190524, 0.9999533241350671]
2020/03/09 14:54:44 961570	INFO [input.cpp->run:256]	frame times (ms): 169.291
2020/03/09 14:54:44 961574	INFO [input.cpp->run:257]	FPS: 5.90699
2020/03/09 14:54:45 111431	INFO [input.cpp->run:173]	
frame_id 84
2020/03/09 14:54:45 167115	INFO [input.cpp->run:235]	rotation: 
[-0.922526005139822, 0.02580355136416042, -0.3850713525799579;
 0.01086098986894763, -0.9956313992356673, -0.0927370247263401;
 -0.38578207415564, -0.08973457300853632, 0.9182156052187022]
