		g3log created log at: Mon Mar 09 16:24:04 2020
		LOG format: [YYYY/MM/DD hh:mm:ss uuu* LEVEL FILE->FUNCTION:LINE] message		(uuu*: microseconds fractions of the seconds value)

2020/03/09 16:24:04 679769	INFO [g3logger.h->logBanner:29]	Starting log.
2020/03/09 16:24:04 683190	DEBUG [main.cpp->main:48]	Filepath: /home/mitchell/KITTI/data_odometry_gray/dataset/sequences/00/
2020/03/09 16:24:04 683197	DEBUG [main.cpp->main:52]	Calibration Filepath: /home/mitchell/visual_odom_catkin_ws/tank_downsized.yaml
2020/03/09 16:24:04 683461	INFO [main.cpp->main:66]	P_left: 
[409.41, 0, 251.22, 0;
 0, 408.72, 191.78999, 0;
 0, 0, 1, 0]
2020/03/09 16:24:04 683477	INFO [main.cpp->main:67]	P_right: 
[409.41, 0, 251.22, -73.940002;
 0, 408.72, 191.78999, 0;
 0, 0, 1, 0]
2020/03/09 16:24:04 814754	INFO [input.cpp->Input:22]	frame_pose [1, 0, 0, 0;
 0, 1, 0, 0;
 0, 0, 1, 0;
 0, 0, 0, 1]
2020/03/09 16:24:05 192291	INFO [input.cpp->run:173]	
frame_id 1
2020/03/09 16:24:05 286276	WARNING [visualOdometry.cpp->trackingFrame2Frame:187]	The Estimated Rotation and translation matrices(using getTransformation function) are : 
           1  -0.00013566  0.000420846 -1.78814e-06
 0.000135988            1  -0.00041168  -0.00102279
-0.000420782  0.000411736            1 -0.000488341
           0            0            0            1
2020/03/09 16:24:05 292544	INFO [input.cpp->run:235]	rotation: 
[1, -0.0001356601715087891, 0.0004208460450172424;
 0.0001359879970550537, 1.000000238418579, -0.0004116799682378769;
 -0.000420781783759594, 0.0004117358475923538, 0.9999999403953552]
2020/03/09 16:24:05 292654	INFO [input.cpp->run:258]	frame times (ms): 416.065
2020/03/09 16:24:05 292661	INFO [input.cpp->run:259]	FPS: 2.40347
2020/03/09 16:24:05 389275	INFO [input.cpp->run:173]	
frame_id 2
2020/03/09 16:24:05 437982	WARNING [visualOdometry.cpp->trackingFrame2Frame:187]	The Estimated Rotation and translation matrices(using getTransformation function) are : 
           1 -8.58009e-05 -0.000131587  0.000341207
 8.55923e-05            1 -8.04849e-05 -0.000456631
 0.000131594  8.04774e-05            1  0.000872433
           0            0            0            1
2020/03/09 16:24:05 440105	INFO [input.cpp->run:235]	rotation: 
[1.00000011920929, -8.58008861541748e-05, -0.000131586566567421;
 8.559226989746094e-05, 1, -8.048489689826965e-05;
 0.0001315940171480179, 8.047744631767273e-05, 1.00000011920929]
2020/03/09 16:24:05 440185	INFO [input.cpp->run:258]	frame times (ms): 384.53
2020/03/09 16:24:05 440192	INFO [input.cpp->run:259]	FPS: 2.60058
2020/03/09 16:24:05 593870	INFO [input.cpp->run:173]	
frame_id 3
2020/03/09 16:24:05 651546	WARNING [visualOdometry.cpp->trackingFrame2Frame:187]	The Estimated Rotation and translation matrices(using getTransformation function) are : 
           1 -0.000169903  0.000132153 -0.000180602
 0.000169873            1  -8.6613e-05  -0.00123388
-0.000132192  8.66316e-05            1 -0.000374913
           0            0            0            1
2020/03/09 16:24:05 654775	INFO [input.cpp->run:235]	rotation: 
[0.9999999403953552, -0.000169903039932251, 0.0001321528106927872;
 0.0001698732376098633, 1, -8.66129994392395e-05;
 -0.000132191926240921, 8.663162589073181e-05, 1]
2020/03/09 16:24:05 654845	INFO [input.cpp->run:258]	frame times (ms): 366.78
2020/03/09 16:24:05 654852	INFO [input.cpp->run:259]	FPS: 2.72643
2020/03/09 16:24:05 791907	INFO [input.cpp->run:173]	
frame_id 4
2020/03/09 16:24:05 844201	WARNING [visualOdometry.cpp->trackingFrame2Frame:187]	The Estimated Rotation and translation matrices(using getTransformation function) are : 
           1 -0.000286162  0.000192732  0.000240684
 0.000286013            1  0.000115804  -0.00138804
-0.000192851 -0.000115708            1 -0.000291288
           0            0            0            1
2020/03/09 16:24:05 845642	INFO [input.cpp->run:235]	rotation: 
[1, -0.0002861618995666504, 0.0001927316188812256;
 0.0002860128879547119, 0.9999998211860657, 0.0001158043742179871;
 -0.0001928508281707764, -0.0001157075166702271, 1.00000011920929]
2020/03/09 16:24:05 845702	INFO [input.cpp->run:258]	frame times (ms): 382.171
2020/03/09 16:24:05 845706	INFO [input.cpp->run:259]	FPS: 2.61663
2020/03/09 16:24:05 990110	INFO [input.cpp->run:173]	
frame_id 5
2020/03/09 16:24:06 038748	WARNING [visualOdometry.cpp->trackingFrame2Frame:187]	The Estimated Rotation and translation matrices(using getTransformation function) are : 
    0.999999 -0.000723004 -0.000855684  -0.00122273
 0.000724256     0.999999    0.0011075 -0.000289202
 0.000854969   -0.0011081     0.999999 -0.000446677
           0            0            0            1
2020/03/09 16:24:06 039849	INFO [input.cpp->run:235]	rotation: 
[0.999999463558197, -0.0007230043411254883, -0.0008556842803955078;
 0.0007242560386657715, 0.9999991655349731, 0.001107499003410339;
 0.0008549690246582031, -0.001108095049858093, 0.9999989867210388]
2020/03/09 16:24:06 039917	INFO [input.cpp->run:258]	frame times (ms): 371.53
2020/03/09 16:24:06 039922	INFO [input.cpp->run:259]	FPS: 2.69157
2020/03/09 16:24:06 193584	INFO [input.cpp->run:173]	
frame_id 6
2020/03/09 16:24:06 245433	WARNING [visualOdometry.cpp->trackingFrame2Frame:187]	The Estimated Rotation and translation matrices(using getTransformation function) are : 
           1 -0.000212103 -0.000445846 -0.000620037
 0.000212252            1  0.000501052  -0.00160429
 0.000445751 -0.000501167            1 -0.000929058
           0            0            0            1
2020/03/09 16:24:06 247088	INFO [input.cpp->run:235]	rotation: 
[0.9999998807907104, -0.0002121031284332275, -0.0004458455368876457;
 0.000212252140045166, 0.9999999403953552, 0.0005010515451431274;
 0.0004457505419850349, -0.0005011670291423798, 0.9999997019767761]
2020/03/09 16:24:06 247165	INFO [input.cpp->run:258]	frame times (ms): 378.848
2020/03/09 16:24:06 247171	INFO [input.cpp->run:259]	FPS: 2.63958
2020/03/09 16:24:06 395924	INFO [input.cpp->run:173]	
frame_id 7
2020/03/09 16:24:06 441209	WARNING [visualOdometry.cpp->trackingFrame2Frame:187]	The Estimated Rotation and translation matrices(using getTransformation function) are : 
    0.999999 -0.000283659  -0.00118478 -0.000691384
 0.000284433            1  0.000509067  -0.00115332
  0.00118453 -0.000509357     0.999999  0.000243545
           0            0            0            1
2020/03/09 16:24:06 442402	INFO [input.cpp->run:235]	rotation: 
[0.9999992251396179, -0.000283658504486084, -0.001184778288006783;
 0.0002844333648681641, 1, 0.0005090665072202682;
 0.001184533350169659, -0.0005093570798635483, 0.9999994039535522]
2020/03/09 16:24:06 442452	INFO [input.cpp->run:258]	frame times (ms): 371.779
2020/03/09 16:24:06 442458	INFO [input.cpp->run:259]	FPS: 2.68977
2020/03/09 16:24:06 589944	INFO [input.cpp->run:173]	
frame_id 8
2020/03/09 16:24:06 634091	WARNING [visualOdometry.cpp->trackingFrame2Frame:187]	The Estimated Rotation and translation matrices(using getTransformation function) are : 
           1 -0.000247717  -0.00121422 -0.000508487
 0.000248611            1  0.000874929 -0.000891328
  0.00121403 -0.000875227     0.999999 -4.38094e-05
           0            0            0            1
2020/03/09 16:24:06 635673	INFO [input.cpp->run:235]	rotation: 
[0.9999996423721313, -0.0002477169036865234, -0.001214217394590378;
 0.0002486109733581543, 0.9999995827674866, 0.0008749291300773621;
 0.001214029267430305, -0.000875227153301239, 0.999998927116394]
2020/03/09 16:24:06 635724	INFO [input.cpp->run:258]	frame times (ms): 366.062
2020/03/09 16:24:06 635729	INFO [input.cpp->run:259]	FPS: 2.73178
2020/03/09 16:24:06 791798	INFO [input.cpp->run:173]	
frame_id 9
2020/03/09 16:24:06 838726	WARNING [visualOdometry.cpp->trackingFrame2Frame:187]	The Estimated Rotation and translation matrices(using getTransformation function) are : 
    0.999999 -0.000497907 -0.000866145 -0.000178635
 0.000498533     0.999999  0.000680819 -0.000895262
 0.000865847 -0.000681221     0.999999 -6.59227e-05
           0            0            0            1
2020/03/09 16:24:06 839868	INFO [input.cpp->run:235]	rotation: 
[0.9999994039535522, -0.0004979074001312256, -0.0008661448955535889;
 0.0004985332489013672, 0.999999463558197, 0.0006808191537857056;
 0.0008658468723297119, -0.0006812214851379395, 0.9999994039535522]
2020/03/09 16:24:06 839932	INFO [input.cpp->run:258]	frame times (ms): 385.373
2020/03/09 16:24:06 839936	INFO [input.cpp->run:259]	FPS: 2.59489
2020/03/09 16:24:06 992145	INFO [input.cpp->run:173]	
frame_id 10
2020/03/09 16:24:07 037982	WARNING [visualOdometry.cpp->trackingFrame2Frame:187]	The Estimated Rotation and translation matrices(using getTransformation function) are : 
    0.999999 -0.000248194  -0.00105443 -0.000108242
 0.000249356     0.999999   0.00108026 -0.000552863
  0.00105417  -0.00108052     0.999999 -3.52263e-05
           0            0            0            1
2020/03/09 16:24:07 039408	INFO [input.cpp->run:235]	rotation: 
[0.9999994039535522, -0.0002481937408447266, -0.001054434105753899;
 0.0002493560314178467, 0.9999994039535522, 0.001080259680747986;
 0.001054165884852409, -0.001080524176359177, 0.9999988675117493]
2020/03/09 16:24:07 039482	INFO [input.cpp->run:258]	frame times (ms): 378.793
2020/03/09 16:24:07 039488	INFO [input.cpp->run:259]	FPS: 2.63996
2020/03/09 16:24:07 194752	INFO [input.cpp->run:173]	
frame_id 11
2020/03/09 16:24:07 242320	WARNING [visualOdometry.cpp->trackingFrame2Frame:187]	The Estimated Rotation and translation matrices(using getTransformation function) are : 
           1  4.28855e-05 -0.000816528 -0.000316739
-4.28259e-05            1  -1.0157e-05  -0.00240147
 0.000816535  1.02054e-05            1 -0.000711739
           0            0            0            1
2020/03/09 16:24:07 243784	INFO [input.cpp->run:235]	rotation: 
[0.9999998807907104, 4.288554191589355e-05, -0.0008165277540683746;
 -4.282593727111816e-05, 1.000000357627869, -1.015700399875641e-05;
 0.0008165352046489716, 1.020543277263641e-05, 0.9999997615814209]
2020/03/09 16:24:07 243855	INFO [input.cpp->run:258]	frame times (ms): 373.115
2020/03/09 16:24:07 243865	INFO [input.cpp->run:259]	FPS: 2.68014
2020/03/09 16:24:07 392360	INFO [input.cpp->run:173]	
frame_id 12
2020/03/09 16:24:07 435085	WARNING [visualOdometry.cpp->trackingFrame2Frame:187]	The Estimated Rotation and translation matrices(using getTransformation function) are : 
           1   9.0301e-06 -0.000752799  0.000225604
-8.85129e-06            1   0.00031735  -0.00183138
 0.000752794 -0.000317335            1 -9.39369e-05
           0            0            0            1
2020/03/09 16:24:07 436663	INFO [input.cpp->run:235]	rotation: 
[0.9999996423721313, 9.03010368347168e-06, -0.0007527992129325867;
 -8.851289749145508e-06, 0.9999998211860657, 0.0003173500299453735;
 0.000752793624997139, -0.0003173351287841797, 0.9999996423721313]
2020/03/09 16:24:07 436714	INFO [input.cpp->run:258]	frame times (ms): 369.404
2020/03/09 16:24:07 436719	INFO [input.cpp->run:259]	FPS: 2.70706
2020/03/09 16:24:07 592833	INFO [input.cpp->run:173]	
frame_id 13
2020/03/09 16:24:07 651084	WARNING [visualOdometry.cpp->trackingFrame2Frame:187]	The Estimated Rotation and translation matrices(using getTransformation function) are : 
           1 -8.90791e-05 -0.000178456    0.0011054
 8.89003e-05            1  0.000122257  -0.00178772
 0.000178442 -0.000122271            1  0.000551641
           0            0            0            1
2020/03/09 16:24:07 652525	INFO [input.cpp->run:235]	rotation: 
[1.00000011920929, -8.907914161682129e-05, -0.0001784563064575195;
 8.890032768249512e-05, 1, 0.0001222565770149231;
 0.0001784423366189003, -0.0001222714781761169, 1]
2020/03/09 16:24:07 652583	INFO [input.cpp->run:258]	frame times (ms): 388.824
2020/03/09 16:24:07 652588	INFO [input.cpp->run:259]	FPS: 2.57186
2020/03/09 16:24:07 793382	INFO [input.cpp->run:173]	
frame_id 14
2020/03/09 16:24:07 843819	WARNING [visualOdometry.cpp->trackingFrame2Frame:187]	The Estimated Rotation and translation matrices(using getTransformation function) are : 
    0.999998 -0.000770032  -0.00184939  -0.00162494
 0.000772059     0.999999   0.00115271  -0.00166684
   0.0018485  -0.00115417     0.999998 -0.000688851
           0            0            0            1
2020/03/09 16:24:07 845235	INFO [input.cpp->run:235]	rotation: 
[0.9999982118606567, -0.0007700324058532715, -0.001849386841058731;
 0.0007720589637756348, 0.9999990463256836, 0.001152709126472473;
 0.001848500221967697, -0.00115416944026947, 0.9999976754188538]
2020/03/09 16:24:07 845292	INFO [input.cpp->run:258]	frame times (ms): 382.136
2020/03/09 16:24:07 845296	INFO [input.cpp->run:259]	FPS: 2.61687
2020/03/09 16:24:07 994366	INFO [input.cpp->run:173]	
frame_id 15
2020/03/09 16:24:08 045985	WARNING [visualOdometry.cpp->trackingFrame2Frame:187]	The Estimated Rotation and translation matrices(using getTransformation function) are : 
    0.999998 -0.000767857  -0.00162211 -0.000812292
 0.000768989            1  0.000783131  -0.00231349
  0.00162179 -0.000784539     0.999998 -0.000283122
           0            0            0            1
2020/03/09 16:24:08 047100	INFO [input.cpp->run:235]	rotation: 
[0.9999984502792358, -0.0007678568363189697, -0.001622110605239868;
 0.0007689893245697021, 0.9999995231628418, 0.0007831305265426636;
 0.0016217902302742, -0.0007845386862754822, 0.9999982118606567]
2020/03/09 16:24:08 047280	INFO [input.cpp->run:258]	frame times (ms): 505.771
2020/03/09 16:24:08 047285	INFO [input.cpp->run:259]	FPS: 1.97718
2020/03/09 16:24:08 192572	INFO [input.cpp->run:173]	
frame_id 16
2020/03/09 16:24:08 237838	WARNING [visualOdometry.cpp->trackingFrame2Frame:187]	The Estimated Rotation and translation matrices(using getTransformation function) are : 
    0.999998   -0.0010519  -0.00140776 -0.000319719
  0.00105181     0.999999 -4.49717e-05  -0.00357395
  0.00140768  4.34369e-05     0.999999 -0.000593424
           0            0            0            1
2020/03/09 16:24:08 239318	INFO [input.cpp->run:235]	rotation: 
[0.9999983310699463, -0.001051902770996094, -0.00140775740146637;
 0.001051813364028931, 0.9999992847442627, -4.497170448303223e-05;
 0.001407675445079803, 4.343688488006592e-05, 0.9999989867210388]
2020/03/09 16:24:08 239382	INFO [input.cpp->run:258]	frame times (ms): 373.806
2020/03/09 16:24:08 239386	INFO [input.cpp->run:259]	FPS: 2.67518
2020/03/09 16:24:08 390526	INFO [input.cpp->run:173]	
frame_id 17
2020/03/09 16:24:08 431447	WARNING [visualOdometry.cpp->trackingFrame2Frame:187]	The Estimated Rotation and translation matrices(using getTransformation function) are : 
    0.999993  -0.00184068   -0.0032988  -0.00208497
  0.00184083     0.999999 -2.04146e-06  -0.00416216
  0.00329871 -3.94881e-06     0.999995  -0.00175941
           0            0            0            1
2020/03/09 16:24:08 432528	INFO [input.cpp->run:235]	rotation: 
[0.9999932050704956, -0.001840680837631226, -0.0032988041639328;
 0.001840829849243164, 0.9999986290931702, -2.041459083557129e-06;
 0.00329870730638504, -3.948807716369629e-06, 0.9999949336051941]
2020/03/09 16:24:08 432594	INFO [input.cpp->run:258]	frame times (ms): 374.912
2020/03/09 16:24:08 432599	INFO [input.cpp->run:259]	FPS: 2.66729
2020/03/09 16:24:08 593649	INFO [input.cpp->run:173]	
frame_id 18
2020/03/09 16:24:08 639043	WARNING [visualOdometry.cpp->trackingFrame2Frame:187]	The Estimated Rotation and translation matrices(using getTransformation function) are : 
   0.999996 -0.00184086 -0.00215568  0.00106764
 0.00183964    0.999998 -0.00050151 -0.00343329
 0.00215659 0.000497531    0.999998 0.000116467
          0           0           0           1
2020/03/09 16:24:08 640776	INFO [input.cpp->run:235]	rotation: 
[0.9999961853027344, -0.001840859651565552, -0.00215567834675312;
 0.001839637756347656, 0.9999983310699463, -0.0005015097558498383;
 0.002156585454940796, 0.0004975311458110809, 0.9999979138374329]
2020/03/09 16:24:08 640846	INFO [input.cpp->run:258]	frame times (ms): 374.247
2020/03/09 16:24:08 640852	INFO [input.cpp->run:259]	FPS: 2.67203
2020/03/09 16:24:08 794340	INFO [input.cpp->run:173]	
frame_id 19
2020/03/09 16:24:08 837630	WARNING [visualOdometry.cpp->trackingFrame2Frame:187]	The Estimated Rotation and translation matrices(using getTransformation function) are : 
     0.99999  -0.00283259  -0.00334905   0.00016892
  0.00283352     0.999996  0.000254497  -0.00327078
  0.00334843 -0.000263989     0.999994   -0.0010767
           0            0            0            1
2020/03/09 16:24:08 838835	INFO [input.cpp->run:235]	rotation: 
[0.9999904036521912, -0.002832591533660889, -0.003349050879478455;
 0.002833515405654907, 0.9999958276748657, 0.0002544969320297241;
 0.003348425030708313, -0.0002639889717102051, 0.9999940991401672]
2020/03/09 16:24:08 838903	INFO [input.cpp->run:258]	frame times (ms): 347.944
2020/03/09 16:24:08 838907	INFO [input.cpp->run:259]	FPS: 2.87403
2020/03/09 16:24:08 993102	INFO [input.cpp->run:173]	
frame_id 20
2020/03/09 16:24:09 035933	WARNING [visualOdometry.cpp->trackingFrame2Frame:187]	The Estimated Rotation and translation matrices(using getTransformation function) are : 
    0.999989  -0.00327578  -0.00327501   0.00160629
  0.00327444     0.999995 -0.000424221  -0.00311801
   0.0032765  0.000413463     0.999995  -0.00033927
           0            0            0            1
2020/03/09 16:24:09 037571	INFO [input.cpp->run:235]	rotation: 
[0.99998939037323, -0.003275781869888306, -0.003275007009506226;
 0.003274440765380859, 0.9999947547912598, -0.0004242211580276489;
 0.00327649712562561, 0.0004134625196456909, 0.9999946355819702]
2020/03/09 16:24:09 037646	INFO [input.cpp->run:258]	frame times (ms): 344.293
2020/03/09 16:24:09 037651	INFO [input.cpp->run:259]	FPS: 2.9045
2020/03/09 16:24:09 193291	INFO [input.cpp->run:173]	
frame_id 21
2020/03/09 16:24:09 237986	WARNING [visualOdometry.cpp->trackingFrame2Frame:187]	The Estimated Rotation and translation matrices(using getTransformation function) are : 
    0.999982  -0.00395876  -0.00451908   0.00200108
  0.00395915     0.999992  7.48038e-05  -0.00198504
  0.00451878 -9.27299e-05      0.99999  0.000928164
           0            0            0            1
2020/03/09 16:24:09 239758	INFO [input.cpp->run:235]	rotation: 
[0.9999817609786987, -0.003958761692047119, -0.004519075155258179;
 0.003959149122238159, 0.9999919533729553, 7.480382919311523e-05;
 0.004518777132034302, -9.272992610931396e-05, 0.9999895691871643]
2020/03/09 16:24:09 239845	INFO [input.cpp->run:258]	frame times (ms): 324.65
2020/03/09 16:24:09 239851	INFO [input.cpp->run:259]	FPS: 3.08024
2020/03/09 16:24:09 392616	INFO [input.cpp->run:173]	
frame_id 22
2020/03/09 16:24:09 432363	WARNING [visualOdometry.cpp->trackingFrame2Frame:187]	The Estimated Rotation and translation matrices(using getTransformation function) are : 
    0.999972   -0.0048289  -0.00567874   0.00102615
  0.00483525     0.999988   0.00107315   -0.0014734
  0.00567342  -0.00110056     0.999984 -0.000312388
           0            0            0            1
2020/03/09 16:24:09 433813	INFO [input.cpp->run:235]	rotation: 
[0.9999724626541138, -0.004828900098800659, -0.005678743124008179;
 0.004835247993469238, 0.9999879598617554, 0.001073151826858521;
 0.005673423409461975, -0.001100555062294006, 0.9999836087226868]
2020/03/09 16:24:09 433856	INFO [input.cpp->run:258]	frame times (ms): 320.527
2020/03/09 16:24:09 433859	INFO [input.cpp->run:259]	FPS: 3.11986
2020/03/09 16:24:09 591636	INFO [input.cpp->run:173]	
frame_id 23
2020/03/09 16:24:09 630672	WARNING [visualOdometry.cpp->trackingFrame2Frame:187]	The Estimated Rotation and translation matrices(using getTransformation function) are : 
     0.99997  -0.00526589  -0.00572801    0.0020611
  0.00527012     0.999986  0.000703506   -0.0017442
  0.00572412 -0.000733681     0.999983 -0.000235081
           0            0            0            1
2020/03/09 16:24:09 631745	INFO [input.cpp->run:235]	rotation: 
[0.9999697208404541, -0.005265891551971436, -0.005728006362915039;
 0.005270123481750488, 0.999985933303833, 0.0007035061717033386;
 0.005724117159843445, -0.0007336810231208801, 0.9999833106994629]
2020/03/09 16:24:09 631789	INFO [input.cpp->run:258]	frame times (ms): 303.419
2020/03/09 16:24:09 631792	INFO [input.cpp->run:259]	FPS: 3.29577
2020/03/09 16:24:09 794790	INFO [input.cpp->run:173]	
frame_id 24
2020/03/09 16:24:09 829844	WARNING [visualOdometry.cpp->trackingFrame2Frame:187]	The Estimated Rotation and translation matrices(using getTransformation function) are : 
    0.999963  -0.00560805  -0.00650419   0.00269061
  0.00561783     0.999983   0.00150442 -6.14226e-05
  0.00649583  -0.00154102     0.999978   0.00131202
           0            0            0            1
2020/03/09 16:24:09 831622	INFO [input.cpp->run:235]	rotation: 
[0.9999632239341736, -0.005608052015304565, -0.00650419294834137;
 0.005617827177047729, 0.9999831914901733, 0.001504421234130859;
 0.006495833396911621, -0.001541018486022949, 0.9999778270721436]
2020/03/09 16:24:09 831667	INFO [input.cpp->run:258]	frame times (ms): 280.164
2020/03/09 16:24:09 831673	INFO [input.cpp->run:259]	FPS: 3.56934
2020/03/09 16:24:09 990186	INFO [input.cpp->run:173]	
frame_id 25
2020/03/09 16:24:10 027022	WARNING [visualOdometry.cpp->trackingFrame2Frame:187]	The Estimated Rotation and translation matrices(using getTransformation function) are : 
   0.999961 -0.00530359 -0.00712873  0.00223482
 0.00529188    0.999985 -0.00169194  -0.0035903
 0.00713762  0.00165414    0.999973 0.000929177
          0           0           0           1
2020/03/09 16:24:10 028175	INFO [input.cpp->run:235]	rotation: 
[0.9999606013298035, -0.00530359148979187, -0.007128728553652763;
 0.005291879177093506, 0.9999847412109375, -0.001691941171884537;
 0.007137620821595192, 0.001654144376516342, 0.9999733567237854]
2020/03/09 16:24:10 028230	INFO [input.cpp->run:258]	frame times (ms): 277.78
2020/03/09 16:24:10 028233	INFO [input.cpp->run:259]	FPS: 3.59997
2020/03/09 16:24:10 190455	INFO [input.cpp->run:173]	
frame_id 26
2020/03/09 16:24:10 228585	WARNING [visualOdometry.cpp->trackingFrame2Frame:187]	The Estimated Rotation and translation matrices(using getTransformation function) are : 
   0.999957 -0.00704038 -0.00600115  0.00451541
 0.00705048    0.999974  0.00164294  0.00062035
 0.00598943 -0.00168519    0.999981  0.00108701
          0           0           0           1
2020/03/09 16:24:10 229937	INFO [input.cpp->run:235]	rotation: 
[0.9999572038650513, -0.00704038143157959, -0.006001153029501438;
 0.007050484418869019, 0.9999738931655884, 0.001642938703298569;
 0.005989427678287029, -0.001685185357928276, 0.9999805092811584]
2020/03/09 16:24:10 229994	INFO [input.cpp->run:258]	frame times (ms): 277.784
2020/03/09 16:24:10 229997	INFO [input.cpp->run:259]	FPS: 3.59992
2020/03/09 16:24:10 392954	INFO [input.cpp->run:173]	
frame_id 27
2020/03/09 16:24:10 433635	WARNING [visualOdometry.cpp->trackingFrame2Frame:187]	The Estimated Rotation and translation matrices(using getTransformation function) are : 
     0.99996  -0.00611857   -0.0065657   0.00476909
  0.00611565     0.999981 -0.000513874  -0.00179729
  0.00656871  0.000473678     0.999978   0.00189334
           0            0            0            1
2020/03/09 16:24:10 435425	INFO [input.cpp->run:235]	rotation: 
[0.9999598860740662, -0.006118565797805786, -0.006565697491168976;
 0.006115645170211792, 0.9999813437461853, -0.0005138739943504333;
 0.006568711251020432, 0.0004736781120300293, 0.999978244304657]
2020/03/09 16:24:10 435499	INFO [input.cpp->run:258]	frame times (ms): 271.194
2020/03/09 16:24:10 435503	INFO [input.cpp->run:259]	FPS: 3.6874
2020/03/09 16:24:10 593871	INFO [input.cpp->run:173]	
frame_id 28
2020/03/09 16:24:10 633010	WARNING [visualOdometry.cpp->trackingFrame2Frame:187]	The Estimated Rotation and translation matrices(using getTransformation function) are : 
   0.999971 -0.00667149 -0.00368203  0.00655016
 0.00666299    0.999975 -0.00225286 -0.00397678
 0.00369695  0.00222827    0.999991 -0.00023222
          0           0           0           1
2020/03/09 16:24:10 635130	INFO [input.cpp->run:235]	rotation: 
[0.9999711513519287, -0.006671488285064697, -0.003682032227516174;
 0.006662994623184204, 0.9999753832817078, -0.002252862323075533;
 0.003696952480822802, 0.0022282674908638, 0.9999908804893494]
2020/03/09 16:24:10 635205	INFO [input.cpp->run:258]	frame times (ms): 268.685
2020/03/09 16:24:10 635208	INFO [input.cpp->run:259]	FPS: 3.72183
2020/03/09 16:24:10 791017	INFO [input.cpp->run:173]	
frame_id 29
2020/03/09 16:24:10 828408	WARNING [visualOdometry.cpp->trackingFrame2Frame:187]	The Estimated Rotation and translation matrices(using getTransformation function) are : 
   0.999946 -0.00766033  -0.0070559  0.00538406
 0.00766882     0.99997   0.0011556 -0.00103354
 0.00704676  -0.0012096    0.999974  0.00140327
          0           0           0           1
2020/03/09 16:24:10 829558	INFO [input.cpp->run:235]	rotation: 
[0.9999457597732544, -0.007660329341888428, -0.007055898662656546;
 0.007668823003768921, 0.999970018863678, 0.001155601814389229;
 0.007046760991215706, -0.00120959896594286, 0.9999741911888123]
2020/03/09 16:24:10 829632	INFO [input.cpp->run:258]	frame times (ms): 244.797
2020/03/09 16:24:10 829636	INFO [input.cpp->run:259]	FPS: 4.08502
2020/03/09 16:24:10 991709	INFO [input.cpp->run:173]	
frame_id 30
2020/03/09 16:24:11 026136	WARNING [visualOdometry.cpp->trackingFrame2Frame:187]	The Estimated Rotation and translation matrices(using getTransformation function) are : 
    0.999952  -0.00746739  -0.00631163   0.00652754
  0.00746503     0.999972 -0.000379112  -0.00330636
  0.00631427  0.000331998      0.99998   0.00140226
           0            0            0            1
2020/03/09 16:24:11 027701	INFO [input.cpp->run:235]	rotation: 
[0.9999523758888245, -0.007467389106750488, -0.006311632692813873;
 0.00746503472328186, 0.9999722242355347, -0.0003791116178035736;
 0.006314273923635483, 0.0003319978713989258, 0.999980092048645]
2020/03/09 16:24:11 027754	INFO [input.cpp->run:258]	frame times (ms): 244.932
2020/03/09 16:24:11 027758	INFO [input.cpp->run:259]	FPS: 4.08277
2020/03/09 16:24:11 190775	INFO [input.cpp->run:173]	
frame_id 31
2020/03/09 16:24:11 225864	WARNING [visualOdometry.cpp->trackingFrame2Frame:187]	The Estimated Rotation and translation matrices(using getTransformation function) are : 
     0.99992  -0.00825706  -0.00957721    0.0054372
  0.00828093     0.999963   0.00245173 -0.000394821
  0.00955647  -0.00253074     0.999951   0.00285959
           0            0            0            1
2020/03/09 16:24:11 226952	INFO [input.cpp->run:235]	rotation: 
[0.999920129776001, -0.008257061243057251, -0.00957721471786499;
 0.008280932903289795, 0.9999628067016602, 0.002451732754707336;
 0.009556472301483154, -0.002530738711357117, 0.9999513030052185]
2020/03/09 16:24:11 227008	INFO [input.cpp->run:258]	frame times (ms): 223.257
2020/03/09 16:24:11 227012	INFO [input.cpp->run:259]	FPS: 4.47914
2020/03/09 16:24:11 392115	INFO [input.cpp->run:173]	
frame_id 32
2020/03/09 16:24:11 426643	WARNING [visualOdometry.cpp->trackingFrame2Frame:187]	The Estimated Rotation and translation matrices(using getTransformation function) are : 
   0.999908 -0.00799769  -0.0109786  0.00450575
 0.00802118    0.999966  0.00206915 -0.00111666
  0.0109616  -0.0021567    0.999938  0.00415939
          0           0           0           1
2020/03/09 16:24:11 427928	INFO [input.cpp->run:235]	rotation: 
[0.9999077916145325, -0.007997691631317139, -0.01097863912582397;
 0.008021175861358643, 0.9999657869338989, 0.002069145441055298;
 0.01096157729625702, -0.002156704664230347, 0.9999376535415649]
2020/03/09 16:24:11 427973	INFO [input.cpp->run:258]	frame times (ms): 242.671
2020/03/09 16:24:11 427976	INFO [input.cpp->run:259]	FPS: 4.12081
2020/03/09 16:24:11 591567	INFO [input.cpp->run:173]	
frame_id 33
2020/03/09 16:24:11 627363	WARNING [visualOdometry.cpp->trackingFrame2Frame:187]	The Estimated Rotation and translation matrices(using getTransformation function) are : 
   0.999907 -0.00952393 -0.00982022  0.00484377
 0.00956416    0.999946  0.00405448 0.000838369
 0.00978108 -0.00414803    0.999944  0.00242555
          0           0           0           1
2020/03/09 16:24:11 628826	INFO [input.cpp->run:235]	rotation: 
[0.9999066591262817, -0.009523928165435791, -0.009820223785936832;
 0.00956416130065918, 0.9999462366104126, 0.004054483026266098;
 0.009781079366803169, -0.004148028790950775, 0.9999436736106873]
2020/03/09 16:24:11 628912	INFO [input.cpp->run:258]	frame times (ms): 214.395
2020/03/09 16:24:11 628918	INFO [input.cpp->run:259]	FPS: 4.66429
2020/03/09 16:24:11 794149	INFO [input.cpp->run:173]	
frame_id 34
2020/03/09 16:24:11 834402	WARNING [visualOdometry.cpp->trackingFrame2Frame:187]	The Estimated Rotation and translation matrices(using getTransformation function) are : 
    0.99992 -0.00918442 -0.00870347  0.00694558
 0.00920868    0.999954  0.00273615 0.000505865
 0.00867794  -0.0028161    0.999958  0.00402427
          0           0           0           1
2020/03/09 16:24:11 835850	INFO [input.cpp->run:235]	rotation: 
[0.9999200105667114, -0.009184420108795166, -0.008703467436134815;
 0.00920867919921875, 0.9999539256095886, 0.002736152149736881;
 0.00867793895304203, -0.002816103398799896, 0.9999584555625916]
2020/03/09 16:24:11 835922	INFO [input.cpp->run:258]	frame times (ms): 237.148
2020/03/09 16:24:11 835930	INFO [input.cpp->run:259]	FPS: 4.21678
2020/03/09 16:24:11 992067	INFO [input.cpp->run:173]	
frame_id 35
2020/03/09 16:24:12 025475	WARNING [visualOdometry.cpp->trackingFrame2Frame:187]	The Estimated Rotation and translation matrices(using getTransformation function) are : 
   0.999935 -0.00956061 -0.00628322  0.00678381
 0.00958383    0.999947  0.00370602 0.000486404
 0.00624737 -0.00376595    0.999973 0.000303805
          0           0           0           1
2020/03/09 16:24:12 026530	INFO [input.cpp->run:235]	rotation: 
[0.9999345541000366, -0.009560614824295044, -0.006283221300691366;
 0.009583830833435059, 0.9999469518661499, 0.003706018207594752;
 0.006247365847229958, -0.003765953239053488, 0.9999732971191406]
2020/03/09 16:24:12 026577	INFO [input.cpp->run:258]	frame times (ms): 231.882
2020/03/09 16:24:12 026579	INFO [input.cpp->run:259]	FPS: 4.31254
2020/03/09 16:24:12 193145	INFO [input.cpp->run:173]	
frame_id 36
2020/03/09 16:24:12 228632	WARNING [visualOdometry.cpp->trackingFrame2Frame:187]	The Estimated Rotation and translation matrices(using getTransformation function) are : 
   0.999947 -0.00744823 -0.00702837  0.00722605
 0.00743935    0.999971 -0.00128492  -0.0050078
 0.00703769  0.00123258    0.999974  0.00259221
          0           0           0           1
2020/03/09 16:24:12 229980	INFO [input.cpp->run:235]	rotation: 
[0.9999474287033081, -0.0074482262134552, -0.007028365042060614;
 0.007439345121383667, 0.9999713897705078, -0.001284921541810036;
 0.007037686184048653, 0.001232579350471497, 0.9999741911888123]
2020/03/09 16:24:12 230026	INFO [input.cpp->run:258]	frame times (ms): 233.934
2020/03/09 16:24:12 230030	INFO [input.cpp->run:259]	FPS: 4.27471
2020/03/09 16:24:12 393000	INFO [input.cpp->run:173]	
frame_id 37
2020/03/09 16:24:12 427515	WARNING [visualOdometry.cpp->trackingFrame2Frame:187]	The Estimated Rotation and translation matrices(using getTransformation function) are : 
   0.999924  -0.0103239 -0.00682537  0.00743681
  0.0103499     0.99994  0.00375073  0.00123525
 0.00678624 -0.00382108     0.99997  0.00181931
          0           0           0           1
2020/03/09 16:24:12 428581	INFO [input.cpp->run:235]	rotation: 
[0.9999235868453979, -0.0103239119052887, -0.006825371645390987;
 0.01034986972808838, 0.9999396204948425, 0.00375073030591011;
 0.006786237470805645, -0.003821082413196564, 0.9999697804450989]
2020/03/09 16:24:12 428651	INFO [input.cpp->run:258]	frame times (ms): 225.023
2020/03/09 16:24:12 428655	INFO [input.cpp->run:259]	FPS: 4.44399
2020/03/09 16:24:12 591472	INFO [input.cpp->run:173]	
frame_id 38
2020/03/09 16:24:12 624634	WARNING [visualOdometry.cpp->trackingFrame2Frame:187]	The Estimated Rotation and translation matrices(using getTransformation function) are : 
   0.999927 -0.00919457   -0.007845  0.00574875
 0.00920343    0.999957  0.00108317 -0.00196546
  0.0078347 -0.00115528    0.999969  0.00200588
          0           0           0           1
2020/03/09 16:24:12 626046	INFO [input.cpp->run:235]	rotation: 
[0.9999270439147949, -0.009194567799568176, -0.007844999432563782;
 0.009203433990478516, 0.999957263469696, 0.001083169132471085;
 0.007834696210920811, -0.001155275851488113, 0.9999685287475586]
2020/03/09 16:24:12 626088	INFO [input.cpp->run:258]	frame times (ms): 234.9
2020/03/09 16:24:12 626094	INFO [input.cpp->run:259]	FPS: 4.25713
2020/03/09 16:24:12 793647	INFO [input.cpp->run:173]	
frame_id 39
2020/03/09 16:24:12 826195	WARNING [visualOdometry.cpp->trackingFrame2Frame:187]	The Estimated Rotation and translation matrices(using getTransformation function) are : 
    0.999914  -0.00901503  -0.00955388   0.00486517
  0.00901461      0.99996 -8.78312e-05  -0.00272352
  0.00955428  1.69873e-06     0.999954   0.00331265
           0            0            0            1
2020/03/09 16:24:12 827458	INFO [input.cpp->run:235]	rotation: 
[0.9999139308929443, -0.00901502650231123, -0.009553882293403149;
 0.009014608338475227, 0.9999596476554871, -8.783116936683655e-05;
 0.009554281830787659, 1.698732376098633e-06, 0.9999543428421021]
2020/03/09 16:24:12 827501	INFO [input.cpp->run:258]	frame times (ms): 233.883
2020/03/09 16:24:12 827504	INFO [input.cpp->run:259]	FPS: 4.27564
2020/03/09 16:24:12 992901	INFO [input.cpp->run:173]	
frame_id 40
2020/03/09 16:24:13 026075	WARNING [visualOdometry.cpp->trackingFrame2Frame:187]	The Estimated Rotation and translation matrices(using getTransformation function) are : 
    0.999938  -0.00960066  -0.00569962   0.00940365
  0.00960633     0.999953  0.000966948 -0.000588357
  0.00569004  -0.00102164     0.999983   0.00218946
           0            0            0            1
2020/03/09 16:24:13 027689	INFO [input.cpp->run:235]	rotation: 
[0.9999376535415649, -0.00960066169500351, -0.005699618253856897;
 0.009606331586837769, 0.9999533891677856, 0.0009669475257396698;
 0.005690037272870541, -0.001021642237901688, 0.9999830722808838]
2020/03/09 16:24:13 027757	INFO [input.cpp->run:258]	frame times (ms): 236.58
2020/03/09 16:24:13 027764	INFO [input.cpp->run:259]	FPS: 4.2269
2020/03/09 16:24:13 196824	INFO [input.cpp->run:173]	
frame_id 41
2020/03/09 16:24:13 232264	WARNING [visualOdometry.cpp->trackingFrame2Frame:187]	The Estimated Rotation and translation matrices(using getTransformation function) are : 
    0.999895  -0.00970929   -0.0108149   0.00432432
  0.00971612     0.999953  0.000578545  -0.00108501
   0.0108088 -0.000683557     0.999941   0.00394166
           0            0            0            1
2020/03/09 16:24:13 233585	INFO [input.cpp->run:235]	rotation: 
[0.9998946189880371, -0.009709291160106659, -0.01081494800746441;
 0.009716123342514038, 0.9999528527259827, 0.0005785450339317322;
 0.01080882176756859, -0.0006835572421550751, 0.9999414086341858]
2020/03/09 16:24:13 233633	INFO [input.cpp->run:258]	frame times (ms): 228.741
2020/03/09 16:24:13 233636	INFO [input.cpp->run:259]	FPS: 4.37176
2020/03/09 16:24:13 392083	INFO [input.cpp->run:173]	
frame_id 42
2020/03/09 16:24:13 428739	WARNING [visualOdometry.cpp->trackingFrame2Frame:187]	The Estimated Rotation and translation matrices(using getTransformation function) are : 
   0.999899  -0.0103246 -0.00977292  0.00595158
  0.0103557    0.999941  0.00314537   0.0026049
 0.00973983 -0.00324623    0.999947  0.00371206
          0           0           0           1
2020/03/09 16:24:13 430133	INFO [input.cpp->run:235]	rotation: 
[0.9998990893363953, -0.01032458245754242, -0.009772917255759239;
 0.01035571098327637, 0.9999414682388306, 0.003145370632410049;
 0.009739834815263748, -0.003246232867240906, 0.9999472498893738]
2020/03/09 16:24:13 430201	INFO [input.cpp->run:258]	frame times (ms): 254.119
2020/03/09 16:24:13 430204	INFO [input.cpp->run:259]	FPS: 3.93516
2020/03/09 16:24:13 590705	INFO [input.cpp->run:173]	
frame_id 43
2020/03/09 16:24:13 622531	WARNING [visualOdometry.cpp->trackingFrame2Frame:187]	The Estimated Rotation and translation matrices(using getTransformation function) are : 
   0.999928 -0.00949477 -0.00733643  0.00775051
 0.00951344    0.999952  0.00251415  0.00221044
 0.00731227 -0.00258374     0.99997  0.00256723
          0           0           0           1
2020/03/09 16:24:13 623619	INFO [input.cpp->run:235]	rotation: 
[0.9999280571937561, -0.009494772180914879, -0.007336434908211231;
 0.00951344333589077, 0.9999516010284424, 0.002514153718948364;
 0.007312273606657982, -0.002583742141723633, 0.9999697804450989]
2020/03/09 16:24:13 623684	INFO [input.cpp->run:258]	frame times (ms): 240.71
2020/03/09 16:24:13 623688	INFO [input.cpp->run:259]	FPS: 4.15438
2020/03/09 16:24:13 793787	INFO [input.cpp->run:173]	
frame_id 44
2020/03/09 16:24:13 827328	WARNING [visualOdometry.cpp->trackingFrame2Frame:187]	The Estimated Rotation and translation matrices(using getTransformation function) are : 
    0.999915  -0.00868818   -0.0097612   0.00550032
   0.0086939     0.999962  0.000547744  0.000686824
  0.00975602 -0.000632543     0.999952   0.00434911
           0            0            0            1
2020/03/09 16:24:13 829326	INFO [input.cpp->run:235]	rotation: 
[0.9999146461486816, -0.008688181638717651, -0.009761195629835129;
 0.008693903684616089, 0.9999622106552124, 0.0005477443337440491;
 0.009756023064255714, -0.0006325431168079376, 0.9999520778656006]
2020/03/09 16:24:13 829377	INFO [input.cpp->run:258]	frame times (ms): 251.21
2020/03/09 16:24:13 829384	INFO [input.cpp->run:259]	FPS: 3.98073
2020/03/09 16:24:13 991880	INFO [input.cpp->run:173]	
frame_id 45
2020/03/09 16:24:14 028105	WARNING [visualOdometry.cpp->trackingFrame2Frame:187]	The Estimated Rotation and translation matrices(using getTransformation function) are : 
   0.999932 -0.00910976 -0.00720499  0.00725985
 0.00913094    0.999954  0.00291046  0.00374159
 0.00717814 -0.00297605     0.99997  0.00271744
          0           0           0           1
2020/03/09 16:24:14 029244	INFO [input.cpp->run:235]	rotation: 
[0.9999324083328247, -0.00910976342856884, -0.007204987574368715;
 0.009130939841270447, 0.9999539256095886, 0.002910461276769638;
 0.007178143132477999, -0.002976054325699806, 0.9999697804450989]
2020/03/09 16:24:14 029291	INFO [input.cpp->run:258]	frame times (ms): 261.8
2020/03/09 16:24:14 029298	INFO [input.cpp->run:259]	FPS: 3.81971
2020/03/09 16:24:14 190887	INFO [input.cpp->run:173]	
frame_id 46
2020/03/09 16:24:14 227208	WARNING [visualOdometry.cpp->trackingFrame2Frame:187]	The Estimated Rotation and translation matrices(using getTransformation function) are : 
    0.999941  -0.00761595  -0.00779543   0.00647461
  0.00762188      0.99997   0.00073842   0.00122252
  0.00778962 -0.000797801     0.999969   0.00343287
           0            0            0            1
2020/03/09 16:24:14 228781	INFO [input.cpp->run:235]	rotation: 
[0.9999405145645142, -0.007615953683853149, -0.007795430719852448;
 0.007621884346008301, 0.9999703764915466, 0.0007384195923805237;
 0.007789622992277145, -0.0007978007197380066, 0.9999691247940063]
2020/03/09 16:24:14 228835	INFO [input.cpp->run:258]	frame times (ms): 268.902
2020/03/09 16:24:14 228839	INFO [input.cpp->run:259]	FPS: 3.71883
2020/03/09 16:24:14 392657	INFO [input.cpp->run:173]	
frame_id 47
2020/03/09 16:24:14 431333	WARNING [visualOdometry.cpp->trackingFrame2Frame:187]	The Estimated Rotation and translation matrices(using getTransformation function) are : 
    0.99994 -0.00834379 -0.00714374   0.0057888
 0.00835207    0.999964  0.00111558  0.00228715
