		g3log created log at: Mon Mar 09 14:47:22 2020
		LOG format: [YYYY/MM/DD hh:mm:ss uuu* LEVEL FILE->FUNCTION:LINE] message		(uuu*: microseconds fractions of the seconds value)

2020/03/09 14:47:22 492362	INFO [g3logger.h->logBanner:29]	Starting log.
2020/03/09 14:47:22 497003	DEBUG [main.cpp->main:48]	Filepath: /home/mitchell/KITTI/data_odometry_gray/dataset/sequences/00/
2020/03/09 14:47:22 497011	DEBUG [main.cpp->main:52]	Calibration Filepath: /home/mitchell/visual_odom_catkin_ws/tank_downsized.yaml
2020/03/09 14:47:22 497136	INFO [main.cpp->main:66]	P_left: 
[409.41, 0, 251.22, 0;
 0, 408.72, 191.78999, 0;
 0, 0, 1, 0]
2020/03/09 14:47:22 497152	INFO [main.cpp->main:67]	P_right: 
[409.41, 0, 251.22, -73.940002;
 0, 408.72, 191.78999, 0;
 0, 0, 1, 0]
2020/03/09 14:47:22 631081	INFO [input.cpp->Input:22]	frame_pose [1, 0, 0, 0;
 0, 1, 0, 0;
 0, 0, 1, 0;
 0, 0, 0, 1]
2020/03/09 14:47:23 041808	INFO [input.cpp->run:173]	
frame_id 1
2020/03/09 14:47:23 154193	INFO [input.cpp->run:235]	rotation: 
[-0.9987774713441547, 0.01264325051491111, 0.04778818841296792;
 -0.01246399417606141, -0.9999141308317595, 0.004047198061146092;
 0.04783525461994771, 0.003446618543476701, 0.9988492925542174]
2020/03/09 14:47:23 154287	INFO [input.cpp->run:256]	frame times (ms): 227.803
2020/03/09 14:47:23 154291	INFO [input.cpp->run:257]	FPS: 4.38976
2020/03/09 14:47:23 174516	INFO [input.cpp->run:173]	
frame_id 2
2020/03/09 14:47:23 233886	INFO [input.cpp->run:235]	rotation: 
[-0.9587442771286642, -0.02500938625707982, -0.2831676917871802;
 -0.03043549928758735, -0.9813659540170572, 0.1897222830331392;
 -0.2826359698554849, 0.1905135031834634, 0.9401178190251553]
2020/03/09 14:47:23 233955	INFO [input.cpp->run:256]	frame times (ms): 271.673
2020/03/09 14:47:23 233961	INFO [input.cpp->run:257]	FPS: 3.6809
2020/03/09 14:47:23 240083	INFO [input.cpp->run:173]	
frame_id 3
2020/03/09 14:47:23 306145	INFO [input.cpp->run:235]	rotation: 
[-0.9446452269213026, -0.01452341568786684, -0.3277719720347642;
 -0.01914111519212319, -0.9948786463189859, 0.09924765391536473;
 -0.3275347507731091, 0.1000277436277534, 0.9395293702384928]
2020/03/09 14:47:23 306210	INFO [input.cpp->run:256]	frame times (ms): 182.428
2020/03/09 14:47:23 306214	INFO [input.cpp->run:257]	FPS: 5.48162
2020/03/09 14:47:23 311077	INFO [input.cpp->run:173]	
frame_id 4
2020/03/09 14:47:23 391784	INFO [input.cpp->run:235]	rotation: 
[0.9999484100154494, 0.01014056135547273, -0.0005884921158892612;
 -0.01013757821505923, 0.9999367632015562, 0.004868172750478802;
 0.0006378209059972138, -0.004861955716668043, 0.9999879772132768]
2020/03/09 14:47:23 391862	INFO [input.cpp->run:256]	frame times (ms): 178.01
2020/03/09 14:47:23 391868	INFO [input.cpp->run:257]	FPS: 5.61766
2020/03/09 14:47:23 439028	INFO [input.cpp->run:173]	
frame_id 5
2020/03/09 14:47:23 507285	INFO [input.cpp->run:235]	rotation: 
[-0.9998923363861884, -0.0007732001379776745, 0.0146532521208154;
 0.001446891436348599, -0.9989394301626796, 0.04602087973335986;
 0.01460212797303772, 0.04603712662414523, 0.9988329994703082]
2020/03/09 14:47:23 507349	INFO [input.cpp->run:256]	frame times (ms): 187.948
2020/03/09 14:47:23 507354	INFO [input.cpp->run:257]	FPS: 5.32062
2020/03/09 14:47:23 572614	INFO [input.cpp->run:173]	
frame_id 6
2020/03/09 14:47:23 625955	INFO [input.cpp->run:235]	rotation: 
[-0.9991652826492038, 0.008799787197753761, 0.0398911229951104;
 -0.009041109942165722, -0.9999418804038759, -0.005873171662261971;
 0.03983712187834921, -0.006228929252686524, 0.9991867714100372]
2020/03/09 14:47:23 626016	INFO [input.cpp->run:256]	frame times (ms): 163.372
2020/03/09 14:47:23 626019	INFO [input.cpp->run:257]	FPS: 6.121
2020/03/09 14:47:23 639684	INFO [input.cpp->run:173]	
frame_id 7
2020/03/09 14:47:23 691104	INFO [input.cpp->run:235]	rotation: 
[-0.9988355207878177, 0.01039258451700866, 0.04711259491458689;
 -0.01059027575962777, -0.9999361257621401, -0.00394847503939046;
 0.04706855077293296, -0.004442812494184381, 0.9988817812660699]
2020/03/09 14:47:23 691167	INFO [input.cpp->run:256]	frame times (ms): 165.551
2020/03/09 14:47:23 691173	INFO [input.cpp->run:257]	FPS: 6.04043
2020/03/09 14:47:23 705945	INFO [input.cpp->run:173]	
frame_id 8
2020/03/09 14:47:23 758154	INFO [input.cpp->run:235]	rotation: 
[-0.9415164254440739, -0.03318326481938359, -0.3353292286021907;
 -0.03826350204887655, -0.9781745550679971, 0.2042313497690339;
 -0.3347875819530485, 0.2051180410238273, 0.9196977026265636]
2020/03/09 14:47:23 758212	INFO [input.cpp->run:256]	frame times (ms): 163.215
2020/03/09 14:47:23 758215	INFO [input.cpp->run:257]	FPS: 6.12689
2020/03/09 14:47:23 775807	INFO [input.cpp->run:173]	
frame_id 9
2020/03/09 14:47:23 828975	INFO [input.cpp->run:235]	rotation: 
[-0.9835762222113758, -0.004831214145250718, -0.1804285855131643;
 -0.01173724443849367, -0.9958138396714339, 0.09064785607959466;
 -0.1801112217308781, 0.09127681024618786, 0.9794021093084764]
2020/03/09 14:47:23 829033	INFO [input.cpp->run:256]	frame times (ms): 168.307
2020/03/09 14:47:23 829037	INFO [input.cpp->run:257]	FPS: 5.94152
2020/03/09 14:47:23 839799	INFO [input.cpp->run:173]	
frame_id 10
2020/03/09 14:47:23 891503	INFO [input.cpp->run:235]	rotation: 
[0.9999835725906973, 0.005706679017614411, -0.0005369947259836435;
 -0.005709533337439269, 0.9999687228155035, -0.005473081380655033;
 0.000505744811623845, 0.005476057461397078, 0.999984878394101]
2020/03/09 14:47:23 891561	INFO [input.cpp->run:256]	frame times (ms): 164.666
2020/03/09 14:47:23 891565	INFO [input.cpp->run:257]	FPS: 6.0729
2020/03/09 14:47:23 906068	INFO [input.cpp->run:173]	
frame_id 11
2020/03/09 14:47:23 958964	INFO [input.cpp->run:235]	rotation: 
[0.9999827506657099, 0.005873526131726483, 7.862607063936165e-06;
 -0.005873459893423564, 0.9999762867104126, -0.00359562035468704;
 -2.898139072867993e-05, 0.003595512151922314, 0.9999935357053287]
2020/03/09 14:47:23 959022	INFO [input.cpp->run:256]	frame times (ms): 176.547
2020/03/09 14:47:23 959026	INFO [input.cpp->run:257]	FPS: 5.66421
2020/03/09 14:47:23 972065	INFO [input.cpp->run:173]	
frame_id 12
2020/03/09 14:47:24 024550	INFO [input.cpp->run:235]	rotation: 
[-0.9679775679937433, -0.01020015342827254, -0.2508293936741818;
 -0.01374649749234107, -0.9955212967900329, 0.09353278272447715;
 -0.2506600519979421, 0.09398566118047419, 0.9635020673692707]
2020/03/09 14:47:24 024610	INFO [input.cpp->run:256]	frame times (ms): 171.06
2020/03/09 14:47:24 024618	INFO [input.cpp->run:257]	FPS: 5.8459
2020/03/09 14:47:24 045773	INFO [input.cpp->run:173]	
frame_id 13
2020/03/09 14:47:24 098244	INFO [input.cpp->run:235]	rotation: 
[-0.9841284323302928, -0.004606641643252836, -0.1773978791640161;
 -0.01140250658291119, -0.9959557049518154, 0.08911911477095801;
 -0.1770909696250684, 0.08972743519516853, 0.9800957993229793]
2020/03/09 14:47:24 098311	INFO [input.cpp->run:256]	frame times (ms): 171.733
2020/03/09 14:47:24 098317	INFO [input.cpp->run:257]	FPS: 5.82299
2020/03/09 14:47:24 112201	INFO [input.cpp->run:173]	
frame_id 14
2020/03/09 14:47:24 164971	INFO [input.cpp->run:235]	rotation: 
[-0.9999735354090573, -0.001881699273711338, 0.00702763753719066;
 0.00188429625534807, -0.9999981588510352, 0.0003629354789987314;
 0.007026941662835847, 0.000376168025155013, 0.9999752399877126]
2020/03/09 14:47:24 165038	INFO [input.cpp->run:256]	frame times (ms): 172.32
2020/03/09 14:47:24 165046	INFO [input.cpp->run:257]	FPS: 5.80316
2020/03/09 14:47:24 172827	INFO [input.cpp->run:173]	
frame_id 15
2020/03/09 14:47:24 224728	INFO [input.cpp->run:235]	rotation: 
[-0.9990186596916415, 0.01032260219971459, 0.04307158543335379;
 -0.01015126806582349, -0.9999396762167062, 0.004194721002004666;
 0.04311228762861047, 0.003753373343449088, 0.9990631826085739]
2020/03/09 14:47:24 224792	INFO [input.cpp->run:256]	frame times (ms): 175.836
2020/03/09 14:47:24 224797	INFO [input.cpp->run:257]	FPS: 5.68712
2020/03/09 14:47:24 240326	INFO [input.cpp->run:173]	
frame_id 16
2020/03/09 14:47:24 294324	INFO [input.cpp->run:235]	rotation: 
[-0.9801668668551794, 0.007437470409843577, -0.1980343332687636;
 -0.007588483648600626, -0.9999712070367576, 3.655825670408541e-06;
 -0.1980286040833898, 0.001506363619064672, 0.9801950840692031]
2020/03/09 14:47:24 294390	INFO [input.cpp->run:256]	frame times (ms): 174.543
2020/03/09 14:47:24 294397	INFO [input.cpp->run:257]	FPS: 5.72925
2020/03/09 14:47:24 307057	INFO [input.cpp->run:173]	
frame_id 17
2020/03/09 14:47:24 360269	INFO [input.cpp->run:235]	rotation: 
[-0.9876063857488957, -0.01185888893574604, -0.1565023756407966;
 0.006351703239238178, -0.9993444200749595, 0.03564247369366336;
 -0.1568224559620337, 0.03420667797744285, 0.9870342549718245]
2020/03/09 14:47:24 360331	INFO [input.cpp->run:256]	frame times (ms): 174.313
2020/03/09 14:47:24 360336	INFO [input.cpp->run:257]	FPS: 5.73681
2020/03/09 14:47:24 373043	INFO [input.cpp->run:173]	
frame_id 18
2020/03/09 14:47:24 426118	INFO [input.cpp->run:235]	rotation: 
[0.9999557540147529, 0.009396177112478438, -0.0004492977387408571;
 -0.009402840878049382, 0.9997873661727225, -0.01835235747343389;
 0.0002767602015911795, 0.01835577013044012, 0.9998314803539191]
2020/03/09 14:47:24 426176	INFO [input.cpp->run:256]	frame times (ms): 169.908
2020/03/09 14:47:24 426189	INFO [input.cpp->run:257]	FPS: 5.88554
2020/03/09 14:47:24 439021	INFO [input.cpp->run:173]	
frame_id 19
2020/03/09 14:47:24 496617	INFO [input.cpp->run:235]	rotation: 
[-0.9975287214966201, 0.01002160595288239, 0.06954147829492568;
 -0.007277635202549725, -0.9991891166951882, 0.03959981191556748;
 0.06988194198201048, 0.03899585224116615, 0.9967927757025563]
2020/03/09 14:47:24 496695	INFO [input.cpp->run:256]	frame times (ms): 180.796
2020/03/09 14:47:24 496699	INFO [input.cpp->run:257]	FPS: 5.5311
2020/03/09 14:47:24 506000	INFO [input.cpp->run:173]	
frame_id 20
2020/03/09 14:47:24 560579	INFO [input.cpp->run:235]	rotation: 
[-0.7886796225171705, -0.4277069930425093, -0.4416459907309341;
 -0.4194357742981365, -0.1509005358722056, 0.895155103606299;
 -0.4495087143372151, 0.8912327172944317, -0.0603834361301826]
2020/03/09 14:47:24 560635	INFO [input.cpp->run:256]	frame times (ms): 169.842
2020/03/09 14:47:24 560642	INFO [input.cpp->run:257]	FPS: 5.88783
2020/03/09 14:47:24 573127	INFO [input.cpp->run:173]	
frame_id 21
2020/03/09 14:47:24 625222	INFO [input.cpp->run:235]	rotation: 
[-0.999439686264365, 0.005548020131603848, 0.03300807465465295;
 -0.005214393665829639, -0.9999345364948634, 0.01018493119762772;
 0.03306242003371169, 0.01000710734538074, 0.9994031890003612]
2020/03/09 14:47:24 625287	INFO [input.cpp->run:256]	frame times (ms): 171.968
2020/03/09 14:47:24 625292	INFO [input.cpp->run:257]	FPS: 5.81504
2020/03/09 14:47:24 639188	INFO [input.cpp->run:173]	
frame_id 22
2020/03/09 14:47:24 692186	INFO [input.cpp->run:235]	rotation: 
[-0.9895480694903775, -0.005977764446599678, -0.1440794381585651;
 0.003759123084512097, -0.9998702135197564, 0.01566604958476226;
 -0.1441543865496375, 0.01496069678115663, 0.9894421106817313]
2020/03/09 14:47:24 692245	INFO [input.cpp->run:256]	frame times (ms): 172.036
2020/03/09 14:47:24 692248	INFO [input.cpp->run:257]	FPS: 5.81274
2020/03/09 14:47:24 706350	INFO [input.cpp->run:173]	
frame_id 23
2020/03/09 14:47:24 759702	INFO [input.cpp->run:235]	rotation: 
[0.9999574031701524, 0.008919750471872613, -0.002372740340827319;
 -0.008964341719946001, 0.9997697090680211, -0.01949793341799161;
 0.002198277219437215, 0.0195183729230673, 0.9998070817391236]
2020/03/09 14:47:24 759757	INFO [input.cpp->run:256]	frame times (ms): 173.937
2020/03/09 14:47:24 759761	INFO [input.cpp->run:257]	FPS: 5.74921
2020/03/09 14:47:24 772353	INFO [input.cpp->run:173]	
frame_id 24
2020/03/09 14:47:24 827163	INFO [input.cpp->run:235]	rotation: 
[-0.9598114008556463, -0.01551396702604308, -0.2802166868954038;
 -0.02147042079912229, -0.9914855803201652, 0.1284342829928745;
 -0.2798233296532484, 0.1292890592598616, 0.9513060723749585]
2020/03/09 14:47:24 827243	INFO [input.cpp->run:256]	frame times (ms): 177.941
2020/03/09 14:47:24 827245	INFO [input.cpp->run:257]	FPS: 5.61984
2020/03/09 14:47:24 838695	INFO [input.cpp->run:173]	
frame_id 25
2020/03/09 14:47:24 893172	INFO [input.cpp->run:235]	rotation: 
[-0.9906147031974397, -0.005211586267378764, 0.1365845861641276;
 -0.003879958785052864, -0.9977979778810299, -0.06621284812145027;
 0.1366288978542776, -0.06612136345467794, 0.9884131269697003]
2020/03/09 14:47:24 893231	INFO [input.cpp->run:256]	frame times (ms): 172.57
2020/03/09 14:47:24 893234	INFO [input.cpp->run:257]	FPS: 5.79475
2020/03/09 14:47:24 906635	INFO [input.cpp->run:173]	
frame_id 26
2020/03/09 14:47:24 962968	INFO [input.cpp->run:235]	rotation: 
[-0.9995826493859898, 0.005689175625831977, 0.02832243505039357;
 -0.005788456654425823, -0.9999773825804978, -0.003424630931419587;
 0.02830231114317621, -0.003587144847234595, 0.9995929729523911]
2020/03/09 14:47:24 963038	INFO [input.cpp->run:256]	frame times (ms): 171.519
2020/03/09 14:47:24 963042	INFO [input.cpp->run:257]	FPS: 5.83026
2020/03/09 14:47:24 972663	INFO [input.cpp->run:173]	
frame_id 27
2020/03/09 14:47:25 032556	INFO [input.cpp->run:235]	rotation: 
[-0.9988844537768226, 0.0004331028928583718, 0.04721928022389886;
 -0.004015832115276998, -0.9971145077910706, -0.07580588001595262;
 0.04705019761277096, -0.07591093975478957, 0.9960039197363353]
2020/03/09 14:47:25 032628	INFO [input.cpp->run:256]	frame times (ms): 180.274
2020/03/09 14:47:25 032634	INFO [input.cpp->run:257]	FPS: 5.54711
2020/03/09 14:47:25 039875	INFO [input.cpp->run:173]	
frame_id 28
2020/03/09 14:47:25 090949	INFO [input.cpp->run:235]	rotation: 
[0.9999635993713677, 0.008531136407017779, -0.0001401565682259522;
 -0.008531352537704619, 0.9999622925852627, -0.001621552189405688;
 0.0001263176003651877, 0.001622688888980644, 0.9999986754614395]
2020/03/09 14:47:25 091005	INFO [input.cpp->run:256]	frame times (ms): 168.2
2020/03/09 14:47:25 091009	INFO [input.cpp->run:257]	FPS: 5.9453
2020/03/09 14:47:25 107417	INFO [input.cpp->run:173]	
frame_id 29
2020/03/09 14:47:25 160304	INFO [input.cpp->run:235]	rotation: 
[-0.9997415208310649, 0.007937242399958412, 0.02130473443800156;
 -0.00780464661105045, -0.9999496992396322, 0.006299720775231932;
 0.02135366520450496, 0.006131816505210549, 0.9997531804443938]
2020/03/09 14:47:25 160373	INFO [input.cpp->run:256]	frame times (ms): 169.83
2020/03/09 14:47:25 160378	INFO [input.cpp->run:257]	FPS: 5.88824
2020/03/09 14:47:25 173544	INFO [input.cpp->run:173]	
frame_id 30
2020/03/09 14:47:25 225259	INFO [input.cpp->run:235]	rotation: 
[-0.999627870788949, 0.007234514250650272, 0.02630174415337024;
 -0.007278073187090813, -0.9999722964400194, -0.001560770052645709;
 0.02628972408823563, -0.001751615263413752, 0.9996528308624608]
2020/03/09 14:47:25 225324	INFO [input.cpp->run:256]	frame times (ms): 169.14
2020/03/09 14:47:25 225329	INFO [input.cpp->run:257]	FPS: 5.91226
2020/03/09 14:47:25 247044	INFO [input.cpp->run:173]	
frame_id 31
2020/03/09 14:47:25 301895	INFO [input.cpp->run:235]	rotation: 
[0.9999986441121171, 0.0006025556046321787, 0.001532547118573936;
 -0.0005760287878555727, 0.9998510260474655, -0.01725091019819135;
 -0.001542713441597163, 0.01725000401663219, 0.9998500174509491]
2020/03/09 14:47:25 301952	INFO [input.cpp->run:256]	frame times (ms): 172.351
2020/03/09 14:47:25 301956	INFO [input.cpp->run:257]	FPS: 5.80211
2020/03/09 14:47:25 314584	INFO [input.cpp->run:173]	
frame_id 32
2020/03/09 14:47:25 368302	INFO [input.cpp->run:235]	rotation: 
[-0.9969390855587472, -0.01685039637131715, -0.07634476948303959;
 0.002031703212492125, -0.9817517697023961, 0.1901560802821456;
 -0.07815581787266576, 0.1894189188765024, 0.9787809465372281]
2020/03/09 14:47:25 368363	INFO [input.cpp->run:256]	frame times (ms): 168.151
2020/03/09 14:47:25 368370	INFO [input.cpp->run:257]	FPS: 5.94704
2020/03/09 14:47:25 373796	INFO [input.cpp->run:173]	
frame_id 33
2020/03/09 14:47:25 424838	INFO [input.cpp->run:235]	rotation: 
[0.9999517434234376, 0.009816016786742593, -0.0003957762876445857;
 -0.009821388176825952, 0.9998026371566032, -0.01726925212571927;
 0.0002261829073505566, 0.01727230584328403, 0.9998507970153089]
2020/03/09 14:47:25 424899	INFO [input.cpp->run:256]	frame times (ms): 167.175
2020/03/09 14:47:25 424910	INFO [input.cpp->run:257]	FPS: 5.98176
2020/03/09 14:47:25 439318	INFO [input.cpp->run:173]	
frame_id 34
2020/03/09 14:47:25 494018	INFO [input.cpp->run:235]	rotation: 
[-0.9999299115627183, -0.008382109042499683, 0.008361352173786299;
 0.008537246233334402, -0.9997887980563621, 0.01869424263687185;
 0.008202889059706548, 0.01876431530897051, 0.9997902845507445]
2020/03/09 14:47:25 494077	INFO [input.cpp->run:256]	frame times (ms): 175.762
2020/03/09 14:47:25 494080	INFO [input.cpp->run:257]	FPS: 5.68951
2020/03/09 14:47:25 507111	INFO [input.cpp->run:173]	
frame_id 35
2020/03/09 14:47:25 560896	INFO [input.cpp->run:235]	rotation: 
[-0.9653527739198172, 0.04244245863950733, 0.2574736095019217;
 -0.01467598974972784, -0.9939531170377689, 0.1088201105300355;
 0.260535289759718, 0.1012711155045553, 0.9601382837666053]
2020/03/09 14:47:25 560963	INFO [input.cpp->run:256]	frame times (ms): 177.547
2020/03/09 14:47:25 560967	INFO [input.cpp->run:257]	FPS: 5.63231
2020/03/09 14:47:25 574137	INFO [input.cpp->run:173]	
frame_id 36
2020/03/09 14:47:25 627601	INFO [input.cpp->run:235]	rotation: 
[-0.9999412104390571, 0.0004660863142066455, 0.01083320955308456;
 -0.0001891490419105073, -0.9996735093663459, 0.02555071219778901;
 0.01084158144890669, 0.02554716099142934, 0.9996148271594241]
2020/03/09 14:47:25 627666	INFO [input.cpp->run:256]	frame times (ms): 175.937
2020/03/09 14:47:25 627671	INFO [input.cpp->run:257]	FPS: 5.68385
2020/03/09 14:47:25 639892	INFO [input.cpp->run:173]	
frame_id 37
2020/03/09 14:47:25 697528	INFO [input.cpp->run:235]	rotation: 
[-0.9993179157723643, 0.003736565578067621, 0.036738825431125;
 -0.005243983758920149, -0.9991445517591189, -0.04102030380684214;
 0.03655412221233138, -0.04118498230848529, 0.9984826455084412]
2020/03/09 14:47:25 697599	INFO [input.cpp->run:256]	frame times (ms): 180.135
2020/03/09 14:47:25 697604	INFO [input.cpp->run:257]	FPS: 5.55139
2020/03/09 14:47:25 707238	INFO [input.cpp->run:173]	
frame_id 38
2020/03/09 14:47:25 761686	INFO [input.cpp->run:235]	rotation: 
[-0.9999510163519144, 0.0009777906838257233, 0.009849305668527502;
 -0.001102191379903207, -0.9999195942308071, -0.01263290336621786;
 0.009836161392308048, -0.01264314038033095, 0.9998716922337523]
2020/03/09 14:47:25 761748	INFO [input.cpp->run:256]	frame times (ms): 180.475
2020/03/09 14:47:25 761751	INFO [input.cpp->run:257]	FPS: 5.54093
2020/03/09 14:47:25 772742	INFO [input.cpp->run:173]	
frame_id 39
2020/03/09 14:47:25 825818	INFO [input.cpp->run:235]	rotation: 
[-0.995557840756072, -0.002949020285598302, -0.09410573302654099;
 -0.006878581726902581, -0.9945601668076633, 0.1039363252811023;
 -0.09390032386809855, 0.1041219375485681, 0.9901218870919875]
2020/03/09 14:47:25 825879	INFO [input.cpp->run:256]	frame times (ms): 173.838
2020/03/09 14:47:25 825884	INFO [input.cpp->run:257]	FPS: 5.75248
2020/03/09 14:47:25 839959	INFO [input.cpp->run:173]	
frame_id 40
2020/03/09 14:47:25 893645	INFO [input.cpp->run:235]	rotation: 
[-0.9484700412426065, -0.02422273384633732, -0.315939614531413;
 -0.02739861919237519, -0.9870701430205727, 0.1579298845174573;
 -0.3156800540604356, 0.1584480732680448, 0.9355427897996148]
2020/03/09 14:47:25 893710	INFO [input.cpp->run:256]	frame times (ms): 174.794
2020/03/09 14:47:25 893716	INFO [input.cpp->run:257]	FPS: 5.72102
2020/03/09 14:47:25 906868	INFO [input.cpp->run:173]	
frame_id 41
2020/03/09 14:47:25 960902	INFO [input.cpp->run:235]	rotation: 
[-0.9853771111338508, -0.007543621878690189, -0.1702205705032673;
 0.0003780938591273933, -0.9991138042442482, 0.04208875400412537;
 -0.170387223401698, 0.04140893547940391, 0.9845067263172569]
2020/03/09 14:47:25 960951	INFO [input.cpp->run:256]	frame times (ms): 173.258
2020/03/09 14:47:25 960954	INFO [input.cpp->run:257]	FPS: 5.77174
2020/03/09 14:47:25 973014	INFO [input.cpp->run:173]	
frame_id 42
2020/03/09 14:47:26 027162	INFO [input.cpp->run:235]	rotation: 
[-0.9985295677263608, -0.01634665281147811, -0.05168645197794054;
 0.01164423815567667, -0.9958731746306534, 0.09000573186657611;
 -0.05294444346653237, 0.08927153517737389, 0.9945991548926103]
2020/03/09 14:47:26 027251	INFO [input.cpp->run:256]	frame times (ms): 174.715
2020/03/09 14:47:26 027257	INFO [input.cpp->run:257]	FPS: 5.72361
2020/03/09 14:47:26 039978	INFO [input.cpp->run:173]	
frame_id 43
2020/03/09 14:47:26 092307	INFO [input.cpp->run:235]	rotation: 
[-0.9473507573977284, -0.02541238371719222, -0.3191876457693191;
 -0.03075742648147652, -0.9850138039186962, 0.1697108918303618;
 -0.3187169954272705, 0.1705931324626827, 0.932371953665694]
2020/03/09 14:47:26 092363	INFO [input.cpp->run:256]	frame times (ms): 172.923
2020/03/09 14:47:26 092373	INFO [input.cpp->run:257]	FPS: 5.78292
2020/03/09 14:47:26 106260	INFO [input.cpp->run:173]	
frame_id 44
2020/03/09 14:47:26 159854	INFO [input.cpp->run:235]	rotation: 
[-0.9975713117423038, -0.01099603935025479, -0.06877910371142511;
 -0.0003875281596297485, -0.9865684291867799, 0.1633480466790315;
 -0.06965147385852517, 0.1629779790356268, 0.9841681007525076]
2020/03/09 14:47:26 159900	INFO [input.cpp->run:256]	frame times (ms): 168.653
2020/03/09 14:47:26 159905	INFO [input.cpp->run:257]	FPS: 5.92933
2020/03/09 14:47:26 173332	INFO [input.cpp->run:173]	
frame_id 45
2020/03/09 14:47:26 225512	INFO [input.cpp->run:235]	rotation: 
[-0.9999846250002551, -0.001976557667781693, -0.0051810214133033;
 0.001367898888882403, -0.9933699628871671, 0.1149532326042995;
 -0.005373882742391037, 0.114944378084943, 0.9933573935552792]
2020/03/09 14:47:26 225567	INFO [input.cpp->run:256]	frame times (ms): 170.878
2020/03/09 14:47:26 225570	INFO [input.cpp->run:257]	FPS: 5.85213
2020/03/09 14:47:26 239980	INFO [input.cpp->run:173]	
frame_id 46
2020/03/09 14:47:26 299267	INFO [input.cpp->run:235]	rotation: 
[-0.9977489126247732, 0.001752059491077181, 0.06703758381402541;
 0.01953824215065326, -0.9486942894333821, 0.3155905611550396;
 0.06415110637974369, 0.3161899357728358, 0.9465244635328902]
2020/03/09 14:47:26 299329	INFO [input.cpp->run:256]	frame times (ms): 181.688
2020/03/09 14:47:26 299334	INFO [input.cpp->run:257]	FPS: 5.50394
2020/03/09 14:47:26 306368	INFO [input.cpp->run:173]	
frame_id 47
2020/03/09 14:47:26 358762	INFO [input.cpp->run:235]	rotation: 
[-0.9352893418454495, -0.02215424368702126, -0.353189802396618;
 -0.03523963383562627, -0.9872472543397909, 0.155245054689917;
 -0.3521249994496797, 0.1576453243366273, 0.9225811273147549]
2020/03/09 14:47:26 358818	INFO [input.cpp->run:256]	frame times (ms): 175.235
2020/03/09 14:47:26 358820	INFO [input.cpp->run:257]	FPS: 5.70662
2020/03/09 14:47:26 373620	INFO [input.cpp->run:173]	
frame_id 48
2020/03/09 14:47:26 425810	INFO [input.cpp->run:235]	rotation: 
[-0.9918264368438239, -0.0154958624744414, -0.1266499010021618;
 -0.003588266096928202, -0.9888179642116958, 0.1490843989110033;
 -0.1275438886191801, 0.148320301706849, 0.9806801948532902]
2020/03/09 14:47:26 425866	INFO [input.cpp->run:256]	frame times (ms): 175.279
2020/03/09 14:47:26 425868	INFO [input.cpp->run:257]	FPS: 5.70519
2020/03/09 14:47:26 440234	INFO [input.cpp->run:173]	
frame_id 49
2020/03/09 14:47:26 499552	INFO [input.cpp->run:235]	rotation: 
[-0.9658579389829731, -0.02394377466424193, -0.2579634419029011;
 -0.03802441340888859, -0.9718351151629435, 0.2325739730088866;
 -0.2562666300720274, 0.2344423267907406, 0.9377442133761593]
2020/03/09 14:47:26 499620	INFO [input.cpp->run:256]	frame times (ms): 185.453
2020/03/09 14:47:26 499625	INFO [input.cpp->run:257]	FPS: 5.3922
2020/03/09 14:47:26 506655	INFO [input.cpp->run:173]	
frame_id 50
2020/03/09 14:47:26 560630	INFO [input.cpp->run:235]	rotation: 
[-0.9998994398304224, -0.009587508438611269, -0.01044939753034224;
 0.009151847279309124, -0.999118395109784, 0.04097165171952364;
 -0.01083300134698446, 0.04087190031292037, 0.9991056670075629]
2020/03/09 14:47:26 560691	INFO [input.cpp->run:256]	frame times (ms): 275.81
2020/03/09 14:47:26 560694	INFO [input.cpp->run:257]	FPS: 3.62568
2020/03/09 14:47:26 573332	INFO [input.cpp->run:173]	
frame_id 51
2020/03/09 14:47:26 626062	INFO [input.cpp->run:235]	rotation: 
[-0.9998514468866151, 0.003347740491183882, 0.0169078914222335;
 -0.003597459491635401, -0.9998845845243671, -0.0147606204388482;
 0.01685652526318493, -0.01481925315720697, 0.9997480919171156]
2020/03/09 14:47:26 626119	INFO [input.cpp->run:256]	frame times (ms): 172.143
2020/03/09 14:47:26 626121	INFO [input.cpp->run:257]	FPS: 5.80912
2020/03/09 14:47:26 640251	INFO [input.cpp->run:173]	
frame_id 52
2020/03/09 14:47:26 693666	INFO [input.cpp->run:235]	rotation: 
[0.9999750891747115, 0.007016057124877248, -0.0007719925182803864;
 -0.007024888432029523, 0.9999020810875311, -0.01210285831289403;
 0.0006870025803150022, 0.01210797998201638, 0.9999264597200185]
2020/03/09 14:47:26 693721	INFO [input.cpp->run:256]	frame times (ms): 175.708
2020/03/09 14:47:26 693726	INFO [input.cpp->run:257]	FPS: 5.69126
2020/03/09 14:47:26 706833	INFO [input.cpp->run:173]	
frame_id 53
2020/03/09 14:47:26 758469	INFO [input.cpp->run:235]	rotation: 
[0.9999336834122459, 0.01150591851583155, -0.0004925613926462743;
 -0.01150622545980112, 0.9999336059164107, -0.0006249277337791348;
 0.0004853383219008521, 0.0006305538131408193, 0.9999996834242509]
2020/03/09 14:47:26 758513	INFO [input.cpp->run:256]	frame times (ms): 170.839
2020/03/09 14:47:26 758515	INFO [input.cpp->run:257]	FPS: 5.85346
2020/03/09 14:47:26 773591	INFO [input.cpp->run:173]	
frame_id 54
2020/03/09 14:47:26 834470	INFO [input.cpp->run:235]	rotation: 
[-0.9999220185929213, 0.001267698550004225, 0.0124237544021053;
 -0.0009457329938165797, -0.9996644277491391, 0.02588701377313815;
 0.01245240226470059, 0.02587324551293392, 0.9995876714148016]
2020/03/09 14:47:26 834536	INFO [input.cpp->run:256]	frame times (ms): 176.252
2020/03/09 14:47:26 834543	INFO [input.cpp->run:257]	FPS: 5.67369
2020/03/09 14:47:26 840086	INFO [input.cpp->run:173]	
frame_id 55
2020/03/09 14:47:26 903349	INFO [input.cpp->run:235]	rotation: 
[-0.9983164047742329, 0.002291416065632982, 0.05795778956330296;
 -0.0008829907090199144, -0.9997039609463555, 0.02431482666143425;
 0.0579963471785744, 0.02422271414565198, 0.9980228874296228]
2020/03/09 14:47:26 903428	INFO [input.cpp->run:256]	frame times (ms): 184.724
2020/03/09 14:47:26 903432	INFO [input.cpp->run:257]	FPS: 5.41348
2020/03/09 14:47:26 972995	INFO [input.cpp->run:173]	
frame_id 56
2020/03/09 14:47:27 039682	INFO [input.cpp->run:235]	rotation: 
[-0.9991642905455499, 0.01488135011334524, 0.03806922533243799;
 -0.01577152385552042, -0.999606650972575, -0.02319056632916649;
 0.03770914390280756, -0.02377159544912288, 0.9990059718119412]
2020/03/09 14:47:27 039743	INFO [input.cpp->run:256]	frame times (ms): 181.227
2020/03/09 14:47:27 039746	INFO [input.cpp->run:257]	FPS: 5.51794
2020/03/09 14:47:27 045076	INFO [input.cpp->run:173]	
frame_id 57
2020/03/09 14:47:27 099736	INFO [input.cpp->run:235]	rotation: 
[-0.9878811466562502, -0.01512540671670321, -0.1544734998398971;
 0.007120721692265626, -0.9986090882588256, 0.05224159424690666;
 -0.1550488161957829, 0.05050852322659458, 0.9866147949821927]
2020/03/09 14:47:27 099812	INFO [input.cpp->run:256]	frame times (ms): 177.062
2020/03/09 14:47:27 099818	INFO [input.cpp->run:257]	FPS: 5.64774
2020/03/09 14:47:27 106774	INFO [input.cpp->run:173]	
frame_id 58
2020/03/09 14:47:27 161640	INFO [input.cpp->run:235]	rotation: 
[-0.9952489418426196, -0.01020402267800437, -0.09682676118890214;
 -0.001262871756671609, -0.9930563113490321, 0.1176331910847465;
 -0.09735475805563955, 0.1171965887346601, 0.9883253566882144]
2020/03/09 14:47:27 161721	INFO [input.cpp->run:256]	frame times (ms): 182.351
2020/03/09 14:47:27 161727	INFO [input.cpp->run:257]	FPS: 5.48393
2020/03/09 14:47:27 173303	INFO [input.cpp->run:173]	
frame_id 59
2020/03/09 14:47:27 226149	INFO [input.cpp->run:235]	rotation: 
[0.9999787905903741, 0.006503608305149201, 0.0003484945134240162;
 -0.006494050079819219, 0.9997225044527895, -0.0226437939445424;
 -0.0004956641741061269, 0.02264105054221843, 0.9997435356867136]
2020/03/09 14:47:27 226211	INFO [input.cpp->run:256]	frame times (ms): 176.579
2020/03/09 14:47:27 226217	INFO [input.cpp->run:257]	FPS: 5.66319
2020/03/09 14:47:27 238367	INFO [input.cpp->run:173]	
frame_id 60
2020/03/09 14:47:27 293815	INFO [input.cpp->run:235]	rotation: 
[-0.9839558561762715, -0.005934144664338197, -0.1783133730922144;
 -0.0030062843732824, -0.9987533453735769, 0.04982687386697691;
 -0.1783867577783943, 0.04956350504344276, 0.9827113633295999]
2020/03/09 14:47:27 293881	INFO [input.cpp->run:256]	frame times (ms): 179.067
2020/03/09 14:47:27 293885	INFO [input.cpp->run:257]	FPS: 5.5845
2020/03/09 14:47:27 306161	INFO [input.cpp->run:173]	
frame_id 61
2020/03/09 14:47:27 360018	INFO [input.cpp->run:235]	rotation: 
[-0.9999184830707905, -0.002269488893972947, -0.01256489687858548;
 0.002233133014204206, -0.9999932820173508, 0.002906722743567339;
 -0.01257140924281065, 0.002878426710415579, 0.9999168337063453]
2020/03/09 14:47:27 360084	INFO [input.cpp->run:256]	frame times (ms): 175.022
2020/03/09 14:47:27 360088	INFO [input.cpp->run:257]	FPS: 5.71357
2020/03/09 14:47:27 373085	INFO [input.cpp->run:173]	
frame_id 62
2020/03/09 14:47:27 432859	INFO [input.cpp->run:235]	rotation: 
[-0.9927155801895994, -0.009451354065674966, -0.1201101525898308;
 -0.002823890695578504, -0.9948191829642153, 0.1016209567350671;
 -0.1204483395077185, 0.1012198849670173, 0.9875458128092577]
2020/03/09 14:47:27 432938	INFO [input.cpp->run:256]	frame times (ms): 185.136
2020/03/09 14:47:27 432942	INFO [input.cpp->run:257]	FPS: 5.40143
2020/03/09 14:47:27 445776	INFO [input.cpp->run:173]	
frame_id 63
2020/03/09 14:47:27 503081	INFO [input.cpp->run:235]	rotation: 
[-0.9883313079596711, -0.01679112148729819, -0.1513911620469456;
 -0.01162410311049399, -0.9826926310896453, 0.1848785358796064;
 -0.1518752973119801, 0.1844810316572116, 0.9710307116796503]
2020/03/09 14:47:27 503153	INFO [input.cpp->run:256]	frame times (ms): 174.256
2020/03/09 14:47:27 503156	INFO [input.cpp->run:257]	FPS: 5.73868
2020/03/09 14:47:27 578862	INFO [input.cpp->run:173]	
frame_id 64
2020/03/09 14:47:27 633981	INFO [input.cpp->run:235]	rotation: 
[-0.9967763534099687, 0.001674030315030461, 0.08021283504046965;
 -0.003294390577473015, -0.9997930958230515, -0.02007268131768982;
 0.08016263639282513, -0.02027222649495699, 0.9965756311286618]
2020/03/09 14:47:27 634050	INFO [input.cpp->run:256]	frame times (ms): 174.769
2020/03/09 14:47:27 634054	INFO [input.cpp->run:257]	FPS: 5.72184
2020/03/09 14:47:27 644025	INFO [input.cpp->run:173]	
frame_id 65
2020/03/09 14:47:27 697076	INFO [input.cpp->run:235]	rotation: 
[0.9999497003728716, 0.009618821356842328, -0.00284165443176522;
 -0.009441283076585266, 0.9983300245644842, 0.0569914399444709;
 0.003385099418363021, -0.05696174443239604, 0.9983706229517905]
2020/03/09 14:47:27 697140	INFO [input.cpp->run:256]	frame times (ms): 173.757
2020/03/09 14:47:27 697155	INFO [input.cpp->run:257]	FPS: 5.75516
2020/03/09 14:47:27 712469	INFO [input.cpp->run:173]	
frame_id 66
2020/03/09 14:47:27 766280	INFO [input.cpp->run:235]	rotation: 
[-0.9876687151065004, -0.01431979899790865, -0.155902060783474;
 0.002001336156080895, -0.996881635958743, 0.0788859844447073;
 -0.1565455328441693, 0.07760120646536196, 0.9846174632321205]
2020/03/09 14:47:27 766340	INFO [input.cpp->run:256]	frame times (ms): 168.557
2020/03/09 14:47:27 766343	INFO [input.cpp->run:257]	FPS: 5.93271
2020/03/09 14:47:27 780534	INFO [input.cpp->run:173]	
frame_id 67
2020/03/09 14:47:27 835907	INFO [input.cpp->run:235]	rotation: 
[-0.9983731672238003, -0.005005098135194829, 0.0567976052327448;
 0.002275423912131858, -0.9988436410210668, -0.04802294490968079;
 0.05697228636396602, -0.04781558097979368, 0.9972300781675343]
2020/03/09 14:47:27 835976	INFO [input.cpp->run:256]	frame times (ms): 172.825
2020/03/09 14:47:27 835981	INFO [input.cpp->run:257]	FPS: 5.7862
2020/03/09 14:47:27 841319	INFO [input.cpp->run:173]	
frame_id 68
2020/03/09 14:47:27 892552	INFO [input.cpp->run:235]	rotation: 
[-0.9988610375852661, -0.01394961297752987, -0.04562933148603857;
 0.006771240734962079, -0.9880722935353614, 0.1538417792625911;
 -0.04723111149438314, 0.1533575920701278, 0.987041372517615]
2020/03/09 14:47:27 892610	INFO [input.cpp->run:256]	frame times (ms): 171.714
2020/03/09 14:47:27 892613	INFO [input.cpp->run:257]	FPS: 5.82364
2020/03/09 14:47:27 906494	INFO [input.cpp->run:173]	
frame_id 69
2020/03/09 14:47:27 961312	INFO [input.cpp->run:235]	rotation: 
[-0.9798053234172303, 0.00957446757522013, -0.1997244546216309;
 -0.01353436480209072, -0.9997377894776412, 0.01847087598798134;
 -0.1994952359648239, 0.02080100624995138, 0.9796779924885165]
2020/03/09 14:47:27 961375	INFO [input.cpp->run:256]	frame times (ms): 178.581
2020/03/09 14:47:27 961380	INFO [input.cpp->run:257]	FPS: 5.5997
2020/03/09 14:47:27 973220	INFO [input.cpp->run:173]	
frame_id 70
2020/03/09 14:47:28 027592	INFO [input.cpp->run:235]	rotation: 
[-0.9953030875357955, -0.01239953707574273, -0.0960104964158601;
 -0.0006254253669549332, -0.9909190314859393, 0.1344584764233123;
 -0.09680585098444708, 0.1338869841294341, 0.9862570165509096]
2020/03/09 14:47:28 027654	INFO [input.cpp->run:256]	frame times (ms): 176.859
2020/03/09 14:47:28 027659	INFO [input.cpp->run:257]	FPS: 5.65422
2020/03/09 14:47:28 039828	INFO [input.cpp->run:173]	
frame_id 71
2020/03/09 14:47:28 095650	INFO [input.cpp->run:235]	rotation: 
[-0.9901886874631294, -0.002355915897712861, -0.1397169026293098;
 -0.008923543014788798, -0.9967509546584479, 0.08004938955130095;
 -0.1394515457071321, 0.08051076976253313, 0.9869504964040168]
2020/03/09 14:47:28 095722	INFO [input.cpp->run:256]	frame times (ms): 177.632
2020/03/09 14:47:28 095728	INFO [input.cpp->run:257]	FPS: 5.62962
2020/03/09 14:47:28 105937	INFO [input.cpp->run:173]	
frame_id 72
2020/03/09 14:47:28 158677	INFO [input.cpp->run:235]	rotation: 
[0.9999946661414094, 0.0007979795230649044, 0.003167162359560236;
 -0.0008264491214443846, 0.9999591766798974, 0.008997886169055247;
 -0.00315985293656364, -0.009000455674152337, 0.9999545025285285]
2020/03/09 14:47:28 158723	INFO [input.cpp->run:256]	frame times (ms): 175.926
2020/03/09 14:47:28 158725	INFO [input.cpp->run:257]	FPS: 5.68421
2020/03/09 14:47:28 172423	INFO [input.cpp->run:173]	
frame_id 73
2020/03/09 14:47:28 227916	INFO [input.cpp->run:235]	rotation: 
[-0.9976292584401516, -0.01930453313477315, -0.06605450555868003;
 0.01033328609631627, -0.990987817698337, 0.1335528673295307;
 -0.06803738606534587, 0.1325536878926271, 0.9888379209574535]
2020/03/09 14:47:28 227969	INFO [input.cpp->run:256]	frame times (ms): 178.31
2020/03/09 14:47:28 227973	INFO [input.cpp->run:257]	FPS: 5.60821
2020/03/09 14:47:28 239968	INFO [input.cpp->run:173]	
frame_id 74
2020/03/09 14:47:28 292225	INFO [input.cpp->run:235]	rotation: 
[-0.9973838680759854, -0.009145039899452466, -0.07170626156077814;
 0.003497415901505782, -0.9969084619843634, 0.07849386285553027;
 -0.07220240843487979, 0.07803772593565449, 0.9943324019396104]
2020/03/09 14:47:28 292272	INFO [input.cpp->run:256]	frame times (ms): 176.372
2020/03/09 14:47:28 292275	INFO [input.cpp->run:257]	FPS: 5.66983
2020/03/09 14:47:28 306047	INFO [input.cpp->run:173]	
frame_id 75
2020/03/09 14:47:28 357977	INFO [input.cpp->run:235]	rotation: 
[-0.994355522154851, -0.01294452927261626, -0.1053068598053514;
 -0.001051895066156794, -0.9912781162377632, 0.1317823576389548;
 -0.1060942462008348, 0.1311492868071419, 0.9856692525858031]
2020/03/09 14:47:28 358023	INFO [input.cpp->run:256]	frame times (ms): 176.293
2020/03/09 14:47:28 358025	INFO [input.cpp->run:257]	FPS: 5.67238
2020/03/09 14:47:28 372574	INFO [input.cpp->run:173]	
frame_id 76
2020/03/09 14:47:28 424923	INFO [input.cpp->run:235]	rotation: 
[-0.994248724527836, -0.006847857743122382, -0.1068764736464542;
 -0.0004325064159554997, -0.9976887657262459, 0.06794806606401799;
 -0.1070947557678312, 0.0676035027788498, 0.9919478210566619]
2020/03/09 14:47:28 424974	INFO [input.cpp->run:256]	frame times (ms): 175.812
2020/03/09 14:47:28 424989	INFO [input.cpp->run:257]	FPS: 5.68789
2020/03/09 14:47:28 440097	INFO [input.cpp->run:173]	
frame_id 77
2020/03/09 14:47:28 492533	INFO [input.cpp->run:235]	rotation: 
[-0.996751234032436, -0.01553307845523027, -0.07902974711157561;
 0.004582429911381209, -0.9905743537678493, 0.1368994192592319;
 -0.08041131009331469, 0.1360925168079103, 0.9874273887623159]
2020/03/09 14:47:28 492593	INFO [input.cpp->run:256]	frame times (ms): 177.727
2020/03/09 14:47:28 492598	INFO [input.cpp->run:257]	FPS: 5.62661
2020/03/09 14:47:28 505998	INFO [input.cpp->run:173]	
frame_id 78
2020/03/09 14:47:28 561025	INFO [input.cpp->run:235]	rotation: 
[-0.9963654369211146, -0.01561527885678789, -0.08373815841789949;
 0.003822017673596848, -0.9902591042857595, 0.1391844048737792;
 -0.0850958770440683, 0.1383584816532407, 0.9867196269785612]
2020/03/09 14:47:28 561071	INFO [input.cpp->run:256]	frame times (ms): 178.457
2020/03/09 14:47:28 561073	INFO [input.cpp->run:257]	FPS: 5.60359
2020/03/09 14:47:28 573069	INFO [input.cpp->run:173]	
frame_id 79
2020/03/09 14:47:28 625251	INFO [input.cpp->run:235]	rotation: 
[0.9997936025961441, -0.02031512998545216, -0.0002184067253352762;
 0.02029443349492197, 0.9981609278083639, 0.05712178363694986;
 -0.000942431399985265, -0.05711442628986573, 0.9983671940386643]
2020/03/09 14:47:28 625297	INFO [input.cpp->run:256]	frame times (ms): 173.242
2020/03/09 14:47:28 625300	INFO [input.cpp->run:257]	FPS: 5.77227
2020/03/09 14:47:28 639133	INFO [input.cpp->run:173]	
frame_id 80
2020/03/09 14:47:28 690443	INFO [input.cpp->run:235]	rotation: 
[-0.9961946498173875, -0.01405474999964244, -0.08601560136196423;
 0.002327824732745095, -0.9908506470294748, 0.1349428638842561;
 -0.08712520248026062, 0.1342291297882795, 0.987112830333521]
2020/03/09 14:47:28 690488	INFO [input.cpp->run:256]	frame times (ms): 170.769
2020/03/09 14:47:28 690491	INFO [input.cpp->run:257]	FPS: 5.85586
2020/03/09 14:47:28 705836	INFO [input.cpp->run:173]	
frame_id 81
2020/03/09 14:47:28 758341	INFO [input.cpp->run:235]	rotation: 
[0.9999689445902999, 0.005133440900802745, -0.005979769182799012;
 -0.004785210776574597, 0.99837064737814, 0.05686081437666371;
 0.00626191766037702, -0.05683043408484241, 0.9983642071653727]
2020/03/09 14:47:28 758382	INFO [input.cpp->run:256]	frame times (ms): 172.195
2020/03/09 14:47:28 758385	INFO [input.cpp->run:257]	FPS: 5.80737
2020/03/09 14:47:28 773141	INFO [input.cpp->run:173]	
frame_id 82
2020/03/09 14:47:28 827897	INFO [input.cpp->run:235]	rotation: 
[-0.9966948299515276, 0.0590485986241077, -0.05579138776213338;
 -0.07671519535163231, -0.4582163059117488, 0.8855239103484172;
 0.02672442235215932, 0.886877150453838, 0.4612317478804158]
2020/03/09 14:47:28 827957	INFO [input.cpp->run:256]	frame times (ms): 179.516
2020/03/09 14:47:28 827963	INFO [input.cpp->run:257]	FPS: 5.57053
2020/03/09 14:47:28 839743	INFO [input.cpp->run:173]	
frame_id 83
2020/03/09 14:47:28 892506	INFO [input.cpp->run:235]	rotation: 
[-0.979156683414715, 0.0003869545287277336, -0.2031059811785179;
 -0.01564630945539373, -0.9971702819034468, 0.07352973472702408;
 -0.2025027958442101, 0.07517499022143716, 0.9763920004385973]
2020/03/09 14:47:28 892566	INFO [input.cpp->run:256]	frame times (ms): 181.364
2020/03/09 14:47:28 892587	INFO [input.cpp->run:257]	FPS: 5.51377
2020/03/09 14:47:28 906505	INFO [input.cpp->run:173]	
frame_id 84
2020/03/09 14:47:28 959204	INFO [input.cpp->run:235]	rotation: 
[0.9999698682802715, 0.007757527881762797, 0.0002886047473933288;
