		g3log created log at: Sun Mar 08 16:04:37 2020
		LOG format: [YYYY/MM/DD hh:mm:ss uuu* LEVEL FILE->FUNCTION:LINE] message		(uuu*: microseconds fractions of the seconds value)

2020/03/08 16:04:37 773197	INFO [g3logger.h->logBanner:29]	Starting log.
2020/03/08 16:04:37 779223	DEBUG [main.cpp->main:49]	Filepath: /home/mitchell/KITTI/data_odometry_gray/dataset/sequences/00/
2020/03/08 16:04:37 779228	DEBUG [main.cpp->main:53]	Calibration Filepath: /home/mitchell/visual_odom_ws/src/visual_odom/calibration/old/zed.yaml
2020/03/08 16:04:37 779306	INFO [main.cpp->main:67]	P_left: 
[718.85602, 0, 607.19281, 0;
 0, 718.85602, 185.2157, 0;
 0, 0, 1, 0]
2020/03/08 16:04:37 779312	INFO [main.cpp->main:68]	P_right: 
[718.85602, 0, 607.19281, -386.14481;
 0, 718.85602, 185.2157, 0;
 0, 0, 1, 0]
2020/03/08 16:04:37 831242	INFO [input.cpp->Input:22]	frame_pose [1, 0, 0, 0;
 0, 1, 0, 0;
 0, 0, 1, 0;
 0, 0, 0, 1]
2020/03/08 16:04:38 124731	INFO [input.cpp->run:173]	
frame_id 1
2020/03/08 16:04:38 189515	INFO [input.cpp->run:196]	Not enough points
2020/03/08 16:04:38 190990	INFO [input.cpp->run:173]	
frame_id 2
2020/03/08 16:04:38 250026	INFO [input.cpp->run:235]	rotation: 
[0.999978522225075, -0.006511414990239013, 0.0007460317553974927;
 0.006506784291633475, 0.9999605292761101, 0.006049929588348172;
 -0.000785395911195523, -0.006044945381615082, 0.9999814207217032]
2020/03/08 16:04:38 250076	INFO [input.cpp->run:256]	frame times (ms): 73.799
2020/03/08 16:04:38 250080	INFO [input.cpp->run:257]	FPS: 13.5503
2020/03/08 16:04:38 254519	INFO [input.cpp->run:173]	
frame_id 3
2020/03/08 16:04:38 289168	INFO [input.cpp->run:235]	rotation: 
[0.9999162265352503, -0.009424572896669406, -0.008872279144698509;
 0.009506339974245022, 0.9999123122081111, 0.009219403176078835;
 0.008784612216834546, -0.009302973736627756, 0.9999181392833393]
2020/03/08 16:04:38 289196	INFO [input.cpp->run:256]	frame times (ms): 48.646
2020/03/08 16:04:38 289198	INFO [input.cpp->run:257]	FPS: 20.5567
2020/03/08 16:04:38 316286	INFO [input.cpp->run:173]	
frame_id 4
2020/03/08 16:04:38 350128	INFO [input.cpp->run:235]	rotation: 
[0.999969651957375, -0.00181479535368823, -0.007576389778156787;
 0.001825588143156773, 0.9999973284516338, 0.001417856666547415;
 0.007573796417774406, -0.0014316450047198, 0.9999702935589649]
2020/03/08 16:04:38 350158	INFO [input.cpp->run:256]	frame times (ms): 47.386
2020/03/08 16:04:38 350161	INFO [input.cpp->run:257]	FPS: 21.1033
2020/03/08 16:04:38 383432	INFO [input.cpp->run:173]	
frame_id 5
2020/03/08 16:04:38 418049	INFO [input.cpp->run:235]	rotation: 
[0.9999976107904285, 0.0005264659005512427, -0.002121614265177913;
 -0.0005230076988693681, 0.9999985344358522, 0.001630211365040857;
 0.002122469406510495, -0.001629097849529541, 0.9999964205755014]
2020/03/08 16:04:38 418072	INFO [input.cpp->run:256]	frame times (ms): 49.128
2020/03/08 16:04:38 418074	INFO [input.cpp->run:257]	FPS: 20.355
2020/03/08 16:04:38 449927	INFO [input.cpp->run:173]	
frame_id 6
2020/03/08 16:04:38 484111	INFO [input.cpp->run:235]	rotation: 
[0.9999623481054907, 0.008204953866955314, 0.002825084670335922;
 -0.008210422785926458, 0.9999644319415139, 0.001929717482379003;
 -0.002809150944639962, -0.001952839964409421, 0.9999941475263961]
2020/03/08 16:04:38 484146	INFO [input.cpp->run:256]	frame times (ms): 47.633
2020/03/08 16:04:38 484149	INFO [input.cpp->run:257]	FPS: 20.9938
2020/03/08 16:04:38 516098	INFO [input.cpp->run:173]	
frame_id 7
2020/03/08 16:04:38 549754	INFO [input.cpp->run:235]	rotation: 
[0.9999742771729488, 0.00269658366601388, 0.006646309424843458;
 -0.002736858480610968, 0.999977904279397, 0.006058098599576294;
 -0.006629826400116646, -0.006076132776467905, 0.9999595621885853]
2020/03/08 16:04:38 549776	INFO [input.cpp->run:256]	frame times (ms): 48.651
2020/03/08 16:04:38 549778	INFO [input.cpp->run:257]	FPS: 20.5546
2020/03/08 16:04:38 582175	INFO [input.cpp->run:173]	
frame_id 8
2020/03/08 16:04:38 618131	INFO [input.cpp->run:235]	rotation: 
[0.9998671778230581, -0.01533395721332077, 0.005522360757238073;
 0.01525363750450117, 0.9997813348762262, 0.01430415939482143;
 -0.00574049257767228, -0.0142180233960713, 0.9998824403677037]
2020/03/08 16:04:38 618154	INFO [input.cpp->run:256]	frame times (ms): 50.288
2020/03/08 16:04:38 618157	INFO [input.cpp->run:257]	FPS: 19.8855
2020/03/08 16:04:38 649012	INFO [input.cpp->run:173]	
frame_id 9
2020/03/08 16:04:38 682260	INFO [input.cpp->run:235]	rotation: 
[0.9999427194532798, -0.008835308559577809, -0.006041120346131421;
 0.008848376115561983, 0.999958562876551, 0.002139806061380616;
 0.006021964172671916, -0.00219313759710149, 0.9999794628366041]
2020/03/08 16:04:38 682282	INFO [input.cpp->run:256]	frame times (ms): 47.942
2020/03/08 16:04:38 682284	INFO [input.cpp->run:257]	FPS: 20.8585
2020/03/08 16:04:38 715597	INFO [input.cpp->run:173]	
frame_id 10
2020/03/08 16:04:38 747894	INFO [input.cpp->run:235]	rotation: 
[0.9999513167867142, -0.004826892980039087, -0.008606111820992912;
 0.004848866460701928, 0.9999850330332272, 0.002534206696732478;
 0.00859375066908882, -0.002575813210373214, 0.9999597555080618]
2020/03/08 16:04:38 747916	INFO [input.cpp->run:256]	frame times (ms): 47.174
2020/03/08 16:04:38 747917	INFO [input.cpp->run:257]	FPS: 21.1981
2020/03/08 16:04:38 782290	INFO [input.cpp->run:173]	
frame_id 11
2020/03/08 16:04:38 816002	INFO [input.cpp->run:235]	rotation: 
[0.9999932504200615, 0.003292893024827031, -0.001629714652061305;
 -0.003283641062831926, 0.9999786613363217, 0.005647528077704735;
 0.001648276581943042, -0.005642138561310313, 0.9999827245791622]
2020/03/08 16:04:38 816026	INFO [input.cpp->run:256]	frame times (ms): 49.273
2020/03/08 16:04:38 816028	INFO [input.cpp->run:257]	FPS: 20.2951
2020/03/08 16:04:38 849053	INFO [input.cpp->run:173]	
frame_id 12
2020/03/08 16:04:38 883162	INFO [input.cpp->run:235]	rotation: 
[0.9999984387615851, 0.0007497742996627572, -0.001600097775752738;
 -0.0007432827302188188, 0.9999915073710053, 0.004053728733846763;
 0.001603123568338416, -0.004052533079966361, 0.9999905034401378]
2020/03/08 16:04:38 883184	INFO [input.cpp->run:256]	frame times (ms): 49.454
2020/03/08 16:04:38 883185	INFO [input.cpp->run:257]	FPS: 20.2208
2020/03/08 16:04:38 916044	INFO [input.cpp->run:173]	
frame_id 13
2020/03/08 16:04:38 950653	INFO [input.cpp->run:235]	rotation: 
[0.9999908153035979, -0.003972164208554753, 0.001609726668030081;
 0.003959318067655663, 0.9999609052011875, 0.007906444818046374;
 -0.001641069433213008, -0.00789999877987038, 0.999967447925378]
2020/03/08 16:04:38 950681	INFO [input.cpp->run:256]	frame times (ms): 49.547
2020/03/08 16:04:38 950683	INFO [input.cpp->run:257]	FPS: 20.1829
2020/03/08 16:04:38 982794	INFO [input.cpp->run:173]	
frame_id 14
2020/03/08 16:04:39 016647	INFO [input.cpp->run:235]	rotation: 
[0.9999910679582662, -0.004162753100734765, 0.0007317720331519287;
 0.00415826905203046, 0.9999731980132494, 0.00602594836068503;
 -0.0007568369554309008, -0.006022851631664191, 0.9999815760583021]
2020/03/08 16:04:39 016671	INFO [input.cpp->run:256]	frame times (ms): 49.256
2020/03/08 16:04:39 016674	INFO [input.cpp->run:257]	FPS: 20.3021
2020/03/08 16:04:39 049479	INFO [input.cpp->run:173]	
frame_id 15
2020/03/08 16:04:39 084859	INFO [input.cpp->run:235]	rotation: 
[0.9999981197442481, -0.001803513350033927, -0.0007126342432531816;
 0.001806897847110236, 0.9999869551134302, 0.004777522699126129;
 0.0007040086210523484, -0.004778801373441505, 0.9999883336465955]
2020/03/08 16:04:39 084880	INFO [input.cpp->run:256]	frame times (ms): 50.523
2020/03/08 16:04:39 084882	INFO [input.cpp->run:257]	FPS: 19.793
2020/03/08 16:04:39 115736	INFO [input.cpp->run:173]	
frame_id 16
2020/03/08 16:04:39 150128	INFO [input.cpp->run:235]	rotation: 
[0.9999880755264465, -0.004781139120708273, -0.0009947429930561823;
 0.004786571800328775, 0.9999732389791207, 0.005532635538939273;
 0.0009682640725023321, -0.005537330973932246, 0.9999842000903669]
2020/03/08 16:04:39 150150	INFO [input.cpp->run:256]	frame times (ms): 49.926
2020/03/08 16:04:39 150153	INFO [input.cpp->run:257]	FPS: 20.0296
2020/03/08 16:04:39 182208	INFO [input.cpp->run:173]	
frame_id 17
2020/03/08 16:04:39 217151	INFO [input.cpp->run:235]	rotation: 
[0.9999903084693357, -0.003649337685470411, -0.002462783356341504;
 0.003663990763486535, 0.9999754563617242, 0.005971754000819438;
 0.002440929963754105, -0.005980719740852523, 0.9999791362084978]
2020/03/08 16:04:39 217183	INFO [input.cpp->run:256]	frame times (ms): 49.629
2020/03/08 16:04:39 217186	INFO [input.cpp->run:257]	FPS: 20.1495
2020/03/08 16:04:39 249442	INFO [input.cpp->run:173]	
frame_id 18
2020/03/08 16:04:39 284126	INFO [input.cpp->run:235]	rotation: 
[0.9999985067291282, -0.001673187352547484, -0.0004324160000951097;
 0.001676110214932714, 0.9999751351388776, 0.006849799889849891;
 0.0004209442495881422, -0.006850514438118097, 0.9999764463515488]
2020/03/08 16:04:39 284148	INFO [input.cpp->run:256]	frame times (ms): 49.257
2020/03/08 16:04:39 284149	INFO [input.cpp->run:257]	FPS: 20.3017
2020/03/08 16:04:39 316047	INFO [input.cpp->run:173]	
frame_id 19
2020/03/08 16:04:39 351854	INFO [input.cpp->run:235]	rotation: 
[0.9999887611361989, -0.004716466883164077, 0.0004822254970377154;
 0.004712466001936892, 0.999957007039966, 0.007986033799944272;
 -0.00051987062868146, -0.007983671574738027, 0.9999679948491932]
2020/03/08 16:04:39 351881	INFO [input.cpp->run:256]	frame times (ms): 49.854
2020/03/08 16:04:39 351883	INFO [input.cpp->run:257]	FPS: 20.0586
2020/03/08 16:04:39 382698	INFO [input.cpp->run:173]	
frame_id 20
2020/03/08 16:04:39 417022	INFO [input.cpp->run:235]	rotation: 
[0.999982159441597, -0.005899486376939056, -0.0009364075015081247;
 0.005904486066328238, 0.9999678287364999, 0.005429413992556898;
 0.0009043466222117985, -0.005434846133824529, 0.9999848221871612]
2020/03/08 16:04:39 417049	INFO [input.cpp->run:256]	frame times (ms): 49.723
2020/03/08 16:04:39 417051	INFO [input.cpp->run:257]	FPS: 20.1114
2020/03/08 16:04:39 449435	INFO [input.cpp->run:173]	
frame_id 21
2020/03/08 16:04:39 484073	INFO [input.cpp->run:235]	rotation: 
[0.9999963707373309, -0.002588687437616, -0.0007464646789939938;
 0.002592168570654755, 0.9999855911890612, 0.004700859109272176;
 0.000734284868403386, -0.004702777010899691, 0.9999886722929004]
2020/03/08 16:04:39 484097	INFO [input.cpp->run:256]	frame times (ms): 49.961
2020/03/08 16:04:39 484100	INFO [input.cpp->run:257]	FPS: 20.0156
2020/03/08 16:04:39 515606	INFO [input.cpp->run:173]	
frame_id 22
2020/03/08 16:04:39 549423	INFO [input.cpp->run:235]	rotation: 
[0.9999950447759889, -0.003137168501246409, 0.0002619107918373515;
 0.003135934598978228, 0.9999845687474438, 0.004585649482878115;
 -0.0002762927053412175, -0.004584805424843722, 0.9999894515551438]
2020/03/08 16:04:39 549445	INFO [input.cpp->run:256]	frame times (ms): 49.159
2020/03/08 16:04:39 549447	INFO [input.cpp->run:257]	FPS: 20.3422
2020/03/08 16:04:39 582192	INFO [input.cpp->run:173]	
frame_id 23
2020/03/08 16:04:39 616759	INFO [input.cpp->run:235]	rotation: 
[0.9999968180687298, -0.002522152977905343, 5.095853084867772e-05;
 0.002521852845381885, 0.9999832144604394, 0.00521642172310331;
 -6.411428906517733e-05, -0.005216276614891892, 0.9999863930812433]
2020/03/08 16:04:39 616780	INFO [input.cpp->run:256]	frame times (ms): 50.112
2020/03/08 16:04:39 616783	INFO [input.cpp->run:257]	FPS: 19.9553
2020/03/08 16:04:39 648953	INFO [input.cpp->run:173]	
frame_id 24
2020/03/08 16:04:39 682778	INFO [input.cpp->run:235]	rotation: 
[0.9999893640489335, -0.004570559935438758, 0.0006178761091080521;
 0.004566680921659056, 0.9999707223812083, 0.006140016756017727;
 -0.0006459213337548465, -0.006137129808060551, 0.9999809590303955]
2020/03/08 16:04:39 682800	INFO [input.cpp->run:256]	frame times (ms): 50.046
2020/03/08 16:04:39 682803	INFO [input.cpp->run:257]	FPS: 19.9816
2020/03/08 16:04:39 715794	INFO [input.cpp->run:173]	
frame_id 25
2020/03/08 16:04:39 750384	INFO [input.cpp->run:235]	rotation: 
[0.9999979863955982, -0.001692530840186217, -0.001078213385203683;
 0.001695519417738838, 0.9999947069252944, 0.002776929113035589;
 0.001073507639974863, -0.002778751653129982, 0.9999955630504553]
2020/03/08 16:04:39 750406	INFO [input.cpp->run:256]	frame times (ms): 49.675
2020/03/08 16:04:39 750408	INFO [input.cpp->run:257]	FPS: 20.1309
2020/03/08 16:04:39 782650	INFO [input.cpp->run:173]	
frame_id 26
2020/03/08 16:04:39 816557	INFO [input.cpp->run:235]	rotation: 
[0.9999913691307568, -0.004040311126471911, 0.0009682716539171083;
 0.004035963293811579, 0.9999819498158321, 0.004450959763644546;
 -0.0009862374386919624, -0.004447013439139171, 0.9999896256497798]
2020/03/08 16:04:39 816579	INFO [input.cpp->run:256]	frame times (ms): 49.718
2020/03/08 16:04:39 816582	INFO [input.cpp->run:257]	FPS: 20.1134
2020/03/08 16:04:39 849259	INFO [input.cpp->run:173]	
frame_id 27
2020/03/08 16:04:39 884291	INFO [input.cpp->run:235]	rotation: 
[0.9999930601741098, -0.003610487913608434, -0.000918684192159992;
 0.003614952878789519, 0.9999814322578076, 0.004905838899521761;
 0.0009009546622159223, -0.0049091258539191, 0.9999875443044514]
2020/03/08 16:04:39 884314	INFO [input.cpp->run:256]	frame times (ms): 50.981
2020/03/08 16:04:39 884317	INFO [input.cpp->run:257]	FPS: 19.6152
2020/03/08 16:04:39 915599	INFO [input.cpp->run:173]	
frame_id 28
2020/03/08 16:04:39 950626	INFO [input.cpp->run:235]	rotation: 
[0.9999834483078093, -0.005747616277287694, 0.000260801748449531;
 0.005745820281436016, 0.9999628100187037, 0.006431495066577596;
 -0.0002977578149693409, -0.006429890094475252, 0.999979283712246]
2020/03/08 16:04:39 950648	INFO [input.cpp->run:256]	frame times (ms): 50.702
2020/03/08 16:04:39 950650	INFO [input.cpp->run:257]	FPS: 19.7231
2020/03/08 16:04:39 982262	INFO [input.cpp->run:173]	
frame_id 29
2020/03/08 16:04:40 017324	INFO [input.cpp->run:235]	rotation: 
[0.9999870726398937, -0.001439944523096713, -0.004876588240379433;
 0.001433363311327537, 0.9999980577278424, -0.001352778681227288;
 0.004878526694970865, 0.001345771270701921, 0.9999871943564944]
2020/03/08 16:04:40 017347	INFO [input.cpp->run:256]	frame times (ms): 50.677
2020/03/08 16:04:40 017349	INFO [input.cpp->run:257]	FPS: 19.7328
2020/03/08 16:04:40 048977	INFO [input.cpp->run:173]	
frame_id 30
2020/03/08 16:04:40 084275	INFO [input.cpp->run:235]	rotation: 
[0.9999934188108275, -0.003605738303554122, -0.0004012310048626755;
 0.003607862970016734, 0.9999787651495649, 0.005427022640553625;
 0.0003816540613729976, -0.005428434510775851, 0.9999851931098478]
2020/03/08 16:04:40 084301	INFO [input.cpp->run:256]	frame times (ms): 51.374
2020/03/08 16:04:40 084304	INFO [input.cpp->run:257]	FPS: 19.4651
2020/03/08 16:04:40 115660	INFO [input.cpp->run:173]	
frame_id 31
2020/03/08 16:04:40 150364	INFO [input.cpp->run:235]	rotation: 
[0.9999983291356277, -0.001536184440389985, 0.0009908901644129805;
 0.001530301025008589, 0.9999813578647184, 0.005911184467324583;
 -0.0009999523617074653, -0.005909658230302787, 0.9999820378561184]
2020/03/08 16:04:40 150389	INFO [input.cpp->run:256]	frame times (ms): 49.983
2020/03/08 16:04:40 150391	INFO [input.cpp->run:257]	FPS: 20.0068
2020/03/08 16:04:40 182329	INFO [input.cpp->run:173]	
frame_id 32
2020/03/08 16:04:40 217079	INFO [input.cpp->run:235]	rotation: 
[0.9999898267463263, -0.004487313786292299, 0.0004587143289843913;
 0.004483696947656127, 0.9999610440106783, 0.00760308639670617;
 -0.0004928138937202006, -0.00760095231254284, 0.9999709909084407]
2020/03/08 16:04:40 217107	INFO [input.cpp->run:256]	frame times (ms): 51.256
2020/03/08 16:04:40 217109	INFO [input.cpp->run:257]	FPS: 19.5099
2020/03/08 16:04:40 249147	INFO [input.cpp->run:173]	
frame_id 33
2020/03/08 16:04:40 283700	INFO [input.cpp->run:235]	rotation: 
[0.999992939682109, -0.003741726381111489, -0.0003465106386648312;
 0.003744191986583936, 0.999965524668381, 0.007411511388190269;
 0.0003187668449105539, -0.007412756462920372, 0.9999724743358289]
2020/03/08 16:04:40 283722	INFO [input.cpp->run:256]	frame times (ms): 49.247
2020/03/08 16:04:40 283723	INFO [input.cpp->run:257]	FPS: 20.3058
2020/03/08 16:04:40 315673	INFO [input.cpp->run:173]	
frame_id 34
2020/03/08 16:04:40 367052	INFO [input.cpp->run:235]	rotation: 
[0.9999190632213182, 0.001300669857626687, 0.01265603668305708;
 -0.001405961268500258, 0.9999644486761541, 0.008314123928997271;
 -0.01264477281381133, -0.008331244907977993, 0.9998853434663248]
2020/03/08 16:04:40 367082	INFO [input.cpp->run:256]	frame times (ms): 66.582
2020/03/08 16:04:40 367084	INFO [input.cpp->run:257]	FPS: 15.0191
2020/03/08 16:04:40 382225	INFO [input.cpp->run:173]	
frame_id 35
2020/03/08 16:04:40 410330	INFO [input.cpp->run:196]	Not enough points
2020/03/08 16:04:40 449000	INFO [input.cpp->run:173]	
frame_id 36
2020/03/08 16:04:40 476574	INFO [input.cpp->run:196]	Not enough points
2020/03/08 16:04:40 515801	INFO [input.cpp->run:173]	
frame_id 37
2020/03/08 16:04:40 546659	INFO [input.cpp->run:196]	Not enough points
2020/03/08 16:04:40 582748	INFO [input.cpp->run:173]	
frame_id 38
2020/03/08 16:04:40 608489	INFO [input.cpp->run:196]	Not enough points
2020/03/08 16:04:40 649821	INFO [input.cpp->run:173]	
frame_id 39
2020/03/08 16:04:40 687520	INFO [input.cpp->run:196]	Not enough points
2020/03/08 16:04:40 716016	INFO [input.cpp->run:173]	
frame_id 40
2020/03/08 16:04:40 744067	INFO [input.cpp->run:196]	Not enough points
2020/03/08 16:04:40 782657	INFO [input.cpp->run:173]	
frame_id 41
2020/03/08 16:04:40 815107	INFO [input.cpp->run:196]	Not enough points
2020/03/08 16:04:40 849080	INFO [input.cpp->run:173]	
frame_id 42
2020/03/08 16:04:40 882146	INFO [input.cpp->run:235]	rotation: 
[0.999184359441763, 0.002856206698378895, -0.04027974590597629;
 -0.003934915628777125, 0.9996350352422373, -0.0267266300764878;
 0.04018870843841941, 0.02686332815470102, 0.9988309312964354]
2020/03/08 16:04:40 882172	INFO [input.cpp->run:256]	frame times (ms): 47.765
2020/03/08 16:04:40 882174	INFO [input.cpp->run:257]	FPS: 20.9358
2020/03/08 16:04:40 915742	INFO [input.cpp->run:173]	
frame_id 43
2020/03/08 16:04:40 946214	INFO [input.cpp->run:235]	rotation: 
[0.9999655817959212, 0.00819485438073083, -0.001295988126304581;
 -0.008207438869452903, 0.9999160853196478, -0.01002298689188475;
 0.001213742455836253, 0.01003327866199861, 0.9999489287701355]
2020/03/08 16:04:40 946242	INFO [input.cpp->run:256]	frame times (ms): 44.935
2020/03/08 16:04:40 946245	INFO [input.cpp->run:257]	FPS: 22.2544
2020/03/08 16:04:40 982575	INFO [input.cpp->run:173]	
frame_id 44
2020/03/08 16:04:41 013590	INFO [input.cpp->run:235]	rotation: 
[0.9999948006320869, 0.001850319117352353, 0.002641027822019374;
 -0.001856904815353953, 0.9999951675641425, 0.002493341707282895;
 -0.002636401581594749, -0.002498232880762217, 0.999993404087834]
2020/03/08 16:04:41 013620	INFO [input.cpp->run:256]	frame times (ms): 45.531
2020/03/08 16:04:41 013623	INFO [input.cpp->run:257]	FPS: 21.9631
2020/03/08 16:04:41 049339	INFO [input.cpp->run:173]	
frame_id 45
2020/03/08 16:04:41 080858	INFO [input.cpp->run:235]	rotation: 
[0.9999751597763266, -0.003068882989431083, 0.006345217687937353;
 0.002986340688668854, 0.9999113306245895, 0.01297739025590281;
 -0.006384481153651669, -0.01295811891286621, 0.9998956573336233]
2020/03/08 16:04:41 080881	INFO [input.cpp->run:256]	frame times (ms): 45.694
2020/03/08 16:04:41 080882	INFO [input.cpp->run:257]	FPS: 21.8847
2020/03/08 16:04:41 115512	INFO [input.cpp->run:173]	
frame_id 46
2020/03/08 16:04:41 145844	INFO [input.cpp->run:235]	rotation: 
[0.9999897933531489, 0.002617338668454869, -0.00368276089656423;
 -0.002621439772052484, 0.9999959488464938, -0.001109208781964217;
 0.003679842802098086, 0.001118851596547109, 0.9999926034366738]
2020/03/08 16:04:41 145868	INFO [input.cpp->run:256]	frame times (ms): 44.318
2020/03/08 16:04:41 145870	INFO [input.cpp->run:257]	FPS: 22.5642
2020/03/08 16:04:41 182341	INFO [input.cpp->run:173]	
frame_id 47
2020/03/08 16:04:41 219013	INFO [input.cpp->run:235]	rotation: 
[0.9999061167873486, -0.01124695252391649, -0.007827111227641735;
 0.01132441716640468, 0.9998866290992329, 0.009924037707220343;
 0.007714608680052788, -0.01001174347942758, 0.9999201217124375]
2020/03/08 16:04:41 219034	INFO [input.cpp->run:256]	frame times (ms): 52.985
2020/03/08 16:04:41 219036	INFO [input.cpp->run:257]	FPS: 18.8733
2020/03/08 16:04:41 249191	INFO [input.cpp->run:173]	
frame_id 48
2020/03/08 16:04:41 278912	INFO [input.cpp->run:235]	rotation: 
[0.9999983511979721, -0.0004381093184058385, 0.001762288728424146;
 0.000437224149431805, 0.9999997780951972, 0.0005026376423163481;
 -0.001762508547598694, -0.0005018662983760458, 0.9999983208455093]
2020/03/08 16:04:41 279003	INFO [input.cpp->run:256]	frame times (ms): 44.328
2020/03/08 16:04:41 279006	INFO [input.cpp->run:257]	FPS: 22.5591
2020/03/08 16:04:41 316182	INFO [input.cpp->run:173]	
frame_id 49
2020/03/08 16:04:41 346103	INFO [input.cpp->run:235]	rotation: 
[0.9999911387448951, 0.004034160535704855, -0.001203320597421851;
 -0.004037911972774546, 0.9999869440706364, -0.003131605845257427;
 0.001190671486238809, 0.00313643699794656, 0.9999943725163506]
2020/03/08 16:04:41 346125	INFO [input.cpp->run:256]	frame times (ms): 43.743
2020/03/08 16:04:41 346128	INFO [input.cpp->run:257]	FPS: 22.8608
2020/03/08 16:04:41 382977	INFO [input.cpp->run:173]	
frame_id 50
2020/03/08 16:04:41 413251	INFO [input.cpp->run:235]	rotation: 
[0.9999949088585328, 0.002101707799083643, -0.002401058379533904;
 -0.002105902692399234, 0.9999962584764286, -0.001745911508054035;
 0.002397380000084394, 0.001750959014677627, 0.9999955933461228]
2020/03/08 16:04:41 413278	INFO [input.cpp->run:256]	frame times (ms): 44.092
2020/03/08 16:04:41 413280	INFO [input.cpp->run:257]	FPS: 22.6799
2020/03/08 16:04:41 449045	INFO [input.cpp->run:173]	
frame_id 51
2020/03/08 16:04:41 481183	INFO [input.cpp->run:235]	rotation: 
[0.9999871691573629, 0.002403804059196349, 0.004459063431787246;
 -0.002440459827820509, 0.9999631272604736, 0.008233363546115448;
 -0.004439107621189802, -0.008244140070298396, 0.9999561632781853]
2020/03/08 16:04:41 481205	INFO [input.cpp->run:256]	frame times (ms): 51.369
2020/03/08 16:04:41 481207	INFO [input.cpp->run:257]	FPS: 19.467
2020/03/08 16:04:41 515527	INFO [input.cpp->run:173]	
frame_id 52
2020/03/08 16:04:41 546273	INFO [input.cpp->run:235]	rotation: 
[0.9999842471713094, 0.002370814382384996, 0.005087695784330016;
 -0.002391846089223228, 0.9999886038249391, 0.00413174207015625;
 -0.00507784221053397, -0.004143845968796132, 0.9999785217988794]
2020/03/08 16:04:41 546296	INFO [input.cpp->run:256]	frame times (ms): 44.728
2020/03/08 16:04:41 546298	INFO [input.cpp->run:257]	FPS: 22.3574
2020/03/08 16:04:41 582460	INFO [input.cpp->run:173]	
frame_id 53
2020/03/08 16:04:41 613277	INFO [input.cpp->run:235]	rotation: 
[0.9999555449417401, -0.0073263986323526, -0.005935656943212481;
 0.007405326849096616, 0.9998829774730551, 0.0133862800611699;
 0.005836889113705465, -0.0134296404530385, 0.9998927819935377]
2020/03/08 16:04:41 613301	INFO [input.cpp->run:256]	frame times (ms): 45.123
2020/03/08 16:04:41 613304	INFO [input.cpp->run:257]	FPS: 22.1616
2020/03/08 16:04:41 649358	INFO [input.cpp->run:173]	
frame_id 54
2020/03/08 16:04:41 678979	INFO [input.cpp->run:235]	rotation: 
[0.9999968440166105, -0.001963572578298533, 0.001567271370433256;
 0.001953705179792472, 0.9999784172542872, 0.006272803335131591;
 -0.001579554649031729, -0.006269721552073905, 0.9999790975809295]
2020/03/08 16:04:41 679000	INFO [input.cpp->run:256]	frame times (ms): 43.642
2020/03/08 16:04:41 679002	INFO [input.cpp->run:257]	FPS: 22.9137
2020/03/08 16:04:41 716005	INFO [input.cpp->run:173]	
frame_id 55
2020/03/08 16:04:41 746785	INFO [input.cpp->run:235]	rotation: 
[0.9999983861744747, -0.001724155829952915, -0.0005049110022886356;
 0.001727315073043795, 0.99997850573817, 0.006324906662944385;
 0.000493995024902528, -0.006325768596033366, 0.9999798701076861]
2020/03/08 16:04:41 746809	INFO [input.cpp->run:256]	frame times (ms): 44.888
2020/03/08 16:04:41 746811	INFO [input.cpp->run:257]	FPS: 22.2777
2020/03/08 16:04:41 782286	INFO [input.cpp->run:173]	
frame_id 56
2020/03/08 16:04:41 814149	INFO [input.cpp->run:235]	rotation: 
[0.9999984202111408, -0.0007978764488877136, 0.001588385468011103;
 0.0007860874001394899, 0.9999722449518584, 0.007408872555240847;
 -0.001594252747220608, -0.007407612240983557, 0.9999712924074696]
2020/03/08 16:04:41 814171	INFO [input.cpp->run:256]	frame times (ms): 46.829
2020/03/08 16:04:41 814173	INFO [input.cpp->run:257]	FPS: 21.3543
2020/03/08 16:04:41 848942	INFO [input.cpp->run:173]	
frame_id 57
2020/03/08 16:04:41 879524	INFO [input.cpp->run:235]	rotation: 
[0.9999921886454263, -0.003314293101788098, 0.002153627025677726;
 0.003291124407846033, 0.9999376160166615, 0.01067392032233911;
 -0.002188869174338604, -0.01066674909009317, 0.9999407129003132]
2020/03/08 16:04:41 879545	INFO [input.cpp->run:256]	frame times (ms): 44.437
2020/03/08 16:04:41 879549	INFO [input.cpp->run:257]	FPS: 22.5038
2020/03/08 16:04:41 915898	INFO [input.cpp->run:173]	
frame_id 58
2020/03/08 16:04:41 946024	INFO [input.cpp->run:235]	rotation: 
[0.9999944841838969, -0.003271152519594079, -0.0005754676145578605;
 0.003276208172141823, 0.9999539933658463, 0.00901540968064223;
 0.0005459503591378445, -0.009017245305001956, 0.9999591947801244]
2020/03/08 16:04:41 946046	INFO [input.cpp->run:256]	frame times (ms): 43.708
2020/03/08 16:04:41 946050	INFO [input.cpp->run:257]	FPS: 22.8791
2020/03/08 16:04:41 982618	INFO [input.cpp->run:173]	
frame_id 59
2020/03/08 16:04:42 013973	INFO [input.cpp->run:235]	rotation: 
[0.999999258793581, -0.0008795930731954187, 0.0008418600324276861;
 0.0008737397239690206, 0.9999756182111262, 0.006928171632599281;
 -0.0008479334781520575, -0.006927430930841641, 0.9999756455581881]
2020/03/08 16:04:42 014000	INFO [input.cpp->run:256]	frame times (ms): 46.192
2020/03/08 16:04:42 014003	INFO [input.cpp->run:257]	FPS: 21.6488
2020/03/08 16:04:42 049356	INFO [input.cpp->run:173]	
frame_id 60
2020/03/08 16:04:42 081263	INFO [input.cpp->run:235]	rotation: 
[0.9999898103195014, -0.002585379447218892, 0.003700685109734675;
 0.002542201455833644, 0.9999291946167777, 0.01162510063613464;
 -0.003730478377563809, -0.01161557429299985, 0.999925578213158]
2020/03/08 16:04:42 081287	INFO [input.cpp->run:256]	frame times (ms): 47.184
2020/03/08 16:04:42 081289	INFO [input.cpp->run:257]	FPS: 21.1936
2020/03/08 16:04:42 115668	INFO [input.cpp->run:173]	
frame_id 61
2020/03/08 16:04:42 148124	INFO [input.cpp->run:235]	rotation: 
[0.9999981643592405, 0.0009557799573947645, 0.001660651324788354;
 -0.0009590743753754149, 0.9999975716630833, 0.001984148250271806;
 -0.001658750883037327, -0.001985737296220443, 0.9999966526908469]
2020/03/08 16:04:42 148148	INFO [input.cpp->run:256]	frame times (ms): 47.14
2020/03/08 16:04:42 148151	INFO [input.cpp->run:257]	FPS: 21.2134
2020/03/08 16:04:42 182468	INFO [input.cpp->run:173]	
frame_id 62
2020/03/08 16:04:42 212670	INFO [input.cpp->run:235]	rotation: 
[0.9999981557286651, 0.001737690761967831, 0.0008179059139951779;
 -0.001740363476560094, 0.9999931113803132, 0.00327846410534606;
 -0.0008122033229630937, -0.003279881512548668, 0.9999942913352184]
2020/03/08 16:04:42 212698	INFO [input.cpp->run:256]	frame times (ms): 44.688
2020/03/08 16:04:42 212701	INFO [input.cpp->run:257]	FPS: 22.3774
2020/03/08 16:04:42 249123	INFO [input.cpp->run:173]	
frame_id 63
2020/03/08 16:04:42 280733	INFO [input.cpp->run:235]	rotation: 
[0.9999995462946946, 0.00093727505684762, 0.0001700760797596602;
 -0.0009381067510644551, 0.99998727009902, 0.004957781321636236;
 -0.0001654271099379312, -0.004957938621783165, 0.9999876956635486]
2020/03/08 16:04:42 280758	INFO [input.cpp->run:256]	frame times (ms): 45.924
2020/03/08 16:04:42 280760	INFO [input.cpp->run:257]	FPS: 21.7751
2020/03/08 16:04:42 315838	INFO [input.cpp->run:173]	
frame_id 64
2020/03/08 16:04:42 348229	INFO [input.cpp->run:235]	rotation: 
[0.9999793686832676, -0.002253008555480651, 0.006015493351539885;
 0.002191775000532343, 0.9999459170418921, 0.0101665684277704;
 -0.006038073381512602, -0.01015317407013332, 0.9999302249287902]
2020/03/08 16:04:42 348256	INFO [input.cpp->run:256]	frame times (ms): 47.187
2020/03/08 16:04:42 348259	INFO [input.cpp->run:257]	FPS: 21.1923
2020/03/08 16:04:42 382422	INFO [input.cpp->run:173]	
frame_id 65
2020/03/08 16:04:42 412626	INFO [input.cpp->run:235]	rotation: 
[0.9999884803084174, -0.004720743643216429, 0.000868233791640536;
 0.004711078225823947, 0.9999304034899793, 0.01081637269686396;
 -0.000919234688250136, -0.01081215777827573, 0.9999411243927142]
2020/03/08 16:04:42 412648	INFO [input.cpp->run:256]	frame times (ms): 44.609
2020/03/08 16:04:42 412650	INFO [input.cpp->run:257]	FPS: 22.417
2020/03/08 16:04:42 449093	INFO [input.cpp->run:173]	
frame_id 66
2020/03/08 16:04:42 480651	INFO [input.cpp->run:235]	rotation: 
[0.9999995209659064, -0.0009488287365050521, 0.0002403996390231704;
 0.0009472888712087047, 0.9999795383852172, 0.006326567369618691;
 -0.0002463975489820922, -0.006326336611074536, 0.9999799581758283]
2020/03/08 16:04:42 480673	INFO [input.cpp->run:256]	frame times (ms): 45.908
2020/03/08 16:04:42 480675	INFO [input.cpp->run:257]	FPS: 21.7827
2020/03/08 16:04:42 515535	INFO [input.cpp->run:173]	
frame_id 67
2020/03/08 16:04:42 546104	INFO [input.cpp->run:235]	rotation: 
[0.9999960515627808, -0.002772177673492443, -0.0004603148865188297;
 0.002775198170114813, 0.9999737291606269, 0.006696212638936621;
 0.0004417397024857668, -0.006697463664392154, 0.9999774741695432]
2020/03/08 16:04:42 546126	INFO [input.cpp->run:256]	frame times (ms): 45.241
2020/03/08 16:04:42 546128	INFO [input.cpp->run:257]	FPS: 22.1038
2020/03/08 16:04:42 582274	INFO [input.cpp->run:173]	
frame_id 68
2020/03/08 16:04:42 614221	INFO [input.cpp->run:235]	rotation: 
[0.9999990952664759, 0.0004354560866633659, 0.00127273101097867;
 -0.0004431432865172533, 0.9999816252091617, 0.006045896796287579;
 -0.001270074902253267, -0.006046455328565121, 0.9999809134617031]
2020/03/08 16:04:42 614248	INFO [input.cpp->run:256]	frame times (ms): 46.869
2020/03/08 16:04:42 614251	INFO [input.cpp->run:257]	FPS: 21.3361
2020/03/08 16:04:42 649210	INFO [input.cpp->run:173]	
frame_id 69
2020/03/08 16:04:42 679120	INFO [input.cpp->run:235]	rotation: 
[0.9999845339476157, -0.00119702177431619, 0.005431298596259701;
 0.001107426568935444, 0.9998637599215724, 0.01646921983248377;
 -0.005450272650458466, -0.01646295035429779, 0.9998496215900007]
2020/03/08 16:04:42 679141	INFO [input.cpp->run:256]	frame times (ms): 43.614
2020/03/08 16:04:42 679143	INFO [input.cpp->run:257]	FPS: 22.9284
2020/03/08 16:04:42 716032	INFO [input.cpp->run:173]	
frame_id 70
2020/03/08 16:04:42 749252	INFO [input.cpp->run:235]	rotation: 
[0.9999900794391036, -0.004151202519755337, 0.001615097834575564;
 0.00413292462548182, 0.9999291812543579, 0.01116026030294637;
 -0.001661311956063547, -0.01115347450929133, 0.9999364180031425]
2020/03/08 16:04:42 749279	INFO [input.cpp->run:256]	frame times (ms): 48.931
2020/03/08 16:04:42 749282	INFO [input.cpp->run:257]	FPS: 20.4369
2020/03/08 16:04:42 782458	INFO [input.cpp->run:173]	
frame_id 71
2020/03/08 16:04:42 812387	INFO [input.cpp->run:235]	rotation: 
[0.9999980979357169, -0.001916269719591087, 0.0003633666331700498;
 0.00191406929392071, 0.9999803935608562, 0.005962284177485486;
 -0.0003747848534731822, -0.005961577327922721, 0.9999821594068951]
2020/03/08 16:04:42 812409	INFO [input.cpp->run:256]	frame times (ms): 44.24
2020/03/08 16:04:42 812411	INFO [input.cpp->run:257]	FPS: 22.604
2020/03/08 16:04:42 849131	INFO [input.cpp->run:173]	
frame_id 72
2020/03/08 16:04:42 883377	INFO [input.cpp->run:235]	rotation: 
[0.999996264039823, -0.002557909734028026, 0.0009638486339531501;
 0.002550639943067931, 0.9999688485985634, 0.007469676589005779;
 -0.0009829253671744887, -0.007467190251766675, 0.999971637061505]
2020/03/08 16:04:42 883398	INFO [input.cpp->run:256]	frame times (ms): 49.94
2020/03/08 16:04:42 883400	INFO [input.cpp->run:257]	FPS: 20.024
2020/03/08 16:04:42 915566	INFO [input.cpp->run:173]	
frame_id 73
2020/03/08 16:04:42 946309	INFO [input.cpp->run:235]	rotation: 
[0.9999939039096488, 0.002123203800880232, 0.002772029790602397;
 -0.002135378671886492, 0.9999880554247564, 0.004396494710776711;
 -0.002762662025603515, -0.004402387242640412, 0.9999864932513329]
2020/03/08 16:04:42 946332	INFO [input.cpp->run:256]	frame times (ms): 44.458
2020/03/08 16:04:42 946335	INFO [input.cpp->run:257]	FPS: 22.4931
2020/03/08 16:04:42 982957	INFO [input.cpp->run:173]	
frame_id 74
2020/03/08 16:04:43 015100	INFO [input.cpp->run:235]	rotation: 
[0.9999981987794523, -0.001397525960267269, -0.001284273740832178;
 0.001406631697391611, 0.9999736855983928, 0.007116846073546391;
 0.001274293968794181, -0.007118639754688991, 0.9999738502295568]
2020/03/08 16:04:43 015126	INFO [input.cpp->run:256]	frame times (ms): 47.015
2020/03/08 16:04:43 015128	INFO [input.cpp->run:257]	FPS: 21.2698
2020/03/08 16:04:43 049203	INFO [input.cpp->run:173]	
frame_id 75
2020/03/08 16:04:43 079850	INFO [input.cpp->run:235]	rotation: 
[0.9999939359760711, -0.002187974525023439, -0.002709387119469981;
 0.002202684388363187, 0.9999827869754603, 0.005438192188269952;
 0.00269744185675289, -0.005444127135652481, 0.99998154247324]
2020/03/08 16:04:43 079873	INFO [input.cpp->run:256]	frame times (ms): 44.708
2020/03/08 16:04:43 079874	INFO [input.cpp->run:257]	FPS: 22.3674
2020/03/08 16:04:43 115549	INFO [input.cpp->run:173]	
frame_id 76
2020/03/08 16:04:43 146403	INFO [input.cpp->run:235]	rotation: 
[0.9999920114880755, -0.001069524320479848, 0.003851373490147174;
 0.001041931998416442, 0.9999738299544862, 0.007159174803480613;
 -0.003858929611094536, -0.007155104743050087, 0.9999669560232342]
2020/03/08 16:04:43 146428	INFO [input.cpp->run:256]	frame times (ms): 44.563
2020/03/08 16:04:43 146430	INFO [input.cpp->run:257]	FPS: 22.4401
2020/03/08 16:04:43 182279	INFO [input.cpp->run:173]	
frame_id 77
2020/03/08 16:04:43 214090	INFO [input.cpp->run:235]	rotation: 
[0.9999912840583043, -0.003322523279913156, 0.002528368343051937;
 0.003296976272884574, 0.9999441414315163, 0.01004210955146337;
 -0.00256159225477987, -0.01003368605458586, 0.9999463802571007]
2020/03/08 16:04:43 214113	INFO [input.cpp->run:256]	frame times (ms): 45.963
2020/03/08 16:04:43 214115	INFO [input.cpp->run:257]	FPS: 21.7566
2020/03/08 16:04:43 248995	INFO [input.cpp->run:173]	
frame_id 78
2020/03/08 16:04:43 281290	INFO [input.cpp->run:235]	rotation: 
[0.9999909846041913, -0.004233505837277446, 0.0003288444401224066;
 0.004229988649757806, 0.999940584228533, 0.01004665161747023;
 -0.0003713574598439573, -0.0100451700346801, 0.9999494770500215]
2020/03/08 16:04:43 281319	INFO [input.cpp->run:256]	frame times (ms): 46.876
2020/03/08 16:04:43 281323	INFO [input.cpp->run:257]	FPS: 21.3329
2020/03/08 16:04:43 315748	INFO [input.cpp->run:173]	
frame_id 79
2020/03/08 16:04:43 346677	INFO [input.cpp->run:235]	rotation: 
[0.9999957030009226, -0.00255154686591174, 0.001443463987005107;
 0.002537297709160838, 0.9999488706685884, 0.009788675546255975;
 -0.001468366448068011, -0.0097849709864587, 0.9999510479232313]
2020/03/08 16:04:43 346699	INFO [input.cpp->run:256]	frame times (ms): 45.445
2020/03/08 16:04:43 346701	INFO [input.cpp->run:257]	FPS: 22.0046
2020/03/08 16:04:43 382504	INFO [input.cpp->run:173]	
frame_id 80
2020/03/08 16:04:43 412786	INFO [input.cpp->run:235]	rotation: 
[0.9999997956370724, -0.0005651778857248098, 0.0002988306726686244;
 0.0005642931477753582, 0.9999954821255049, 0.002952507717555203;
 -0.0003004980146585441, -0.00295233848607115, 0.9999955966895089]
2020/03/08 16:04:43 412809	INFO [input.cpp->run:256]	frame times (ms): 45.102
2020/03/08 16:04:43 412811	INFO [input.cpp->run:257]	FPS: 22.172
2020/03/08 16:04:43 449219	INFO [input.cpp->run:173]	
frame_id 81
2020/03/08 16:04:43 483588	INFO [input.cpp->run:235]	rotation: 
[0.9999969509110918, -0.002459116652412991, 0.0002256408857561386;
 0.002457340381978513, 0.9999683966802115, 0.007560894064476673;
 -0.0002442268752561539, -0.007560316534178051, 0.9999713905743186]
2020/03/08 16:04:43 483610	INFO [input.cpp->run:256]	frame times (ms): 50.027
2020/03/08 16:04:43 483612	INFO [input.cpp->run:257]	FPS: 19.9892
2020/03/08 16:04:43 515454	INFO [input.cpp->run:173]	
frame_id 82
2020/03/08 16:04:43 545520	INFO [input.cpp->run:235]	rotation: 
[0.9999975283107851, -0.0004364028024616285, 0.002180120389878847;
 0.0004206495672154393, 0.9999738390722716, 0.007221095831265939;
 -0.002183214662364497, -0.007220160916262775, 0.9999715510203684]
2020/03/08 16:04:43 545543	INFO [input.cpp->run:256]	frame times (ms): 44.389
2020/03/08 16:04:43 545546	INFO [input.cpp->run:257]	FPS: 22.5281
2020/03/08 16:04:43 582315	INFO [input.cpp->run:173]	
frame_id 83
2020/03/08 16:04:43 614676	INFO [input.cpp->run:235]	rotation: 
[0.9999194795538723, 0.006737238908120179, 0.01075379098774406;
 -0.00661443465669744, 0.9999129739637928, -0.01141462890574324;
 -0.01082975820992573, 0.01134257954693115, 0.9998770235515646]
2020/03/08 16:04:43 614703	INFO [input.cpp->run:256]	frame times (ms): 47.468
2020/03/08 16:04:43 614706	INFO [input.cpp->run:257]	FPS: 21.0668
2020/03/08 16:04:43 649374	INFO [input.cpp->run:173]	
frame_id 84
2020/03/08 16:04:43 680175	INFO [input.cpp->run:235]	rotation: 
[0.9999892707883129, -0.003012184809093004, 0.003519240107465357;
 0.002984819082246966, 0.9999654703347426, 0.007755578203024383;
 -0.003542479824131369, -0.007744990696756316, 0.9999637323202291]
2020/03/08 16:04:43 680197	INFO [input.cpp->run:256]	frame times (ms): 44.972
2020/03/08 16:04:43 680199	INFO [input.cpp->run:257]	FPS: 22.2361
2020/03/08 16:04:43 715893	INFO [input.cpp->run:173]	
frame_id 85
2020/03/08 16:04:43 746246	INFO [input.cpp->run:235]	rotation: 
[0.9999851422861057, -0.005307610437779147, -0.001242770484715643;
 0.005316136472342605, 0.9999616424724425, 0.006960766970853623;
 0.001205777775683077, -0.006967270287270034, 0.9999750013098826]
2020/03/08 16:04:43 746270	INFO [input.cpp->run:256]	frame times (ms): 44.952
2020/03/08 16:04:43 746273	INFO [input.cpp->run:257]	FPS: 22.246
2020/03/08 16:04:43 783002	INFO [input.cpp->run:173]	
frame_id 86
2020/03/08 16:04:43 814312	INFO [input.cpp->run:235]	rotation: 
[0.9999986092544628, -0.00166550597417278, 8.705739581672872e-05;
 0.001664876562870382, 0.9999755683056522, 0.006789033643926144;
 -9.83624449498624e-05, -0.006788879262289982, 0.999976950455955]
2020/03/08 16:04:43 814341	INFO [input.cpp->run:256]	frame times (ms): 45.935
2020/03/08 16:04:43 814344	INFO [input.cpp->run:257]	FPS: 21.7699
2020/03/08 16:04:43 849620	INFO [input.cpp->run:173]	
frame_id 87
2020/03/08 16:04:43 882225	INFO [input.cpp->run:235]	rotation: 
[0.999987161657003, -0.003111339165782947, 0.003999511190946132;
 0.003065030040851911, 0.9999287935865891, 0.01153314125974108;
 -0.004035109914204769, -0.01152073457136878, 0.9999254925057748]
2020/03/08 16:04:43 882253	INFO [input.cpp->run:256]	frame times (ms): 45.445
2020/03/08 16:04:43 882256	INFO [input.cpp->run:257]	FPS: 22.0046
2020/03/08 16:04:43 915723	INFO [input.cpp->run:173]	
frame_id 88
2020/03/08 16:04:43 947298	INFO [input.cpp->run:235]	rotation: 
[0.9999938313547526, -0.0004706935236318561, 0.003480761418048399;
 0.0004388295212933767, 0.9999580468540232, 0.009149424055001481;
 -0.003484921963804168, -0.009147840154583449, 0.9999520850217837]
2020/03/08 16:04:43 947320	INFO [input.cpp->run:256]	frame times (ms): 45.564
2020/03/08 16:04:43 947322	INFO [input.cpp->run:257]	FPS: 21.9472
2020/03/08 16:04:43 982363	INFO [input.cpp->run:173]	
frame_id 89
2020/03/08 16:04:44 014659	INFO [input.cpp->run:235]	rotation: 
[0.9999954381300482, -0.00288439283992583, -0.0008966588191395679;
 0.002887823327558453, 0.9999884250861373, 0.003848398390971953;
