		g3log created log at: Mon Mar 09 15:56:40 2020
		LOG format: [YYYY/MM/DD hh:mm:ss uuu* LEVEL FILE->FUNCTION:LINE] message		(uuu*: microseconds fractions of the seconds value)

2020/03/09 15:56:40 148430	INFO [g3logger.h->logBanner:29]	Starting log.
2020/03/09 15:56:40 152537	DEBUG [main.cpp->main:48]	Filepath: /home/mitchell/KITTI/data_odometry_gray/dataset/sequences/00/
2020/03/09 15:56:40 152544	DEBUG [main.cpp->main:52]	Calibration Filepath: /home/mitchell/visual_odom_catkin_ws/tank_downsized.yaml
2020/03/09 15:56:40 152689	INFO [main.cpp->main:66]	P_left: 
[409.41, 0, 251.22, 0;
 0, 408.72, 191.78999, 0;
 0, 0, 1, 0]
2020/03/09 15:56:40 152708	INFO [main.cpp->main:67]	P_right: 
[409.41, 0, 251.22, -73.940002;
 0, 408.72, 191.78999, 0;
 0, 0, 1, 0]
2020/03/09 15:56:40 296537	INFO [input.cpp->Input:22]	frame_pose [1, 0, 0, 0;
 0, 1, 0, 0;
 0, 0, 1, 0;
 0, 0, 0, 1]
2020/03/09 15:56:40 690465	INFO [input.cpp->run:173]	
frame_id 1
2020/03/09 15:56:40 800093	WARNING [visualOdometry.cpp->trackingFrame2Frame:179]	The Estimated Rotation and translation matrices(using getTransformation function) are : 
           1  0.000136673  0.000358373   0.00266528
-0.000136357     0.999999 -0.000935616  0.000254959
-0.000358582  0.000935536     0.999999   0.00141662
           0            0            0            1
2020/03/09 15:56:40 804769	INFO [input.cpp->run:235]	rotation: 
[0.9999997615814209, 0.0001366734504699707, 0.0003583729267120361;
 -0.0001363568007946014, 0.9999993443489075, -0.0009356159716844559;
 -0.00035858154296875, 0.0009355358779430389, 0.9999994039535522]
2020/03/09 15:56:40 804896	INFO [input.cpp->run:258]	frame times (ms): 613.212
2020/03/09 15:56:40 804904	INFO [input.cpp->run:259]	FPS: 1.63076
2020/03/09 15:56:40 818323	INFO [input.cpp->run:173]	
frame_id 2
2020/03/09 15:56:40 882322	WARNING [visualOdometry.cpp->trackingFrame2Frame:179]	The Estimated Rotation and translation matrices(using getTransformation function) are : 
   0.999998  0.00154253  0.00135168  0.00800247
 -0.0015392    0.999996 -0.00245713 -0.00161536
-0.00135544  0.00245503    0.999996 -0.00176424
          0           0           0           1
2020/03/09 15:56:40 884336	INFO [input.cpp->run:235]	rotation: 
[0.9999979138374329, 0.001542530953884125, 0.001351684331893921;
 -0.0015392005443573, 0.9999957680702209, -0.002457134425640106;
 -0.001355439424514771, 0.002455025911331177, 0.9999961256980896]
2020/03/09 15:56:40 884430	INFO [input.cpp->run:258]	frame times (ms): 636.285
2020/03/09 15:56:40 884435	INFO [input.cpp->run:259]	FPS: 1.57162
2020/03/09 15:56:40 890323	INFO [input.cpp->run:173]	
frame_id 3
2020/03/09 15:56:40 949053	WARNING [visualOdometry.cpp->trackingFrame2Frame:179]	The Estimated Rotation and translation matrices(using getTransformation function) are : 
    0.999999   0.00133073  0.000692368    0.0196832
 -0.00132824     0.999993  -0.00360754   0.00100449
-0.000696987   0.00360662     0.999993    0.0180751
           0            0            0            1
2020/03/09 15:56:40 950615	INFO [input.cpp->run:235]	rotation: 
[0.9999990463256836, 0.001330727711319923, 0.0006923675537109375;
 -0.001328239217400551, 0.9999925494194031, -0.003607535734772682;
 -0.0006969869136810303, 0.003606615588068962, 0.9999932050704956]
2020/03/09 15:56:40 950699	INFO [input.cpp->run:258]	frame times (ms): 650.413
2020/03/09 15:56:40 950704	INFO [input.cpp->run:259]	FPS: 1.53748
2020/03/09 15:56:41 016884	INFO [input.cpp->run:173]	
frame_id 4
2020/03/09 15:56:41 082778	WARNING [visualOdometry.cpp->trackingFrame2Frame:179]	The Estimated Rotation and translation matrices(using getTransformation function) are : 
           1  0.000400946  0.000387102    0.0002473
-0.000400566     0.999999 -0.000975579 -0.000412315
-0.000387579   0.00097549            1  -0.00262958
           0            0            0            1
2020/03/09 15:56:41 085657	INFO [input.cpp->run:235]	rotation: 
[1, 0.0004009455442428589, 0.0003871023654937744;
 -0.0004005655646324158, 0.999999463558197, -0.0009755790233612061;
 -0.0003875792026519775, 0.000975489616394043, 0.9999995827674866]
2020/03/09 15:56:41 085740	INFO [input.cpp->run:258]	frame times (ms): 660.529
2020/03/09 15:56:41 085747	INFO [input.cpp->run:259]	FPS: 1.51394
2020/03/09 15:56:41 151250	INFO [input.cpp->run:173]	
frame_id 5
2020/03/09 15:56:41 252587	WARNING [visualOdometry.cpp->trackingFrame2Frame:179]	The Estimated Rotation and translation matrices(using getTransformation function) are : 
           1  0.000975251  0.000489563   0.00141102
-0.000974312     0.999999  -0.00168438 -0.000257373
-0.000491053   0.00168373     0.999999  -0.00249094
           0            0            0            1
2020/03/09 15:56:41 254705	INFO [input.cpp->run:235]	rotation: 
[0.9999998807907104, 0.0009752511978149414, 0.0004895627498626709;
 -0.000974312424659729, 0.9999986886978149, -0.001684375107288361;
 -0.0004910528659820557, 0.001683726906776428, 0.9999988079071045]
2020/03/09 15:56:41 254767	INFO [input.cpp->run:258]	frame times (ms): 683.941
2020/03/09 15:56:41 254772	INFO [input.cpp->run:259]	FPS: 1.46211
2020/03/09 15:56:41 282861	INFO [input.cpp->run:173]	
frame_id 6
2020/03/09 15:56:41 346152	WARNING [visualOdometry.cpp->trackingFrame2Frame:179]	The Estimated Rotation and translation matrices(using getTransformation function) are : 
           1  0.000893295 -5.65052e-05  0.000117838
-0.000893414     0.999996  -0.00263064  0.000202149
 5.42998e-05    0.0026307     0.999996  0.000970662
           0            0            0            1
2020/03/09 15:56:41 348111	INFO [input.cpp->run:235]	rotation: 
[0.9999997615814209, 0.0008932948112487793, -5.650520324707031e-05;
 -0.0008934140205383301, 0.9999963045120239, -0.002630636096000671;
 5.429983139038086e-05, 0.002630703151226044, 0.9999963045120239]
2020/03/09 15:56:41 348167	INFO [input.cpp->run:258]	frame times (ms): 697.948
2020/03/09 15:56:41 348172	INFO [input.cpp->run:259]	FPS: 1.43277
2020/03/09 15:56:41 353732	INFO [input.cpp->run:173]	
frame_id 7
2020/03/09 15:56:41 407560	WARNING [visualOdometry.cpp->trackingFrame2Frame:179]	The Estimated Rotation and translation matrices(using getTransformation function) are : 
   0.999989  0.00247657  0.00400759   0.0194357
-0.00247191    0.999997 -0.00117841  -0.0148706
-0.00401041  0.00116837    0.999991  -0.0411817
          0           0           0           1
2020/03/09 15:56:41 409448	INFO [input.cpp->run:235]	rotation: 
[0.9999894499778748, 0.00247657299041748, 0.004007592797279358;
 -0.002471908926963806, 0.9999967217445374, -0.00117841362953186;
 -0.004010409116744995, 0.001168370246887207, 0.9999914169311523]
2020/03/09 15:56:41 409499	INFO [input.cpp->run:258]	frame times (ms): 652.138
2020/03/09 15:56:41 409503	INFO [input.cpp->run:259]	FPS: 1.53342
2020/03/09 15:56:41 416954	INFO [input.cpp->run:173]	
frame_id 8
2020/03/09 15:56:41 473829	WARNING [visualOdometry.cpp->trackingFrame2Frame:179]	The Estimated Rotation and translation matrices(using getTransformation function) are : 
 0.655188 -0.116593  0.746415  0.374949
-0.119562  -0.99157 -0.049938 -0.660638
 0.745945 -0.056524 -0.663605 -0.969978
        0         0         0         1
2020/03/09 15:56:41 475751	INFO [input.cpp->run:235]	rotation: 
[0.6551879048347473, -0.1165928840637207, 0.7464146018028259;
 -0.1195620000362396, -0.9915700554847717, -0.04993799328804016;
 0.7459447383880615, -0.05652397871017456, -0.6636048555374146]
2020/03/09 15:56:41 475793	INFO [input.cpp->run:258]	frame times (ms): 697.525
2020/03/09 15:56:41 475798	INFO [input.cpp->run:259]	FPS: 1.43364
2020/03/09 15:56:41 490897	INFO [input.cpp->run:173]	
frame_id 9
2020/03/09 15:56:41 550560	WARNING [visualOdometry.cpp->trackingFrame2Frame:179]	The Estimated Rotation and translation matrices(using getTransformation function) are : 
           1 -9.52035e-05 -0.000218377  -0.00030154
 9.49875e-05     0.999999 -0.000853062  0.000525594
 0.000218615  0.000852853     0.999999 -4.92334e-05
           0            0            0            1
2020/03/09 15:56:41 552644	INFO [input.cpp->run:235]	rotation: 
[0.9999997615814209, -9.520351886749268e-05, -0.0002183765172958374;
 9.498745203018188e-05, 0.9999994039535522, -0.0008530616760253906;
 0.000218614935874939, 0.0008528530597686768, 0.9999991059303284]
2020/03/09 15:56:41 552737	INFO [input.cpp->run:258]	frame times (ms): 684.038
2020/03/09 15:56:41 552742	INFO [input.cpp->run:259]	FPS: 1.46191
2020/03/09 15:56:41 558570	INFO [input.cpp->run:173]	
frame_id 10
2020/03/09 15:56:41 616523	WARNING [visualOdometry.cpp->trackingFrame2Frame:179]	The Estimated Rotation and translation matrices(using getTransformation function) are : 
           1  0.000982437  0.000613719   0.00308986
-0.000981819            1 -0.000856863 -0.000167489
-0.000614613  0.000856195            1  0.000620067
           0            0            0            1
2020/03/09 15:56:41 618733	INFO [input.cpp->run:235]	rotation: 
[0.9999996423721313, 0.0009824372828006744, 0.0006137192249298096;
 -0.0009818188846111298, 0.9999995231628418, -0.000856863334774971;
 -0.0006146132946014404, 0.0008561946451663971, 0.9999997615814209]
2020/03/09 15:56:41 618871	INFO [input.cpp->run:258]	frame times (ms): 669.769
2020/03/09 15:56:41 618876	INFO [input.cpp->run:259]	FPS: 1.49305
2020/03/09 15:56:41 623618	INFO [input.cpp->run:173]	
frame_id 11
2020/03/09 15:56:41 678973	WARNING [visualOdometry.cpp->trackingFrame2Frame:179]	The Estimated Rotation and translation matrices(using getTransformation function) are : 
           1  0.000948962  0.000631303   0.00414789
 -0.00094809     0.999999  -0.00133627  0.000260055
-0.000632524   0.00133562     0.999999   0.00203711
           0            0            0            1
2020/03/09 15:56:41 681598	INFO [input.cpp->run:235]	rotation: 
[0.9999995231628418, 0.0009489618241786957, 0.0006313025951385498;
 -0.0009480901062488556, 0.9999985694885254, -0.001336269080638885;
 -0.0006325244903564453, 0.001335617154836655, 0.9999991655349731]
2020/03/09 15:56:41 681674	INFO [input.cpp->run:258]	frame times (ms): 686.885
2020/03/09 15:56:41 681680	INFO [input.cpp->run:259]	FPS: 1.45585
2020/03/09 15:56:41 688241	INFO [input.cpp->run:173]	
frame_id 12
2020/03/09 15:56:41 742981	WARNING [visualOdometry.cpp->trackingFrame2Frame:179]	The Estimated Rotation and translation matrices(using getTransformation function) are : 
           1   0.00080532  0.000600845   0.00751732
-0.000804616     0.999999  -0.00115972  0.000610471
-0.000601679   0.00115925     0.999999   0.00575513
           0            0            0            1
2020/03/09 15:56:41 744895	INFO [input.cpp->run:235]	rotation: 
[0.9999996423721313, 0.000805320218205452, 0.0006008446216583252;
 -0.0008046161383390427, 0.999998927116394, -0.001159720122814178;
 -0.0006016790866851807, 0.001159254461526871, 0.9999994039535522]
2020/03/09 15:56:41 744954	INFO [input.cpp->run:258]	frame times (ms): 634.249
2020/03/09 15:56:41 744959	INFO [input.cpp->run:259]	FPS: 1.57667
2020/03/09 15:56:41 751457	INFO [input.cpp->run:173]	
frame_id 13
2020/03/09 15:56:41 812761	WARNING [visualOdometry.cpp->trackingFrame2Frame:179]	The Estimated Rotation and translation matrices(using getTransformation function) are : 
           1  0.000571527 -5.65946e-05   0.00104192
-0.000571661     0.999999  -0.00151711  2.32756e-05
 5.55813e-05   0.00151722     0.999999   0.00131565
           0            0            0            1
2020/03/09 15:56:41 815032	INFO [input.cpp->run:235]	rotation: 
[1.000000238418579, 0.0005715265870094299, -5.65946102142334e-05;
 -0.0005716606974601746, 0.9999988675117493, -0.001517109572887421;
 5.558133125305176e-05, 0.001517221331596375, 0.9999991655349731]
2020/03/09 15:56:41 815116	INFO [input.cpp->run:258]	frame times (ms): 701.864
2020/03/09 15:56:41 815121	INFO [input.cpp->run:259]	FPS: 1.42478
2020/03/09 15:56:41 884005	INFO [input.cpp->run:173]	
frame_id 14
2020/03/09 15:56:41 945402	WARNING [visualOdometry.cpp->trackingFrame2Frame:179]	The Estimated Rotation and translation matrices(using getTransformation function) are : 
           1  0.000624992 -0.000301838 -0.000765502
-0.000625499     0.999999  -0.00177346 -0.000267535
 0.000300765   0.00177365     0.999999  -0.00132054
           0            0            0            1
2020/03/09 15:56:41 947442	INFO [input.cpp->run:235]	rotation: 
[1.000000238418579, 0.0006249919533729553, -0.0003018379211425781;
 -0.0006254985928535461, 0.9999986290931702, -0.001773461699485779;
 0.0003007650375366211, 0.001773647964000702, 0.9999990463256836]
2020/03/09 15:56:41 947516	INFO [input.cpp->run:258]	frame times (ms): 695.325
2020/03/09 15:56:41 947524	INFO [input.cpp->run:259]	FPS: 1.43818
2020/03/09 15:56:41 952655	INFO [input.cpp->run:173]	
frame_id 15
2020/03/09 15:56:42 009392	WARNING [visualOdometry.cpp->trackingFrame2Frame:179]	The Estimated Rotation and translation matrices(using getTransformation function) are : 
           1 -6.88829e-05 -0.000503421   -0.0480299
 6.86324e-05            1 -0.000385279 -0.000145704
 0.000503272  0.000385298            1   -0.0382823
           0            0            0            1
2020/03/09 15:56:42 011481	INFO [input.cpp->run:235]	rotation: 
[1, -6.888294592499733e-05, -0.0005034208297729492;
 6.863242015242577e-05, 0.9999999403953552, -0.0003852788358926773;
 0.0005032718181610107, 0.0003852979280054569, 1]
2020/03/09 15:56:42 011544	INFO [input.cpp->run:258]	frame times (ms): 693.194
2020/03/09 15:56:42 011549	INFO [input.cpp->run:259]	FPS: 1.4426
2020/03/09 15:56:42 017581	INFO [input.cpp->run:173]	
frame_id 16
2020/03/09 15:56:42 073013	WARNING [visualOdometry.cpp->trackingFrame2Frame:179]	The Estimated Rotation and translation matrices(using getTransformation function) are : 
           1  0.000172183 -0.000306875  -0.00022392
-0.000172395            1 -0.000494156  0.000106663
 0.000306875   0.00049426            1 -0.000472009
           0            0            0            1
2020/03/09 15:56:42 074897	INFO [input.cpp->run:235]	rotation: 
[0.9999997615814209, 0.0001721829175949097, -0.0003068745136260986;
 -0.000172395259141922, 0.9999997019767761, -0.0004941560328006744;
 0.0003068745136260986, 0.0004942603409290314, 0.9999998807907104]
2020/03/09 15:56:42 074949	INFO [input.cpp->run:258]	frame times (ms): 664.373
2020/03/09 15:56:42 074954	INFO [input.cpp->run:259]	FPS: 1.50518
2020/03/09 15:56:42 086068	INFO [input.cpp->run:173]	
frame_id 17
2020/03/09 15:56:42 146104	WARNING [visualOdometry.cpp->trackingFrame2Frame:179]	The Estimated Rotation and translation matrices(using getTransformation function) are : 
           1   0.00048729 -0.000184774  6.52522e-05
-0.000487551     0.999998  -0.00170419  0.000330567
 0.000184119   0.00170417     0.999998   0.00106961
           0            0            0            1
2020/03/09 15:56:42 148158	INFO [input.cpp->run:235]	rotation: 
[0.9999998211860657, 0.0004872903227806091, -0.0001847743988037109;
 -0.0004875510931015015, 0.9999983906745911, -0.00170418992638588;
 0.0001841187477111816, 0.001704171299934387, 0.9999984502792358]
2020/03/09 15:56:42 148217	INFO [input.cpp->run:258]	frame times (ms): 694.86
2020/03/09 15:56:42 148221	INFO [input.cpp->run:259]	FPS: 1.43914
2020/03/09 15:56:42 153291	INFO [input.cpp->run:173]	
frame_id 18
2020/03/09 15:56:42 207196	WARNING [visualOdometry.cpp->trackingFrame2Frame:179]	The Estimated Rotation and translation matrices(using getTransformation function) are : 
           1 -0.000427842 -0.000615835 -0.000448555
 0.000427648            1 -0.000504673  0.000522256
 0.000615895  0.000504494            1  0.000317693
           0            0            0            1
2020/03/09 15:56:42 209036	INFO [input.cpp->run:235]	rotation: 
[0.9999998211860657, -0.0004278421401977539, -0.0006158351898193359;
 0.0004276484251022339, 0.9999998807907104, -0.0005046725273132324;
 0.0006158947944641113, 0.0005044937133789062, 0.9999997615814209]
2020/03/09 15:56:42 209086	INFO [input.cpp->run:258]	frame times (ms): 655.958
2020/03/09 15:56:42 209088	INFO [input.cpp->run:259]	FPS: 1.52449
2020/03/09 15:56:42 216227	INFO [input.cpp->run:173]	
frame_id 19
2020/03/09 15:56:42 271616	WARNING [visualOdometry.cpp->trackingFrame2Frame:179]	The Estimated Rotation and translation matrices(using getTransformation function) are : 
    0.999999  0.000831731  0.000385135   0.00257531
-0.000831246     0.999999  -0.00128602 -6.13034e-05
-0.000386447   0.00128571     0.999999  0.000965536
           0            0            0            1
2020/03/09 15:56:42 273874	INFO [input.cpp->run:235]	rotation: 
[0.9999994039535522, 0.0008317306637763977, 0.0003851354122161865;
 -0.0008312463760375977, 0.9999986290931702, -0.001286022365093231;
 -0.0003864467144012451, 0.00128570944070816, 0.999998927116394]
2020/03/09 15:56:42 273921	INFO [input.cpp->run:258]	frame times (ms): 671.482
2020/03/09 15:56:42 273925	INFO [input.cpp->run:259]	FPS: 1.48924
2020/03/09 15:56:42 283344	INFO [input.cpp->run:173]	
frame_id 20
2020/03/09 15:56:42 346625	WARNING [visualOdometry.cpp->trackingFrame2Frame:179]	The Estimated Rotation and translation matrices(using getTransformation function) are : 
   0.999998  0.00139363  0.00150162   0.0335177
 -0.0013909    0.999997 -0.00181502 0.000840157
 -0.0015043    0.001813    0.999997   0.0224226
          0           0           0           1
2020/03/09 15:56:42 348565	INFO [input.cpp->run:235]	rotation: 
[0.9999982118606567, 0.001393627375364304, 0.001501619815826416;
 -0.001390904188156128, 0.9999974966049194, -0.001815021969377995;
 -0.001504302024841309, 0.001813000068068504, 0.9999974966049194]
2020/03/09 15:56:42 348627	INFO [input.cpp->run:258]	frame times (ms): 702.109
2020/03/09 15:56:42 348631	INFO [input.cpp->run:259]	FPS: 1.42428
2020/03/09 15:56:42 355164	INFO [input.cpp->run:173]	
frame_id 21
2020/03/09 15:56:42 417938	WARNING [visualOdometry.cpp->trackingFrame2Frame:179]	The Estimated Rotation and translation matrices(using getTransformation function) are : 
           1  9.66713e-05  -0.00031326  0.000333622
-9.70475e-05     0.999999  -0.00124317  0.000560224
 0.000313111   0.00124335            1  0.000911117
           0            0            0            1
2020/03/09 15:56:42 420290	INFO [input.cpp->run:235]	rotation: 
[0.9999999403953552, 9.667128324508667e-05, -0.0003132596611976624;
 -9.704753756523132e-05, 0.9999992847442627, -0.001243174076080322;
 0.0003131106495857239, 0.001243352890014648, 0.9999995231628418]
2020/03/09 15:56:42 420365	INFO [input.cpp->run:258]	frame times (ms): 713.672
2020/03/09 15:56:42 420372	INFO [input.cpp->run:259]	FPS: 1.4012
2020/03/09 15:56:42 483358	INFO [input.cpp->run:173]	
frame_id 22
2020/03/09 15:56:42 541364	WARNING [visualOdometry.cpp->trackingFrame2Frame:179]	The Estimated Rotation and translation matrices(using getTransformation function) are : 
    0.999998 -0.000848457  -0.00154057  -0.00183479
 0.000844873     0.999997  -0.00245836   0.00142449
  0.00154254   0.00245702     0.999996   0.00235957
           0            0            0            1
2020/03/09 15:56:42 543305	INFO [input.cpp->run:235]	rotation: 
[0.9999984502792358, -0.0008484572172164917, -0.001540571451187134;
 0.0008448734879493713, 0.9999966621398926, -0.002458363771438599;
 0.001542538404464722, 0.002457022666931152, 0.9999957680702209]
2020/03/09 15:56:42 543372	INFO [input.cpp->run:258]	frame times (ms): 654.571
2020/03/09 15:56:42 543376	INFO [input.cpp->run:259]	FPS: 1.52772
2020/03/09 15:56:42 550789	INFO [input.cpp->run:173]	
frame_id 23
2020/03/09 15:56:42 606487	WARNING [visualOdometry.cpp->trackingFrame2Frame:179]	The Estimated Rotation and translation matrices(using getTransformation function) are : 
    0.999998  -0.00108965  -0.00190398   -0.0058582
   0.0010889     0.999999 -0.000369035  0.000490308
  0.00190443  0.000366941     0.999998   -0.0024159
           0            0            0            1
2020/03/09 15:56:42 608915	INFO [input.cpp->run:235]	rotation: 
[0.9999977350234985, -0.00108964741230011, -0.00190398097038269;
 0.001088902354240417, 0.999999463558197, -0.0003690347075462341;
 0.001904428005218506, 0.0003669410943984985, 0.9999980926513672]
2020/03/09 15:56:42 608995	INFO [input.cpp->run:258]	frame times (ms): 643.676
2020/03/09 15:56:42 608999	INFO [input.cpp->run:259]	FPS: 1.55358
2020/03/09 15:56:42 617382	INFO [input.cpp->run:173]	
frame_id 24
2020/03/09 15:56:42 676858	WARNING [visualOdometry.cpp->trackingFrame2Frame:179]	The Estimated Rotation and translation matrices(using getTransformation function) are : 
           1 -0.000448383 -0.000788599  -0.00157231
 0.000447728            1 -0.000688657  0.000704229
 0.000788659  0.000688389            1 -0.000721514
           0            0            0            1
2020/03/09 15:56:42 679420	INFO [input.cpp->run:235]	rotation: 
[0.9999997615814209, -0.0004483833909034729, -0.0007885992527008057;
 0.0004477277398109436, 0.9999998211860657, -0.0006886571645736694;
 0.0007886588573455811, 0.0006883889436721802, 0.9999995231628418]
2020/03/09 15:56:42 679518	INFO [input.cpp->run:258]	frame times (ms): 665.831
2020/03/09 15:56:42 679522	INFO [input.cpp->run:259]	FPS: 1.50188
2020/03/09 15:56:42 686938	INFO [input.cpp->run:173]	
frame_id 25
2020/03/09 15:56:42 745913	WARNING [visualOdometry.cpp->trackingFrame2Frame:179]	The Estimated Rotation and translation matrices(using getTransformation function) are : 
    0.999999  0.000935614  0.000817716   0.00136575
-0.000934549     0.999999   -0.0014593  0.000256598
-0.000818998   0.00145859     0.999999  0.000252128
           0            0            0            1
2020/03/09 15:56:42 748758	INFO [input.cpp->run:235]	rotation: 
[0.9999993443489075, 0.0009356141090393066, 0.000817716121673584;
 -0.0009345486760139465, 0.9999985694885254, -0.001459300518035889;
 -0.0008189976215362549, 0.001458585262298584, 0.9999986290931702]
2020/03/09 15:56:42 748824	INFO [input.cpp->run:258]	frame times (ms): 676.476
2020/03/09 15:56:42 748827	INFO [input.cpp->run:259]	FPS: 1.47825
2020/03/09 15:56:42 755980	INFO [input.cpp->run:173]	
frame_id 26
2020/03/09 15:56:42 814987	WARNING [visualOdometry.cpp->trackingFrame2Frame:179]	The Estimated Rotation and translation matrices(using getTransformation function) are : 
   0.999985  0.00227585  0.00492598  0.00708567
-0.00226163    0.999993 -0.00292954 -0.00224125
-0.00493261  0.00291827    0.999983 -0.00883204
          0           0           0           1
2020/03/09 15:56:42 817221	INFO [input.cpp->run:235]	rotation: 
[0.9999853372573853, 0.002275854349136353, 0.004925981163978577;
 -0.002261631190776825, 0.999992847442627, -0.002929538488388062;
 -0.004932612180709839, 0.002918273210525513, 0.9999834895133972]
2020/03/09 15:56:42 817280	INFO [input.cpp->run:258]	frame times (ms): 660.075
2020/03/09 15:56:42 817283	INFO [input.cpp->run:259]	FPS: 1.51498
2020/03/09 15:56:42 882716	INFO [input.cpp->run:173]	
frame_id 27
2020/03/09 15:56:42 939467	WARNING [visualOdometry.cpp->trackingFrame2Frame:179]	The Estimated Rotation and translation matrices(using getTransformation function) are : 
           1 -0.000151819 -4.47407e-05 -0.000226587
 0.000151809            1 -0.000852078  0.000248581
 4.49084e-05  0.000852108            1 -0.000110507
           0            0            0            1
2020/03/09 15:56:42 941567	INFO [input.cpp->run:235]	rotation: 
[0.9999998807907104, -0.0001518186181783676, -4.474073648452759e-05;
 0.0001518093049526215, 0.9999997019767761, -0.0008520781993865967;
 4.490837454795837e-05, 0.0008521080017089844, 0.9999998807907104]
2020/03/09 15:56:42 941647	INFO [input.cpp->run:258]	frame times (ms): 619.076
2020/03/09 15:56:42 941660	INFO [input.cpp->run:259]	FPS: 1.61531
2020/03/09 15:56:42 949997	INFO [input.cpp->run:173]	
frame_id 28
2020/03/09 15:56:43 010592	WARNING [visualOdometry.cpp->trackingFrame2Frame:179]	The Estimated Rotation and translation matrices(using getTransformation function) are : 
    0.999999 -0.000755414  -0.00123236  -0.00161406
 0.000753224     0.999999  -0.00154942   0.00117943
  0.00123322   0.00154862     0.999998   0.00155771
           0            0            0            1
2020/03/09 15:56:43 012476	INFO [input.cpp->run:235]	rotation: 
[0.999998927116394, -0.0007554143667221069, -0.001232355833053589;
 0.0007532238960266113, 0.9999985694885254, -0.001549422740936279;
 0.001233220100402832, 0.001548618078231812, 0.999998152256012]
2020/03/09 15:56:43 012543	INFO [input.cpp->run:258]	frame times (ms): 645.721
2020/03/09 15:56:43 012546	INFO [input.cpp->run:259]	FPS: 1.54866
2020/03/09 15:56:43 018195	INFO [input.cpp->run:173]	
frame_id 29
2020/03/09 15:56:43 071541	WARNING [visualOdometry.cpp->trackingFrame2Frame:179]	The Estimated Rotation and translation matrices(using getTransformation function) are : 
   0.999996   0.0015468    0.002296   0.0898878
-0.00153883    0.999993 -0.00346588 -0.00252226
-0.00230137  0.00346224    0.999991   0.0699635
          0           0           0           1
2020/03/09 15:56:43 073597	INFO [input.cpp->run:235]	rotation: 
[0.9999960660934448, 0.001546801999211311, 0.002296000719070435;
 -0.001538833603262901, 0.9999930262565613, -0.003465876914560795;
 -0.00230136513710022, 0.003462243359535933, 0.9999911785125732]
2020/03/09 15:56:43 073661	INFO [input.cpp->run:258]	frame times (ms): 618.449
2020/03/09 15:56:43 073664	INFO [input.cpp->run:259]	FPS: 1.61695
2020/03/09 15:56:43 082840	INFO [input.cpp->run:173]	
frame_id 30
2020/03/09 15:56:43 140271	WARNING [visualOdometry.cpp->trackingFrame2Frame:179]	The Estimated Rotation and translation matrices(using getTransformation function) are : 
           1 -0.000452049  -0.00117823  -0.00488555
 0.000450384     0.999999  -0.00146019  0.000808209
  0.00117874   0.00145969     0.999999  -0.00156033
           0            0            0            1
2020/03/09 15:56:43 142714	INFO [input.cpp->run:235]	rotation: 
[0.9999995827674866, -0.0004520490765571594, -0.001178234815597534;
 0.0004503838717937469, 0.9999992847442627, -0.00146019458770752;
 0.001178741455078125, 0.001459687948226929, 0.9999985694885254]
2020/03/09 15:56:43 142790	INFO [input.cpp->run:258]	frame times (ms): 634.819
2020/03/09 15:56:43 142795	INFO [input.cpp->run:259]	FPS: 1.57525
2020/03/09 15:56:43 149932	INFO [input.cpp->run:173]	
frame_id 31
2020/03/09 15:56:43 207480	WARNING [visualOdometry.cpp->trackingFrame2Frame:179]	The Estimated Rotation and translation matrices(using getTransformation function) are : 
           1  0.000516158  0.000524253   0.00138998
-0.000515129     0.999998  -0.00180227  0.000167131
-0.000525326   0.00180192     0.999998    0.0010826
           0            0            0            1
2020/03/09 15:56:43 209512	INFO [input.cpp->run:235]	rotation: 
[0.9999997615814209, 0.0005161575973033905, 0.0005242526531219482;
 -0.000515129417181015, 0.9999983906745911, -0.001802273094654083;
 -0.0005253255367279053, 0.001801924780011177, 0.9999980926513672]
2020/03/09 15:56:43 209577	INFO [input.cpp->run:258]	frame times (ms): 620.365
2020/03/09 15:56:43 209581	INFO [input.cpp->run:259]	FPS: 1.61195
2020/03/09 15:56:43 216018	INFO [input.cpp->run:173]	
frame_id 32
2020/03/09 15:56:43 275502	WARNING [visualOdometry.cpp->trackingFrame2Frame:179]	The Estimated Rotation and translation matrices(using getTransformation function) are : 
           1  0.000355596 -6.24061e-05  0.000443503
-0.000355726     0.999998  -0.00180425  0.000291854
 6.18994e-05   0.00180425     0.999998   0.00167149
           0            0            0            1
2020/03/09 15:56:43 278060	INFO [input.cpp->run:235]	rotation: 
[1.000000238418579, 0.0003555957227945328, -6.240606307983398e-05;
 -0.0003557261079549789, 0.9999984502792358, -0.001804251223802567;
 6.189942359924316e-05, 0.001804251223802567, 0.9999984502792358]
2020/03/09 15:56:43 278133	INFO [input.cpp->run:258]	frame times (ms): 638.462
2020/03/09 15:56:43 278137	INFO [input.cpp->run:259]	FPS: 1.56626
2020/03/09 15:56:43 285612	INFO [input.cpp->run:173]	
frame_id 33
2020/03/09 15:56:43 347756	WARNING [visualOdometry.cpp->trackingFrame2Frame:179]	The Estimated Rotation and translation matrices(using getTransformation function) are : 
   0.999998  0.00127535    0.001551   0.0498954
-0.00127238    0.999997 -0.00190336  0.00626007
-0.00155333  0.00190131    0.999997    0.031651
          0           0           0           1
2020/03/09 15:56:43 349991	INFO [input.cpp->run:235]	rotation: 
[0.9999979138374329, 0.001275345683097839, 0.001551002264022827;
 -0.001272380352020264, 0.9999974370002747, -0.001903355121612549;
 -0.001553326845169067, 0.001901306211948395, 0.999997079372406]
2020/03/09 15:56:43 350067	INFO [input.cpp->run:258]	frame times (ms): 649.495
2020/03/09 15:56:43 350072	INFO [input.cpp->run:259]	FPS: 1.53966
2020/03/09 15:56:43 416781	INFO [input.cpp->run:173]	
frame_id 34
2020/03/09 15:56:43 474936	WARNING [visualOdometry.cpp->trackingFrame2Frame:179]	The Estimated Rotation and translation matrices(using getTransformation function) are : 
 -0.43314 -0.300485 -0.849764 -0.636751
-0.297733 -0.842171   0.44956 -0.256915
-0.850732  0.447725  0.275314 -0.331143
        0         0         0         1
2020/03/09 15:56:43 477606	INFO [input.cpp->run:235]	rotation: 
[-0.4331401288509369, -0.3004849851131439, -0.8497639894485474;
 -0.2977326214313507, -0.8421708345413208, 0.4495596885681152;
 -0.8507322072982788, 0.4477247595787048, 0.2753138840198517]
2020/03/09 15:56:43 477664	INFO [input.cpp->run:258]	frame times (ms): 661.191
2020/03/09 15:56:43 477669	INFO [input.cpp->run:259]	FPS: 1.51242
2020/03/09 15:56:43 485066	INFO [input.cpp->run:173]	
frame_id 35
2020/03/09 15:56:43 541703	WARNING [visualOdometry.cpp->trackingFrame2Frame:179]	The Estimated Rotation and translation matrices(using getTransformation function) are : 
           1  0.000428818  0.000721008  0.000896379
-0.000428088     0.999999 -0.000993572  0.000504971
-0.000721514  0.000993192     0.999999  0.000164449
           0            0            0            1
2020/03/09 15:56:43 543562	INFO [input.cpp->run:235]	rotation: 
[0.9999996423721313, 0.0004288181662559509, 0.0007210075855255127;
 -0.0004280880093574524, 0.999999463558197, -0.0009935721755027771;
 -0.0007215142250061035, 0.000993192195892334, 0.9999994039535522]
2020/03/09 15:56:43 543621	INFO [input.cpp->run:258]	frame times (ms): 628.63
2020/03/09 15:56:43 543624	INFO [input.cpp->run:259]	FPS: 1.59076
2020/03/09 15:56:43 550414	INFO [input.cpp->run:173]	
frame_id 36
2020/03/09 15:56:43 605481	WARNING [visualOdometry.cpp->trackingFrame2Frame:179]	The Estimated Rotation and translation matrices(using getTransformation function) are : 
           1  0.000695979 -0.000285745   -0.0874831
-0.000696054            1 -0.000498695   0.00462076
 0.000285536  0.000498813            1   -0.0667683
           0            0            0            1
2020/03/09 15:56:43 607391	INFO [input.cpp->run:235]	rotation: 
[0.9999998807907104, 0.0006959792226552963, -0.0002857446670532227;
 -0.0006960537284612656, 0.9999999403953552, -0.0004986952990293503;
 0.0002855360507965088, 0.0004988126456737518, 0.9999998807907104]
2020/03/09 15:56:43 607469	INFO [input.cpp->run:258]	frame times (ms): 659.027
2020/03/09 15:56:43 607472	INFO [input.cpp->run:259]	FPS: 1.51739
2020/03/09 15:56:43 617925	INFO [input.cpp->run:173]	
frame_id 37
2020/03/09 15:56:43 676310	WARNING [visualOdometry.cpp->trackingFrame2Frame:179]	The Estimated Rotation and translation matrices(using getTransformation function) are : 
   0.999931   0.0095362  -0.0068728    -1.39824
-0.00936105    0.999641   0.0250866   0.0624023
 0.00710961  -0.0250205    0.999662    -1.08352
          0           0           0           1
2020/03/09 15:56:43 678216	INFO [input.cpp->run:235]	rotation: 
[0.9999309778213501, 0.009536197409033775, -0.006872802972793579;
 -0.009361054748296738, 0.9996412992477417, 0.02508660778403282;
 0.007109612226486206, -0.02502049319446087, 0.9996617436408997]
2020/03/09 15:56:43 678276	INFO [input.cpp->run:258]	frame times (ms): 623.563
2020/03/09 15:56:43 678281	INFO [input.cpp->run:259]	FPS: 1.60369
2020/03/09 15:56:43 685182	INFO [input.cpp->run:173]	
frame_id 38
2020/03/09 15:56:43 744530	WARNING [visualOdometry.cpp->trackingFrame2Frame:179]	The Estimated Rotation and translation matrices(using getTransformation function) are : 
-0.386511  -0.39855 -0.831725  -1.26821
 -0.39562 -0.742981  0.539873 -0.173277
-0.833123  0.537714  0.129496 -0.849842
        0         0         0         1
2020/03/09 15:56:43 746739	INFO [input.cpp->run:235]	rotation: 
[-0.3865107297897339, -0.3985497951507568, -0.8317254781723022;
 -0.395619809627533, -0.742981493473053, 0.5398732423782349;
 -0.8331232070922852, 0.5377139449119568, 0.1294959783554077]
2020/03/09 15:56:43 746797	INFO [input.cpp->run:258]	frame times (ms): 661.516
2020/03/09 15:56:43 746801	INFO [input.cpp->run:259]	FPS: 1.51168
2020/03/09 15:56:43 755711	INFO [input.cpp->run:173]	
frame_id 39
2020/03/09 15:56:43 811505	WARNING [visualOdometry.cpp->trackingFrame2Frame:179]	The Estimated Rotation and translation matrices(using getTransformation function) are : 
-0.647623  0.379589  -0.66068 -0.383174
 0.379312 -0.591397 -0.711598 -0.813947
-0.660839 -0.711451  0.239019 -0.660566
        0         0         0         1
2020/03/09 15:56:43 813444	INFO [input.cpp->run:235]	rotation: 
[-0.6476225852966309, 0.3795890212059021, -0.6606799364089966;
 0.3793118596076965, -0.5913974046707153, -0.7115983963012695;
 -0.6608390808105469, -0.7114506363868713, 0.2390193045139313]
2020/03/09 15:56:43 813485	INFO [input.cpp->run:258]	frame times (ms): 632.889
2020/03/09 15:56:43 813489	INFO [input.cpp->run:259]	FPS: 1.58006
2020/03/09 15:56:43 882958	INFO [input.cpp->run:173]	
frame_id 40
2020/03/09 15:56:43 940764	WARNING [visualOdometry.cpp->trackingFrame2Frame:179]	The Estimated Rotation and translation matrices(using getTransformation function) are : 
    0.999982   0.00610211 -0.000126958      1.70692
 -0.00610104     0.999956   0.00710445     0.221602
 0.000170261  -0.00710356     0.999975      1.06403
           0            0            0            1
2020/03/09 15:56:43 942729	INFO [input.cpp->run:235]	rotation: 
[0.9999816417694092, 0.00610211119055748, -0.000126957893371582;
 -0.006101038306951523, 0.9999563097953796, 0.007104448974132538;
 0.0001702606678009033, -0.007103562355041504, 0.9999749660491943]
2020/03/09 15:56:43 942792	INFO [input.cpp->run:258]	frame times (ms): 641.084
2020/03/09 15:56:43 942797	INFO [input.cpp->run:259]	FPS: 1.55986
2020/03/09 15:56:43 950629	INFO [input.cpp->run:173]	
frame_id 41
2020/03/09 15:56:44 007362	WARNING [visualOdometry.cpp->trackingFrame2Frame:179]	The Estimated Rotation and translation matrices(using getTransformation function) are : 
   0.999999  0.00108096  0.00126028   0.0917769
-0.00107839    0.999997 -0.00207932 -0.00556692
-0.00126261    0.002078    0.999997   0.0692865
          0           0           0           1
2020/03/09 15:56:44 009561	INFO [input.cpp->run:235]	rotation: 
[0.9999988675117493, 0.001080956310033798, 0.001260280609130859;
 -0.001078389585018158, 0.9999973177909851, -0.002079315483570099;
 -0.0012626051902771, 0.002078000456094742, 0.9999973773956299]
2020/03/09 15:56:44 009631	INFO [input.cpp->run:258]	frame times (ms): 626.409
2020/03/09 15:56:44 009633	INFO [input.cpp->run:259]	FPS: 1.5964
2020/03/09 15:56:44 017103	INFO [input.cpp->run:173]	
frame_id 42
2020/03/09 15:56:44 074719	WARNING [visualOdometry.cpp->trackingFrame2Frame:179]	The Estimated Rotation and translation matrices(using getTransformation function) are : 
    0.999999  0.000979515   0.00133091     0.094035
-0.000975713     0.999996  -0.00282338  -0.00470304
 -0.00133312   0.00282193     0.999995    0.0753667
           0            0            0            1
2020/03/09 15:56:44 076965	INFO [input.cpp->run:235]	rotation: 
[0.999998927116394, 0.0009795147925615311, 0.001330912113189697;
 -0.0009757131338119507, 0.9999955296516418, -0.002823382616043091;
 -0.001333117485046387, 0.002821929752826691, 0.999995231628418]
2020/03/09 15:56:44 077029	INFO [input.cpp->run:258]	frame times (ms): 646.557
2020/03/09 15:56:44 077033	INFO [input.cpp->run:259]	FPS: 1.54665
2020/03/09 15:56:44 084299	INFO [input.cpp->run:173]	
frame_id 43
2020/03/09 15:56:44 145935	WARNING [visualOdometry.cpp->trackingFrame2Frame:179]	The Estimated Rotation and translation matrices(using getTransformation function) are : 
           1  0.000187924  1.30832e-05  -0.00637627
-0.000187919            1 -0.000531799 -0.000198036
-1.34706e-05  0.000531856            1   -0.0101603
           0            0            0            1
2020/03/09 15:56:44 147791	INFO [input.cpp->run:235]	rotation: 
[1, 0.0001879241317510605, 1.308321952819824e-05;
 -0.0001879185438156128, 1, -0.0005317986942827702;
 -1.347064971923828e-05, 0.0005318555049598217, 0.9999998807907104]
2020/03/09 15:56:44 147853	INFO [input.cpp->run:258]	frame times (ms): 672.589
2020/03/09 15:56:44 147856	INFO [input.cpp->run:259]	FPS: 1.48679
2020/03/09 15:56:44 154620	INFO [input.cpp->run:173]	
frame_id 44
2020/03/09 15:56:44 208286	WARNING [visualOdometry.cpp->trackingFrame2Frame:179]	The Estimated Rotation and translation matrices(using getTransformation function) are : 
           1 -0.000186827 -0.000225037   -0.0098927
 0.000185777      0.99999  -0.00431413   0.00140485
 0.000225663   0.00431414     0.999991  -0.00284523
           0            0            0            1
2020/03/09 15:56:44 210699	INFO [input.cpp->run:235]	rotation: 
[1.000000238418579, -0.0001868270337581635, -0.0002250373363494873;
 0.0001857765018939972, 0.9999904632568359, -0.004314128309488297;
 0.0002256631851196289, 0.004314137622714043, 0.999990701675415]
2020/03/09 15:56:44 210777	INFO [input.cpp->run:258]	frame times (ms): 630.556
2020/03/09 15:56:44 210781	INFO [input.cpp->run:259]	FPS: 1.5859
2020/03/09 15:56:44 283536	INFO [input.cpp->run:173]	
frame_id 45
2020/03/09 15:56:44 338948	WARNING [visualOdometry.cpp->trackingFrame2Frame:179]	The Estimated Rotation and translation matrices(using getTransformation function) are : 
   0.999996  0.00104086   0.0027248   0.0445002
-0.00103438    0.999997 -0.00236185  0.00467348
-0.00272745  0.00235891    0.999994   0.0273117
          0           0           0           1
2020/03/09 15:56:44 340809	INFO [input.cpp->run:235]	rotation: 
[0.9999959468841553, 0.001040861010551453, 0.002724796533584595;
 -0.001034379005432129, 0.9999969005584717, -0.002361852675676346;
 -0.0027274489402771, 0.002358905971050262, 0.9999938607215881]
2020/03/09 15:56:44 340874	INFO [input.cpp->run:258]	frame times (ms): 610.601
2020/03/09 15:56:44 340878	INFO [input.cpp->run:259]	FPS: 1.63773
2020/03/09 15:56:44 349557	INFO [input.cpp->run:173]	
frame_id 46
2020/03/09 15:56:44 406316	WARNING [visualOdometry.cpp->trackingFrame2Frame:179]	The Estimated Rotation and translation matrices(using getTransformation function) are : 
           1  2.41548e-05 -0.000308514  -0.00835416
-2.47583e-05     0.999999  -0.00188599 -0.000368178
 0.000308335   0.00188592     0.999998  -0.00368881
           0            0            0            1
2020/03/09 15:56:44 408444	INFO [input.cpp->run:235]	rotation: 
[1.00000011920929, 2.415478229522705e-05, -0.0003085136413574219;
 -2.475827932357788e-05, 0.9999986290931702, -0.001885991543531418;
 0.0003083348274230957, 0.001885924488306046, 0.9999980926513672]
2020/03/09 15:56:44 408508	INFO [input.cpp->run:258]	frame times (ms): 641.863
2020/03/09 15:56:44 408514	INFO [input.cpp->run:259]	FPS: 1.55796
2020/03/09 15:56:44 422927	INFO [input.cpp->run:173]	
frame_id 47
2020/03/09 15:56:44 479982	WARNING [visualOdometry.cpp->trackingFrame2Frame:179]	The Estimated Rotation and translation matrices(using getTransformation function) are : 
    0.999996 -0.000920013  -0.00284475    -0.937197
 0.000916734     0.999999   -0.0011483   -0.0947202
