		g3log created log at: Sun Mar 08 15:39:31 2020
		LOG format: [YYYY/MM/DD hh:mm:ss uuu* LEVEL FILE->FUNCTION:LINE] message		(uuu*: microseconds fractions of the seconds value)

2020/03/08 15:39:31 811933	INFO [g3logger.h->logBanner:29]	Starting log.
2020/03/08 15:39:31 817490	DEBUG [main.cpp->main:49]	Filepath: /home/mitchell/KITTI/data_odometry_gray/dataset/sequences/00/
2020/03/08 15:39:31 817495	DEBUG [main.cpp->main:53]	Calibration Filepath: /home/mitchell/visual_odom_ws/src/visual_odom/calibration/old/kitti00.yaml
2020/03/08 15:39:31 817576	INFO [main.cpp->main:67]	P_left: 
[718.85602, 0, 607.19281, 0;
 0, 718.85602, 185.2157, 0;
 0, 0, 1, 0]
2020/03/08 15:39:31 817582	INFO [main.cpp->main:68]	P_right: 
[718.85602, 0, 607.19281, -386.14481;
 0, 718.85602, 185.2157, 0;
 0, 0, 1, 0]
2020/03/08 15:39:31 902915	INFO [input.cpp->Input:22]	frame_pose [1, 0, 0, 0;
 0, 1, 0, 0;
 0, 0, 1, 0;
 0, 0, 0, 1]
2020/03/08 15:39:37 825883	INFO [input.cpp->run:173]	
frame_id 1
2020/03/08 15:39:37 858172	WARNING [visualOdometry.cpp->trackingFrame2Frame:179]	The Estimated Rotation and translation matrices(using getTransformation function) are : 
    0.999987 -2.57008e-05   0.00508614   -0.0122881
  2.0585e-05     0.999999   0.00100661    0.0226737
  -0.0050862   -0.0010065     0.999987    -0.845592
           0            0            0            1
2020/03/08 15:39:37 887563	INFO [input.cpp->run:235]	rotation: 
[0.9999868273735046, -2.570077776908875e-05, 0.005086138844490051;
 2.058502286672592e-05, 0.999999463558197, 0.001006614416837692;
 -0.005086198449134827, -0.001006502658128738, 0.9999865293502808]
2020/03/08 15:39:37 887633	INFO [input.cpp->run:256]	frame times (ms): 87.074
2020/03/08 15:39:37 887636	INFO [input.cpp->run:257]	FPS: 11.4845
2020/03/08 15:39:37 934051	INFO [input.cpp->run:173]	
frame_id 2
2020/03/08 15:39:37 949282	WARNING [visualOdometry.cpp->trackingFrame2Frame:179]	The Estimated Rotation and translation matrices(using getTransformation function) are : 
    0.999973  -0.00139197   0.00714557   -0.0396762
  0.00139483     0.999999 -0.000396531    0.0451862
   -0.007145  0.000406478     0.999974    -0.983686
           0            0            0            1
2020/03/08 15:39:37 950026	INFO [input.cpp->run:235]	rotation: 
[0.999973475933075, -0.001391970552504063, 0.00714556872844696;
 0.001394834835082293, 0.9999986290931702, -0.0003965310752391815;
 -0.007144995033740997, 0.0004064776003360748, 0.9999741911888123]
2020/03/08 15:39:37 950060	INFO [input.cpp->run:256]	frame times (ms): 30.073
2020/03/08 15:39:37 950068	INFO [input.cpp->run:257]	FPS: 33.2524
2020/03/08 15:39:38 049369	INFO [input.cpp->run:173]	
frame_id 3
2020/03/08 15:39:38 073032	WARNING [visualOdometry.cpp->trackingFrame2Frame:179]	The Estimated Rotation and translation matrices(using getTransformation function) are : 
    0.999971   0.00151575   0.00743019    -0.124689
 -0.00151977     0.999999  0.000535555   -0.0120779
 -0.00742935 -0.000546824     0.999972    -0.707678
           0            0            0            1
2020/03/08 15:39:38 074836	INFO [input.cpp->run:235]	rotation: 
[0.9999714493751526, 0.001515745185315609, 0.007430188357830048;
 -0.001519767101854086, 0.9999989867210388, 0.0005355551838874817;
 -0.007429353892803192, -0.000546824187040329, 0.9999723434448242]
2020/03/08 15:39:38 074860	INFO [input.cpp->run:256]	frame times (ms): 48.691
2020/03/08 15:39:38 074862	INFO [input.cpp->run:257]	FPS: 20.5377
2020/03/08 15:39:38 166135	INFO [input.cpp->run:173]	
frame_id 4
2020/03/08 15:39:38 193932	WARNING [visualOdometry.cpp->trackingFrame2Frame:179]	The Estimated Rotation and translation matrices(using getTransformation function) are : 
   0.999991 -0.00199043  0.00377067   0.0412295
 0.00198653    0.999998  0.00103251   0.0107241
-0.00377277 -0.00102501    0.999993   -0.754332
          0           0           0           1
2020/03/08 15:39:38 195250	INFO [input.cpp->run:235]	rotation: 
[0.9999909400939941, -0.001990425400435925, 0.003770671784877777;
 0.001986526418477297, 0.9999975562095642, 0.001032508909702301;
 -0.003772765398025513, -0.001025013625621796, 0.9999925494194031]
2020/03/08 15:39:38 195291	INFO [input.cpp->run:256]	frame times (ms): 61.128
2020/03/08 15:39:38 195294	INFO [input.cpp->run:257]	FPS: 16.3591
2020/03/08 15:39:38 303886	INFO [input.cpp->run:173]	
frame_id 5
2020/03/08 15:39:38 326961	WARNING [visualOdometry.cpp->trackingFrame2Frame:179]	The Estimated Rotation and translation matrices(using getTransformation function) are : 
    0.999971  -0.00241066   0.00723326   -0.0609443
  0.00240861     0.999997  0.000289481      0.01859
 -0.00723399 -0.000272091     0.999974     -0.95779
           0            0            0            1
2020/03/08 15:39:38 327767	INFO [input.cpp->run:235]	rotation: 
[0.9999708533287048, -0.002410657238215208, 0.007233262062072754;
 0.002408608328551054, 0.9999970197677612, 0.00028948113322258;
 -0.007233992218971252, -0.0002720914781093597, 0.9999740123748779]
2020/03/08 15:39:38 327787	INFO [input.cpp->run:256]	frame times (ms): 46.181
2020/03/08 15:39:38 327790	INFO [input.cpp->run:257]	FPS: 21.6539
2020/03/08 15:39:38 428708	INFO [input.cpp->run:173]	
frame_id 6
2020/03/08 15:39:38 454989	WARNING [visualOdometry.cpp->trackingFrame2Frame:179]	The Estimated Rotation and translation matrices(using getTransformation function) are : 
    0.999989 -0.000101279   0.00469662   -0.0202105
 0.000105848            1 -0.000973079   -0.0215929
 -0.00469646  0.000973552     0.999988    -0.670996
           0            0            0            1
2020/03/08 15:39:38 455831	INFO [input.cpp->run:235]	rotation: 
[0.9999892711639404, -0.0001012794673442841, 0.004696622490882874;
 0.0001058480702340603, 0.9999995231628418, -0.0009730793535709381;
 -0.004696458578109741, 0.0009735524654388428, 0.9999884963035583]
2020/03/08 15:39:38 455857	INFO [input.cpp->run:256]	frame times (ms): 51.483
2020/03/08 15:39:38 455859	INFO [input.cpp->run:257]	FPS: 19.4239
2020/03/08 15:39:38 558435	INFO [input.cpp->run:173]	
frame_id 7
2020/03/08 15:39:38 586952	WARNING [visualOdometry.cpp->trackingFrame2Frame:179]	The Estimated Rotation and translation matrices(using getTransformation function) are : 
    0.999999  0.000469775   0.00144335    0.0702307
-0.000465613     0.999996  -0.00289051   0.00189877
 -0.00144472   0.00288983     0.999995    -0.287737
           0            0            0            1
2020/03/08 15:39:38 587810	INFO [input.cpp->run:235]	rotation: 
[0.9999987483024597, 0.0004697754047811031, 0.001443348824977875;
 -0.0004656130913645029, 0.9999956488609314, -0.002890508621931076;
 -0.001444719731807709, 0.002889830619096756, 0.999994695186615]
2020/03/08 15:39:38 587833	INFO [input.cpp->run:256]	frame times (ms): 55.388
2020/03/08 15:39:38 587835	INFO [input.cpp->run:257]	FPS: 18.0545
2020/03/08 15:39:38 675604	INFO [input.cpp->run:173]	
frame_id 8
2020/03/08 15:39:38 701530	WARNING [visualOdometry.cpp->trackingFrame2Frame:179]	The Estimated Rotation and translation matrices(using getTransformation function) are : 
    0.999999  0.000726685   0.00134739     0.121546
-0.000723362     0.999997  -0.00246802   0.00328827
 -0.00134918   0.00246704     0.999996    -0.941341
           0            0            0            1
2020/03/08 15:39:38 702506	INFO [input.cpp->run:235]	rotation: 
[0.9999988675117493, 0.000726684695109725, 0.001347389072179794;
 -0.0007233624346554279, 0.9999967217445374, -0.002468015998601913;
 -0.001349180936813354, 0.002467043697834015, 0.9999960660934448]
2020/03/08 15:39:38 702529	INFO [input.cpp->run:256]	frame times (ms): 51.215
2020/03/08 15:39:38 702531	INFO [input.cpp->run:257]	FPS: 19.5255
2020/03/08 15:39:38 801944	INFO [input.cpp->run:173]	
frame_id 9
2020/03/08 15:39:38 829452	WARNING [visualOdometry.cpp->trackingFrame2Frame:179]	The Estimated Rotation and translation matrices(using getTransformation function) are : 
    0.999992  -0.00102538   0.00392373   -0.0324562
  0.00102295     0.999999  0.000624813   0.00408006
 -0.00392437 -0.000620801     0.999992    -0.888874
           0            0            0            1
2020/03/08 15:39:38 830424	INFO [input.cpp->run:235]	rotation: 
[0.9999918937683105, -0.001025375444442034, 0.003923729062080383;
 0.001022949116304517, 0.9999993443489075, 0.0006248131394386292;
 -0.003924369812011719, -0.0006208010017871857, 0.9999921321868896]
2020/03/08 15:39:38 830448	INFO [input.cpp->run:256]	frame times (ms): 52.859
2020/03/08 15:39:38 830451	INFO [input.cpp->run:257]	FPS: 18.9183
2020/03/08 15:39:38 925773	INFO [input.cpp->run:173]	
frame_id 10
2020/03/08 15:39:38 953173	WARNING [visualOdometry.cpp->trackingFrame2Frame:179]	The Estimated Rotation and translation matrices(using getTransformation function) are : 
    0.999997  0.000991166   0.00241296   -0.0635672
-0.000992044     0.999999  0.000371136   -0.0146582
  -0.0024126 -0.000373561     0.999997    -0.409512
           0            0            0            1
2020/03/08 15:39:38 953982	INFO [input.cpp->run:235]	rotation: 
[0.999996542930603, 0.000991166103631258, 0.002412959933280945;
 -0.0009920438751578331, 0.9999991655349731, 0.0003711357712745667;
 -0.002412602305412292, -0.0003735609352588654, 0.999997079372406]
2020/03/08 15:39:38 954004	INFO [input.cpp->run:256]	frame times (ms): 52.379
2020/03/08 15:39:38 954006	INFO [input.cpp->run:257]	FPS: 19.0916
2020/03/08 15:39:39 044240	INFO [input.cpp->run:173]	
frame_id 11
2020/03/08 15:39:39 069154	WARNING [visualOdometry.cpp->trackingFrame2Frame:179]	The Estimated Rotation and translation matrices(using getTransformation function) are : 
   0.999968  0.00484861  0.00632084  -0.0698748
-0.00485677    0.999988  0.00126485  -0.0151629
-0.00631466 -0.00129553    0.999979    -1.36764
          0           0           0           1
2020/03/08 15:39:39 071339	INFO [input.cpp->run:235]	rotation: 
[0.9999679327011108, 0.00484860735014081, 0.006320837885141373;
 -0.004856768064200878, 0.9999875426292419, 0.001264851540327072;
 -0.006314655765891075, -0.001295525580644608, 0.9999792575836182]
2020/03/08 15:39:39 071367	INFO [input.cpp->run:256]	frame times (ms): 51.008
2020/03/08 15:39:39 071369	INFO [input.cpp->run:257]	FPS: 19.6048
2020/03/08 15:39:39 163773	INFO [input.cpp->run:173]	
frame_id 12
2020/03/08 15:39:39 190428	WARNING [visualOdometry.cpp->trackingFrame2Frame:179]	The Estimated Rotation and translation matrices(using getTransformation function) are : 
    0.999998  0.000566187   0.00194329   -0.0637085
-0.000565222            1 -0.000521332   -0.0161462
 -0.00194361  0.000520222     0.999998    -0.461596
           0            0            0            1
2020/03/08 15:39:39 191346	INFO [input.cpp->run:235]	rotation: 
[0.9999978542327881, 0.0005661873146891594, 0.001943290233612061;
 -0.0005652215331792831, 0.9999999403953552, -0.0005213320255279541;
 -0.001943610608577728, 0.0005202218890190125, 0.9999980926513672]
2020/03/08 15:39:39 191370	INFO [input.cpp->run:256]	frame times (ms): 54.169
2020/03/08 15:39:39 191373	INFO [input.cpp->run:257]	FPS: 18.4607
2020/03/08 15:39:39 299321	INFO [input.cpp->run:173]	
frame_id 13
2020/03/08 15:39:39 326281	WARNING [visualOdometry.cpp->trackingFrame2Frame:179]	The Estimated Rotation and translation matrices(using getTransformation function) are : 
    0.999998  0.000968005   0.00160308   -0.0318696
-0.000968109            1  4.01326e-05    0.0123727
 -0.00160308  -4.1686e-05     0.999999    -0.702028
           0            0            0            1
2020/03/08 15:39:39 327645	INFO [input.cpp->run:235]	rotation: 
[0.9999982118606567, 0.0009680050425231457, 0.001603081822395325;
 -0.0009681088849902153, 0.9999997019767761, 4.01325523853302e-05;
 -0.001603081822395325, -4.168599843978882e-05, 0.9999988675117493]
2020/03/08 15:39:39 327675	INFO [input.cpp->run:256]	frame times (ms): 58.571
2020/03/08 15:39:39 327678	INFO [input.cpp->run:257]	FPS: 17.0733
2020/03/08 15:39:39 437373	INFO [input.cpp->run:173]	
frame_id 14
2020/03/08 15:39:39 459688	WARNING [visualOdometry.cpp->trackingFrame2Frame:179]	The Estimated Rotation and translation matrices(using getTransformation function) are : 
   0.999994 -0.00255704  0.00245674   0.0179017
 0.00255283    0.999995  0.00171438   0.0356173
-0.00246109 -0.00170808    0.999995    -1.11811
          0           0           0           1
2020/03/08 15:39:39 460530	INFO [input.cpp->run:235]	rotation: 
[0.999993622303009, -0.002557036001235247, 0.00245673768222332;
 0.002552832011133432, 0.9999952912330627, 0.001714382320642471;
 -0.002461086958646774, -0.001708075404167175, 0.9999954104423523]
2020/03/08 15:39:39 460557	INFO [input.cpp->run:256]	frame times (ms): 44.095
2020/03/08 15:39:39 460559	INFO [input.cpp->run:257]	FPS: 22.6783
2020/03/08 15:39:39 562980	INFO [input.cpp->run:173]	
frame_id 15
2020/03/08 15:39:39 588059	WARNING [visualOdometry.cpp->trackingFrame2Frame:179]	The Estimated Rotation and translation matrices(using getTransformation function) are : 
   0.999998 -0.00121087  0.00155258  -0.0172951
 0.00120767    0.999997      0.0021   0.0259641
-0.00155509 -0.00209813    0.999997   -0.747862
          0           0           0           1
2020/03/08 15:39:39 589778	INFO [input.cpp->run:235]	rotation: 
[0.9999984502792358, -0.001210872316733003, 0.001552581787109375;
 0.001207674853503704, 0.999997079372406, 0.002099998295307159;
 -0.00155508890748024, -0.002098128199577332, 0.999996542930603]
2020/03/08 15:39:39 589806	INFO [input.cpp->run:256]	frame times (ms): 48.926
2020/03/08 15:39:39 589808	INFO [input.cpp->run:257]	FPS: 20.439
2020/03/08 15:39:39 702186	INFO [input.cpp->run:173]	
frame_id 16
2020/03/08 15:39:39 729826	WARNING [visualOdometry.cpp->trackingFrame2Frame:179]	The Estimated Rotation and translation matrices(using getTransformation function) are : 
   0.999987 -0.00459257  0.00209633   0.0295753
 0.00458988    0.999989  0.00127477   0.0285105
-0.00210217 -0.00126513    0.999997    -1.10578
          0           0           0           1
2020/03/08 15:39:39 730874	INFO [input.cpp->run:235]	rotation: 
[0.9999871850013733, -0.004592567216604948, 0.002096325159072876;
 0.004589881747961044, 0.9999887943267822, 0.001274771988391876;
 -0.002102166414260864, -0.001265130937099457, 0.999997079372406]
2020/03/08 15:39:39 730904	INFO [input.cpp->run:256]	frame times (ms): 51.956
2020/03/08 15:39:39 730907	INFO [input.cpp->run:257]	FPS: 19.2471
2020/03/08 15:39:39 838631	INFO [input.cpp->run:173]	
frame_id 17
2020/03/08 15:39:39 858816	WARNING [visualOdometry.cpp->trackingFrame2Frame:179]	The Estimated Rotation and translation matrices(using getTransformation function) are : 
    0.999999   -0.0014604  0.000451334    0.0921082
   0.0014606     0.999999 -0.000625476    0.0475268
-0.000450447  0.000626147            1      -1.3296
           0            0            0            1
2020/03/08 15:39:39 859567	INFO [input.cpp->run:235]	rotation: 
[0.9999987483024597, -0.00146039854735136, 0.0004513338208198547;
 0.00146059924736619, 0.9999990463256836, -0.0006254762411117554;
 -0.0004504472017288208, 0.0006261467933654785, 0.9999996423721313]
2020/03/08 15:39:39 859589	INFO [input.cpp->run:256]	frame times (ms): 40.696
2020/03/08 15:39:39 859592	INFO [input.cpp->run:257]	FPS: 24.5724
2020/03/08 15:39:39 956936	INFO [input.cpp->run:173]	
frame_id 18
2020/03/08 15:39:39 983650	WARNING [visualOdometry.cpp->trackingFrame2Frame:179]	The Estimated Rotation and translation matrices(using getTransformation function) are : 
   0.999992   0.0019967  0.00343286  -0.0761218
 -0.0019916    0.999997  -0.0014835   0.0104691
-0.00343584  0.00147658    0.999993   -0.966934
          0           0           0           1
2020/03/08 15:39:39 984657	INFO [input.cpp->run:235]	rotation: 
[0.9999921917915344, 0.001996703678742051, 0.003432855010032654;
 -0.001991604920476675, 0.9999967217445374, -0.001483500003814697;
 -0.003435838967561722, 0.001476578414440155, 0.9999934434890747]
2020/03/08 15:39:39 984688	INFO [input.cpp->run:256]	frame times (ms): 52.005
2020/03/08 15:39:39 984690	INFO [input.cpp->run:257]	FPS: 19.2289
2020/03/08 15:39:40 093714	INFO [input.cpp->run:173]	
frame_id 19
2020/03/08 15:39:40 116728	WARNING [visualOdometry.cpp->trackingFrame2Frame:179]	The Estimated Rotation and translation matrices(using getTransformation function) are : 
    0.999998 -0.000508272    0.0018455   -0.0422816
  0.00051044     0.999999  -0.00111789  -0.00652659
 -0.00184494    0.0011188     0.999998    -0.781485
           0            0            0            1
2020/03/08 15:39:40 117563	INFO [input.cpp->run:235]	rotation: 
[0.9999983310699463, -0.0005082720890641212, 0.001845497637987137;
 0.0005104402080178261, 0.9999991059303284, -0.001117885112762451;
 -0.001844935119152069, 0.001118801534175873, 0.9999979138374329]
2020/03/08 15:39:40 117585	INFO [input.cpp->run:256]	frame times (ms): 47.314
2020/03/08 15:39:40 117587	INFO [input.cpp->run:257]	FPS: 21.1354
2020/03/08 15:39:40 215352	INFO [input.cpp->run:173]	
frame_id 20
2020/03/08 15:39:40 241245	WARNING [visualOdometry.cpp->trackingFrame2Frame:179]	The Estimated Rotation and translation matrices(using getTransformation function) are : 
    0.999997   0.00148642   0.00187393   -0.0353723
 -0.00148666     0.999999  0.000138745  -0.00307328
 -0.00187374 -0.000141561     0.999999    -0.900061
           0            0            0            1
2020/03/08 15:39:40 242153	INFO [input.cpp->run:235]	rotation: 
[0.9999971389770508, 0.001486423891037703, 0.001873929053544998;
 -0.001486656721681356, 0.9999988675117493, 0.0001387447118759155;
 -0.001873742789030075, -0.0001415610313415527, 0.9999985694885254]
2020/03/08 15:39:40 242183	INFO [input.cpp->run:256]	frame times (ms): 52.207
2020/03/08 15:39:40 242186	INFO [input.cpp->run:257]	FPS: 19.1545
2020/03/08 15:39:40 341090	INFO [input.cpp->run:173]	
frame_id 21
2020/03/08 15:39:40 383379	WARNING [visualOdometry.cpp->trackingFrame2Frame:179]	The Estimated Rotation and translation matrices(using getTransformation function) are : 
           1 -0.000162606  0.000748087    0.0306988
 0.000161761            1   0.00114431   0.00148106
-0.000748277  -0.00114418     0.999999    -0.838926
           0            0            0            1
2020/03/08 15:39:40 384467	INFO [input.cpp->run:235]	rotation: 
[1.00000011920929, -0.0001626062439754605, 0.0007480867207050323;
 0.0001617606030777097, 0.9999997615814209, 0.001144308596849442;
 -0.0007482767105102539, -0.001144181936979294, 0.9999993443489075]
2020/03/08 15:39:40 384499	INFO [input.cpp->run:256]	frame times (ms): 86.556
2020/03/08 15:39:40 384502	INFO [input.cpp->run:257]	FPS: 11.5532
2020/03/08 15:39:40 476219	INFO [input.cpp->run:173]	
frame_id 22
2020/03/08 15:39:40 497852	WARNING [visualOdometry.cpp->trackingFrame2Frame:179]	The Estimated Rotation and translation matrices(using getTransformation function) are : 
    0.999997   0.00257386 -9.85712e-06    0.0102243
 -0.00257377     0.999996   0.00117105   -0.0453554
 1.28634e-05  -0.00117105     0.999999    -0.414963
           0            0            0            1
2020/03/08 15:39:40 499356	INFO [input.cpp->run:235]	rotation: 
[0.9999967813491821, 0.002573858480900526, -9.857118129730225e-06;
 -0.002573773730546236, 0.9999957084655762, 0.001171045005321503;
 1.286342740058899e-05, -0.001171045005321503, 0.9999993443489075]
2020/03/08 15:39:40 499379	INFO [input.cpp->run:256]	frame times (ms): 44.03
2020/03/08 15:39:40 499381	INFO [input.cpp->run:257]	FPS: 22.7118
2020/03/08 15:39:40 613883	INFO [input.cpp->run:173]	
frame_id 23
2020/03/08 15:39:40 636535	WARNING [visualOdometry.cpp->trackingFrame2Frame:179]	The Estimated Rotation and translation matrices(using getTransformation function) are : 
   0.999964   0.0046825  0.00713434   -0.261991
-0.00467475    0.999988 -0.00110453  -0.0315883
-0.00713942  0.00107109    0.999974    -1.18223
          0           0           0           1
2020/03/08 15:39:40 637406	INFO [input.cpp->run:235]	rotation: 
[0.9999637007713318, 0.004682501778006554, 0.007134340703487396;
 -0.004674745723605156, 0.9999884366989136, -0.001104526221752167;
 -0.007139421999454498, 0.001071088016033173, 0.9999741315841675]
2020/03/08 15:39:40 637430	INFO [input.cpp->run:256]	frame times (ms): 45.74
2020/03/08 15:39:40 637433	INFO [input.cpp->run:257]	FPS: 21.8627
2020/03/08 15:39:40 745971	INFO [input.cpp->run:173]	
frame_id 24
2020/03/08 15:39:40 783278	WARNING [visualOdometry.cpp->trackingFrame2Frame:179]	The Estimated Rotation and translation matrices(using getTransformation function) are : 
   0.999997  -0.0013401  -0.0019449  0.00349712
 0.00133512    0.999996 -0.00257039  -0.0508248
 0.00194834  0.00256784    0.999995    -0.34429
          0           0           0           1
2020/03/08 15:39:40 784379	INFO [input.cpp->run:235]	rotation: 
[0.9999973773956299, -0.001340104732662439, -0.001944899559020996;
 0.001335118431597948, 0.9999958872795105, -0.002570390701293945;
 0.001948341727256775, 0.0025678351521492, 0.9999947547912598]
2020/03/08 15:39:40 784410	INFO [input.cpp->run:256]	frame times (ms): 76.48
2020/03/08 15:39:40 784413	INFO [input.cpp->run:257]	FPS: 13.0753
2020/03/08 15:39:40 887711	INFO [input.cpp->run:173]	
frame_id 25
2020/03/08 15:39:40 920931	WARNING [visualOdometry.cpp->trackingFrame2Frame:179]	The Estimated Rotation and translation matrices(using getTransformation function) are : 
           1 -0.000818849  0.000227503   -0.0309176
 0.000819756     0.999992  -0.00400855    0.0343382
-0.000224214   0.00400874     0.999992     -1.02273
           0            0            0            1
2020/03/08 15:39:40 923243	INFO [input.cpp->run:235]	rotation: 
[0.9999997019767761, -0.0008188488427549601, 0.0002275034785270691;
 0.0008197561837732792, 0.9999916553497314, -0.004008553922176361;
 -0.0002242140471935272, 0.004008740186691284, 0.9999920129776001]
2020/03/08 15:39:40 923270	INFO [input.cpp->run:256]	frame times (ms): 61.374
2020/03/08 15:39:40 923272	INFO [input.cpp->run:257]	FPS: 16.2935
2020/03/08 15:39:41 007424	INFO [input.cpp->run:173]	
frame_id 26
2020/03/08 15:39:41 032846	WARNING [visualOdometry.cpp->trackingFrame2Frame:179]	The Estimated Rotation and translation matrices(using getTransformation function) are : 
    0.999998   0.00205711   0.00072287   -0.0889692
 -0.00205487     0.999993  -0.00297259    0.0174791
-0.000728961   0.00297111     0.999995     -1.04935
           0            0            0            1
2020/03/08 15:39:41 033686	INFO [input.cpp->run:235]	rotation: 
[0.9999976754188538, 0.002057108096778393, 0.0007228702306747437;
 -0.002054874552413821, 0.9999933838844299, -0.002972587943077087;
 -0.0007289610803127289, 0.002971112728118896, 0.999995231628418]
2020/03/08 15:39:41 033712	INFO [input.cpp->run:256]	frame times (ms): 50.542
2020/03/08 15:39:41 033714	INFO [input.cpp->run:257]	FPS: 19.7855
2020/03/08 15:39:41 137742	INFO [input.cpp->run:173]	
frame_id 27
2020/03/08 15:39:41 162070	WARNING [visualOdometry.cpp->trackingFrame2Frame:179]	The Estimated Rotation and translation matrices(using getTransformation function) are : 
    0.999996  -0.00290452 -0.000535481   -0.0640988
  0.00290372     0.999994  -0.00170013    0.0876927
 0.000540443   0.00169857     0.999999    -0.956392
           0            0            0            1
2020/03/08 15:39:41 162964	INFO [input.cpp->run:235]	rotation: 
[0.9999958276748657, -0.002904520370066166, -0.0005354806780815125;
 0.002903718035668135, 0.9999942183494568, -0.001700125634670258;
 0.0005404427647590637, 0.0016985684633255, 0.9999985098838806]
2020/03/08 15:39:41 162989	INFO [input.cpp->run:256]	frame times (ms): 46.98
2020/03/08 15:39:41 162991	INFO [input.cpp->run:257]	FPS: 21.2857
2020/03/08 15:39:41 274177	INFO [input.cpp->run:173]	
frame_id 28
2020/03/08 15:39:41 296045	WARNING [visualOdometry.cpp->trackingFrame2Frame:179]	The Estimated Rotation and translation matrices(using getTransformation function) are : 
   0.999986  0.00258891  0.00464874   -0.141087
-0.00260245    0.999992  0.00291408   0.0347245
-0.00464117 -0.00292613    0.999985    -2.09612
          0           0           0           1
2020/03/08 15:39:41 296867	INFO [input.cpp->run:235]	rotation: 
[0.9999859929084778, 0.002588910516351461, 0.004648739006370306;
 -0.002602448686957359, 0.9999924898147583, 0.002914078533649445;
 -0.004641167353838682, -0.002926133573055267, 0.9999852776527405]
2020/03/08 15:39:41 296892	INFO [input.cpp->run:256]	frame times (ms): 42.879
2020/03/08 15:39:41 296894	INFO [input.cpp->run:257]	FPS: 23.3214
2020/03/08 15:39:41 406683	INFO [input.cpp->run:173]	
frame_id 29
2020/03/08 15:39:41 432236	WARNING [visualOdometry.cpp->trackingFrame2Frame:179]	The Estimated Rotation and translation matrices(using getTransformation function) are : 
           1 -0.000362578 -0.000623751    0.0109615
 0.000365747     0.999987    0.0050223  -0.00695115
 0.000621933  -0.00502251     0.999987     -1.02664
           0            0            0            1
2020/03/08 15:39:41 433072	INFO [input.cpp->run:235]	rotation: 
[0.9999997615814209, -0.000362577848136425, -0.0006237514317035675;
 0.0003657471388578415, 0.9999873638153076, 0.005022302269935608;
 0.0006219334900379181, -0.005022510886192322, 0.9999871850013733]
2020/03/08 15:39:41 433099	INFO [input.cpp->run:256]	frame times (ms): 49.145
2020/03/08 15:39:41 433108	INFO [input.cpp->run:257]	FPS: 20.3479
2020/03/08 15:39:41 543406	INFO [input.cpp->run:173]	
frame_id 30
2020/03/08 15:39:41 570132	WARNING [visualOdometry.cpp->trackingFrame2Frame:179]	The Estimated Rotation and translation matrices(using getTransformation function) are : 
    0.999986 -7.87703e-05  -0.00521107     0.171462
  9.2186e-05     0.999997   0.00258363    0.0102298
  0.00521087  -0.00258407     0.999983    -0.635803
           0            0            0            1
2020/03/08 15:39:41 571519	INFO [input.cpp->run:235]	rotation: 
[0.999986469745636, -7.877033203840256e-05, -0.005211073905229568;
 9.218603372573853e-05, 0.9999967813491821, 0.002583630383014679;
 0.005210869014263153, -0.002584069967269897, 0.9999829530715942]
2020/03/08 15:39:41 571556	INFO [input.cpp->run:256]	frame times (ms): 57.935
2020/03/08 15:39:41 571560	INFO [input.cpp->run:257]	FPS: 17.2607
2020/03/08 15:39:41 679729	INFO [input.cpp->run:173]	
frame_id 31
2020/03/08 15:39:41 701087	WARNING [visualOdometry.cpp->trackingFrame2Frame:179]	The Estimated Rotation and translation matrices(using getTransformation function) are : 
    0.999988   0.00495755  0.000347026   -0.0637579
 -0.00495736     0.999988 -0.000626698   -0.0412397
-0.000350118  0.000625007            1    -0.871155
           0            0            0            1
2020/03/08 15:39:41 701899	INFO [input.cpp->run:235]	rotation: 
[0.9999878406524658, 0.004957554861903191, 0.0003470256924629211;
 -0.004957358818501234, 0.9999878406524658, -0.0006266981363296509;
 -0.0003501176834106445, 0.0006250068545341492, 0.9999998211860657]
2020/03/08 15:39:41 701924	INFO [input.cpp->run:256]	frame times (ms): 42.126
2020/03/08 15:39:41 701926	INFO [input.cpp->run:257]	FPS: 23.7383
2020/03/08 15:39:41 812451	INFO [input.cpp->run:173]	
frame_id 32
2020/03/08 15:39:41 847562	WARNING [visualOdometry.cpp->trackingFrame2Frame:179]	The Estimated Rotation and translation matrices(using getTransformation function) are : 
    0.999999   0.00142312  0.000501618   0.00172472
 -0.00142014     0.999982  -0.00577763     0.055389
-0.000509828   0.00577688     0.999983     -1.04309
           0            0            0            1
2020/03/08 15:39:41 848606	INFO [input.cpp->run:235]	rotation: 
[0.9999988079071045, 0.001423124689608812, 0.0005016177892684937;
 -0.001420135144144297, 0.9999819397926331, -0.005777627229690552;
 -0.0005098283290863037, 0.005776882171630859, 0.9999832510948181]
2020/03/08 15:39:41 848636	INFO [input.cpp->run:256]	frame times (ms): 68.484
2020/03/08 15:39:41 848639	INFO [input.cpp->run:257]	FPS: 14.602
2020/03/08 15:39:41 944469	INFO [input.cpp->run:173]	
frame_id 33
2020/03/08 15:39:41 968068	WARNING [visualOdometry.cpp->trackingFrame2Frame:179]	The Estimated Rotation and translation matrices(using getTransformation function) are : 
    0.999995   0.00320491 -8.96007e-05     0.110913
  -0.0032052     0.999987  -0.00410129    0.0943104
 7.64355e-05   0.00410154     0.999992      -1.4047
           0            0            0            1
2020/03/08 15:39:41 968876	INFO [input.cpp->run:235]	rotation: 
[0.9999951124191284, 0.003204911947250366, -8.960068225860596e-05;
 -0.003205200657248497, 0.9999865293502808, -0.004101291298866272;
 7.643550634384155e-05, 0.00410153716802597, 0.9999918937683105]
2020/03/08 15:39:41 968899	INFO [input.cpp->run:256]	frame times (ms): 46.662
2020/03/08 15:39:41 968901	INFO [input.cpp->run:257]	FPS: 21.4307
2020/03/08 15:39:42 071430	INFO [input.cpp->run:173]	
frame_id 34
2020/03/08 15:39:42 110053	WARNING [visualOdometry.cpp->trackingFrame2Frame:179]	The Estimated Rotation and translation matrices(using getTransformation function) are : 
    0.999978   0.00577091  -0.00319851    0.0832353
 -0.00577088     0.999983  5.21317e-05   -0.0230124
  0.00319875 -3.37064e-05     0.999995     0.348022
           0            0            0            1
2020/03/08 15:39:42 111293	INFO [input.cpp->run:235]	rotation: 
[0.9999780654907227, 0.005770910531282425, -0.003198511898517609;
 -0.005770877934992313, 0.9999831318855286, 5.213171243667603e-05;
 0.00319875031709671, -3.37064266204834e-05, 0.9999948740005493]
2020/03/08 15:39:42 111325	INFO [input.cpp->run:256]	frame times (ms): 73.455
2020/03/08 15:39:42 111328	INFO [input.cpp->run:257]	FPS: 13.6138
2020/03/08 15:39:42 201938	INFO [input.cpp->run:173]	
frame_id 35
2020/03/08 15:39:42 226139	WARNING [visualOdometry.cpp->trackingFrame2Frame:179]	The Estimated Rotation and translation matrices(using getTransformation function) are : 
   0.999987  0.00358373  0.00355502  -0.0227518
-0.00359894    0.999984  0.00428689   0.0047791
-0.00353958 -0.00429964    0.999985    -1.59814
          0           0           0           1
2020/03/08 15:39:42 227018	INFO [input.cpp->run:235]	rotation: 
[0.9999874234199524, 0.00358373299241066, 0.003555022180080414;
 -0.003598944284021854, 0.9999843835830688, 0.004286892712116241;
 -0.003539577126502991, -0.004299640655517578, 0.9999846816062927]
2020/03/08 15:39:42 227043	INFO [input.cpp->run:256]	frame times (ms): 45.456
2020/03/08 15:39:42 227046	INFO [input.cpp->run:257]	FPS: 21.9993
2020/03/08 15:39:42 339087	INFO [input.cpp->run:173]	
frame_id 36
2020/03/08 15:39:42 360691	WARNING [visualOdometry.cpp->trackingFrame2Frame:179]	The Estimated Rotation and translation matrices(using getTransformation function) are : 
    0.999997 -0.000215871   0.00270354    0.0885439
 0.000207341     0.999995   0.00315841    0.0842601
 -0.00270426  -0.00315793     0.999992     -1.71942
           0            0            0            1
2020/03/08 15:39:42 362320	INFO [input.cpp->run:235]	rotation: 
[0.9999966025352478, -0.0002158712595701218, 0.002703540027141571;
 0.0002073412761092186, 0.9999951124191284, 0.003158412873744965;
 -0.002704262733459473, -0.003157928586006165, 0.999991774559021]
2020/03/08 15:39:42 362344	INFO [input.cpp->run:256]	frame times (ms): 43.221
2020/03/08 15:39:42 362346	INFO [input.cpp->run:257]	FPS: 23.1369
2020/03/08 15:39:42 465828	INFO [input.cpp->run:173]	
frame_id 37
2020/03/08 15:39:42 493087	WARNING [visualOdometry.cpp->trackingFrame2Frame:179]	The Estimated Rotation and translation matrices(using getTransformation function) are : 
    0.999998 -0.000144682   0.00179496     -0.16328
 0.000142129     0.999999    0.0014995   -0.0974815
 -0.00179514  -0.00149927     0.999997   -0.0294132
           0            0            0            1
2020/03/08 15:39:42 494051	INFO [input.cpp->run:235]	rotation: 
[0.9999984502792358, -0.0001446818932890892, 0.001794956624507904;
 0.0001421291381120682, 0.9999986290931702, 0.00149950385093689;
 -0.00179513543844223, -0.001499265432357788, 0.9999971985816956]
2020/03/08 15:39:42 494076	INFO [input.cpp->run:256]	frame times (ms): 53.254
2020/03/08 15:39:42 494078	INFO [input.cpp->run:257]	FPS: 18.7779
2020/03/08 15:39:42 589091	INFO [input.cpp->run:173]	
frame_id 38
2020/03/08 15:39:42 616336	WARNING [visualOdometry.cpp->trackingFrame2Frame:179]	The Estimated Rotation and translation matrices(using getTransformation function) are : 
    0.999971  -0.00757394  0.000887953     0.306938
  0.00757858     0.999956  -0.00549825     0.325915
-0.000846282   0.00550482     0.999984     -2.44885
           0            0            0            1
2020/03/08 15:39:42 617328	INFO [input.cpp->run:235]	rotation: 
[0.9999707341194153, -0.007573940791189671, 0.0008879527449607849;
 0.007578583899885416, 0.9999562501907349, -0.005498252809047699;
 -0.0008462816476821899, 0.005504824221134186, 0.9999842643737793]
2020/03/08 15:39:42 617356	INFO [input.cpp->run:256]	frame times (ms): 53.051
2020/03/08 15:39:42 617358	INFO [input.cpp->run:257]	FPS: 18.8498
2020/03/08 15:39:42 716042	INFO [input.cpp->run:173]	
frame_id 39
2020/03/08 15:39:42 744459	WARNING [visualOdometry.cpp->trackingFrame2Frame:179]	The Estimated Rotation and translation matrices(using getTransformation function) are : 
   0.999987 -0.00478103 -0.00182878  -0.0965328
 0.00477576    0.999985 -0.00288485  -0.0376463
 0.00184254  0.00287604    0.999994    0.249535
          0           0           0           1
2020/03/08 15:39:42 745315	INFO [input.cpp->run:235]	rotation: 
[0.9999871850013733, -0.004781033843755722, -0.001828776672482491;
 0.0047757588326931, 0.9999845623970032, -0.002884849905967712;
 0.001842537894845009, 0.002876043319702148, 0.9999943375587463]
2020/03/08 15:39:42 745339	INFO [input.cpp->run:256]	frame times (ms): 53.819
2020/03/08 15:39:42 745342	INFO [input.cpp->run:257]	FPS: 18.5808
2020/03/08 15:39:42 853663	INFO [input.cpp->run:173]	
frame_id 40
2020/03/08 15:39:42 880302	WARNING [visualOdometry.cpp->trackingFrame2Frame:179]	The Estimated Rotation and translation matrices(using getTransformation function) are : 
   0.999996  -0.0011228  0.00257166    0.117875
  0.0011288    0.999997 -0.00233539    0.107911
-0.00256902  0.00233829    0.999994    -2.00909
          0           0           0           1
2020/03/08 15:39:42 881615	INFO [input.cpp->run:235]	rotation: 
[0.9999961853027344, -0.001122797839343548, 0.002571657299995422;
 0.001128803007304668, 0.9999967217445374, -0.002335391938686371;
 -0.002569019794464111, 0.002338290214538574, 0.9999939203262329]
2020/03/08 15:39:42 881652	INFO [input.cpp->run:256]	frame times (ms): 58.635
2020/03/08 15:39:42 881655	INFO [input.cpp->run:257]	FPS: 17.0547
2020/03/08 15:39:42 991955	INFO [input.cpp->run:173]	
frame_id 41
2020/03/08 15:39:43 014459	WARNING [visualOdometry.cpp->trackingFrame2Frame:179]	The Estimated Rotation and translation matrices(using getTransformation function) are : 
    0.999994  0.000541023   0.00331558    -0.138326
-0.000534186     0.999998  -0.00209909   -0.0323615
 -0.00331673   0.00209732     0.999992    -0.799761
           0            0            0            1
2020/03/08 15:39:43 015301	INFO [input.cpp->run:235]	rotation: 
[0.9999940991401672, 0.0005410229787230492, 0.003315582871437073;
 -0.0005341856740415096, 0.9999975562095642, -0.002099089324474335;
 -0.003316730260848999, 0.002097316086292267, 0.9999921321868896]
2020/03/08 15:39:43 015327	INFO [input.cpp->run:256]	frame times (ms): 44.287
2020/03/08 15:39:43 015330	INFO [input.cpp->run:257]	FPS: 22.58
2020/03/08 15:39:43 121955	INFO [input.cpp->run:173]	
frame_id 42
2020/03/08 15:39:43 146193	WARNING [visualOdometry.cpp->trackingFrame2Frame:179]	The Estimated Rotation and translation matrices(using getTransformation function) are : 
    0.999995  1.93906e-05   0.00299374   -0.0104685
-6.97561e-06     0.999991  -0.00414544     0.123374
 -0.00299381   0.00414536     0.999987     -1.81735
           0            0            0            1
2020/03/08 15:39:43 147071	INFO [input.cpp->run:235]	rotation: 
[0.9999953508377075, 1.939060166478157e-05, 0.002993740141391754;
 -6.975606083869934e-06, 0.9999912977218628, -0.004145443439483643;
 -0.002993814647197723, 0.004145361483097076, 0.999987006187439]
2020/03/08 15:39:43 147097	INFO [input.cpp->run:256]	frame times (ms): 47.999
2020/03/08 15:39:43 147099	INFO [input.cpp->run:257]	FPS: 20.8338
2020/03/08 15:39:43 247775	INFO [input.cpp->run:173]	
frame_id 43
2020/03/08 15:39:43 273403	WARNING [visualOdometry.cpp->trackingFrame2Frame:179]	The Estimated Rotation and translation matrices(using getTransformation function) are : 
   0.999968 -0.00788363 -0.00162339  -0.0218472
 0.00787928    0.999966 -0.00266058  -0.0131106
  0.0016443  0.00264769    0.999995    0.101063
          0           0           0           1
2020/03/08 15:39:43 275007	INFO [input.cpp->run:235]	rotation: 
[0.9999677538871765, -0.007883632555603981, -0.001623388379812241;
 0.007879280485212803, 0.9999656677246094, -0.002660579979419708;
 0.001644304022192955, 0.00264769047498703, 0.9999952912330627]
2020/03/08 15:39:43 275034	INFO [input.cpp->run:256]	frame times (ms): 51.587
2020/03/08 15:39:43 275036	INFO [input.cpp->run:257]	FPS: 19.3847
2020/03/08 15:39:43 370142	INFO [input.cpp->run:173]	
frame_id 44
2020/03/08 15:39:43 396759	WARNING [visualOdometry.cpp->trackingFrame2Frame:179]	The Estimated Rotation and translation matrices(using getTransformation function) are : 
    0.999996  -0.00301881  0.000191507    0.0481982
  0.00301881     0.999995  0.000228714     0.123039
-0.000192185 -0.000228118            1      -1.6967
           0            0            0            1
2020/03/08 15:39:43 397701	INFO [input.cpp->run:235]	rotation: 
[0.9999955892562866, -0.003018810413777828, 0.0001915069296956062;
 0.003018814139068127, 0.9999954700469971, 0.0002287141978740692;
 -0.0001921849325299263, -0.0002281181514263153, 0.9999997615814209]
2020/03/08 15:39:43 397727	INFO [input.cpp->run:256]	frame times (ms): 50.799
2020/03/08 15:39:43 397729	INFO [input.cpp->run:257]	FPS: 19.6854
2020/03/08 15:39:43 491249	INFO [input.cpp->run:173]	
frame_id 45
2020/03/08 15:39:43 518031	WARNING [visualOdometry.cpp->trackingFrame2Frame:179]	The Estimated Rotation and translation matrices(using getTransformation function) are : 
           1 -0.000361171 -0.000192441    0.0520473
  0.00036143     0.999999   0.00138934    0.0435374
 0.000191957  -0.00138941     0.999999     -1.30256
           0            0            0            1
2020/03/08 15:39:43 518915	INFO [input.cpp->run:235]	rotation: 
[1, -0.000361170619726181, -0.0001924410462379456;
 0.0003614295274019241, 0.9999990463256836, 0.001389339566230774;
 0.0001919567584991455, -0.001389414072036743, 0.9999989867210388]
2020/03/08 15:39:43 518940	INFO [input.cpp->run:256]	frame times (ms): 51.927
2020/03/08 15:39:43 518943	INFO [input.cpp->run:257]	FPS: 19.2578
2020/03/08 15:39:43 627879	INFO [input.cpp->run:173]	
frame_id 46
2020/03/08 15:39:43 659356	WARNING [visualOdometry.cpp->trackingFrame2Frame:179]	The Estimated Rotation and translation matrices(using getTransformation function) are : 
   0.999985 -0.00370926 -0.00403208  -0.0121427
 0.00371622    0.999992  0.00172493   -0.232931
 0.00402565 -0.00173987     0.99999     4.25449
          0           0           0           1
2020/03/08 15:39:43 661968	INFO [input.cpp->run:235]	rotation: 
[0.9999850392341614, -0.003709262236952782, -0.004032082855701447;
 0.003716218750923872, 0.9999916553497314, 0.001724932342767715;
 0.004025652073323727, -0.001739874482154846, 0.9999904036521912]
2020/03/08 15:39:43 662004	INFO [input.cpp->run:256]	frame times (ms): 68.452
2020/03/08 15:39:43 662008	INFO [input.cpp->run:257]	FPS: 14.6088
2020/03/08 15:39:43 764565	INFO [input.cpp->run:173]	
frame_id 47
