		g3log created log at: Mon Mar 09 15:59:54 2020
		LOG format: [YYYY/MM/DD hh:mm:ss uuu* LEVEL FILE->FUNCTION:LINE] message		(uuu*: microseconds fractions of the seconds value)

2020/03/09 15:59:54 604902	INFO [g3logger.h->logBanner:29]	Starting log.
2020/03/09 15:59:54 608931	DEBUG [main.cpp->main:48]	Filepath: /home/mitchell/KITTI/data_odometry_gray/dataset/sequences/00/
2020/03/09 15:59:54 608939	DEBUG [main.cpp->main:52]	Calibration Filepath: /home/mitchell/visual_odom_catkin_ws/tank_downsized.yaml
2020/03/09 15:59:54 609076	INFO [main.cpp->main:66]	P_left: 
[409.41, 0, 251.22, 0;
 0, 408.72, 191.78999, 0;
 0, 0, 1, 0]
2020/03/09 15:59:54 609092	INFO [main.cpp->main:67]	P_right: 
[409.41, 0, 251.22, -73.940002;
 0, 408.72, 191.78999, 0;
 0, 0, 1, 0]
2020/03/09 15:59:54 742445	INFO [input.cpp->Input:22]	frame_pose [1, 0, 0, 0;
 0, 1, 0, 0;
 0, 0, 1, 0;
 0, 0, 0, 1]
2020/03/09 15:59:55 277646	INFO [input.cpp->run:173]	
frame_id 1
2020/03/09 15:59:55 413797	WARNING [visualOdometry.cpp->trackingFrame2Frame:184]	The Estimated Rotation and translation matrices(using getTransformation function) are : 
    0.999999    0.0013244  9.19402e-05   -0.0371404
  -0.0013242     0.999998  -0.00133388  -0.00910059
-9.35197e-05   0.00133382     0.999999   -0.0367151
           0            0            0            1
2020/03/09 15:59:55 418405	INFO [input.cpp->run:235]	rotation: 
[0.9999990463256836, 0.001324400305747986, 9.194016456604004e-05;
 -0.001324199140071869, 0.9999980926513672, -0.001333877444267273;
 -9.351968765258789e-05, 0.001333817839622498, 0.9999990463256836]
2020/03/09 15:59:55 418512	INFO [input.cpp->run:258]	frame times (ms): 692.427
2020/03/09 15:59:55 418516	INFO [input.cpp->run:259]	FPS: 1.4442
2020/03/09 15:59:55 478215	INFO [input.cpp->run:173]	
frame_id 2
2020/03/09 15:59:55 540223	WARNING [visualOdometry.cpp->trackingFrame2Frame:184]	The Estimated Rotation and translation matrices(using getTransformation function) are : 
           1  0.000668019  0.000190815 -0.000869513
-0.000667989            1 -3.75323e-05  0.000509858
-0.000190789  3.73162e-05            1 -0.000824511
           0            0            0            1
2020/03/09 15:59:55 541876	INFO [input.cpp->run:235]	rotation: 
[1.00000011920929, 0.0006680190563201904, 0.0001908149570226669;
 -0.0006679892539978027, 1.00000011920929, -3.753229975700378e-05;
 -0.000190789345651865, 3.731623291969299e-05, 1.00000011920929]
2020/03/09 15:59:55 541942	INFO [input.cpp->run:258]	frame times (ms): 631.022
2020/03/09 15:59:55 541949	INFO [input.cpp->run:259]	FPS: 1.58473
2020/03/09 15:59:55 678606	INFO [input.cpp->run:173]	
frame_id 3
2020/03/09 15:59:55 745591	WARNING [visualOdometry.cpp->trackingFrame2Frame:184]	The Estimated Rotation and translation matrices(using getTransformation function) are : 
    0.999999   0.00140324  0.000785142  0.000589162
  -0.0014016     0.999997  -0.00209863  -0.00113365
-0.000788003   0.00209749     0.999998   3.8743e-05
           0            0            0            1
2020/03/09 15:59:55 747662	INFO [input.cpp->run:235]	rotation: 
[0.999998927116394, 0.001403242349624634, 0.000785142183303833;
 -0.001401603221893311, 0.9999970197677612, -0.002098627388477325;
 -0.0007880032062530518, 0.002097487449645996, 0.999997615814209]
2020/03/09 15:59:55 747729	INFO [input.cpp->run:258]	frame times (ms): 689.574
2020/03/09 15:59:55 747734	INFO [input.cpp->run:259]	FPS: 1.45017
2020/03/09 15:59:55 876319	INFO [input.cpp->run:173]	
frame_id 4
2020/03/09 15:59:55 981033	WARNING [visualOdometry.cpp->trackingFrame2Frame:184]	The Estimated Rotation and translation matrices(using getTransformation function) are : 
           1  0.000412077  0.000331696  0.000271052
-0.000411689            1  -0.00050767   0.00038518
-0.000331942  0.000507571            1 -0.000482917
           0            0            0            1
2020/03/09 15:59:55 983134	INFO [input.cpp->run:235]	rotation: 
[0.9999997019767761, 0.0004120767116546631, 0.0003316961228847504;
 -0.000411689281463623, 0.9999995827674866, -0.000507669523358345;
 -0.0003319419920444489, 0.0005075708031654358, 0.9999999403953552]
2020/03/09 15:59:55 983226	INFO [input.cpp->run:258]	frame times (ms): 699.327
2020/03/09 15:59:55 983235	INFO [input.cpp->run:259]	FPS: 1.42995
2020/03/09 15:59:56 077759	INFO [input.cpp->run:173]	
frame_id 5
2020/03/09 15:59:56 144274	WARNING [visualOdometry.cpp->trackingFrame2Frame:184]	The Estimated Rotation and translation matrices(using getTransformation function) are : 
           1 -8.16584e-06  4.03491e-05 -5.73397e-05
 8.16584e-06            1 -0.000769486 -5.44041e-05
-4.03423e-05  0.000769487            1  -0.00077033
           0            0            0            1
2020/03/09 15:59:56 146078	INFO [input.cpp->run:235]	rotation: 
[1, -8.165836334228516e-06, 4.03490848839283e-05;
 8.165836334228516e-06, 0.9999996423721313, -0.0007694861851632595;
 -4.034233279526234e-05, 0.0007694866508245468, 0.9999995827674866]
2020/03/09 15:59:56 146135	INFO [input.cpp->run:258]	frame times (ms): 722.757
2020/03/09 15:59:56 146139	INFO [input.cpp->run:259]	FPS: 1.38359
2020/03/09 15:59:56 279633	INFO [input.cpp->run:173]	
frame_id 6
2020/03/09 15:59:56 345859	WARNING [visualOdometry.cpp->trackingFrame2Frame:184]	The Estimated Rotation and translation matrices(using getTransformation function) are : 
           1 -0.000386268   3.9493e-05  0.000936508
 0.000386387            1 -1.19747e-05  0.000989035
 -3.9492e-05  1.19918e-05            1  8.05259e-05
           0            0            0            1
2020/03/09 15:59:56 348186	INFO [input.cpp->run:235]	rotation: 
[1, -0.0003862679004669189, 3.949296660721302e-05;
 0.0003863871097564697, 0.9999998807907104, -1.197471283376217e-05;
 -3.949197707697749e-05, 1.199182588607073e-05, 1]
2020/03/09 15:59:56 348259	INFO [input.cpp->run:258]	frame times (ms): 706.095
2020/03/09 15:59:56 348263	INFO [input.cpp->run:259]	FPS: 1.41624
2020/03/09 15:59:56 478856	INFO [input.cpp->run:173]	
frame_id 7
2020/03/09 15:59:56 543385	WARNING [visualOdometry.cpp->trackingFrame2Frame:184]	The Estimated Rotation and translation matrices(using getTransformation function) are : 
    0.999999  -0.00078392 -0.000897616  -0.00521281
 0.000781208     0.999995  -0.00293422  -0.00287187
 0.000899851   0.00293352     0.999995  -0.00711852
           0            0            0            1
2020/03/09 15:59:56 545615	INFO [input.cpp->run:235]	rotation: 
[0.9999992847442627, -0.0007839202880859375, -0.0008976161479949951;
 0.0007812082767486572, 0.9999954104423523, -0.00293421745300293;
 0.0008998513221740723, 0.002933517098426819, 0.999995231628418]
2020/03/09 15:59:56 545691	INFO [input.cpp->run:258]	frame times (ms): 704.099
2020/03/09 15:59:56 545697	INFO [input.cpp->run:259]	FPS: 1.42025
2020/03/09 15:59:56 678311	INFO [input.cpp->run:173]	
frame_id 8
2020/03/09 15:59:56 739235	WARNING [visualOdometry.cpp->trackingFrame2Frame:184]	The Estimated Rotation and translation matrices(using getTransformation function) are : 
    0.999998  0.000290032  -0.00183111    -0.044203
-0.000288632            1  0.000793263  -0.00121982
  0.00183117 -0.000792682     0.999998   -0.0389808
           0            0            0            1
2020/03/09 15:59:56 741425	INFO [input.cpp->run:235]	rotation: 
[0.9999984502792358, 0.0002900324761867523, -0.001831114292144775;
 -0.0002886317670345306, 0.9999996423721313, 0.00079326331615448;
 0.001831173896789551, -0.0007926821708679199, 0.9999980926513672]
2020/03/09 15:59:56 741502	INFO [input.cpp->run:258]	frame times (ms): 698.019
2020/03/09 15:59:56 741505	INFO [input.cpp->run:259]	FPS: 1.43263
2020/03/09 15:59:56 878790	INFO [input.cpp->run:173]	
frame_id 9
2020/03/09 15:59:56 942277	WARNING [visualOdometry.cpp->trackingFrame2Frame:184]	The Estimated Rotation and translation matrices(using getTransformation function) are : 
    0.999999   0.00109144  0.000116557   0.00419801
 -0.00109104     0.999995  -0.00284125 -0.000157371
-0.000119656   0.00284114     0.999996   0.00267488
           0            0            0            1
2020/03/09 15:59:56 945122	INFO [input.cpp->run:235]	rotation: 
[0.9999992847442627, 0.001091435551643372, 0.0001165568828582764;
 -0.001091044396162033, 0.999995231628418, -0.002841249108314514;
 -0.0001196563243865967, 0.002841141074895859, 0.9999960064888]
2020/03/09 15:59:56 945215	INFO [input.cpp->run:258]	frame times (ms): 681.033
2020/03/09 15:59:56 945219	INFO [input.cpp->run:259]	FPS: 1.46836
2020/03/09 15:59:57 078166	INFO [input.cpp->run:173]	
frame_id 10
2020/03/09 15:59:57 141672	WARNING [visualOdometry.cpp->trackingFrame2Frame:184]	The Estimated Rotation and translation matrices(using getTransformation function) are : 
           1 -0.000418305 -0.000813592 -0.000244737
 0.000418156            1 -0.000232328   0.00160535
  0.00081367  0.000232004            1 -0.000990033
           0            0            0            1
2020/03/09 15:59:57 143628	INFO [input.cpp->run:235]	rotation: 
[0.9999998807907104, -0.0004183053970336914, -0.0008135922253131866;
 0.0004181563854217529, 1.000000238418579, -0.0002323277294635773;
 0.0008136704564094543, 0.0002320036292076111, 0.9999998807907104]
2020/03/09 15:59:57 143686	INFO [input.cpp->run:258]	frame times (ms): 692.86
2020/03/09 15:59:57 143689	INFO [input.cpp->run:259]	FPS: 1.44329
2020/03/09 15:59:57 278163	INFO [input.cpp->run:173]	
frame_id 11
2020/03/09 15:59:57 347578	WARNING [visualOdometry.cpp->trackingFrame2Frame:184]	The Estimated Rotation and translation matrices(using getTransformation function) are : 
           1  0.000161827 -0.000410169   0.00701648
-0.000163414     0.999992  -0.00403757 -0.000787273
 0.000409573   0.00403763     0.999992   0.00669086
           0            0            0            1
2020/03/09 15:59:57 349381	INFO [input.cpp->run:235]	rotation: 
[0.9999999403953552, 0.0001618266105651855, -0.0004101693630218506;
 -0.0001634135842323303, 0.999991774559021, -0.004037566483020782;
 0.0004095733165740967, 0.004037633538246155, 0.9999918937683105]
2020/03/09 15:59:57 349445	INFO [input.cpp->run:258]	frame times (ms): 700.208
2020/03/09 15:59:57 349451	INFO [input.cpp->run:259]	FPS: 1.42815
2020/03/09 15:59:57 476874	INFO [input.cpp->run:173]	
frame_id 12
2020/03/09 15:59:57 537903	WARNING [visualOdometry.cpp->trackingFrame2Frame:184]	The Estimated Rotation and translation matrices(using getTransformation function) are : 
    0.999999   0.00138815  0.000262916   0.00478977
 -0.00138731     0.999995  -0.00293706  0.000314549
-0.000266671    0.0029367     0.999996   0.00226283
           0            0            0            1
2020/03/09 15:59:57 540009	INFO [input.cpp->run:235]	rotation: 
[0.9999990463256836, 0.001388147473335266, 0.000262916088104248;
 -0.001387313008308411, 0.9999948143959045, -0.002937063574790955;
 -0.0002666711807250977, 0.002936698496341705, 0.9999956488609314]
2020/03/09 15:59:57 540082	INFO [input.cpp->run:258]	frame times (ms): 696.099
2020/03/09 15:59:57 540089	INFO [input.cpp->run:259]	FPS: 1.43658
2020/03/09 15:59:57 679179	INFO [input.cpp->run:173]	
frame_id 13
2020/03/09 15:59:57 747154	WARNING [visualOdometry.cpp->trackingFrame2Frame:184]	The Estimated Rotation and translation matrices(using getTransformation function) are : 
    0.999997   0.00208275  0.000836968    0.0250043
 -0.00207918     0.999989  -0.00413313 -0.000356674
-0.000845253   0.00413133     0.999991    0.0209016
           0            0            0            1
2020/03/09 15:59:57 749016	INFO [input.cpp->run:235]	rotation: 
[0.9999974370002747, 0.00208275206387043, 0.0008369684219360352;
 -0.002079177647829056, 0.9999890923500061, -0.004133125767111778;
 -0.0008452534675598145, 0.004131326451897621, 0.9999910593032837]
2020/03/09 15:59:57 749073	INFO [input.cpp->run:258]	frame times (ms): 691.894
2020/03/09 15:59:57 749076	INFO [input.cpp->run:259]	FPS: 1.44531
2020/03/09 15:59:57 877438	INFO [input.cpp->run:173]	
frame_id 14
2020/03/09 15:59:57 940042	WARNING [visualOdometry.cpp->trackingFrame2Frame:184]	The Estimated Rotation and translation matrices(using getTransformation function) are : 
    0.999996 -0.000470549  -0.00270799  -0.00165823
 0.000472069            1  0.000545224   0.00280669
  0.00270774 -0.000546509     0.999996   0.00106281
           0            0            0            1
2020/03/09 15:59:57 942122	INFO [input.cpp->run:235]	rotation: 
[0.9999964237213135, -0.0004705488681793213, -0.002707988023757935;
 0.0004720687866210938, 0.9999998807907104, 0.0005452241748571396;
 0.002707740291953087, -0.0005465094000101089, 0.9999962449073792]
2020/03/09 15:59:57 942176	INFO [input.cpp->run:258]	frame times (ms): 695.877
2020/03/09 15:59:57 942181	INFO [input.cpp->run:259]	FPS: 1.43704
2020/03/09 15:59:58 077958	INFO [input.cpp->run:173]	
frame_id 15
2020/03/09 15:59:58 141274	WARNING [visualOdometry.cpp->trackingFrame2Frame:184]	The Estimated Rotation and translation matrices(using getTransformation function) are : 
    0.999997  5.75483e-05   0.00251249   0.00198725
 -5.5939e-05            1 -0.000607513   0.00268537
 -0.00251244  0.000607334     0.999997  -0.00174952
           0            0            0            1
2020/03/09 15:59:58 143104	INFO [input.cpp->run:235]	rotation: 
[0.9999969601631165, 5.754828453063965e-05, 0.002512488514184952;
 -5.59389591217041e-05, 0.9999998807907104, -0.000607512891292572;
 -0.002512436360120773, 0.0006073340773582458, 0.999996542930603]
2020/03/09 15:59:58 143162	INFO [input.cpp->run:258]	frame times (ms): 687.433
2020/03/09 15:59:58 143167	INFO [input.cpp->run:259]	FPS: 1.45469
2020/03/09 15:59:58 278891	INFO [input.cpp->run:173]	
frame_id 16
2020/03/09 15:59:58 339083	WARNING [visualOdometry.cpp->trackingFrame2Frame:184]	The Estimated Rotation and translation matrices(using getTransformation function) are : 
   0.999994  0.00322956  0.00127643    0.189528
-0.00322342    0.999983 -0.00478918 0.000736907
-0.00129169  0.00478504    0.999988    0.162231
          0           0           0           1
2020/03/09 15:59:58 341599	INFO [input.cpp->run:235]	rotation: 
[0.9999940395355225, 0.003229559399187565, 0.00127643346786499;
 -0.003223418723791838, 0.9999834895133972, -0.004789178259670734;
 -0.00129169225692749, 0.004785035736858845, 0.9999878406524658]
2020/03/09 15:59:58 341660	INFO [input.cpp->run:258]	frame times (ms): 649.211
2020/03/09 15:59:58 341666	INFO [input.cpp->run:259]	FPS: 1.54033
2020/03/09 15:59:58 479400	INFO [input.cpp->run:173]	
frame_id 17
2020/03/09 15:59:58 543135	WARNING [visualOdometry.cpp->trackingFrame2Frame:184]	The Estimated Rotation and translation matrices(using getTransformation function) are : 
           1 -0.000160798 -0.000366449  -0.00123706
 0.000159487     0.999994  -0.00355446  0.000788197
 0.000366896   0.00355431     0.999994 -0.000867724
           0            0            0            1
2020/03/09 15:59:58 544917	INFO [input.cpp->run:235]	rotation: 
[1, -0.0001607984304428101, -0.0003664493560791016;
 0.0001594871282577515, 0.9999939203262329, -0.003554463386535645;
 0.000366896390914917, 0.003554314374923706, 0.9999935626983643]
2020/03/09 15:59:58 544967	INFO [input.cpp->run:258]	frame times (ms): 666.825
2020/03/09 15:59:58 544974	INFO [input.cpp->run:259]	FPS: 1.49964
2020/03/09 15:59:58 680525	INFO [input.cpp->run:173]	
frame_id 18
2020/03/09 15:59:58 742455	WARNING [visualOdometry.cpp->trackingFrame2Frame:184]	The Estimated Rotation and translation matrices(using getTransformation function) are : 
           1  0.000131428  0.000570714  0.000192404
-0.000129282     0.999994  -0.00335336   0.00105979
-0.000571012   0.00335342     0.999994 -0.000323772
           0            0            0            1
2020/03/09 15:59:58 744239	INFO [input.cpp->run:235]	rotation: 
[0.9999998807907104, 0.0001314282417297363, 0.0005707144737243652;
 -0.0001292824745178223, 0.9999944567680359, -0.003353357315063477;
 -0.0005710124969482422, 0.003353416919708252, 0.9999942779541016]
2020/03/09 15:59:58 744290	INFO [input.cpp->run:258]	frame times (ms): 650.745
2020/03/09 15:59:58 744295	INFO [input.cpp->run:259]	FPS: 1.5367
2020/03/09 15:59:58 878852	INFO [input.cpp->run:173]	
frame_id 19
2020/03/09 15:59:58 936861	WARNING [visualOdometry.cpp->trackingFrame2Frame:184]	The Estimated Rotation and translation matrices(using getTransformation function) are : 
           1  0.000224382 -0.000273108 -0.000909954
-0.000225365     0.999994  -0.00343196   0.00181617
 0.000272512   0.00343186     0.999994 -0.000435472
           0            0            0            1
2020/03/09 15:59:58 938651	INFO [input.cpp->run:235]	rotation: 
[0.9999997615814209, 0.000224381685256958, -0.0002731084823608398;
 -0.000225365161895752, 0.9999940991401672, -0.003431960940361023;
 0.0002725124359130859, 0.003431856632232666, 0.9999940991401672]
2020/03/09 15:59:58 938708	INFO [input.cpp->run:258]	frame times (ms): 644.913
2020/03/09 15:59:58 938712	INFO [input.cpp->run:259]	FPS: 1.5506
2020/03/09 15:59:59 079972	INFO [input.cpp->run:173]	
frame_id 20
2020/03/09 15:59:59 141687	WARNING [visualOdometry.cpp->trackingFrame2Frame:184]	The Estimated Rotation and translation matrices(using getTransformation function) are : 
   0.999999 -0.00012945 -0.00120401  -0.0210256
0.000124887    0.999993 -0.00378051  0.00156677
 0.00120443  0.00378036    0.999992  -0.0177554
          0           0           0           1
2020/03/09 15:59:59 143417	INFO [input.cpp->run:235]	rotation: 
[0.9999992847442627, -0.0001294501125812531, -0.001204013824462891;
 0.0001248866319656372, 0.9999929666519165, -0.003780510276556015;
 0.001204431056976318, 0.003780358470976353, 0.9999920129776001]
2020/03/09 15:59:59 143471	INFO [input.cpp->run:258]	frame times (ms): 742.853
2020/03/09 15:59:59 143477	INFO [input.cpp->run:259]	FPS: 1.34616
2020/03/09 15:59:59 280547	INFO [input.cpp->run:173]	
frame_id 21
2020/03/09 15:59:59 342674	WARNING [visualOdometry.cpp->trackingFrame2Frame:184]	The Estimated Rotation and translation matrices(using getTransformation function) are : 
    0.999998   0.00216307 -0.000125587   -0.0152223
 -0.00216348     0.999989  -0.00416132   0.00128472
 0.000116736   0.00416159     0.999991   -0.0128677
           0            0            0            1
2020/03/09 15:59:59 344835	INFO [input.cpp->run:235]	rotation: 
[0.999997615814209, 0.002163072116672993, -0.000125586986541748;
 -0.00216347724199295, 0.9999889135360718, -0.004161324352025986;
 0.0001167356967926025, 0.004161594435572624, 0.9999914765357971]
2020/03/09 15:59:59 344919	INFO [input.cpp->run:258]	frame times (ms): 585.207
2020/03/09 15:59:59 344929	INFO [input.cpp->run:259]	FPS: 1.7088
2020/03/09 15:59:59 481832	INFO [input.cpp->run:173]	
frame_id 22
2020/03/09 15:59:59 542067	WARNING [visualOdometry.cpp->trackingFrame2Frame:184]	The Estimated Rotation and translation matrices(using getTransformation function) are : 
           1  0.000574049 -0.000660181  -0.00223824
-0.000576839     0.999991  -0.00423928   0.00236841
 0.000657678   0.00423972     0.999991 -0.000766098
           0            0            0            1
2020/03/09 15:59:59 543946	INFO [input.cpp->run:235]	rotation: 
[0.9999998211860657, 0.0005740486085414886, -0.0006601810455322266;
 -0.0005768388509750366, 0.9999909996986389, -0.004239276051521301;
 0.0006576776504516602, 0.004239719361066818, 0.9999909400939941]
2020/03/09 15:59:59 544001	INFO [input.cpp->run:258]	frame times (ms): 598.136
2020/03/09 15:59:59 544005	INFO [input.cpp->run:259]	FPS: 1.67186
2020/03/09 15:59:59 677896	INFO [input.cpp->run:173]	
frame_id 23
2020/03/09 15:59:59 735337	WARNING [visualOdometry.cpp->trackingFrame2Frame:184]	The Estimated Rotation and translation matrices(using getTransformation function) are : 
    0.999997   0.00268535  -5.1856e-06   -0.0785085
 -0.00268537     0.999986  -0.00469526   0.00268357
-7.48038e-06   0.00469529     0.999989   -0.0675114
           0            0            0            1
2020/03/09 15:59:59 737072	INFO [input.cpp->run:235]	rotation: 
[0.9999966025352478, 0.002685350365936756, -5.185604095458984e-06;
 -0.002685366198420525, 0.9999855756759644, -0.004695257171988487;
 -7.480382919311523e-06, 0.00469528790563345, 0.9999891519546509]
2020/03/09 15:59:59 737119	INFO [input.cpp->run:258]	frame times (ms): 614.39
2020/03/09 15:59:59 737123	INFO [input.cpp->run:259]	FPS: 1.62763
2020/03/09 15:59:59 880983	INFO [input.cpp->run:173]	
frame_id 24
2020/03/09 15:59:59 936216	WARNING [visualOdometry.cpp->trackingFrame2Frame:184]	The Estimated Rotation and translation matrices(using getTransformation function) are : 
    0.999999   0.00112886 -0.000153214  -0.00210932
 -0.00112929     0.999995  -0.00298754    0.0027184
 0.000149518   0.00298765     0.999996  -0.00101972
           0            0            0            1
2020/03/09 15:59:59 937897	INFO [input.cpp->run:235]	rotation: 
[0.9999994039535522, 0.001128857955336571, -0.0001532137393951416;
 -0.001129293814301491, 0.9999951720237732, -0.002987537533044815;
 0.0001495182514190674, 0.00298764742910862, 0.9999955892562866]
2020/03/09 15:59:59 937960	INFO [input.cpp->run:258]	frame times (ms): 595.258
2020/03/09 15:59:59 937964	INFO [input.cpp->run:259]	FPS: 1.67994
g3log g3FileSink shutdown at: 16:00:00 094012
