		g3log created log at: Mon Mar 09 13:20:23 2020
		LOG format: [YYYY/MM/DD hh:mm:ss uuu* LEVEL FILE->FUNCTION:LINE] message		(uuu*: microseconds fractions of the seconds value)

2020/03/09 13:20:23 303391	INFO [g3logger.h->logBanner:29]	Starting log.
2020/03/09 13:20:23 307238	DEBUG [main.cpp->main:48]	Filepath: /home/mitchell/KITTI/data_odometry_gray/dataset/sequences/00/
2020/03/09 13:20:23 307245	DEBUG [main.cpp->main:52]	Calibration Filepath: /home/mitchell/visual_odom_catkin_ws/tank_downsized.yaml
2020/03/09 13:20:23 307424	INFO [main.cpp->main:66]	P_left: 
[409.41, 0, 251.22, 0;
 0, 408.72, 191.78999, 0;
 0, 0, 1, 0]
2020/03/09 13:20:23 307440	INFO [main.cpp->main:67]	P_right: 
[409.41, 0, 251.22, -73.940002;
 0, 408.72, 191.78999, 0;
 0, 0, 1, 0]
2020/03/09 13:20:23 452219	INFO [input.cpp->Input:22]	frame_pose [1, 0, 0, 0;
 0, 1, 0, 0;
 0, 0, 1, 0;
 0, 0, 0, 1]
2020/03/09 13:20:24 062146	INFO [input.cpp->run:173]	
frame_id 1
2020/03/09 13:20:24 156016	INFO [input.cpp->run:235]	rotation: 
[-0.911629158189083, -0.01500163852667615, 0.4107398553597871;
 -0.02680830109447837, -0.9950354284961941, -0.09584263680545944;
 0.4101385045711896, -0.09838418002357067, 0.9067011416057659]
2020/03/09 13:20:24 156103	INFO [input.cpp->run:256]	frame times (ms): 192.857
2020/03/09 13:20:24 156108	INFO [input.cpp->run:257]	FPS: 5.18519
2020/03/09 13:20:24 263705	INFO [input.cpp->run:173]	
frame_id 2
2020/03/09 13:20:24 336498	INFO [input.cpp->run:235]	rotation: 
[-0.9734783065661982, -0.000327368976421499, 0.2287791062893646;
 -0.03097343612551141, -0.990603375645875, -0.1332126060610492;
 0.2266729646419837, -0.1367656571970854, 0.9643207568604251]
2020/03/09 13:20:24 336560	INFO [input.cpp->run:256]	frame times (ms): 162.426
2020/03/09 13:20:24 336563	INFO [input.cpp->run:257]	FPS: 6.15665
2020/03/09 13:20:24 465071	INFO [input.cpp->run:173]	
frame_id 3
2020/03/09 13:20:24 526996	INFO [input.cpp->run:235]	rotation: 
[-0.9986242505842688, -0.01495996504185424, 0.05025739339593627;
 0.01803697529684907, -0.9979539224415048, 0.06134033098831407;
 0.04923691366391943, 0.06216243342696267, 0.9968508204356807]
2020/03/09 13:20:24 527075	INFO [input.cpp->run:256]	frame times (ms): 152.604
2020/03/09 13:20:24 527078	INFO [input.cpp->run:257]	FPS: 6.55291
2020/03/09 13:20:24 661367	INFO [input.cpp->run:173]	
frame_id 4
2020/03/09 13:20:24 712247	INFO [input.cpp->run:235]	rotation: 
[-0.8170388132316948, -0.06043563981576542, 0.5734065844695218;
 -0.06646524388606211, -0.9779898869547348, -0.1977830942457706;
 0.5727389885699332, -0.1997080730824974, 0.7950388270503304]
2020/03/09 13:20:24 712329	INFO [input.cpp->run:256]	frame times (ms): 143.784
2020/03/09 13:20:24 712332	INFO [input.cpp->run:257]	FPS: 6.95488
2020/03/09 13:20:24 862466	INFO [input.cpp->run:173]	
frame_id 5
2020/03/09 13:20:24 916574	INFO [input.cpp->run:235]	rotation: 
[-0.994335329475001, 0.00672788182129567, 0.1060753890591018;
 -0.00270998201320588, -0.99927495753896, 0.03797650896274813;
 0.1062539813622494, 0.03747392215539051, 0.9936326265793414]
2020/03/09 13:20:24 916645	INFO [input.cpp->run:256]	frame times (ms): 155.036
2020/03/09 13:20:24 916658	INFO [input.cpp->run:257]	FPS: 6.45012
2020/03/09 13:20:25 062814	INFO [input.cpp->run:173]	
frame_id 6
2020/03/09 13:20:25 118584	INFO [input.cpp->run:235]	rotation: 
[-0.919929456506608, 0.3138137933038554, 0.2350546706272862;
 -0.1044506466527956, -0.7739827999079772, 0.6245323753500861;
 0.3779151458532322, 0.5499741162808057, 0.744787630103963]
2020/03/09 13:20:25 118648	INFO [input.cpp->run:256]	frame times (ms): 152.611
2020/03/09 13:20:25 118654	INFO [input.cpp->run:257]	FPS: 6.55261
2020/03/09 13:20:25 266917	INFO [input.cpp->run:173]	
frame_id 7
2020/03/09 13:20:25 316993	INFO [input.cpp->run:235]	rotation: 
[-0.9859352093039909, 0.07297425789397985, 0.1503546498766121;
 -0.07079234910759374, -0.9972941313506511, 0.01982066803563458;
 0.1513942084840905, 0.008897935624243153, 0.9884334172715443]
2020/03/09 13:20:25 317059	INFO [input.cpp->run:256]	frame times (ms): 148.313
2020/03/09 13:20:25 317063	INFO [input.cpp->run:257]	FPS: 6.7425
2020/03/09 13:20:25 461876	INFO [input.cpp->run:173]	
frame_id 8
2020/03/09 13:20:25 516255	INFO [input.cpp->run:235]	rotation: 
[-0.9985841926676322, -0.01049145148706476, 0.05214920517158247;
 0.01040488770085208, -0.9999440029300264, -0.001931143756412274;
 0.05216654546992636, -0.001385803005423078, 0.9986374372532631]
2020/03/09 13:20:25 516330	INFO [input.cpp->run:256]	frame times (ms): 155.436
2020/03/09 13:20:25 516335	INFO [input.cpp->run:257]	FPS: 6.43352
2020/03/09 13:20:25 660767	INFO [input.cpp->run:173]	
frame_id 9
2020/03/09 13:20:25 731281	INFO [input.cpp->run:235]	rotation: 
[-0.9993338550627722, -0.009565536647004996, 0.03521855525192609;
 0.01147653170560703, -0.9984497238346298, 0.05446501808098246;
 0.03464296963870683, 0.0548329233509062, 0.9978943907906306]
2020/03/09 13:20:25 731351	INFO [input.cpp->run:256]	frame times (ms): 173.254
2020/03/09 13:20:25 731353	INFO [input.cpp->run:257]	FPS: 5.77187
2020/03/09 13:20:25 864233	INFO [input.cpp->run:173]	
frame_id 10
2020/03/09 13:20:25 920459	INFO [input.cpp->run:235]	rotation: 
[-0.9999309702276249, 0.01164739358233262, 0.001546933217348943;
 -0.01164819305048105, -0.9999320280464019, -0.000508808086135827;
 0.001540901781238976, -0.0005267919399813407, 0.999998674055097]
2020/03/09 13:20:25 920525	INFO [input.cpp->run:256]	frame times (ms): 156.155
2020/03/09 13:20:25 920530	INFO [input.cpp->run:257]	FPS: 6.40389
2020/03/09 13:20:26 061914	INFO [input.cpp->run:173]	
frame_id 11
2020/03/09 13:20:26 113749	INFO [input.cpp->run:235]	rotation: 
[-0.9998973013922012, 0.00343237609976279, -0.01391421801264336;
 -0.003460940321228565, -0.999991951842207, 0.002029320799193201;
 -0.01390714063661132, 0.00207726866893067, 0.9999011333097843]
2020/03/09 13:20:26 113828	INFO [input.cpp->run:256]	frame times (ms): 162.701
2020/03/09 13:20:26 113833	INFO [input.cpp->run:257]	FPS: 6.14624
2020/03/09 13:20:26 260937	INFO [input.cpp->run:173]	
frame_id 12
2020/03/09 13:20:26 312773	INFO [input.cpp->run:235]	rotation: 
[-0.9982700665734345, -0.002065258190289402, 0.05875890478964031;
 0.003066412603650003, -0.9998515806675269, 0.01695328140485565;
 0.05871517092894092, 0.01710413240288704, 0.9981282369302702]
2020/03/09 13:20:26 312856	INFO [input.cpp->run:256]	frame times (ms): 150.421
2020/03/09 13:20:26 312861	INFO [input.cpp->run:257]	FPS: 6.64801
2020/03/09 13:20:26 462316	INFO [input.cpp->run:173]	
frame_id 13
2020/03/09 13:20:26 517048	INFO [input.cpp->run:235]	rotation: 
[0.2341466926898831, 0.15347810611448, 0.9600103110102001;
 0.1428340695833645, -0.9821758400926854, 0.1221844822572909;
 0.9616515766475107, 0.1085130871450079, -0.2518951270858892]
2020/03/09 13:20:26 517119	INFO [input.cpp->run:256]	frame times (ms): 169.119
2020/03/09 13:20:26 517126	INFO [input.cpp->run:257]	FPS: 5.913
2020/03/09 13:20:26 661353	INFO [input.cpp->run:173]	
frame_id 14
2020/03/09 13:20:26 715172	INFO [input.cpp->run:235]	rotation: 
[-0.9991039565764274, 0.007738578444747718, 0.0416100751859796;
 -0.007622178301650577, -0.9999665836637771, 0.002955326332596285;
 0.04163155475437155, 0.002635518819658829, 0.9991295550073999]
2020/03/09 13:20:26 715318	INFO [input.cpp->run:256]	frame times (ms): 163.045
2020/03/09 13:20:26 715324	INFO [input.cpp->run:257]	FPS: 6.13328
2020/03/09 13:20:26 863315	INFO [input.cpp->run:173]	
frame_id 15
2020/03/09 13:20:26 920879	INFO [input.cpp->run:235]	rotation: 
[-0.9990421653771985, 0.04368868636667765, 0.002459772752220619;
 -0.04374771775975068, -0.9960196431957408, -0.07765956192924652;
 -0.0009428622654910443, -0.07769278635615635, 0.9969769014169613]
2020/03/09 13:20:26 920944	INFO [input.cpp->run:256]	frame times (ms): 170.159
2020/03/09 13:20:26 920949	INFO [input.cpp->run:257]	FPS: 5.87686
2020/03/09 13:20:27 061118	INFO [input.cpp->run:173]	
frame_id 16
2020/03/09 13:20:27 118955	INFO [input.cpp->run:235]	rotation: 
[-0.99929110449783, 0.02477769967667573, -0.0283435013757921;
 -0.02712046424972074, -0.9959688309969966, 0.08550186022160879;
 -0.0261107045172413, 0.08620993725324459, 0.9959347758906729]
2020/03/09 13:20:27 119016	INFO [input.cpp->run:256]	frame times (ms): 175.41
2020/03/09 13:20:27 119021	INFO [input.cpp->run:257]	FPS: 5.70093
2020/03/09 13:20:27 261500	INFO [input.cpp->run:173]	
frame_id 17
2020/03/09 13:20:27 324025	INFO [input.cpp->run:235]	rotation: 
[0.9999576766263383, -0.008884027936733131, -0.002391443847299704;
 0.008875399777324131, 0.999954151720938, -0.003594681467366528;
 0.002423269454294573, 0.003573304308129783, 0.9999906795873017]
2020/03/09 13:20:27 324086	INFO [input.cpp->run:256]	frame times (ms): 176.984
2020/03/09 13:20:27 324090	INFO [input.cpp->run:257]	FPS: 5.65023
2020/03/09 13:20:27 461856	INFO [input.cpp->run:173]	
frame_id 18
2020/03/09 13:20:27 517250	INFO [input.cpp->run:235]	rotation: 
[-0.9962437149164818, 0.01463955511222885, 0.08534719629562378;
 -0.01105144883181784, -0.9990411520821298, 0.04236321429174732;
 0.08588553992451485, 0.04126087580901314, 0.9954502569989863]
2020/03/09 13:20:27 517319	INFO [input.cpp->run:256]	frame times (ms): 176.736
2020/03/09 13:20:27 517324	INFO [input.cpp->run:257]	FPS: 5.65816
2020/03/09 13:20:27 663994	INFO [input.cpp->run:173]	
frame_id 19
2020/03/09 13:20:27 716693	INFO [input.cpp->run:235]	rotation: 
[0.9999744263024318, -0.006424100957367046, -0.003142875755069239;
 0.006415882742542863, 0.9999759909678561, -0.002618002385051883;
 0.003159618609292412, 0.00259777111073175, 0.9999916341627564]
2020/03/09 13:20:27 716759	INFO [input.cpp->run:256]	frame times (ms): 172.457
2020/03/09 13:20:27 716764	INFO [input.cpp->run:257]	FPS: 5.79855
2020/03/09 13:20:27 864653	INFO [input.cpp->run:173]	
frame_id 20
2020/03/09 13:20:27 916856	INFO [input.cpp->run:235]	rotation: 
[-0.9949660065748744, 0.01459211983654053, 0.09914492321406511;
 -0.01224544879540639, -0.9996312506350172, 0.0242365785058529;
 0.09946202664457378, 0.02290049764846457, 0.9947778005480453]
2020/03/09 13:20:27 916920	INFO [input.cpp->run:256]	frame times (ms): 174.204
2020/03/09 13:20:27 916925	INFO [input.cpp->run:257]	FPS: 5.7404
2020/03/09 13:20:28 063558	INFO [input.cpp->run:173]	
frame_id 21
2020/03/09 13:20:28 115494	INFO [input.cpp->run:235]	rotation: 
[-0.9992359120858121, 0.006933729985478298, 0.03846446914392113;
 -0.006591287727395621, -0.9999375727484832, 0.009022501425142087;
 0.03852462750150695, 0.008762077057438276, 0.9992192347435618]
2020/03/09 13:20:28 115558	INFO [input.cpp->run:256]	frame times (ms): 175.414
2020/03/09 13:20:28 115562	INFO [input.cpp->run:257]	FPS: 5.7008
2020/03/09 13:20:28 263568	INFO [input.cpp->run:173]	
frame_id 22
2020/03/09 13:20:28 318718	INFO [input.cpp->run:235]	rotation: 
[-0.4688500676417052, 0.2703890477486253, 0.8408741742555542;
 0.309422868506278, -0.8413896793779327, 0.4430811391626212;
 0.827307139167622, 0.4679243211181602, 0.3108210533223159]
2020/03/09 13:20:28 318785	INFO [input.cpp->run:256]	frame times (ms): 175.146
2020/03/09 13:20:28 318790	INFO [input.cpp->run:257]	FPS: 5.70952
2020/03/09 13:20:28 463272	INFO [input.cpp->run:173]	
frame_id 23
2020/03/09 13:20:28 516196	INFO [input.cpp->run:235]	rotation: 
[-0.9972214406607465, 0.0005272984380940053, 0.0744924173514489;
 0.001558993365490662, -0.9996082229304902, 0.02794584386691035;
 0.07447796873030049, 0.0279843278658709, 0.9968299301123049]
2020/03/09 13:20:28 516262	INFO [input.cpp->run:256]	frame times (ms): 176.072
2020/03/09 13:20:28 516266	INFO [input.cpp->run:257]	FPS: 5.67949
2020/03/09 13:20:28 663043	INFO [input.cpp->run:173]	
frame_id 24
2020/03/09 13:20:28 716511	INFO [input.cpp->run:235]	rotation: 
[-0.9999728573976189, 0.006970089864656825, 0.002387952118448803;
 -0.006966996550514369, -0.9999748835221169, 0.001301262461538178;
 0.00239696205779666, 0.001284590287716564, 0.9999963021935073]
2020/03/09 13:20:28 716573	INFO [input.cpp->run:256]	frame times (ms): 177.314
2020/03/09 13:20:28 716578	INFO [input.cpp->run:257]	FPS: 5.63971
2020/03/09 13:20:28 862497	INFO [input.cpp->run:173]	
frame_id 25
2020/03/09 13:20:28 915060	INFO [input.cpp->run:235]	rotation: 
[-0.9998759239923658, 0.01570955435793361, -0.00116039746978885;
 -0.01569845184599913, -0.9998360267133545, -0.009026532872110367;
 -0.001302010004420006, -0.009007196452147117, 0.9999585867334813]
2020/03/09 13:20:28 915126	INFO [input.cpp->run:256]	frame times (ms): 165.445
2020/03/09 13:20:28 915131	INFO [input.cpp->run:257]	FPS: 6.0443
2020/03/09 13:20:29 061317	INFO [input.cpp->run:173]	
frame_id 26
2020/03/09 13:20:29 113592	INFO [input.cpp->run:235]	rotation: 
[-0.9991318063913482, 0.03962244269972664, 0.01287227608732083;
 -0.04001575801168889, -0.9986900766787048, -0.03188839685893077;
 0.01159191821534677, -0.03237580544155758, 0.999408542416012]
2020/03/09 13:20:29 113661	INFO [input.cpp->run:256]	frame times (ms): 170.994
2020/03/09 13:20:29 113666	INFO [input.cpp->run:257]	FPS: 5.84816
2020/03/09 13:20:29 261578	INFO [input.cpp->run:173]	
frame_id 27
2020/03/09 13:20:29 316609	INFO [input.cpp->run:235]	rotation: 
[-0.9906056789778914, 0.01480662148945011, 0.1359454035148628;
 -0.01093347091266738, -0.9995139931264074, 0.02919309435989697;
 0.1363115842126141, 0.02743248994481081, 0.9902861255742584]
2020/03/09 13:20:29 316670	INFO [input.cpp->run:256]	frame times (ms): 176.49
2020/03/09 13:20:29 316683	INFO [input.cpp->run:257]	FPS: 5.66604
2020/03/09 13:20:29 462762	INFO [input.cpp->run:173]	
frame_id 28
2020/03/09 13:20:29 515186	INFO [input.cpp->run:235]	rotation: 
[-0.9997417449211197, -0.007913459364847605, -0.02130306604589695;
 0.007702324830704923, -0.9999205849566909, 0.009974867020240074;
 -0.02138030996681873, 0.009808207825595482, 0.9997233024217109]
2020/03/09 13:20:29 515280	INFO [input.cpp->run:256]	frame times (ms): 174.817
2020/03/09 13:20:29 515285	INFO [input.cpp->run:257]	FPS: 5.72027
2020/03/09 13:20:29 663558	INFO [input.cpp->run:173]	
frame_id 29
2020/03/09 13:20:29 728784	INFO [input.cpp->run:235]	rotation: 
[-0.6549799223037212, 0.2465451443918091, 0.7142946122965186;
 0.250731240851609, -0.8208147557141049, 0.5132221562471819;
 0.7128359883171052, 0.5152461824980525, 0.4758006149440754]
2020/03/09 13:20:29 728845	INFO [input.cpp->run:256]	frame times (ms): 188.809
2020/03/09 13:20:29 728859	INFO [input.cpp->run:257]	FPS: 5.29636
2020/03/09 13:20:29 862729	INFO [input.cpp->run:173]	
frame_id 30
2020/03/09 13:20:29 921270	INFO [input.cpp->run:235]	rotation: 
[-0.9989171443318898, 0.005650254422337633, 0.04618022720586327;
 -0.003995939840620228, -0.9993496546706433, 0.03583713401565684;
 0.04635268303574718, 0.03561379416221837, 0.9982900813094151]
2020/03/09 13:20:29 921330	INFO [input.cpp->run:256]	frame times (ms): 174.555
2020/03/09 13:20:29 921335	INFO [input.cpp->run:257]	FPS: 5.72885
2020/03/09 13:20:29 935074	INFO [input.cpp->run:173]	
frame_id 31
2020/03/09 13:20:29 990166	INFO [input.cpp->run:235]	rotation: 
[-0.9996417422742537, 0.01121734575276168, 0.02430140442767527;
 -0.0112764251415503, -0.9999337844156739, -0.002295434637635468;
 0.02427404661199792, -0.002568645248305809, 0.9997020419718408]
2020/03/09 13:20:29 990231	INFO [input.cpp->run:256]	frame times (ms): 172.564
2020/03/09 13:20:29 990235	INFO [input.cpp->run:257]	FPS: 5.79495
2020/03/09 13:20:30 076535	INFO [input.cpp->run:173]	
frame_id 32
2020/03/09 13:20:30 131682	INFO [input.cpp->run:235]	rotation: 
[-0.9999693657646651, 0.0006162166933824163, 0.007803064090487742;
 -0.0006348526421715841, -0.9999969518964865, -0.002386034337317465;
 0.007801569991751033, -0.002390915038834939, 0.9999667089613236]
2020/03/09 13:20:30 131742	INFO [input.cpp->run:256]	frame times (ms): 177.521
2020/03/09 13:20:30 131746	INFO [input.cpp->run:257]	FPS: 5.63314
2020/03/09 13:20:30 206238	INFO [input.cpp->run:173]	
frame_id 33
2020/03/09 13:20:30 259869	INFO [input.cpp->run:235]	rotation: 
[-0.9999447236376808, 0.006637371956599468, -0.008154444350896238;
 -0.006552403225199912, -0.9999244207413805, -0.01040282735552796;
 -0.008222875478596672, -0.01034882111760939, 0.9999126392942234]
2020/03/09 13:20:30 259933	INFO [input.cpp->run:256]	frame times (ms): 173.181
2020/03/09 13:20:30 259938	INFO [input.cpp->run:257]	FPS: 5.77431
2020/03/09 13:20:30 337536	INFO [input.cpp->run:173]	
frame_id 34
2020/03/09 13:20:30 395404	INFO [input.cpp->run:235]	rotation: 
[-0.7098445626723637, 0.1190880176043626, 0.6942180787818365;
 0.1859989607309702, -0.9189260742275351, 0.3478207249601001;
 0.6793563744099852, 0.376022491571759, 0.6301444297783545]
2020/03/09 13:20:30 395468	INFO [input.cpp->run:256]	frame times (ms): 175.776
2020/03/09 13:20:30 395473	INFO [input.cpp->run:257]	FPS: 5.68906
2020/03/09 13:20:30 467938	INFO [input.cpp->run:173]	
frame_id 35
2020/03/09 13:20:30 523382	INFO [input.cpp->run:235]	rotation: 
[-0.9998343992157221, 0.001603926470083319, 0.01812737059847623;
 -0.00148585616905401, -0.99997760828572, 0.006524964261663352;
 0.01813743025846877, 0.006496949057031761, 0.9998143944135676]
2020/03/09 13:20:30 523453	INFO [input.cpp->run:256]	frame times (ms): 173.54
2020/03/09 13:20:30 523457	INFO [input.cpp->run:257]	FPS: 5.76236
2020/03/09 13:20:30 606261	INFO [input.cpp->run:173]	
frame_id 36
2020/03/09 13:20:30 655737	INFO [input.cpp->run:235]	rotation: 
[-0.9999883774746188, 0.002924448578046143, 0.003833081814130669;
 -0.002897035770059724, -0.9999703291751791, 0.007137783481653726;
 0.00385384216418496, 0.007126595947458943, 0.9999671792267865]
2020/03/09 13:20:30 655803	INFO [input.cpp->run:256]	frame times (ms): 170.471
2020/03/09 13:20:30 655808	INFO [input.cpp->run:257]	FPS: 5.8661
2020/03/09 13:20:30 732871	INFO [input.cpp->run:173]	
frame_id 37
2020/03/09 13:20:30 786663	INFO [input.cpp->run:235]	rotation: 
[-0.9658873927998307, -0.08772700718577475, 0.2436503984001928;
 0.09053382859106618, -0.9958933283422093, 0.000323178155203406;
 0.2426214547623295, 0.02237075711064731, 0.9698630722505669]
2020/03/09 13:20:30 786723	INFO [input.cpp->run:256]	frame times (ms): 178.891
2020/03/09 13:20:30 786728	INFO [input.cpp->run:257]	FPS: 5.59
2020/03/09 13:20:30 870707	INFO [input.cpp->run:173]	
frame_id 38
2020/03/09 13:20:30 921810	INFO [input.cpp->run:235]	rotation: 
[-0.9998953235016789, -0.001141714718107015, 0.01442354072256447;
 0.001171049132903864, -0.9999972629823318, 0.002025505313123662;
 0.01442118869585108, 0.002042183965176716, 0.9998939237745423]
2020/03/09 13:20:30 921874	INFO [input.cpp->run:256]	frame times (ms): 175.883
2020/03/09 13:20:30 921879	INFO [input.cpp->run:257]	FPS: 5.6856
2020/03/09 13:20:31 000958	INFO [input.cpp->run:173]	
frame_id 39
2020/03/09 13:20:31 054244	INFO [input.cpp->run:235]	rotation: 
[-0.8868344898446852, 0.2992698378158947, 0.3520825922927246;
 0.3323669832225961, -0.1162209528527057, 0.9359620070181904;
 0.3210245724012843, 0.9470640180535088, 0.003601336268007738]
2020/03/09 13:20:31 054309	INFO [input.cpp->run:256]	frame times (ms): 180.456
2020/03/09 13:20:31 054316	INFO [input.cpp->run:257]	FPS: 5.54152
2020/03/09 13:20:31 129931	INFO [input.cpp->run:173]	
frame_id 40
2020/03/09 13:20:31 183336	INFO [input.cpp->run:235]	rotation: 
[-0.5400341090144323, -0.5079278886162305, 0.6710979221148332;
 -0.01194180416119925, -0.7926618891597703, -0.6095445207587709;
 0.8415584082013345, -0.337188952131475, 0.4219988816882272]
2020/03/09 13:20:31 183407	INFO [input.cpp->run:256]	frame times (ms): 176.4
2020/03/09 13:20:31 183415	INFO [input.cpp->run:257]	FPS: 5.66893
2020/03/09 13:20:31 265157	INFO [input.cpp->run:173]	
frame_id 41
2020/03/09 13:20:31 320845	INFO [input.cpp->run:235]	rotation: 
[0.9999621625837942, -0.007641012806887763, -0.004157923042392496;
 0.007655943298935197, 0.9999642598328724, 0.003586863406818975;
 0.004130367168299996, -0.003618560512229271, 0.9999849229297781]
2020/03/09 13:20:31 320907	INFO [input.cpp->run:256]	frame times (ms): 176.608
2020/03/09 13:20:31 320912	INFO [input.cpp->run:257]	FPS: 5.66226
2020/03/09 13:20:31 395742	INFO [input.cpp->run:173]	
frame_id 42
2020/03/09 13:20:31 453211	INFO [input.cpp->run:235]	rotation: 
[-0.9999191856529304, 0.007852976106840062, -0.00999764619527606;
 -0.007681956955317374, -0.9998254521930636, -0.01703093315917989;
 -0.01012964463923438, -0.01695275532771004, 0.9998049781763856]
2020/03/09 13:20:31 453277	INFO [input.cpp->run:256]	frame times (ms): 174.499
2020/03/09 13:20:31 453293	INFO [input.cpp->run:257]	FPS: 5.73069
2020/03/09 13:20:31 532576	INFO [input.cpp->run:173]	
frame_id 43
2020/03/09 13:20:31 590129	INFO [input.cpp->run:235]	rotation: 
[-0.9999949471119749, -0.002663874770336058, -0.001734797315652885;
 0.00265458401212294, -0.999982240039239, 0.005335990051383642;
 -0.001748980914993275, 0.005331357924005004, 0.9999842587203289]
2020/03/09 13:20:31 590205	INFO [input.cpp->run:256]	frame times (ms): 181.694
2020/03/09 13:20:31 590211	INFO [input.cpp->run:257]	FPS: 5.50376
2020/03/09 13:20:31 663909	INFO [input.cpp->run:173]	
frame_id 44
2020/03/09 13:20:31 718354	INFO [input.cpp->run:235]	rotation: 
[-0.1482008076215399, 0.7614083397206998, 0.6311052692095757;
 0.8217166917745181, -0.2602835381149806, 0.5069853629499468;
 0.5502891958592909, 0.5937253742178408, -0.5870877114455897]
2020/03/09 13:20:31 718423	INFO [input.cpp->run:256]	frame times (ms): 178.887
2020/03/09 13:20:31 718428	INFO [input.cpp->run:257]	FPS: 5.59012
2020/03/09 13:20:31 794671	INFO [input.cpp->run:173]	
frame_id 45
2020/03/09 13:20:31 855081	INFO [input.cpp->run:235]	rotation: 
[-0.9998733272835827, 0.01338258182041628, 0.008616025224972455;
 -0.01351024706443052, -0.9997972108292048, -0.01493353415640559;
 0.008414428745645455, -0.01504804711457103, 0.9998513657873965]
2020/03/09 13:20:31 855146	INFO [input.cpp->run:256]	frame times (ms): 177.933
2020/03/09 13:20:31 855150	INFO [input.cpp->run:257]	FPS: 5.62009
2020/03/09 13:20:31 933118	INFO [input.cpp->run:173]	
frame_id 46
2020/03/09 13:20:31 987950	INFO [input.cpp->run:235]	rotation: 
[-0.999412084476483, -0.03037080908161367, -0.01590909670909394;
 0.02986812495806205, -0.9990750250443452, 0.03093524598464621;
 -0.01683390964276339, 0.03044188378483091, 0.9993947724486903]
2020/03/09 13:20:31 988011	INFO [input.cpp->run:256]	frame times (ms): 171.768
2020/03/09 13:20:31 988016	INFO [input.cpp->run:257]	FPS: 5.82181
2020/03/09 13:20:32 063275	INFO [input.cpp->run:173]	
frame_id 47
2020/03/09 13:20:32 119232	INFO [input.cpp->run:235]	rotation: 
[-0.9999464981833522, -0.009396313758543278, -0.004325512524798011;
 0.0093603070852627, -0.9999219881402894, 0.008270567383217561;
 -0.004402887929615637, 0.008229636767304593, 0.9999564428796679]
2020/03/09 13:20:32 119294	INFO [input.cpp->run:256]	frame times (ms): 165.789
2020/03/09 13:20:32 119298	INFO [input.cpp->run:257]	FPS: 6.03176
2020/03/09 13:20:32 196112	INFO [input.cpp->run:173]	
frame_id 48
2020/03/09 13:20:32 249099	INFO [input.cpp->run:235]	rotation: 
[-0.9976244077854508, 0.004559070613293596, 0.06873685958691718;
 -0.001212676057929207, -0.9988152748809549, 0.04864746736738832;
 0.0688772125416461, 0.04844854527873452, 0.9964480257659541]
2020/03/09 13:20:32 249145	INFO [input.cpp->run:256]	frame times (ms): 169.503
2020/03/09 13:20:32 249147	INFO [input.cpp->run:257]	FPS: 5.8996
2020/03/09 13:20:32 329707	INFO [input.cpp->run:173]	
frame_id 49
2020/03/09 13:20:32 381970	INFO [input.cpp->run:235]	rotation: 
[-0.999889624843306, -0.005404572546012064, 0.0138393903878644;
 0.005459783895847369, -0.9999772750364992, 0.003954765528843241;
 0.01381770207101986, 0.004029889101746313, 0.9998964101862271]
2020/03/09 13:20:32 382028	INFO [input.cpp->run:256]	frame times (ms): 169.078
2020/03/09 13:20:32 382032	INFO [input.cpp->run:257]	FPS: 5.91443
2020/03/09 13:20:32 463316	INFO [input.cpp->run:173]	
frame_id 50
2020/03/09 13:20:32 515132	INFO [input.cpp->run:235]	rotation: 
[-0.8902232661930659, 0.09821053948672701, 0.444811450237374;
 0.1110132122860267, -0.9002663090526482, 0.4209473120031286;
 0.4417902251368712, 0.4241170389390737, 0.7905353466196594]
2020/03/09 13:20:32 515188	INFO [input.cpp->run:256]	frame times (ms): 167.053
2020/03/09 13:20:32 515192	INFO [input.cpp->run:257]	FPS: 5.98612
2020/03/09 13:20:32 595571	INFO [input.cpp->run:173]	
frame_id 51
2020/03/09 13:20:32 646998	INFO [input.cpp->run:235]	rotation: 
[0.9999836691957604, -0.003496340577506919, -0.004520723874575614;
 0.003492897252308955, 0.9999936038667708, -0.0007693466921597068;
 0.004523384857481388, 0.000753543704109532, 0.9999894855253815]
2020/03/09 13:20:32 647043	INFO [input.cpp->run:256]	frame times (ms): 168.075
2020/03/09 13:20:32 647047	INFO [input.cpp->run:257]	FPS: 5.94973
2020/03/09 13:20:32 728474	INFO [input.cpp->run:173]	
frame_id 52
2020/03/09 13:20:32 779360	INFO [input.cpp->run:235]	rotation: 
[-0.8219328839952125, 0.2268058213170623, 0.5224800987827243;
 0.2423460819886589, -0.6908731956949281, 0.6811480044858267;
 0.5154558281289083, 0.6864789486116603, 0.5128858960441107]
2020/03/09 13:20:32 779406	INFO [input.cpp->run:256]	frame times (ms): 166.971
2020/03/09 13:20:32 779409	INFO [input.cpp->run:257]	FPS: 5.98906
2020/03/09 13:20:32 862595	INFO [input.cpp->run:173]	
frame_id 53
2020/03/09 13:20:32 915740	INFO [input.cpp->run:235]	rotation: 
[-0.9999072803153449, -0.01300769211583453, 0.004028736550058802;
 0.01350270781868791, -0.9854073976487949, 0.1696759780893952;
 0.00176285391716609, 0.1697146446387272, 0.9854916700516636]
2020/03/09 13:20:32 915784	INFO [input.cpp->run:256]	frame times (ms): 171.494
2020/03/09 13:20:32 915788	INFO [input.cpp->run:257]	FPS: 5.83111
2020/03/09 13:20:32 995817	INFO [input.cpp->run:173]	
frame_id 54
2020/03/09 13:20:33 046529	INFO [input.cpp->run:235]	rotation: 
[-0.8403170148613139, 0.1827815593455522, 0.5103510714182726;
 0.191979965197706, -0.7800861183261404, 0.5954908403641004;
 0.5069625306640106, 0.598378266281508, 0.6204292408846304]
2020/03/09 13:20:33 046576	INFO [input.cpp->run:256]	frame times (ms): 157.227
2020/03/09 13:20:33 046580	INFO [input.cpp->run:257]	FPS: 6.36023
2020/03/09 13:20:33 129006	INFO [input.cpp->run:173]	
frame_id 55
2020/03/09 13:20:33 180763	INFO [input.cpp->run:235]	rotation: 
[-0.9575753973998286, 0.06884345539584628, 0.2798391268992249;
 0.0804728924981271, -0.868541796568154, 0.4890391203034253;
 0.2767191208925492, 0.4908112939443461, 0.8261542240218408]
2020/03/09 13:20:33 180835	INFO [input.cpp->run:256]	frame times (ms): 162.376
2020/03/09 13:20:33 180840	INFO [input.cpp->run:257]	FPS: 6.15855
2020/03/09 13:20:33 263247	INFO [input.cpp->run:173]	
frame_id 56
2020/03/09 13:20:33 309834	INFO [input.cpp->run:235]	rotation: 
[-0.9998793077058025, 0.01408153336411867, 0.006563569141890868;
 -0.0142022854359147, -0.9997237237357135, -0.01872888913938898;
 0.006298024306238774, -0.01881984638922247, 0.9998030547421451]
2020/03/09 13:20:33 309877	INFO [input.cpp->run:256]	frame times (ms): 154.86
2020/03/09 13:20:33 309879	INFO [input.cpp->run:257]	FPS: 6.45745
2020/03/09 13:20:33 395531	INFO [input.cpp->run:173]	
frame_id 57
2020/03/09 13:20:33 446680	INFO [input.cpp->run:235]	rotation: 
[-0.9999858418089315, 0.003534652693529403, -0.003977739561464275;
 -0.003511979233392862, -0.9999776292872531, -0.005692708222745741;
 -0.003997772323048168, -0.005678657885559318, 0.9999758850397701]
2020/03/09 13:20:33 446738	INFO [input.cpp->run:256]	frame times (ms): 165.397
2020/03/09 13:20:33 446741	INFO [input.cpp->run:257]	FPS: 6.04606
2020/03/09 13:20:33 529035	INFO [input.cpp->run:173]	
frame_id 58
2020/03/09 13:20:33 581705	INFO [input.cpp->run:235]	rotation: 
[-0.9739232458421241, -0.01191240255077921, -0.2265647939857597;
 -0.02115720895162092, -0.9895003145096284, 0.1429737741501003;
 -0.2258890960575986, 0.1440389608780021, 0.9634453248791368]
2020/03/09 13:20:33 581762	INFO [input.cpp->run:256]	frame times (ms): 163.701
2020/03/09 13:20:33 581767	INFO [input.cpp->run:257]	FPS: 6.1087
2020/03/09 13:20:33 662426	INFO [input.cpp->run:173]	
frame_id 59
2020/03/09 13:20:33 714035	INFO [input.cpp->run:235]	rotation: 
[0.998760076530144, -0.04091805992391231, -0.02835527995919164;
 0.04200484982893354, 0.9983615943722008, 0.03885510871746382;
 0.02671894684207737, -0.03999799063278445, 0.9988424593623311]
2020/03/09 13:20:33 714090	INFO [input.cpp->run:256]	frame times (ms): 162.525
2020/03/09 13:20:33 714095	INFO [input.cpp->run:257]	FPS: 6.1529
2020/03/09 13:20:33 796133	INFO [input.cpp->run:173]	
frame_id 60
2020/03/09 13:20:33 844960	INFO [input.cpp->run:235]	rotation: 
[-0.9997193154036564, 0.01773657021713269, 0.01570682927192215;
 -0.01813492706431623, -0.9995079248427102, -0.02559360461113305;
 0.01524515756614275, -0.02587126308381177, 0.9995490297715427]
2020/03/09 13:20:33 845016	INFO [input.cpp->run:256]	frame times (ms): 160.294
2020/03/09 13:20:33 845021	INFO [input.cpp->run:257]	FPS: 6.23854
2020/03/09 13:20:33 928820	INFO [input.cpp->run:173]	
frame_id 61
2020/03/09 13:20:33 980158	INFO [input.cpp->run:235]	rotation: 
[-0.9998653329303961, 0.01435837885500327, 0.007946883706479922;
 -0.01461700531912091, -0.9993316825044777, -0.03350420120329195;
 0.007460506650952878, -0.03361584893210454, 0.9994069819353298]
2020/03/09 13:20:33 980223	INFO [input.cpp->run:256]	frame times (ms): 165.748
2020/03/09 13:20:33 980229	INFO [input.cpp->run:257]	FPS: 6.03326
2020/03/09 13:20:34 064795	INFO [input.cpp->run:173]	
frame_id 62
2020/03/09 13:20:34 113697	INFO [input.cpp->run:235]	rotation: 
[-0.9996822477988183, -0.01783408487193417, -0.01781428788031645;
 0.01724714651814471, -0.9993204726966222, 0.03257497177867317;
 -0.01838312739671326, 0.03225737537649883, 0.9993105234915405]
2020/03/09 13:20:34 113749	INFO [input.cpp->run:256]	frame times (ms): 160.691
2020/03/09 13:20:34 113764	INFO [input.cpp->run:257]	FPS: 6.22312
2020/03/09 13:20:34 196814	INFO [input.cpp->run:173]	
frame_id 63
2020/03/09 13:20:34 246941	INFO [input.cpp->run:235]	rotation: 
[-0.9385525202807842, 0.01862463541777447, 0.3446335584793554;
 0.06797391018613333, -0.9690105534498624, 0.2374828306147599;
 0.3383765863776567, 0.2463161997481007, 0.9082013078239093]
2020/03/09 13:20:34 247014	INFO [input.cpp->run:256]	frame times (ms): 160.371
2020/03/09 13:20:34 247029	INFO [input.cpp->run:257]	FPS: 6.23554
2020/03/09 13:20:34 330616	INFO [input.cpp->run:173]	
frame_id 64
2020/03/09 13:20:34 378117	INFO [input.cpp->run:235]	rotation: 
[-0.9765893319679604, 0.01164439009192368, -0.2147968455675268;
 -0.01450092759532504, -0.9998260762209585, 0.01172776225360369;
 -0.2146229246498332, 0.01456796101000481, 0.9765883343183874]
2020/03/09 13:20:34 378186	INFO [input.cpp->run:256]	frame times (ms): 154.089
2020/03/09 13:20:34 378195	INFO [input.cpp->run:257]	FPS: 6.48976
2020/03/09 13:20:34 464158	INFO [input.cpp->run:173]	
frame_id 65
2020/03/09 13:20:34 516534	INFO [input.cpp->run:235]	rotation: 
[-0.9996173759427452, -0.01071488210173792, -0.02550084341519311;
 0.01009784619694262, -0.9996560486022911, 0.02420367730401399;
 -0.02575141191319872, 0.0239369128001045, 0.9993817533805978]
2020/03/09 13:20:34 516596	INFO [input.cpp->run:256]	frame times (ms): 165.578
2020/03/09 13:20:34 516601	INFO [input.cpp->run:257]	FPS: 6.03945
2020/03/09 13:20:34 595635	INFO [input.cpp->run:173]	
frame_id 66
2020/03/09 13:20:34 653386	INFO [input.cpp->run:235]	rotation: 
[-0.9953027536047928, -0.008943687805287866, -0.09639729827727846;
 -0.01134740774069897, -0.9780825590831463, 0.2079080180150101;
 -0.09614398059308431, 0.2080252822755085, 0.9733867766360458]
2020/03/09 13:20:34 653451	INFO [input.cpp->run:256]	frame times (ms): 161.419
2020/03/09 13:20:34 653456	INFO [input.cpp->run:257]	FPS: 6.19506
2020/03/09 13:20:34 729059	INFO [input.cpp->run:173]	
frame_id 67
2020/03/09 13:20:34 779843	INFO [input.cpp->run:235]	rotation: 
[-0.9816156260809805, -0.005498797055696845, -0.1907892184180881;
 -0.0127080192105894, -0.995484072839721, 0.09407426305948105;
 -0.1904449234854738, 0.09476931968406974, 0.9771128425955882]
2020/03/09 13:20:34 779911	INFO [input.cpp->run:256]	frame times (ms): 162.775
2020/03/09 13:20:34 779916	INFO [input.cpp->run:257]	FPS: 6.14345
2020/03/09 13:20:34 863677	INFO [input.cpp->run:173]	
frame_id 68
2020/03/09 13:20:34 913784	INFO [input.cpp->run:235]	rotation: 
[-0.9989854591741697, -0.02884059312410278, -0.03458717315455596;
 0.02681176855223846, -0.997970817330006, 0.05775272136255469;
 -0.03618261220081379, 0.05676678558743343, 0.9977316025005901]
2020/03/09 13:20:34 913852	INFO [input.cpp->run:256]	frame times (ms): 160.388
2020/03/09 13:20:34 913858	INFO [input.cpp->run:257]	FPS: 6.23488
2020/03/09 13:20:34 996504	INFO [input.cpp->run:173]	
frame_id 69
2020/03/09 13:20:35 049946	INFO [input.cpp->run:235]	rotation: 
[-0.8744276197991167, 0.0501964823830947, 0.4825522260738366;
 0.03516286789924053, -0.9854600971103139, 0.1662286669754386;
 0.4838800579209191, 0.1623228577856315, 0.8599484748441351]
2020/03/09 13:20:35 050007	INFO [input.cpp->run:256]	frame times (ms): 161.969
2020/03/09 13:20:35 050009	INFO [input.cpp->run:257]	FPS: 6.17402
2020/03/09 13:20:35 129577	INFO [input.cpp->run:173]	
frame_id 70
2020/03/09 13:20:35 183566	INFO [input.cpp->run:235]	rotation: 
[-0.9316545206340666, 0.03032898017667176, 0.3620773496693083;
 0.02422644427041986, -0.9891074340849548, 0.1451880271781698;
 0.3625368030698673, 0.1440369285958284, 0.9207716490099817]
2020/03/09 13:20:35 183645	INFO [input.cpp->run:256]	frame times (ms): 162.099
2020/03/09 13:20:35 183651	INFO [input.cpp->run:257]	FPS: 6.16907
2020/03/09 13:20:35 262341	INFO [input.cpp->run:173]	
frame_id 71
2020/03/09 13:20:35 314494	INFO [input.cpp->run:235]	rotation: 
[-0.9994342279179476, -0.01376252563195126, -0.03068903638575282;
 0.01225287748953827, -0.9987310357198073, 0.04884859550967057;
 -0.03132237314257243, 0.04844492933497711, 0.9983346121228327]
2020/03/09 13:20:35 314562	INFO [input.cpp->run:256]	frame times (ms): 163.157
2020/03/09 13:20:35 314568	INFO [input.cpp->run:257]	FPS: 6.12907
2020/03/09 13:20:35 396083	INFO [input.cpp->run:173]	
frame_id 72
2020/03/09 13:20:35 446419	INFO [input.cpp->run:235]	rotation: 
[-0.9996809311255443, -0.004991882838130942, -0.02476120048977963;
 0.004664564221300739, -0.9999012128001166, 0.01325920365185477;
 -0.02482494279127447, 0.01313947284278832, 0.9996054604036653]
2020/03/09 13:20:35 446496	INFO [input.cpp->run:256]	frame times (ms): 160.341
2020/03/09 13:20:35 446501	INFO [input.cpp->run:257]	FPS: 6.23671
2020/03/09 13:20:35 532307	INFO [input.cpp->run:173]	
frame_id 73
2020/03/09 13:20:35 582593	INFO [input.cpp->run:235]	rotation: 
[0.9999159577533067, -0.004943028844585576, -0.01198515315417755;
 0.004982066174692036, 0.9999823745995563, 0.003229474703981049;
 0.01196897852443919, -0.003288914117799219, 0.9999229603309483]
2020/03/09 13:20:35 582653	INFO [input.cpp->run:256]	frame times (ms): 159.295
2020/03/09 13:20:35 582657	INFO [input.cpp->run:257]	FPS: 6.27766
2020/03/09 13:20:35 662686	INFO [input.cpp->run:173]	
frame_id 74
2020/03/09 13:20:35 710769	INFO [input.cpp->run:235]	rotation: 
[-0.9999881637943159, 0.003466498224826716, 0.00341403885884676;
 -0.00348933425226655, -0.9999714281662109, -0.006705773460576939;
 0.003390695761698756, -0.00671760681239173, 0.9999716880697]
2020/03/09 13:20:35 710835	INFO [input.cpp->run:256]	frame times (ms): 157.522
2020/03/09 13:20:35 710839	INFO [input.cpp->run:257]	FPS: 6.34832
2020/03/09 13:20:35 796855	INFO [input.cpp->run:173]	
frame_id 75
2020/03/09 13:20:35 845663	INFO [input.cpp->run:235]	rotation: 
[0.9998848844704902, -0.01004389665941237, -0.01137268426227878;
 0.01010979632329184, 0.9999323511472354, 0.005751969007505494;
 0.01131414273093606, -0.005866282388088217, 0.999918785154678]
2020/03/09 13:20:35 845740	INFO [input.cpp->run:256]	frame times (ms): 160.273
2020/03/09 13:20:35 845745	INFO [input.cpp->run:257]	FPS: 6.23935
2020/03/09 13:20:35 930785	INFO [input.cpp->run:173]	
frame_id 76
2020/03/09 13:20:35 983061	INFO [input.cpp->run:235]	rotation: 
[0.9998672899073074, -0.005938188211901959, -0.01517038213679775;
 0.006067314211264768, 0.9999456378547739, 0.008479919425981411;
 0.01511920208470765, -0.008570837530217272, 0.9998489638302139]
2020/03/09 13:20:35 983129	INFO [input.cpp->run:256]	frame times (ms): 162.158
2020/03/09 13:20:35 983134	INFO [input.cpp->run:257]	FPS: 6.16682
2020/03/09 13:20:36 063381	INFO [input.cpp->run:173]	
frame_id 77
2020/03/09 13:20:36 113573	INFO [input.cpp->run:235]	rotation: 
[-0.9313311842130649, -0.01096951260338551, 0.3640080975823673;
 -0.003904854163060127, -0.9991879760560626, -0.04010162863219624;
 0.3641524096120404, -0.03876929581812798, 0.9305320866447925]
2020/03/09 13:20:36 113644	INFO [input.cpp->run:256]	frame times (ms): 161.189
2020/03/09 13:20:36 113651	INFO [input.cpp->run:257]	FPS: 6.2039
2020/03/09 13:20:36 197914	INFO [input.cpp->run:173]	
frame_id 78
2020/03/09 13:20:36 246818	INFO [input.cpp->run:235]	rotation: 
[-0.9987893751671347, 0.005058917977170133, 0.04893047518821857;
 -0.007255812317485988, -0.9989684858856637, -0.04482541014779529;
 0.04865323463921003, -0.04512617373769812, 0.997795816388773]
2020/03/09 13:20:36 246889	INFO [input.cpp->run:256]	frame times (ms): 160.449
2020/03/09 13:20:36 246894	INFO [input.cpp->run:257]	FPS: 6.23251
2020/03/09 13:20:36 332533	INFO [input.cpp->run:173]	
frame_id 79
2020/03/09 13:20:36 383507	INFO [input.cpp->run:235]	rotation: 
[-0.9997581430949325, 0.0199868589513462, -0.009175008699258243;
 -0.01938041880851231, -0.9978875874054151, -0.06200614702597535;
 -0.01039493541005111, -0.06181333489999712, 0.9980335950990638]
2020/03/09 13:20:36 383571	INFO [input.cpp->run:256]	frame times (ms): 163.792
2020/03/09 13:20:36 383576	INFO [input.cpp->run:257]	FPS: 6.1053
2020/03/09 13:20:36 463023	INFO [input.cpp->run:173]	
frame_id 80
2020/03/09 13:20:36 517820	INFO [input.cpp->run:235]	rotation: 
[-0.9915457168715437, 0.07146857252693599, 0.1083020521257954;
 -0.04268416618878534, -0.9678466518287326, 0.2478929617812495;
 0.1225363346541121, 0.2411744217052753, 0.9627147786362587]
2020/03/09 13:20:36 517887	INFO [input.cpp->run:256]	frame times (ms): 168.522
2020/03/09 13:20:36 517892	INFO [input.cpp->run:257]	FPS: 5.93394
2020/03/09 13:20:36 595767	INFO [input.cpp->run:173]	
frame_id 81
2020/03/09 13:20:36 651083	INFO [input.cpp->run:235]	rotation: 
[-0.9996075455176199, 0.0140541351841808, 0.02423295748488705;
 -0.01463894375030298, -0.9996017229309405, -0.02412668314067777;
 0.02388422638720035, -0.02447195941725899, 0.9994151624486016]
2020/03/09 13:20:36 651157	INFO [input.cpp->run:256]	frame times (ms): 167.966
2020/03/09 13:20:36 651159	INFO [input.cpp->run:257]	FPS: 5.95359
2020/03/09 13:20:36 729411	INFO [input.cpp->run:173]	
frame_id 82
2020/03/09 13:20:36 783304	INFO [input.cpp->run:235]	rotation: 
[-0.9999850103752633, 0.001683664047422699, 0.005210019209174735;
 -0.001684606029503412, -0.9999985654884248, -0.0001764188704808763;
 0.005209714705232357, -0.0001851930558018157, 0.9999864121957966]
2020/03/09 13:20:36 783371	INFO [input.cpp->run:256]	frame times (ms): 161.655
2020/03/09 13:20:36 783376	INFO [input.cpp->run:257]	FPS: 6.18601
2020/03/09 13:20:36 863049	INFO [input.cpp->run:173]	
frame_id 83
2020/03/09 13:20:36 915143	INFO [input.cpp->run:235]	rotation: 
[0.9999417626489576, -0.0084170440945964, -0.006754604296728113;
 0.008498356966320899, 0.999890664516441, 0.01210111324395117;
 0.006652010175033039, -0.01215781154565102, 0.9999039645781247]
2020/03/09 13:20:36 915237	INFO [input.cpp->run:256]	frame times (ms): 163.954
2020/03/09 13:20:36 915242	INFO [input.cpp->run:257]	FPS: 6.09927
2020/03/09 13:20:36 995986	INFO [input.cpp->run:173]	
frame_id 84
2020/03/09 13:20:37 049590	INFO [input.cpp->run:235]	rotation: 
[0.9999039692780197, -0.01271276730111448, -0.005517043556891698;
 0.01275834255580355, 0.9998841127021068, 0.008305772760521706;
