		g3log created log at: Mon Mar 09 13:00:54 2020
		LOG format: [YYYY/MM/DD hh:mm:ss uuu* LEVEL FILE->FUNCTION:LINE] message		(uuu*: microseconds fractions of the seconds value)

2020/03/09 13:00:54 540129	INFO [g3logger.h->logBanner:29]	Starting log.
2020/03/09 13:00:54 544201	DEBUG [main.cpp->main:48]	Filepath: /home/mitchell/KITTI/data_odometry_gray/dataset/sequences/00/
2020/03/09 13:00:54 544209	DEBUG [main.cpp->main:52]	Calibration Filepath: /home/mitchell/visual_odom_catkin_ws/tank_downsized.yaml
2020/03/09 13:00:54 544329	INFO [main.cpp->main:66]	P_left: 
[409.41, 0, 251.22, 0;
 0, 408.72, 191.78999, 0;
 0, 0, 1, 0]
2020/03/09 13:00:54 544346	INFO [main.cpp->main:67]	P_right: 
[409.41, 0, 251.22, -73.940002;
 0, 408.72, 191.78999, 0;
 0, 0, 1, 0]
2020/03/09 13:00:54 671129	INFO [input.cpp->Input:22]	frame_pose [1, 0, 0, 0;
 0, 1, 0, 0;
 0, 0, 1, 0;
 0, 0, 0, 1]
2020/03/09 13:00:55 101494	INFO [input.cpp->run:173]	
frame_id 1
2020/03/09 13:00:55 185453	INFO [input.cpp->run:235]	rotation: 
[-0.4578704796127503, -0.1373829389004219, 0.8783396563962446;
 -0.1066760442686338, -0.9723588791026166, -0.2076979340520733;
 0.8825955163484497, -0.1887965527476225, 0.430558957858535]
2020/03/09 13:00:55 185542	INFO [input.cpp->run:256]	frame times (ms): 170.343
2020/03/09 13:00:55 185547	INFO [input.cpp->run:257]	FPS: 5.87051
2020/03/09 13:00:55 237126	INFO [input.cpp->run:173]	
frame_id 2
2020/03/09 13:00:55 278890	INFO [input.cpp->run:235]	rotation: 
[-0.9999752089642586, 0.006820309487439095, -0.001750667125055889;
 -0.007039452858019006, -0.9624449582091432, 0.2713856085374834;
 0.0001660130926500957, 0.2713912043458594, 0.9624691094488984]
2020/03/09 13:00:55 278961	INFO [input.cpp->run:256]	frame times (ms): 135.531
2020/03/09 13:00:55 278970	INFO [input.cpp->run:257]	FPS: 7.37839
2020/03/09 13:00:55 368933	INFO [input.cpp->run:173]	
frame_id 3
2020/03/09 13:00:55 412797	INFO [input.cpp->run:235]	rotation: 
[-0.9921661541506402, -0.05143648769202085, -0.1138446761681743;
 -0.06949444730359899, -0.5300318498766163, 0.8451252924332219;
 -0.1038115810104787, 0.8464162840176696, 0.522305111786036]
2020/03/09 13:00:55 412857	INFO [input.cpp->run:256]	frame times (ms): 137.604
2020/03/09 13:00:55 412861	INFO [input.cpp->run:257]	FPS: 7.26723
2020/03/09 13:00:55 501400	INFO [input.cpp->run:173]	
frame_id 4
2020/03/09 13:00:55 543850	INFO [input.cpp->run:235]	rotation: 
[-0.999584126378403, 0.02232496070075468, -0.01825295652859315;
 -0.02657511627566106, -0.9588935864385467, 0.2825187658934472;
 -0.01119542260301265, 0.2828863482332279, 0.9590880963165005]
2020/03/09 13:00:55 543919	INFO [input.cpp->run:256]	frame times (ms): 138.878
2020/03/09 13:00:55 543923	INFO [input.cpp->run:257]	FPS: 7.20056
2020/03/09 13:00:55 635523	INFO [input.cpp->run:173]	
frame_id 5
2020/03/09 13:00:55 677154	INFO [input.cpp->run:235]	rotation: 
[-0.9998979113368978, 0.01035971510864628, -0.009840894622797759;
 -0.01015145500261416, -0.9997283144460867, -0.02098202221227522;
 -0.01005558876641362, -0.02087998078672959, 0.9997314197007646]
2020/03/09 13:00:55 677214	INFO [input.cpp->run:256]	frame times (ms): 138.979
2020/03/09 13:00:55 677217	INFO [input.cpp->run:257]	FPS: 7.19533
2020/03/09 13:00:55 766611	INFO [input.cpp->run:173]	
frame_id 6
2020/03/09 13:00:55 807892	INFO [input.cpp->run:235]	rotation: 
[-0.9986582255648616, -0.004212752835937963, -0.05161396347099501;
 -0.01086323648510357, -0.9574672648025727, 0.2883373491668203;
 -0.05063337441560286, 0.2885111601741316, 0.956136795573869]
2020/03/09 13:00:55 807954	INFO [input.cpp->run:256]	frame times (ms): 131.994
2020/03/09 13:00:55 807959	INFO [input.cpp->run:257]	FPS: 7.5761
2020/03/09 13:00:55 900836	INFO [input.cpp->run:173]	
frame_id 7
2020/03/09 13:00:55 941343	INFO [input.cpp->run:235]	rotation: 
[-0.9998950878982683, 0.01374285201671121, 0.004576812795076436;
 -0.01383225248200155, -0.9997020661683274, -0.02011088486495264;
 0.004299068293079389, -0.02017208261989813, 0.999787279922378]
2020/03/09 13:00:55 941405	INFO [input.cpp->run:256]	frame times (ms): 136.94
2020/03/09 13:00:55 941410	INFO [input.cpp->run:257]	FPS: 7.30247
2020/03/09 13:00:56 034472	INFO [input.cpp->run:173]	
frame_id 8
2020/03/09 13:00:56 077410	INFO [input.cpp->run:235]	rotation: 
[-0.9990209820625511, 0.03314487628435021, -0.02930007806937064;
 -0.03528387588252023, -0.9964998110727699, 0.07578373595067014;
 -0.02668567970809443, 0.07674336263175538, 0.9966936995840234]
2020/03/09 13:00:56 077471	INFO [input.cpp->run:256]	frame times (ms): 140.928
2020/03/09 13:00:56 077475	INFO [input.cpp->run:257]	FPS: 7.09582
2020/03/09 13:00:56 169484	INFO [input.cpp->run:173]	
frame_id 9
2020/03/09 13:00:56 211483	INFO [input.cpp->run:235]	rotation: 
[0.9999720569334312, 0.006922303837174348, -0.002822598432027294;
 -0.00696661796680318, 0.9998476506774456, -0.01600442654072091;
 0.002711380907813725, 0.01602364329291431, 0.9998679369142678]
2020/03/09 13:00:56 211543	INFO [input.cpp->run:256]	frame times (ms): 138.605
2020/03/09 13:00:56 211548	INFO [input.cpp->run:257]	FPS: 7.21475
2020/03/09 13:00:56 300108	INFO [input.cpp->run:173]	
frame_id 10
2020/03/09 13:00:56 344567	INFO [input.cpp->run:235]	rotation: 
[-0.9935099120339141, 0.01600160055698885, -0.1126144016988003;
 -0.009166561424807596, -0.9980985887663814, -0.06095228670200328;
 -0.1133756095551835, -0.05952441416908319, 0.9917675207808624]
2020/03/09 13:00:56 344629	INFO [input.cpp->run:256]	frame times (ms): 137.969
2020/03/09 13:00:56 344632	INFO [input.cpp->run:257]	FPS: 7.24801
2020/03/09 13:00:56 433555	INFO [input.cpp->run:173]	
frame_id 11
2020/03/09 13:00:56 473848	INFO [input.cpp->run:235]	rotation: 
[-0.8428273851334579, -0.09221484197191472, 0.5302248785083483;
 -0.08680317426939176, -0.949019661970617, -0.3030295202285306;
 0.5311376542911033, -0.301426780683586, 0.7918552191410206]
2020/03/09 13:00:56 473910	INFO [input.cpp->run:256]	frame times (ms): 136.565
2020/03/09 13:00:56 473914	INFO [input.cpp->run:257]	FPS: 7.32252
2020/03/09 13:00:56 569133	INFO [input.cpp->run:173]	
frame_id 12
2020/03/09 13:00:56 613145	INFO [input.cpp->run:235]	rotation: 
[-0.9899292494076801, 0.03751263145695655, 0.1365023210363901;
 -0.01291849738280184, -0.9841664067989337, 0.176775553043531;
 0.1409723149860202, 0.1732318856609552, 0.9747397192060208]
2020/03/09 13:00:56 613218	INFO [input.cpp->run:256]	frame times (ms): 142.185
2020/03/09 13:00:56 613223	INFO [input.cpp->run:257]	FPS: 7.03309
2020/03/09 13:00:56 700469	INFO [input.cpp->run:173]	
frame_id 13
2020/03/09 13:00:56 743102	INFO [input.cpp->run:235]	rotation: 
[-0.999870027727302, 0.004449526801635411, -0.01549610802252853;
 -0.008152241564933497, -0.9687653715215201, 0.2478451046485248;
 -0.01390929940979472, 0.2479392196729125, 0.9686757325018087]
2020/03/09 13:00:56 743167	INFO [input.cpp->run:256]	frame times (ms): 141.161
2020/03/09 13:00:56 743171	INFO [input.cpp->run:257]	FPS: 7.08411
2020/03/09 13:00:56 834107	INFO [input.cpp->run:173]	
frame_id 14
2020/03/09 13:00:56 876808	INFO [input.cpp->run:235]	rotation: 
[-0.9965530998099078, -0.004877333420164309, -0.08281383264873372;
 -0.01718983026058535, -0.9644628617078355, 0.2636586773120601;
 -0.08115681730376194, 0.2641734278935739, 0.9610546139528616]
2020/03/09 13:00:56 876867	INFO [input.cpp->run:256]	frame times (ms): 142.853
2020/03/09 13:00:56 876871	INFO [input.cpp->run:257]	FPS: 7.0002
2020/03/09 13:00:56 969525	INFO [input.cpp->run:173]	
frame_id 15
2020/03/09 13:00:57 009738	INFO [input.cpp->run:235]	rotation: 
[-0.9999810741483148, 0.005006352801782103, 0.003576000112788481;
 -0.005044811266515714, -0.9999286518669931, -0.01082779085238591;
 0.003521537230785848, -0.01084562617288021, 0.9999349834706506]
2020/03/09 13:00:57 009799	INFO [input.cpp->run:256]	frame times (ms): 135.566
2020/03/09 13:00:57 009802	INFO [input.cpp->run:257]	FPS: 7.37648
2020/03/09 13:00:57 100764	INFO [input.cpp->run:173]	
frame_id 16
2020/03/09 13:00:57 142922	INFO [input.cpp->run:235]	rotation: 
[-0.9999261965437061, 0.01210110814782451, -0.001079188228449723;
 -0.01208549113834773, -0.9998363387699346, -0.01346241356806224;
 -0.001241921729694644, -0.01344837747563932, 0.9999087952276898]
2020/03/09 13:00:57 142981	INFO [input.cpp->run:256]	frame times (ms): 147.272
2020/03/09 13:00:57 142984	INFO [input.cpp->run:257]	FPS: 6.79016
2020/03/09 13:00:57 236794	INFO [input.cpp->run:173]	
frame_id 17
2020/03/09 13:00:57 276873	INFO [input.cpp->run:235]	rotation: 
[-0.999964811124795, 0.0046267432173235, -0.00699783962048137;
 -0.004607521621141983, -0.9999855753034589, -0.002760421982439593;
 -0.007010510442452603, -0.002728082148942288, 0.9999717047552515]
2020/03/09 13:00:57 276937	INFO [input.cpp->run:256]	frame times (ms): 130.7
2020/03/09 13:00:57 276939	INFO [input.cpp->run:257]	FPS: 7.65111
2020/03/09 13:00:57 367790	INFO [input.cpp->run:173]	
frame_id 18
2020/03/09 13:00:57 409474	INFO [input.cpp->run:235]	rotation: 
[-0.8090270119827511, 0.1999402091926433, 0.5527198265217774;
 -0.05977881307850533, -0.9634784967206902, 0.2610281208294692;
 0.5847236846487294, 0.1781378654437088, 0.7914323177037778]
2020/03/09 13:00:57 409536	INFO [input.cpp->run:256]	frame times (ms): 131.93
2020/03/09 13:00:57 409539	INFO [input.cpp->run:257]	FPS: 7.57978
2020/03/09 13:00:57 502505	INFO [input.cpp->run:173]	
frame_id 19
2020/03/09 13:00:57 541118	INFO [input.cpp->run:235]	rotation: 
[-0.9974284634261136, -0.01963529970209908, 0.0689268841094003;
 0.02119083284048954, -0.9995353500430615, 0.02190964668407414;
 0.06846465475665807, 0.02331392330568321, 0.9973810966872938]
2020/03/09 13:00:57 541181	INFO [input.cpp->run:256]	frame times (ms): 125.753
2020/03/09 13:00:57 541184	INFO [input.cpp->run:257]	FPS: 7.9521
2020/03/09 13:00:57 633701	INFO [input.cpp->run:173]	
frame_id 20
2020/03/09 13:00:57 675964	INFO [input.cpp->run:235]	rotation: 
[-0.8500590103483054, -0.06258140007987355, 0.522956257529922;
 -0.07227525988517482, -0.9696620188641534, -0.2335205686461574;
 0.5217048645874311, -0.2363030629008796, 0.8197468491732506]
2020/03/09 13:00:57 676013	INFO [input.cpp->run:256]	frame times (ms): 138.089
2020/03/09 13:00:57 676015	INFO [input.cpp->run:257]	FPS: 7.24171
2020/03/09 13:00:57 767555	INFO [input.cpp->run:173]	
frame_id 21
2020/03/09 13:00:57 808678	INFO [input.cpp->run:235]	rotation: 
[-0.9993387127884066, 0.01598013431555442, 0.0326614823556334;
 -0.01533098670245243, -0.9996818342794144, 0.02002975432886412;
 0.03297116875604713, 0.01951577615679849, 0.999265748693439]
2020/03/09 13:00:57 808723	INFO [input.cpp->run:256]	frame times (ms): 135.389
2020/03/09 13:00:57 808725	INFO [input.cpp->run:257]	FPS: 7.38612
2020/03/09 13:00:57 902594	INFO [input.cpp->run:173]	
frame_id 22
2020/03/09 13:00:57 944467	INFO [input.cpp->run:235]	rotation: 
[-0.9893532620744278, -0.09178299034694364, 0.1129424876017064;
 0.04621826417774642, -0.9340336623211816, -0.3541821419937447;
 0.1379999814459581, -0.345191251821152, 0.9283313011996643]
2020/03/09 13:00:57 944531	INFO [input.cpp->run:256]	frame times (ms): 141.236
2020/03/09 13:00:57 944534	INFO [input.cpp->run:257]	FPS: 7.08035
2020/03/09 13:00:58 034651	INFO [input.cpp->run:173]	
frame_id 23
2020/03/09 13:00:58 077032	INFO [input.cpp->run:235]	rotation: 
[-0.9955684451421589, -0.007181681114056904, 0.09376510274937046;
 0.01015838775077565, -0.9994581671595626, 0.03130781462115789;
 0.0934894549964267, 0.03212157459440454, 0.9951019677651373]
2020/03/09 13:00:58 077091	INFO [input.cpp->run:256]	frame times (ms): 141.639
2020/03/09 13:00:58 077094	INFO [input.cpp->run:257]	FPS: 7.0602
2020/03/09 13:00:58 169479	INFO [input.cpp->run:173]	
frame_id 24
2020/03/09 13:00:58 212967	INFO [input.cpp->run:235]	rotation: 
[-0.9871334192089558, -0.01517088094041365, -0.1591774388923499;
 -0.02298234649849313, -0.9716911744525385, 0.2351341600883834;
 -0.1582385048913797, 0.2357670584762386, 0.9588401690100405]
2020/03/09 13:00:58 213038	INFO [input.cpp->run:256]	frame times (ms): 139.771
2020/03/09 13:00:58 213044	INFO [input.cpp->run:257]	FPS: 7.15456
2020/03/09 13:00:58 300832	INFO [input.cpp->run:173]	
frame_id 25
2020/03/09 13:00:58 343085	INFO [input.cpp->run:235]	rotation: 
[-0.9984633679000222, -0.00196450431478664, -0.0553808963862281;
 -0.006960561722412934, -0.9870106548638303, 0.160503949377519;
 -0.05497684551020936, 0.1606427960042712, 0.9854803085550097]
2020/03/09 13:00:58 343140	INFO [input.cpp->run:256]	frame times (ms): 142.224
2020/03/09 13:00:58 343144	INFO [input.cpp->run:257]	FPS: 7.03116
2020/03/09 13:00:58 433998	INFO [input.cpp->run:173]	
frame_id 26
2020/03/09 13:00:58 476901	INFO [input.cpp->run:235]	rotation: 
[-0.9979201639497122, -0.0113799967649146, -0.06344952368781057;
 0.004208781522682914, -0.9936959498741554, 0.1120296628656639;
 -0.06432443191100737, 0.1115296143512141, 0.9916771211346948]
2020/03/09 13:00:58 476948	INFO [input.cpp->run:256]	frame times (ms): 137.367
2020/03/09 13:00:58 476951	INFO [input.cpp->run:257]	FPS: 7.27977
2020/03/09 13:00:58 570912	INFO [input.cpp->run:173]	
frame_id 27
2020/03/09 13:00:58 612544	INFO [input.cpp->run:235]	rotation: 
[-0.9998795991532134, 0.01080898322268195, -0.01113342170677386;
 -0.01070313468831666, -0.9998973687562592, -0.009523385015480104;
 -0.01123521717871247, -0.009403075879790538, 0.9998926702696376]
2020/03/09 13:00:58 612605	INFO [input.cpp->run:256]	frame times (ms): 146.098
2020/03/09 13:00:58 612610	INFO [input.cpp->run:257]	FPS: 6.84472
2020/03/09 13:00:58 700977	INFO [input.cpp->run:173]	
frame_id 28
2020/03/09 13:00:58 742507	INFO [input.cpp->run:235]	rotation: 
[-0.996201147827338, -0.00551071822909171, -0.08690745107350574;
 -0.006544036351284648, -0.9904363026510296, 0.1378154780102409;
 -0.0868357567809903, 0.1378606629011977, 0.9866377192104078]
2020/03/09 13:00:58 742568	INFO [input.cpp->run:256]	frame times (ms): 138.035
2020/03/09 13:00:58 742572	INFO [input.cpp->run:257]	FPS: 7.24454
2020/03/09 13:00:58 834368	INFO [input.cpp->run:173]	
frame_id 29
2020/03/09 13:00:58 875234	INFO [input.cpp->run:235]	rotation: 
[-0.9935321655827035, -0.0003587260267488845, -0.1135504613296708;
 -0.02201947001662076, -0.9804043992541339, 0.1957609686922496;
 -0.1113955963794372, 0.1969951401400007, 0.9740554069807784]
2020/03/09 13:00:58 875292	INFO [input.cpp->run:256]	frame times (ms): 138.151
2020/03/09 13:00:58 875297	INFO [input.cpp->run:257]	FPS: 7.23846
2020/03/09 13:00:58 968410	INFO [input.cpp->run:173]	
frame_id 30
2020/03/09 13:00:59 010140	INFO [input.cpp->run:235]	rotation: 
[-0.9980540811696389, -0.008175306323237682, -0.06181598035418619;
 0.001712261035869453, -0.9945872116562262, 0.1038910322021983;
 -0.06233072454875643, 0.1035830235917759, 0.992665823931101]
2020/03/09 13:00:59 010193	INFO [input.cpp->run:256]	frame times (ms): 133.307
2020/03/09 13:00:59 010196	INFO [input.cpp->run:257]	FPS: 7.50148
2020/03/09 13:00:59 103482	INFO [input.cpp->run:173]	
frame_id 31
2020/03/09 13:00:59 144809	INFO [input.cpp->run:235]	rotation: 
[-0.9999518712172947, -0.009186194145018232, -0.003445154011200162;
 0.009135009718557435, -0.9998518382117871, 0.01458949011967254;
 -0.003578665459737332, 0.01455731642989855, 0.9998876325327196]
2020/03/09 13:00:59 144867	INFO [input.cpp->run:256]	frame times (ms): 142.635
2020/03/09 13:00:59 144869	INFO [input.cpp->run:257]	FPS: 7.0109
2020/03/09 13:00:59 235010	INFO [input.cpp->run:173]	
frame_id 32
2020/03/09 13:00:59 275971	INFO [input.cpp->run:235]	rotation: 
[-0.9999987050287955, 0.001391029710965426, 0.0008093065397777766;
 -0.001378068074314331, -0.9998741956033376, 0.01580170544470444;
 0.0008311853672143329, 0.0158005697024461, 0.9998748177286814]
2020/03/09 13:00:59 276017	INFO [input.cpp->run:256]	frame times (ms): 134.264
2020/03/09 13:00:59 276019	INFO [input.cpp->run:257]	FPS: 7.44801
2020/03/09 13:00:59 368842	INFO [input.cpp->run:173]	
frame_id 33
2020/03/09 13:00:59 409224	INFO [input.cpp->run:235]	rotation: 
[-0.9893324134667688, -0.05425264146002488, -0.135196252013983;
 0.05114042723188333, -0.9983427353130889, 0.0263901411538518;
 -0.1364039309058169, 0.01919462795132444, 0.9904673310570378]
2020/03/09 13:00:59 409274	INFO [input.cpp->run:256]	frame times (ms): 128.854
2020/03/09 13:00:59 409277	INFO [input.cpp->run:257]	FPS: 7.76072
2020/03/09 13:00:59 502171	INFO [input.cpp->run:173]	
frame_id 34
2020/03/09 13:00:59 543684	INFO [input.cpp->run:235]	rotation: 
[0.9998958462221775, -0.01136991815342035, -0.008889413300097898;
 0.01149029257467805, 0.9998413634153139, 0.01360959883150502;
 0.008733263089117009, -0.01371032330000743, 0.999867869846224]
2020/03/09 13:00:59 543745	INFO [input.cpp->run:256]	frame times (ms): 126.992
2020/03/09 13:00:59 543751	INFO [input.cpp->run:257]	FPS: 7.87451
2020/03/09 13:00:59 636119	INFO [input.cpp->run:173]	
frame_id 35
2020/03/09 13:00:59 677136	INFO [input.cpp->run:235]	rotation: 
[-0.9597263196373372, -0.2478534265641427, -0.1322651516302943;
 0.1983160081236155, -0.9311689254651374, 0.3059333149070487;
 -0.1989878195199036, 0.2673819574850076, 0.9428206279532707]
2020/03/09 13:00:59 677195	INFO [input.cpp->run:256]	frame times (ms): 128.497
2020/03/09 13:00:59 677204	INFO [input.cpp->run:257]	FPS: 7.78228
2020/03/09 13:00:59 767446	INFO [input.cpp->run:173]	
frame_id 36
2020/03/09 13:00:59 809736	INFO [input.cpp->run:235]	rotation: 
[-0.9996647306112384, 0.007687234410901197, -0.02472514507686711;
 -0.007679231612798764, -0.9999704266485073, -0.0004186051112743149;
 -0.02472763178707701, -0.0002285946500892118, 0.9996941992282875]
2020/03/09 13:00:59 809797	INFO [input.cpp->run:256]	frame times (ms): 129.542
2020/03/09 13:00:59 809800	INFO [input.cpp->run:257]	FPS: 7.7195
2020/03/09 13:00:59 902698	INFO [input.cpp->run:173]	
frame_id 37
2020/03/09 13:00:59 944403	INFO [input.cpp->run:235]	rotation: 
[-0.9888905675929118, -0.02885126552366418, -0.145818550957866;
 -0.010838645768941, -0.9643761097259858, 0.2643127744693186;
 -0.1482496849361379, 0.2629568851873943, 0.9533497298729773]
2020/03/09 13:00:59 944461	INFO [input.cpp->run:256]	frame times (ms): 138.163
2020/03/09 13:00:59 944465	INFO [input.cpp->run:257]	FPS: 7.23783
2020/03/09 13:01:00 037630	INFO [input.cpp->run:173]	
frame_id 38
2020/03/09 13:01:00 081019	INFO [input.cpp->run:235]	rotation: 
[0.9999855004511928, -0.004851460126600789, -0.002337139708591134;
 0.004837066560160724, 0.999969540631074, -0.006125405878085618;
 0.002366785683167297, 0.006114012162133275, 0.9999785083594603]
2020/03/09 13:01:00 081087	INFO [input.cpp->run:256]	frame times (ms): 139.928
2020/03/09 13:01:00 081097	INFO [input.cpp->run:257]	FPS: 7.14653
2020/03/09 13:01:00 170845	INFO [input.cpp->run:173]	
frame_id 39
2020/03/09 13:01:00 214514	INFO [input.cpp->run:235]	rotation: 
[-0.9998307917630858, 0.009130544815205472, -0.01596937674984929;
 -0.009113093887633596, -0.9999577960183181, -0.001165204695636423;
 -0.01597934173225786, -0.001019477103755861, 0.9998718024348119]
2020/03/09 13:01:00 214599	INFO [input.cpp->run:256]	frame times (ms): 132.59
2020/03/09 13:01:00 214606	INFO [input.cpp->run:257]	FPS: 7.54205
2020/03/09 13:01:00 301998	INFO [input.cpp->run:173]	
frame_id 40
2020/03/09 13:01:00 342791	INFO [input.cpp->run:235]	rotation: 
[-0.9997921309554565, 0.00655009211006411, -0.01930780083015575;
 -0.009463033122149755, -0.9878886822272275, 0.1548754419896227;
 -0.01805950950818941, 0.1550259585382447, 0.9877453144893278]
2020/03/09 13:01:00 342852	INFO [input.cpp->run:256]	frame times (ms): 137.406
2020/03/09 13:01:00 342859	INFO [input.cpp->run:257]	FPS: 7.2777
2020/03/09 13:01:00 435195	INFO [input.cpp->run:173]	
frame_id 41
2020/03/09 13:01:00 480157	INFO [input.cpp->run:235]	rotation: 
[-0.9998823025770098, 0.006740415803084517, -0.01378215469723433;
 -0.006737843486864438, -0.9999772733143734, -0.0002330662943936677;
 -0.01378341243827117, -0.0001401768618297132, 0.9999049944329728]
2020/03/09 13:01:00 480230	INFO [input.cpp->run:256]	frame times (ms): 140.103
2020/03/09 13:01:00 480234	INFO [input.cpp->run:257]	FPS: 7.13761
2020/03/09 13:01:00 570438	INFO [input.cpp->run:173]	
frame_id 42
2020/03/09 13:01:00 611920	INFO [input.cpp->run:235]	rotation: 
[-0.9963246566222214, 0.03879900504002715, 0.07636632644377132;
 -0.0264944889372038, -0.9874017720077921, 0.1559993034978955;
 0.08145686381496088, 0.153402665699707, 0.984800691253644]
2020/03/09 13:01:00 611981	INFO [input.cpp->run:256]	frame times (ms): 136.32
2020/03/09 13:01:00 611984	INFO [input.cpp->run:257]	FPS: 7.33568
2020/03/09 13:01:00 701735	INFO [input.cpp->run:173]	
frame_id 43
2020/03/09 13:01:00 746104	INFO [input.cpp->run:235]	rotation: 
[-0.9995398696249503, 0.0141515415981395, -0.02682877001529241;
 -0.01405194931715262, -0.9998936721718957, -0.003897059274588551;
 -0.02688106676688073, -0.003518269602746511, 0.9996324474668059]
2020/03/09 13:01:00 746197	INFO [input.cpp->run:256]	frame times (ms): 135.016
2020/03/09 13:01:00 746203	INFO [input.cpp->run:257]	FPS: 7.40653
2020/03/09 13:01:00 836114	INFO [input.cpp->run:173]	
frame_id 44
2020/03/09 13:01:00 876870	INFO [input.cpp->run:235]	rotation: 
[-0.9997811128573959, 0.01399992267060501, 0.01554762164589988;
 -0.0145984123411403, -0.9991297513920079, -0.03907206470692997;
 0.01498708546532706, -0.03929048292604152, 0.9991154313795245]
2020/03/09 13:01:00 876918	INFO [input.cpp->run:256]	frame times (ms): 125.161
2020/03/09 13:01:00 876920	INFO [input.cpp->run:257]	FPS: 7.98971
2020/03/09 13:01:00 969670	INFO [input.cpp->run:173]	
frame_id 45
2020/03/09 13:01:01 015845	INFO [input.cpp->run:235]	rotation: 
[-0.98324569386951, 0.03749698067763479, 0.1783868883273848;
 -0.02089517690093295, -0.995348085614882, 0.09405094388185742;
 0.1810836742209095, 0.08874775998779158, 0.9794552251266024]
2020/03/09 13:01:01 015921	INFO [input.cpp->run:256]	frame times (ms): 134.043
2020/03/09 13:01:01 015927	INFO [input.cpp->run:257]	FPS: 7.46029
2020/03/09 13:01:01 104263	INFO [input.cpp->run:173]	
frame_id 46
2020/03/09 13:01:01 146270	INFO [input.cpp->run:235]	rotation: 
[-0.9910921946641252, 0.03869623243561758, -0.1274317985086;
 -0.03337028906730753, -0.998488614863785, -0.04366817828767625;
 -0.1289289939595129, -0.03902675470351848, 0.9908855771146835]
2020/03/09 13:01:01 146336	INFO [input.cpp->run:256]	frame times (ms): 130.062
2020/03/09 13:01:01 146340	INFO [input.cpp->run:257]	FPS: 7.68864
2020/03/09 13:01:01 235416	INFO [input.cpp->run:173]	
frame_id 47
2020/03/09 13:01:01 276384	INFO [input.cpp->run:235]	rotation: 
[0.9999863594109716, -0.004569638550118675, -0.002529702652964546;
 0.004551624928732834, 0.9999645677287856, -0.007081383868358351;
 0.002561972384567093, 0.007069773016453736, 0.9999717269038143]
2020/03/09 13:01:01 276445	INFO [input.cpp->run:256]	frame times (ms): 133.94
2020/03/09 13:01:01 276450	INFO [input.cpp->run:257]	FPS: 7.46603
2020/03/09 13:01:01 369931	INFO [input.cpp->run:173]	
frame_id 48
2020/03/09 13:01:01 411077	INFO [input.cpp->run:235]	rotation: 
[-0.9998081930675058, -0.005838053176518847, -0.01869476424556524;
 0.005636815205671216, -0.9999258005041259, 0.01079906479840074;
 -0.01875642261803247, 0.01069161453154211, 0.999766915830526]
2020/03/09 13:01:01 411144	INFO [input.cpp->run:256]	frame times (ms): 131.758
2020/03/09 13:01:01 411148	INFO [input.cpp->run:257]	FPS: 7.58967
2020/03/09 13:01:01 503016	INFO [input.cpp->run:173]	
frame_id 49
2020/03/09 13:01:01 544919	INFO [input.cpp->run:235]	rotation: 
[-0.9878379772114502, -0.005002266284897227, 0.1554062679263788;
 0.006752666190322457, -0.9999195504600451, 0.01073750935288477;
 0.1553400536825983, 0.01165632617063337, 0.9877922847350507]
2020/03/09 13:01:01 544992	INFO [input.cpp->run:256]	frame times (ms): 135.443
2020/03/09 13:01:01 545002	INFO [input.cpp->run:257]	FPS: 7.38318
2020/03/09 13:01:01 638026	INFO [input.cpp->run:173]	
frame_id 50
2020/03/09 13:01:01 680857	INFO [input.cpp->run:235]	rotation: 
[-0.9997464177323101, 0.004336224137819581, 0.02209745215267824;
 -0.003484315486606947, -0.999254602149687, 0.038446061284097;
 0.02224769149829043, 0.03835931754994271, 0.9990163176745914]
2020/03/09 13:01:01 680921	INFO [input.cpp->run:256]	frame times (ms): 139.118
2020/03/09 13:01:01 680924	INFO [input.cpp->run:257]	FPS: 7.18814
2020/03/09 13:01:01 768660	INFO [input.cpp->run:173]	
frame_id 51
2020/03/09 13:01:01 808828	INFO [input.cpp->run:235]	rotation: 
[-0.9999643652983603, 0.007347691074823082, 0.004156870134657369;
 -0.007348668115278447, -0.9999729740134681, -0.0002198171773611251;
 0.004155142642428906, -0.0002503568032595045, 0.9999913360180135]
2020/03/09 13:01:01 808876	INFO [input.cpp->run:256]	frame times (ms): 125.086
2020/03/09 13:01:01 808879	INFO [input.cpp->run:257]	FPS: 7.9945
2020/03/09 13:01:01 901686	INFO [input.cpp->run:173]	
frame_id 52
2020/03/09 13:01:01 943279	INFO [input.cpp->run:235]	rotation: 
[-0.996453024641423, -0.01594228059580959, -0.08262695306232705;
 0.02250470393324869, -0.9966118366243879, -0.07910995766046887;
 -0.08108580630317704, -0.08068885170560323, 0.9934356553026445]
2020/03/09 13:01:01 943345	INFO [input.cpp->run:256]	frame times (ms): 133.947
2020/03/09 13:01:01 943349	INFO [input.cpp->run:257]	FPS: 7.46564
2020/03/09 13:01:02 036258	INFO [input.cpp->run:173]	
frame_id 53
2020/03/09 13:01:02 078354	INFO [input.cpp->run:235]	rotation: 
[0.999968492790915, 0.006137622243458387, -0.00503418500476575;
 -0.006200951693577873, 0.9999006027990927, -0.01266225572735861;
 0.004955968478462832, 0.01269307351305101, 0.9999071578207812]
2020/03/09 13:01:02 078423	INFO [input.cpp->run:256]	frame times (ms): 132.373
2020/03/09 13:01:02 078427	INFO [input.cpp->run:257]	FPS: 7.55441
2020/03/09 13:01:02 168585	INFO [input.cpp->run:173]	
frame_id 54
2020/03/09 13:01:02 210392	INFO [input.cpp->run:235]	rotation: 
[-0.9999581217233589, 0.00749910127987858, 0.005245786831951781;
 -0.007361866810367509, -0.9996423759742354, 0.02570842417674975;
 0.005436700889194161, 0.02566872876827767, 0.9996557200590925]
2020/03/09 13:01:02 210452	INFO [input.cpp->run:256]	frame times (ms): 136.203
2020/03/09 13:01:02 210456	INFO [input.cpp->run:257]	FPS: 7.34198
2020/03/09 13:01:02 302085	INFO [input.cpp->run:173]	
frame_id 55
2020/03/09 13:01:02 344775	INFO [input.cpp->run:235]	rotation: 
[0.4535828860547126, -0.3692533534820637, 0.8111193046775103;
 -0.3703118689665803, 0.7497527776447854, 0.5483975675697397;
 -0.8106365925498034, -0.5491108570736687, 0.2033361292615387]
2020/03/09 13:01:02 344839	INFO [input.cpp->run:256]	frame times (ms): 138.322
2020/03/09 13:01:02 344843	INFO [input.cpp->run:257]	FPS: 7.22951
2020/03/09 13:01:02 435948	INFO [input.cpp->run:173]	
frame_id 56
2020/03/09 13:01:02 476745	INFO [input.cpp->run:235]	rotation: 
[-0.9998385305054766, 0.009299468851486841, 0.01537637134468181;
 -0.009348859798115058, -0.9999513578166199, -0.003143377351391208;
 0.01534639166463941, -0.003286621331744366, 0.9998768356068151]
2020/03/09 13:01:02 476794	INFO [input.cpp->run:256]	frame times (ms): 133.225
2020/03/09 13:01:02 476812	INFO [input.cpp->run:257]	FPS: 7.5061
2020/03/09 13:01:02 568377	INFO [input.cpp->run:173]	
frame_id 57
2020/03/09 13:01:02 610521	INFO [input.cpp->run:235]	rotation: 
[-0.9999560553873328, 0.008019710313907082, 0.004855053108507017;
 -0.007625564847600452, -0.9970497549067743, 0.07637824952888338;
 0.005453260947401248, 0.07633787059397416, 0.9970670947625426]
2020/03/09 13:01:02 610570	INFO [input.cpp->run:256]	frame times (ms): 136.933
2020/03/09 13:01:02 610576	INFO [input.cpp->run:257]	FPS: 7.30284
2020/03/09 13:01:02 702069	INFO [input.cpp->run:173]	
frame_id 58
2020/03/09 13:01:02 743719	INFO [input.cpp->run:235]	rotation: 
[-0.999725941331168, 0.00724039610770877, 0.02226249971844034;
 -0.006531878264422312, -0.9994749656786464, 0.03173527293103694;
 0.02248058708861599, 0.03158115966635986, 0.9992483442859834]
2020/03/09 13:01:02 743790	INFO [input.cpp->run:256]	frame times (ms): 132.109
2020/03/09 13:01:02 743794	INFO [input.cpp->run:257]	FPS: 7.56951
2020/03/09 13:01:02 836283	INFO [input.cpp->run:173]	
frame_id 59
2020/03/09 13:01:02 877112	INFO [input.cpp->run:235]	rotation: 
[-0.9999140242643173, 0.01146229345651172, -0.00636866612840006;
 -0.01133862864921902, -0.9997527884549783, -0.01912583270999235;
 -0.006586317627728813, -0.01905197641223378, 0.9997968006624616]
2020/03/09 13:01:02 877174	INFO [input.cpp->run:256]	frame times (ms): 129.122
2020/03/09 13:01:02 877178	INFO [input.cpp->run:257]	FPS: 7.74461
2020/03/09 13:01:02 968935	INFO [input.cpp->run:173]	
frame_id 60
2020/03/09 13:01:03 011355	INFO [input.cpp->run:235]	rotation: 
[-0.9910693921549069, -0.005001592344985768, -0.1332533076802146;
 -0.02065661781469714, -0.9814751957784301, 0.1904724237577444;
 -0.1317374816601596, 0.191523951885154, 0.9726067097137118]
2020/03/09 13:01:03 011419	INFO [input.cpp->run:256]	frame times (ms): 136.419
2020/03/09 13:01:03 011422	INFO [input.cpp->run:257]	FPS: 7.33036
2020/03/09 13:01:03 103294	INFO [input.cpp->run:173]	
frame_id 61
2020/03/09 13:01:03 147587	INFO [input.cpp->run:235]	rotation: 
[-0.9440742354626336, -0.03124826693789602, -0.3282489661050312;
 -0.03753482686310165, -0.9788438381176799, 0.2011364644996182;
 -0.3275896437740377, 0.2022085220568787, 0.9229283498189733]
2020/03/09 13:01:03 147657	INFO [input.cpp->run:256]	frame times (ms): 141.925
2020/03/09 13:01:03 147661	INFO [input.cpp->run:257]	FPS: 7.04597
2020/03/09 13:01:03 234869	INFO [input.cpp->run:173]	
frame_id 62
2020/03/09 13:01:03 275342	INFO [input.cpp->run:235]	rotation: 
[-0.9977236623125656, 0.001976189984682888, 0.06740614463641981;
 -0.003088553358168751, -0.9998607048805811, -0.01640218503313655;
 0.0673643414556637, -0.01657303559556737, 0.9975907878440901]
2020/03/09 13:01:03 275396	INFO [input.cpp->run:256]	frame times (ms): 133.339
2020/03/09 13:01:03 275400	INFO [input.cpp->run:257]	FPS: 7.49968
2020/03/09 13:01:03 374019	INFO [input.cpp->run:173]	
frame_id 63
2020/03/09 13:01:03 414885	INFO [input.cpp->run:235]	rotation: 
[-0.9999098055178265, 0.01248910829200399, 0.004939939612288284;
 -0.01250668341345864, -0.9999155113918829, -0.003543013957728817;
 0.004895273158668102, -0.003604476658232059, 0.9999815218536403]
2020/03/09 13:01:03 414943	INFO [input.cpp->run:256]	frame times (ms): 134.113
2020/03/09 13:01:03 414947	INFO [input.cpp->run:257]	FPS: 7.4564
2020/03/09 13:01:03 502899	INFO [input.cpp->run:173]	
frame_id 64
2020/03/09 13:01:03 544575	INFO [input.cpp->run:235]	rotation: 
[-0.9834620719488713, -0.01858374891468284, -0.1801582563034768;
 -0.01967343778334794, -0.9778745599691049, 0.2082649773990197;
 -0.180042519655269, 0.2083650384337677, 0.9613369346252523]
2020/03/09 13:01:03 544646	INFO [input.cpp->run:256]	frame times (ms): 139.312
2020/03/09 13:01:03 544654	INFO [input.cpp->run:257]	FPS: 7.17813
2020/03/09 13:01:03 636245	INFO [input.cpp->run:173]	
frame_id 65
2020/03/09 13:01:03 678243	INFO [input.cpp->run:235]	rotation: 
[-0.9939418203955874, -0.006212650205603625, -0.1097317668049166;
 -0.007845717825750836, -0.9918433913064485, 0.1272207995318454;
 -0.1096271060482054, 0.127310997557737, 0.9857858832020018]
2020/03/09 13:01:03 678308	INFO [input.cpp->run:256]	frame times (ms): 142.64
2020/03/09 13:01:03 678312	INFO [input.cpp->run:257]	FPS: 7.01066
2020/03/09 13:01:03 768949	INFO [input.cpp->run:173]	
frame_id 66
2020/03/09 13:01:03 810224	INFO [input.cpp->run:235]	rotation: 
[0.9999296579500887, -0.01162965258211945, -0.002330307412706126;
 0.01162974399030188, 0.9999323719108822, 2.56787285295617e-05;
 0.002329851183777198, -5.277780086363282e-05, 0.9999972845002957]
2020/03/09 13:01:03 810281	INFO [input.cpp->run:256]	frame times (ms): 140.559
2020/03/09 13:01:03 810286	INFO [input.cpp->run:257]	FPS: 7.11445
2020/03/09 13:01:03 902374	INFO [input.cpp->run:173]	
frame_id 67
2020/03/09 13:01:03 945600	INFO [input.cpp->run:235]	rotation: 
[-0.8086456881836664, 0.08953261686876321, 0.5814430853476509;
 0.008935489289189504, -0.9863680370107125, 0.1643114499808104;
 0.5882281088260974, 0.1380652240075858, 0.7968222423518356]
2020/03/09 13:01:03 945664	INFO [input.cpp->run:256]	frame times (ms): 147.24
2020/03/09 13:01:03 945668	INFO [input.cpp->run:257]	FPS: 6.79163
2020/03/09 13:01:04 035717	INFO [input.cpp->run:173]	
frame_id 68
2020/03/09 13:01:04 078342	INFO [input.cpp->run:235]	rotation: 
[-0.9999134874423008, 0.00959393770388574, -0.008998554901189063;
 -0.009443534877463128, -0.9998174427346791, -0.01661026346885464;
 -0.009156269982579783, -0.01652384830542175, 0.9998215466557949]
2020/03/09 13:01:04 078400	INFO [input.cpp->run:256]	frame times (ms): 143.337
2020/03/09 13:01:04 078403	INFO [input.cpp->run:257]	FPS: 6.97657
2020/03/09 13:01:04 170561	INFO [input.cpp->run:173]	
frame_id 69
2020/03/09 13:01:04 213131	INFO [input.cpp->run:235]	rotation: 
[-0.9949977657399234, 0.01372902222919187, -0.09894928054913256;
 -0.04007481443143571, -0.9621723098043563, 0.2694781169112548;
 -0.09150658676208275, 0.2720954982986309, 0.9579094865303164]
2020/03/09 13:01:04 213193	INFO [input.cpp->run:256]	frame times (ms): 139.979
2020/03/09 13:01:04 213200	INFO [input.cpp->run:257]	FPS: 7.14393
2020/03/09 13:01:04 301659	INFO [input.cpp->run:173]	
frame_id 70
2020/03/09 13:01:04 343136	INFO [input.cpp->run:235]	rotation: 
[-0.9998047964648655, 0.0110050618590538, -0.01640907003237267;
 -0.009098197007480132, -0.9936593683447638, -0.1120637430746365;
 -0.01753829458818591, -0.1118925748839639, 0.9935655287442162]
2020/03/09 13:01:04 343207	INFO [input.cpp->run:256]	frame times (ms): 134.476
2020/03/09 13:01:04 343238	INFO [input.cpp->run:257]	FPS: 7.43627
2020/03/09 13:01:04 435647	INFO [input.cpp->run:173]	
frame_id 71
2020/03/09 13:01:04 478949	INFO [input.cpp->run:235]	rotation: 
[-0.9999548122060485, 0.00693943839336305, -0.006497518045445434;
 -0.006882421183842291, -0.9999379730213239, -0.008756848100443063;
 -0.006557882631945245, -0.008711733741957066, 0.9999405481680377]
2020/03/09 13:01:04 479013	INFO [input.cpp->run:256]	frame times (ms): 147.639
2020/03/09 13:01:04 479016	INFO [input.cpp->run:257]	FPS: 6.77328
2020/03/09 13:01:04 569995	INFO [input.cpp->run:173]	
frame_id 72
2020/03/09 13:01:04 613227	INFO [input.cpp->run:235]	rotation: 
[0.9999979014844785, 0.0009211890178871766, -0.001829873611047835;
 -0.0009279139699865919, 0.9999928069145098, -0.003677648012559345;
 0.001826472639649691, 0.003679338260244909, 0.9999915631982419]
2020/03/09 13:01:04 613288	INFO [input.cpp->run:256]	frame times (ms): 143.41
2020/03/09 13:01:04 613292	INFO [input.cpp->run:257]	FPS: 6.97301
2020/03/09 13:01:04 703709	INFO [input.cpp->run:173]	
frame_id 73
2020/03/09 13:01:04 746663	INFO [input.cpp->run:235]	rotation: 
[-0.9998902399455456, 0.01479426335969073, -0.0007986446539595959;
 -0.01474599078921953, -0.998958566954797, -0.04317797196792034;
 -0.001436599207656345, -0.04316145594465477, 0.999067077279326]
2020/03/09 13:01:04 746721	INFO [input.cpp->run:256]	frame times (ms): 145.11
2020/03/09 13:01:04 746723	INFO [input.cpp->run:257]	FPS: 6.89132
2020/03/09 13:01:04 836279	INFO [input.cpp->run:173]	
frame_id 74
2020/03/09 13:01:04 878817	INFO [input.cpp->run:235]	rotation: 
[0.9999993852841095, -0.0002581575845253527, -0.00107832558381919;
 0.0002552139239453418, 0.9999962434594604, -0.002729090108583523;
 0.001079026068355803, 0.00272881322726493, 0.9999956946312891]
2020/03/09 13:01:04 878872	INFO [input.cpp->run:256]	frame times (ms): 151.194
2020/03/09 13:01:04 878874	INFO [input.cpp->run:257]	FPS: 6.61402
2020/03/09 13:01:04 970199	INFO [input.cpp->run:173]	
frame_id 75
2020/03/09 13:01:05 013000	INFO [input.cpp->run:235]	rotation: 
[-0.9170579226506398, -0.04386565667804881, -0.3963339130933621;
 -0.04539856110291418, -0.9759825362554828, 0.2130658573636334;
 -0.3961612514538469, 0.2133867219123972, 0.8930410795467376]
2020/03/09 13:01:05 013059	INFO [input.cpp->run:256]	frame times (ms): 147.433
2020/03/09 13:01:05 013063	INFO [input.cpp->run:257]	FPS: 6.78274
2020/03/09 13:01:05 103912	INFO [input.cpp->run:173]	
frame_id 76
2020/03/09 13:01:05 147373	INFO [input.cpp->run:235]	rotation: 
[-0.9959313527927858, -0.009951400891361224, 0.08956400027148785;
 0.004806915905256141, -0.9983355099331329, -0.05747262971216238;
 0.08998685506123356, -0.05680826724034936, 0.9943214704960053]
2020/03/09 13:01:05 147433	INFO [input.cpp->run:256]	frame times (ms): 149.866
2020/03/09 13:01:05 147436	INFO [input.cpp->run:257]	FPS: 6.67263
2020/03/09 13:01:05 237138	INFO [input.cpp->run:173]	
frame_id 77
2020/03/09 13:01:05 281112	INFO [input.cpp->run:235]	rotation: 
[-0.8114135381333767, -0.2272103843037722, 0.5385011712135895;
 -0.09390014073760629, -0.8587007817174662, -0.5038012813076902;
 0.5768802594155334, -0.4593565159463233, 0.6754263524280959]
2020/03/09 13:01:05 281171	INFO [input.cpp->run:256]	frame times (ms): 148.87
2020/03/09 13:01:05 281175	INFO [input.cpp->run:257]	FPS: 6.71727
2020/03/09 13:01:05 371121	INFO [input.cpp->run:173]	
frame_id 78
2020/03/09 13:01:05 414415	INFO [input.cpp->run:235]	rotation: 
[-0.96028184569186, -0.03187373863647239, -0.2772054141245596;
 -0.02073329684363646, -0.9825574058364023, 0.1848000937175983;
 -0.2782605024731831, 0.1832075572168717, 0.9428711914901198]
2020/03/09 13:01:05 414476	INFO [input.cpp->run:256]	frame times (ms): 151.482
2020/03/09 13:01:05 414479	INFO [input.cpp->run:257]	FPS: 6.60144
2020/03/09 13:01:05 501775	INFO [input.cpp->run:173]	
frame_id 79
2020/03/09 13:01:05 547839	INFO [input.cpp->run:235]	rotation: 
[-0.9647445879989459, -0.02762914140767636, -0.2617336632376864;
 -0.03295003365712976, -0.9739704405711195, 0.2242674211197282;
 -0.2611171675871543, 0.2249849138026239, 0.9387223302726357]
2020/03/09 13:01:05 547908	INFO [input.cpp->run:256]	frame times (ms): 150.249
2020/03/09 13:01:05 547912	INFO [input.cpp->run:257]	FPS: 6.65562
2020/03/09 13:01:05 635189	INFO [input.cpp->run:173]	
frame_id 80
2020/03/09 13:01:05 681839	INFO [input.cpp->run:235]	rotation: 
[-0.9450995506655833, -0.02549545403105863, -0.3257864655805436;
 -0.02547010064217433, -0.9881718282052904, 0.1512207390363226;
 -0.325788448697909, 0.1512164665807406, 0.9332713790371185]
2020/03/09 13:01:05 681901	INFO [input.cpp->run:256]	frame times (ms): 155.644
2020/03/09 13:01:05 681904	INFO [input.cpp->run:257]	FPS: 6.42492
2020/03/09 13:01:05 768834	INFO [input.cpp->run:173]	
frame_id 81
2020/03/09 13:01:05 816965	INFO [input.cpp->run:235]	rotation: 
[-0.9971282388480176, -0.006622447312346915, -0.0754414904641076;
 -0.009071101135299065, -0.9785531202764449, 0.2057948150985022;
 -0.07518637121210216, 0.2058881589330205, 0.9756828765511503]
2020/03/09 13:01:05 817032	INFO [input.cpp->run:256]	frame times (ms): 152.278
2020/03/09 13:01:05 817037	INFO [input.cpp->run:257]	FPS: 6.56694
2020/03/09 13:01:05 901449	INFO [input.cpp->run:173]	
frame_id 82
2020/03/09 13:01:05 948512	INFO [input.cpp->run:235]	rotation: 
[-0.9775015445295006, -0.02066618696620315, -0.2099134087158769;
 -0.0162345764079834, -0.9848651505848507, 0.1725603479723332;
 -0.2103025652988907, 0.1720858619403619, 0.9623716990586066]
2020/03/09 13:01:05 948576	INFO [input.cpp->run:256]	frame times (ms): 156.867
2020/03/09 13:01:05 948581	INFO [input.cpp->run:257]	FPS: 6.37483
2020/03/09 13:01:06 035837	INFO [input.cpp->run:173]	
frame_id 83
2020/03/09 13:01:06 082300	INFO [input.cpp->run:235]	rotation: 
[0.9999907484008591, -0.004276074318638409, 0.000467227044590021;
 0.00427171940769549, 0.9999507800409828, 0.008954881837963516;
 -0.0005054957879477919, -0.00895280312815222, 0.9999597950868609]
2020/03/09 13:01:06 082365	INFO [input.cpp->run:256]	frame times (ms): 157.107
2020/03/09 13:01:06 082370	INFO [input.cpp->run:257]	FPS: 6.36509
2020/03/09 13:01:06 168515	INFO [input.cpp->run:173]	
frame_id 84
2020/03/09 13:01:06 211887	INFO [input.cpp->run:235]	rotation: 
[-0.9999958906621752, 0.002149890253076324, 0.001896478489905499;
