		g3log created log at: Mon Mar 09 14:50:03 2020
		LOG format: [YYYY/MM/DD hh:mm:ss uuu* LEVEL FILE->FUNCTION:LINE] message		(uuu*: microseconds fractions of the seconds value)

2020/03/09 14:50:03 390057	INFO [g3logger.h->logBanner:29]	Starting log.
2020/03/09 14:50:03 394603	DEBUG [main.cpp->main:48]	Filepath: /home/mitchell/KITTI/data_odometry_gray/dataset/sequences/00/
2020/03/09 14:50:03 394611	DEBUG [main.cpp->main:52]	Calibration Filepath: /home/mitchell/visual_odom_catkin_ws/tank_downsized.yaml
2020/03/09 14:50:03 394743	INFO [main.cpp->main:66]	P_left: 
[409.41, 0, 251.22, 0;
 0, 408.72, 191.78999, 0;
 0, 0, 1, 0]
2020/03/09 14:50:03 394756	INFO [main.cpp->main:67]	P_right: 
[409.41, 0, 251.22, -73.940002;
 0, 408.72, 191.78999, 0;
 0, 0, 1, 0]
2020/03/09 14:50:03 530551	INFO [input.cpp->Input:22]	frame_pose [1, 0, 0, 0;
 0, 1, 0, 0;
 0, 0, 1, 0;
 0, 0, 0, 1]
2020/03/09 14:50:04 094626	INFO [input.cpp->run:173]	
frame_id 1
2020/03/09 14:50:04 218120	INFO [input.cpp->run:235]	rotation: 
[-0.9952345952094902, -0.04589812713632379, 0.08603175241490842;
 0.02479518476807189, -0.9724121745320286, -0.2319477562603457;
 0.0943042910504046, -0.228709258114466, 0.9689162894400175]
2020/03/09 14:50:04 218215	INFO [input.cpp->run:256]	frame times (ms): 400.443
2020/03/09 14:50:04 218218	INFO [input.cpp->run:257]	FPS: 2.49723
2020/03/09 14:50:04 295812	INFO [input.cpp->run:173]	
frame_id 2
2020/03/09 14:50:04 357143	INFO [input.cpp->run:235]	rotation: 
[-0.8737786038860511, -0.01311157500333908, -0.4861471361551719;
 -0.01923899317333894, -0.997922038579598, 0.06149362616414288;
 -0.485943219453281, 0.06308479625132314, 0.8717106721552219]
2020/03/09 14:50:04 357214	INFO [input.cpp->run:256]	frame times (ms): 172.052
2020/03/09 14:50:04 357219	INFO [input.cpp->run:257]	FPS: 5.8122
2020/03/09 14:50:04 493753	INFO [input.cpp->run:173]	
frame_id 3
2020/03/09 14:50:04 563438	INFO [input.cpp->run:235]	rotation: 
[-0.9918361842548358, 0.02385863033715617, -0.1252667129018811;
 -0.0174653118046032, -0.9985000597659464, -0.05189020650343789;
 -0.1263168495742961, -0.04927876221899623, 0.9907651876745507]
2020/03/09 14:50:04 563500	INFO [input.cpp->run:256]	frame times (ms): 184.545
2020/03/09 14:50:04 563504	INFO [input.cpp->run:257]	FPS: 5.41873
2020/03/09 14:50:04 694067	INFO [input.cpp->run:173]	
frame_id 4
2020/03/09 14:50:04 795315	INFO [input.cpp->run:235]	rotation: 
[-0.9476842616579886, 0.02862020253045311, -0.3179236138019146;
 0.01363036280525777, -0.991435840741536, -0.1298814340193417;
 -0.3189180982878679, -0.1274200051021794, 0.9391780389703597]
2020/03/09 14:50:04 795385	INFO [input.cpp->run:256]	frame times (ms): 190.472
2020/03/09 14:50:04 795389	INFO [input.cpp->run:257]	FPS: 5.25012
2020/03/09 14:50:04 895545	INFO [input.cpp->run:173]	
frame_id 5
2020/03/09 14:50:04 952336	INFO [input.cpp->run:235]	rotation: 
[-0.9367841706439397, -0.01325828925526057, -0.3496564533895662;
 -0.03529408916928332, -0.9906051610578329, 0.1321201807268505;
 -0.3481231748974158, 0.1361088999720768, 0.9275152949939609]
2020/03/09 14:50:04 952392	INFO [input.cpp->run:256]	frame times (ms): 178.855
2020/03/09 14:50:04 952396	INFO [input.cpp->run:257]	FPS: 5.59112
2020/03/09 14:50:05 095847	INFO [input.cpp->run:173]	
frame_id 6
2020/03/09 14:50:05 152704	INFO [input.cpp->run:235]	rotation: 
[-0.9394281452947464, 0.0185717889245001, -0.3422423826533129;
 0.007239000033588357, -0.9972330545016677, -0.07398534914283765;
 -0.342669456921078, -0.07198141194376291, 0.9366943576364681]
2020/03/09 14:50:05 152768	INFO [input.cpp->run:256]	frame times (ms): 183.658
2020/03/09 14:50:05 152773	INFO [input.cpp->run:257]	FPS: 5.4449
2020/03/09 14:50:05 296692	INFO [input.cpp->run:173]	
frame_id 7
2020/03/09 14:50:05 349205	INFO [input.cpp->run:235]	rotation: 
[-0.9443298481352915, -0.02130145071760255, -0.3283098934209916;
 -0.0302796322043913, -0.9880392420212165, 0.1512005294293203;
 -0.3276038488698569, 0.1527242758158162, 0.9323899472764551]
2020/03/09 14:50:05 349263	INFO [input.cpp->run:256]	frame times (ms): 171.904
2020/03/09 14:50:05 349270	INFO [input.cpp->run:257]	FPS: 5.8172
2020/03/09 14:50:05 496083	INFO [input.cpp->run:173]	
frame_id 8
2020/03/09 14:50:05 548228	INFO [input.cpp->run:235]	rotation: 
[-0.9998438213450255, -0.006773780883968743, 0.01632325980657193;
 0.006782018530226982, -0.9999769008864208, 0.0004493531406773443;
 0.0163198389340252, 0.0005599876117901049, 0.9998666657465093]
2020/03/09 14:50:05 548288	INFO [input.cpp->run:256]	frame times (ms): 173.791
2020/03/09 14:50:05 548291	INFO [input.cpp->run:257]	FPS: 5.75404
2020/03/09 14:50:05 694716	INFO [input.cpp->run:173]	
frame_id 9
2020/03/09 14:50:05 746377	INFO [input.cpp->run:235]	rotation: 
[-0.9430093412056741, 0.02162724136912816, -0.3320627121939498;
 0.009204058876879202, -0.9958087969503732, -0.09099519336998745;
 -0.3326389449523783, -0.0888656421065641, 0.9388579391760798]
2020/03/09 14:50:05 746437	INFO [input.cpp->run:256]	frame times (ms): 166.927
2020/03/09 14:50:05 746445	INFO [input.cpp->run:257]	FPS: 5.99064
2020/03/09 14:50:05 893951	INFO [input.cpp->run:173]	
frame_id 10
2020/03/09 14:50:05 948820	INFO [input.cpp->run:235]	rotation: 
[-0.9984177194883722, 0.00345368350735356, 0.05612601430592774;
 -0.004284948074871819, -0.9998828104559238, -0.01469709409232968;
 0.05606867781242772, -0.01491433622372024, 0.9983155142255236]
2020/03/09 14:50:05 948880	INFO [input.cpp->run:256]	frame times (ms): 174.412
2020/03/09 14:50:05 948882	INFO [input.cpp->run:257]	FPS: 5.73355
2020/03/09 14:50:06 093970	INFO [input.cpp->run:173]	
frame_id 11
2020/03/09 14:50:06 148901	INFO [input.cpp->run:235]	rotation: 
[-0.947828177505574, 0.008614816605275789, -0.3186652332171169;
 0.003097906200336612, -0.9993386580866112, -0.03623050414809629;
 -0.3187666056908032, -0.03532748771861326, 0.9471746511113217]
2020/03/09 14:50:06 148965	INFO [input.cpp->run:256]	frame times (ms): 173.719
2020/03/09 14:50:06 148967	INFO [input.cpp->run:257]	FPS: 5.75642
2020/03/09 14:50:06 297802	INFO [input.cpp->run:173]	
frame_id 12
2020/03/09 14:50:06 353045	INFO [input.cpp->run:235]	rotation: 
[-0.9021718482338752, 0.05908245651550814, -0.4273116188291242;
 0.04396496083670468, -0.9728247891372629, -0.2273301824630136;
 -0.4291305611033787, -0.2238776294588924, 0.8750575801368543]
2020/03/09 14:50:06 353105	INFO [input.cpp->run:256]	frame times (ms): 177.814
2020/03/09 14:50:06 353113	INFO [input.cpp->run:257]	FPS: 5.62385
2020/03/09 14:50:06 495911	INFO [input.cpp->run:173]	
frame_id 13
2020/03/09 14:50:06 548755	INFO [input.cpp->run:235]	rotation: 
[-0.9670170802007256, -0.009322742124240793, -0.2545408672086827;
 -0.03651221535469532, -0.9839356867514968, 0.1747495993321665;
 -0.252080988434185, 0.1782796982725327, 0.951142220939591]
2020/03/09 14:50:06 548817	INFO [input.cpp->run:256]	frame times (ms): 165.711
2020/03/09 14:50:06 548823	INFO [input.cpp->run:257]	FPS: 6.0346
2020/03/09 14:50:06 696216	INFO [input.cpp->run:173]	
frame_id 14
2020/03/09 14:50:06 750511	INFO [input.cpp->run:235]	rotation: 
[-0.9403415473953921, 0.0355722003042837, -0.338367245470881;
 0.01784398304839182, -0.9879943167918583, -0.1534562551868051;
 -0.3397636921611963, -0.1503391118521759, 0.9284173549306861]
2020/03/09 14:50:06 750572	INFO [input.cpp->run:256]	frame times (ms): 168.653
2020/03/09 14:50:06 750587	INFO [input.cpp->run:257]	FPS: 5.92933
2020/03/09 14:50:06 895328	INFO [input.cpp->run:173]	
frame_id 15
2020/03/09 14:50:06 948379	INFO [input.cpp->run:235]	rotation: 
[-0.9802073170108343, 0.002758727355905535, -0.1979545531221688;
 -0.02571318986131527, -0.9932072687991983, 0.1134819504220522;
 -0.1962968352918042, 0.1163258811606984, 0.9736199678655988]
2020/03/09 14:50:06 948438	INFO [input.cpp->run:256]	frame times (ms): 166.765
2020/03/09 14:50:06 948441	INFO [input.cpp->run:257]	FPS: 5.99646
2020/03/09 14:50:07 094853	INFO [input.cpp->run:173]	
frame_id 16
2020/03/09 14:50:07 147381	INFO [input.cpp->run:235]	rotation: 
[-0.9994886222517387, 0.007739550780506642, 0.03102568843776028;
 -0.008220761884416701, -0.9998474230122802, -0.01541264966649456;
 0.03090166764692052, -0.0156598227773603, 0.9993997482925545]
2020/03/09 14:50:07 147442	INFO [input.cpp->run:256]	frame times (ms): 171.284
2020/03/09 14:50:07 147446	INFO [input.cpp->run:257]	FPS: 5.83826
2020/03/09 14:50:07 296002	INFO [input.cpp->run:173]	
frame_id 17
2020/03/09 14:50:07 353790	INFO [input.cpp->run:235]	rotation: 
[-0.8968723596811957, -0.0001512266177300203, -0.442289438682854;
 -0.007912524055345796, -0.9998344180312758, 0.01638683871689318;
 -0.4422186816530455, 0.01819652853073863, 0.8967226572059348]
2020/03/09 14:50:07 353847	INFO [input.cpp->run:256]	frame times (ms): 182.85
2020/03/09 14:50:07 353851	INFO [input.cpp->run:257]	FPS: 5.46896
2020/03/09 14:50:07 494133	INFO [input.cpp->run:173]	
frame_id 18
2020/03/09 14:50:07 552911	INFO [input.cpp->run:235]	rotation: 
[-0.9999489592213997, 0.0003054980795683245, -0.01009879314388585;
 0.0002634761745403862, -0.9984143406655664, -0.05629151742178969;
 -0.01009997684873908, -0.05629130505029691, 0.9983633003287875]
2020/03/09 14:50:07 552974	INFO [input.cpp->run:256]	frame times (ms): 177.332
2020/03/09 14:50:07 552990	INFO [input.cpp->run:257]	FPS: 5.63914
2020/03/09 14:50:07 694683	INFO [input.cpp->run:173]	
frame_id 19
2020/03/09 14:50:07 748628	INFO [input.cpp->run:235]	rotation: 
[-0.9548926123902235, -0.0193977315497328, -0.2963171051648875;
 -0.02808209160523133, -0.9874933444879249, 0.1551395846427593;
 -0.2956205252238922, 0.156462847356096, 0.9424053705617204]
2020/03/09 14:50:07 748687	INFO [input.cpp->run:256]	frame times (ms): 165.25
2020/03/09 14:50:07 748690	INFO [input.cpp->run:257]	FPS: 6.05144
2020/03/09 14:50:07 894194	INFO [input.cpp->run:173]	
frame_id 20
2020/03/09 14:50:07 948152	INFO [input.cpp->run:235]	rotation: 
[-0.933604211641068, -0.04707307402407883, -0.355200368395056;
 -0.01460357717379791, -0.9855097527588658, 0.1689889426882371;
 -0.3580082562452839, 0.1629559846065279, 0.9193886205197064]
2020/03/09 14:50:07 948219	INFO [input.cpp->run:256]	frame times (ms): 172.614
2020/03/09 14:50:07 948222	INFO [input.cpp->run:257]	FPS: 5.79327
2020/03/09 14:50:08 097372	INFO [input.cpp->run:173]	
frame_id 21
2020/03/09 14:50:08 154718	INFO [input.cpp->run:235]	rotation: 
[0.9999879006631486, -0.004908614748493188, -0.0003225345868241484;
 0.004912168300508035, 0.9999142648167462, 0.01213810605380908;
 0.0002629256478677397, -0.01213954353494841, 0.9999262784590006]
2020/03/09 14:50:08 154779	INFO [input.cpp->run:256]	frame times (ms): 171.195
2020/03/09 14:50:08 154789	INFO [input.cpp->run:257]	FPS: 5.84129
2020/03/09 14:50:08 296634	INFO [input.cpp->run:173]	
frame_id 22
2020/03/09 14:50:08 349535	INFO [input.cpp->run:235]	rotation: 
[-0.9958147343939308, -0.006572933876459725, 0.09115816641530736;
 0.003853971128867077, -0.9995433421664536, -0.02997088649429259;
 0.09131353497966793, -0.02949412943233957, 0.995385319692101]
2020/03/09 14:50:08 349581	INFO [input.cpp->run:256]	frame times (ms): 167.08
2020/03/09 14:50:08 349583	INFO [input.cpp->run:257]	FPS: 5.98516
2020/03/09 14:50:08 495828	INFO [input.cpp->run:173]	
frame_id 23
2020/03/09 14:50:08 547722	INFO [input.cpp->run:235]	rotation: 
[-0.9986384531539063, 0.00550493328677744, 0.05187422859071211;
 -0.01003044643297671, -0.9961238360466544, -0.0873881765689903;
 0.05119208949367576, -0.08778951514392803, 0.9948227837178162]
2020/03/09 14:50:08 547779	INFO [input.cpp->run:256]	frame times (ms): 173.579
2020/03/09 14:50:08 547825	INFO [input.cpp->run:257]	FPS: 5.76107
2020/03/09 14:50:08 695824	INFO [input.cpp->run:173]	
frame_id 24
2020/03/09 14:50:08 749314	INFO [input.cpp->run:235]	rotation: 
[-0.9437668371826509, 0.02299194970194798, -0.3298113510526265;
 0.006688655876659198, -0.996046904031097, -0.08857667216954065;
 -0.3305441255215699, -0.08580172037301897, 0.9398822510635096]
2020/03/09 14:50:08 749357	INFO [input.cpp->run:256]	frame times (ms): 169.732
2020/03/09 14:50:08 749359	INFO [input.cpp->run:257]	FPS: 5.89164
2020/03/09 14:50:08 896992	INFO [input.cpp->run:173]	
frame_id 25
2020/03/09 14:50:08 947727	INFO [input.cpp->run:235]	rotation: 
[0.9999527497520764, -0.009620032873242325, 0.001397580330097409;
 0.009607878539919285, 0.9999180753888188, 0.008457610814083321;
 -0.001478828327932843, -0.008443783407814159, 0.9999632571192496]
2020/03/09 14:50:08 947773	INFO [input.cpp->run:256]	frame times (ms): 161.97
2020/03/09 14:50:08 947777	INFO [input.cpp->run:257]	FPS: 6.17398
2020/03/09 14:50:09 098154	INFO [input.cpp->run:173]	
frame_id 26
2020/03/09 14:50:09 153719	INFO [input.cpp->run:235]	rotation: 
[-0.9951335733883855, 0.02051335165669447, -0.09637620826257738;
 -0.01477934116107037, -0.9980987026179168, -0.05983770472934367;
 -0.09742044030955511, -0.05812213206894786, 0.9935447023529705]
2020/03/09 14:50:09 153776	INFO [input.cpp->run:256]	frame times (ms): 166.898
2020/03/09 14:50:09 153781	INFO [input.cpp->run:257]	FPS: 5.99168
2020/03/09 14:50:09 294885	INFO [input.cpp->run:173]	
frame_id 27
2020/03/09 14:50:09 349007	INFO [input.cpp->run:235]	rotation: 
[-0.9949068643898348, 0.003691154202478697, 0.1007308620564747;
 -0.005944025529910512, -0.999738662998035, -0.02207428973718228;
 0.1006230577476493, -0.02256060920176631, 0.994668798727475]
2020/03/09 14:50:09 349067	INFO [input.cpp->run:256]	frame times (ms): 169.117
2020/03/09 14:50:09 349074	INFO [input.cpp->run:257]	FPS: 5.91307
2020/03/09 14:50:09 495194	INFO [input.cpp->run:173]	
frame_id 28
2020/03/09 14:50:09 549707	INFO [input.cpp->run:235]	rotation: 
[-0.992281773936557, 0.01252234622227327, -0.1233696557440643;
 -0.002480014638192318, -0.9966931262604682, -0.08121983496984424;
 -0.1239787507628375, -0.08028700337055743, 0.9890314789980457]
2020/03/09 14:50:09 549767	INFO [input.cpp->run:256]	frame times (ms): 171.894
2020/03/09 14:50:09 549771	INFO [input.cpp->run:257]	FPS: 5.81754
2020/03/09 14:50:09 696050	INFO [input.cpp->run:173]	
frame_id 29
2020/03/09 14:50:09 749359	INFO [input.cpp->run:235]	rotation: 
[-0.9468454985107538, 0.01329595251263849, -0.3214137825244956;
 -0.00388425593881902, -0.9995451763951908, -0.02990573357917629;
 -0.3216652211628168, -0.02706765582551591, 0.9464664957104338]
2020/03/09 14:50:09 749401	INFO [input.cpp->run:256]	frame times (ms): 172.287
2020/03/09 14:50:09 749404	INFO [input.cpp->run:257]	FPS: 5.80427
2020/03/09 14:50:09 895029	INFO [input.cpp->run:173]	
frame_id 30
2020/03/09 14:50:09 947915	INFO [input.cpp->run:235]	rotation: 
[-0.9717557904789238, -0.006058650573050946, -0.2359109501992556;
 -0.03241246564257985, -0.9867698356255924, 0.1588544099809945;
 -0.2337522529124598, 0.1620141483101861, 0.9587029258355659]
2020/03/09 14:50:09 947973	INFO [input.cpp->run:256]	frame times (ms): 170.161
2020/03/09 14:50:09 947979	INFO [input.cpp->run:257]	FPS: 5.87679
2020/03/09 14:50:10 094906	INFO [input.cpp->run:173]	
frame_id 31
2020/03/09 14:50:10 149161	INFO [input.cpp->run:235]	rotation: 
[-0.9187540971824959, 0.0006244745490072182, -0.3948297341157508;
 -0.001323855368988155, -0.999998000297896, 0.00149893534593132;
 -0.3948280085269267, 0.001899850453831364, 0.9187530866619797]
2020/03/09 14:50:10 149225	INFO [input.cpp->run:256]	frame times (ms): 172.341
2020/03/09 14:50:10 149230	INFO [input.cpp->run:257]	FPS: 5.80245
2020/03/09 14:50:10 294476	INFO [input.cpp->run:173]	
frame_id 32
2020/03/09 14:50:10 346753	INFO [input.cpp->run:235]	rotation: 
[-0.9891716610614608, 0.01053519568456274, -0.1463845435993787;
 0.001600537049875002, -0.9965865464774063, -0.08253904325462269;
 -0.1467544317356801, -0.08187957640415874, 0.9857783075995397]
2020/03/09 14:50:10 346815	INFO [input.cpp->run:256]	frame times (ms): 166.64
2020/03/09 14:50:10 346818	INFO [input.cpp->run:257]	FPS: 6.00096
2020/03/09 14:50:10 496994	INFO [input.cpp->run:173]	
frame_id 33
2020/03/09 14:50:10 552014	INFO [input.cpp->run:235]	rotation: 
[-0.9723660857049625, -0.009385868841706495, 0.2332725891246027;
 -0.0211955187527675, -0.9915159960905419, -0.1282449978805473;
 0.2324971942962119, -0.1296454201376462, 0.9639175896733716]
2020/03/09 14:50:10 552072	INFO [input.cpp->run:256]	frame times (ms): 171.707
2020/03/09 14:50:10 552075	INFO [input.cpp->run:257]	FPS: 5.82387
2020/03/09 14:50:10 695368	INFO [input.cpp->run:173]	
frame_id 34
2020/03/09 14:50:10 751698	INFO [input.cpp->run:235]	rotation: 
[-0.9981494959605969, 0.002245525046331477, 0.06076628449125899;
 -0.003620541218243816, -0.9997396721110257, -0.02252730983996586;
 0.06069987969422446, -0.02270562979979025, 0.9978977798254193]
2020/03/09 14:50:10 751770	INFO [input.cpp->run:256]	frame times (ms): 180.227
2020/03/09 14:50:10 751775	INFO [input.cpp->run:257]	FPS: 5.54856
2020/03/09 14:50:10 896071	INFO [input.cpp->run:173]	
frame_id 35
2020/03/09 14:50:10 950886	INFO [input.cpp->run:235]	rotation: 
[-0.9997971471880824, -0.0009619225428746127, 0.02011813061875528;
 0.0005980111194743435, -0.9998362392764913, -0.01808692931770742;
 0.02013223428417159, -0.01807122946742332, 0.9996339949242736]
2020/03/09 14:50:10 950945	INFO [input.cpp->run:256]	frame times (ms): 177.983
2020/03/09 14:50:10 950948	INFO [input.cpp->run:257]	FPS: 5.61851
2020/03/09 14:50:11 098255	INFO [input.cpp->run:173]	
frame_id 36
2020/03/09 14:50:11 156068	INFO [input.cpp->run:235]	rotation: 
[-0.9996461206450106, 0.00715639601784186, 0.02562068452279693;
 -0.007268172508928105, -0.9999644600085981, -0.004272281368687926;
 0.0255891998265153, -0.004456985051421354, 0.999662607151278]
2020/03/09 14:50:11 156129	INFO [input.cpp->run:256]	frame times (ms): 183.041
2020/03/09 14:50:11 156134	INFO [input.cpp->run:257]	FPS: 5.46326
2020/03/09 14:50:11 296696	INFO [input.cpp->run:173]	
frame_id 37
2020/03/09 14:50:11 353782	INFO [input.cpp->run:235]	rotation: 
[-0.9985584123553048, 0.002237177830987759, 0.05362920985624869;
 -0.004995919133403606, -0.9986675893068886, -0.05136230972201596;
 0.05344284710291469, -0.05155619364654785, 0.9972390992085172]
2020/03/09 14:50:11 353831	INFO [input.cpp->run:256]	frame times (ms): 177.085
2020/03/09 14:50:11 353835	INFO [input.cpp->run:257]	FPS: 5.64701
2020/03/09 14:50:11 496630	INFO [input.cpp->run:173]	
frame_id 38
2020/03/09 14:50:11 548636	INFO [input.cpp->run:235]	rotation: 
[-0.8962556373281458, -0.00208654212137913, -0.443532951311957;
 -0.01012612088993253, -0.9996320324371002, 0.02516468560095294;
 -0.4434222527492745, 0.02704525961509793, 0.8959047157477797]
2020/03/09 14:50:11 548692	INFO [input.cpp->run:256]	frame times (ms): 166.55
2020/03/09 14:50:11 548696	INFO [input.cpp->run:257]	FPS: 6.0042
2020/03/09 14:50:11 697624	INFO [input.cpp->run:173]	
frame_id 39
2020/03/09 14:50:11 753103	INFO [input.cpp->run:235]	rotation: 
[-0.9155109672664953, -0.0213988504305103, -0.4017234845201595;
 -0.02742791720130643, -0.9929405132251901, 0.1153986419074959;
 -0.4013569211721214, 0.1166671607452108, 0.9084610038030727]
2020/03/09 14:50:11 753161	INFO [input.cpp->run:256]	frame times (ms): 171.861
2020/03/09 14:50:11 753166	INFO [input.cpp->run:257]	FPS: 5.81866
2020/03/09 14:50:11 897217	INFO [input.cpp->run:173]	
frame_id 40
2020/03/09 14:50:11 953085	INFO [input.cpp->run:235]	rotation: 
[-0.9471474071359481, -0.03028117053749037, -0.3193663098489413;
 -0.03834603499207666, -0.9777104968704875, 0.2064261754469402;
 -0.3184986197082131, 0.2077624485323176, 0.92487479921545]
2020/03/09 14:50:11 953130	INFO [input.cpp->run:256]	frame times (ms): 179.457
2020/03/09 14:50:11 953133	INFO [input.cpp->run:257]	FPS: 5.57237
2020/03/09 14:50:12 097455	INFO [input.cpp->run:173]	
frame_id 41
2020/03/09 14:50:12 151706	INFO [input.cpp->run:235]	rotation: 
[-0.9577463450419876, -0.02657467875520676, -0.2863838770038767;
 -0.03219638413175875, -0.9795576232475367, 0.1985705305086261;
 -0.2858064579528501, 0.1994007251408443, 0.937312124857964]
2020/03/09 14:50:12 151754	INFO [input.cpp->run:256]	frame times (ms): 175.303
2020/03/09 14:50:12 151757	INFO [input.cpp->run:257]	FPS: 5.70441
2020/03/09 14:50:12 295286	INFO [input.cpp->run:173]	
frame_id 42
2020/03/09 14:50:12 349195	INFO [input.cpp->run:235]	rotation: 
[-0.9997141256729247, 0.00313756525619574, 0.02370279760456118;
 -0.003308908224006275, -0.9999686550955874, -0.007193048914566896;
 0.0236794859822755, -0.007269422988474513, 0.9996931716446955]
2020/03/09 14:50:12 349242	INFO [input.cpp->run:256]	frame times (ms): 168.819
2020/03/09 14:50:12 349246	INFO [input.cpp->run:257]	FPS: 5.9235
2020/03/09 14:50:12 498527	INFO [input.cpp->run:173]	
frame_id 43
2020/03/09 14:50:12 552621	INFO [input.cpp->run:235]	rotation: 
[-0.930508793454414, 0.003122604196204215, -0.3662562417857813;
 -0.00394413937162052, -0.9999911046287424, 0.001494800322726722;
 -0.366248316130775, 0.002835490508084775, 0.9305128322193903]
2020/03/09 14:50:12 552667	INFO [input.cpp->run:256]	frame times (ms): 178.178
2020/03/09 14:50:12 552670	INFO [input.cpp->run:257]	FPS: 5.61237
2020/03/09 14:50:12 696613	INFO [input.cpp->run:173]	
frame_id 44
2020/03/09 14:50:12 748406	INFO [input.cpp->run:235]	rotation: 
[-0.9947500602410518, -0.003571657766317009, 0.1022719947552801;
 0.008598839907763917, -0.9987736826567268, 0.0487564435183752;
 0.1019724355042302, 0.04937989563699149, 0.9935608931032942]
2020/03/09 14:50:12 748452	INFO [input.cpp->run:256]	frame times (ms): 170.145
2020/03/09 14:50:12 748456	INFO [input.cpp->run:257]	FPS: 5.87734
2020/03/09 14:50:12 896292	INFO [input.cpp->run:173]	
frame_id 45
2020/03/09 14:50:12 948803	INFO [input.cpp->run:235]	rotation: 
[-0.2413625194027602, 0.02578066402216798, 0.9700925170261485;
 0.1996471028192207, -0.9769443582193145, 0.0756356746472418;
 0.9496763493756406, 0.2119317774804618, 0.2306507167353448]
2020/03/09 14:50:12 948862	INFO [input.cpp->run:256]	frame times (ms): 164.281
2020/03/09 14:50:12 948865	INFO [input.cpp->run:257]	FPS: 6.08713
2020/03/09 14:50:13 097650	INFO [input.cpp->run:173]	
frame_id 46
2020/03/09 14:50:13 151497	INFO [input.cpp->run:235]	rotation: 
[-0.922771159671834, 0.02006579393374187, -0.3848256108833027;
 0.008274589462019605, -0.9973812973092298, -0.0718476091946898;
 -0.385259546341338, -0.06948317560076286, 0.9201886601460049]
2020/03/09 14:50:13 151557	INFO [input.cpp->run:256]	frame times (ms): 171.664
2020/03/09 14:50:13 151563	INFO [input.cpp->run:257]	FPS: 5.82533
2020/03/09 14:50:13 297640	INFO [input.cpp->run:173]	
frame_id 47
2020/03/09 14:50:13 352740	INFO [input.cpp->run:235]	rotation: 
[-0.9205717539633589, 0.02176050570817602, -0.3899668270457752;
 0.009377828370606169, -0.996927442956717, -0.07776715125831313;
 -0.390460884263554, -0.07524728480886428, 0.9175391784490827]
2020/03/09 14:50:13 352784	INFO [input.cpp->run:256]	frame times (ms): 165.125
2020/03/09 14:50:13 352786	INFO [input.cpp->run:257]	FPS: 6.05602
2020/03/09 14:50:13 499452	INFO [input.cpp->run:173]	
frame_id 48
2020/03/09 14:50:13 552696	INFO [input.cpp->run:235]	rotation: 
[-0.930103972190249, 0.04353378365525393, -0.3647072944109812;
 0.02847579158619932, -0.9814157153075724, -0.1897691308955841;
 -0.3661908385110964, -0.1868903513506878, 0.9115789962271821]
2020/03/09 14:50:13 552739	INFO [input.cpp->run:256]	frame times (ms): 162.806
2020/03/09 14:50:13 552742	INFO [input.cpp->run:257]	FPS: 6.14228
2020/03/09 14:50:13 697775	INFO [input.cpp->run:173]	
frame_id 49
2020/03/09 14:50:13 751664	INFO [input.cpp->run:235]	rotation: 
[0.9999987031074949, -0.0005937443944352709, 0.001497080800195092;
 0.0005939517116761927, 0.9999998140831161, -0.0001380402022919236;
 -0.001496998561266177, 0.0001389292169724133, 0.9999988698463514]
2020/03/09 14:50:13 751709	INFO [input.cpp->run:256]	frame times (ms): 164.819
2020/03/09 14:50:13 751714	INFO [input.cpp->run:257]	FPS: 6.06726
2020/03/09 14:50:13 899017	INFO [input.cpp->run:173]	
frame_id 50
2020/03/09 14:50:13 954482	INFO [input.cpp->run:235]	rotation: 
[-0.9974107863416417, 0.01619471823638717, -0.07006749881786868;
 -0.03683911941135642, -0.9518289902082925, 0.3044083649968542;
 -0.06176246894630932, 0.3062014116562923, 0.9499611007453672]
2020/03/09 14:50:13 954547	INFO [input.cpp->run:256]	frame times (ms): 167.641
2020/03/09 14:50:13 954551	INFO [input.cpp->run:257]	FPS: 5.96513
2020/03/09 14:50:14 099123	INFO [input.cpp->run:173]	
frame_id 51
2020/03/09 14:50:14 150912	INFO [input.cpp->run:235]	rotation: 
[-0.9999740266084177, -0.006409137048616644, 0.003296827390004827;
 0.006457863339820609, -0.9998668224105043, 0.01498777647969738;
 0.003200329612967629, 0.01500867765704956, 0.9998822418091815]
2020/03/09 14:50:14 150976	INFO [input.cpp->run:256]	frame times (ms): 169.761
2020/03/09 14:50:14 150980	INFO [input.cpp->run:257]	FPS: 5.89063
2020/03/09 14:50:14 300679	INFO [input.cpp->run:173]	
frame_id 52
2020/03/09 14:50:14 353560	INFO [input.cpp->run:235]	rotation: 
[-0.8948249660271022, -0.006246508855499443, -0.446373454969842;
 -0.01430805355068284, -0.998987084483046, 0.04266244999591937;
 -0.4461878077426435, 0.04456216066554331, 0.8938292085508464]
2020/03/09 14:50:14 353615	INFO [input.cpp->run:256]	frame times (ms): 173.249
2020/03/09 14:50:14 353617	INFO [input.cpp->run:257]	FPS: 5.77204
2020/03/09 14:50:14 497931	INFO [input.cpp->run:173]	
frame_id 53
2020/03/09 14:50:14 550533	INFO [input.cpp->run:235]	rotation: 
[-0.9999937279083345, 0.001423209958069298, 0.003243241805215388;
 -0.001452675854121362, -0.9999575284976057, -0.009101150137378933;
 0.003230151212357891, -0.009105804433190524, 0.9999533241350671]
2020/03/09 14:50:14 550596	INFO [input.cpp->run:256]	frame times (ms): 169.678
2020/03/09 14:50:14 550600	INFO [input.cpp->run:257]	FPS: 5.89352
2020/03/09 14:50:14 699688	INFO [input.cpp->run:173]	
frame_id 54
2020/03/09 14:50:14 755121	INFO [input.cpp->run:235]	rotation: 
[-0.922526005139822, 0.02580355136416042, -0.3850713525799579;
 0.01086098986894763, -0.9956313992356673, -0.0927370247263401;
 -0.38578207415564, -0.08973457300853632, 0.9182156052187022]
2020/03/09 14:50:14 755186	INFO [input.cpp->run:256]	frame times (ms): 176.485
2020/03/09 14:50:14 755190	INFO [input.cpp->run:257]	FPS: 5.6662
2020/03/09 14:50:14 899235	INFO [input.cpp->run:173]	
frame_id 55
2020/03/09 14:50:14 954275	INFO [input.cpp->run:235]	rotation: 
[-0.8831598666387428, -0.02795581740275263, -0.4682383177741673;
 -0.03402376389751419, -0.9917752481341976, 0.1233865498285656;
 -0.467836545653377, 0.1249012788633281, 0.8749449337469311]
2020/03/09 14:50:14 954327	INFO [input.cpp->run:256]	frame times (ms): 176.82
2020/03/09 14:50:14 954332	INFO [input.cpp->run:257]	FPS: 5.65547
2020/03/09 14:50:15 096692	INFO [input.cpp->run:173]	
frame_id 56
2020/03/09 14:50:15 150251	INFO [input.cpp->run:235]	rotation: 
[0.9999883876374087, 0.003579694735923134, 0.003226511418435071;
 -0.003539210794040775, 0.9999160223231962, -0.01246684756916386;
 -0.003270867972118861, 0.01245528349557029, 0.9999170802300329]
2020/03/09 14:50:15 150296	INFO [input.cpp->run:256]	frame times (ms): 171.257
2020/03/09 14:50:15 150300	INFO [input.cpp->run:257]	FPS: 5.83918
2020/03/09 14:50:15 299947	INFO [input.cpp->run:173]	
frame_id 57
2020/03/09 14:50:15 353508	INFO [input.cpp->run:235]	rotation: 
[0.9998611715255125, -0.01666243666710234, -2.966385825908417e-05;
 0.01664682819695328, 0.998844285230749, 0.04508854591639937;
 -0.0007216554654437594, -0.04508278015150503, 0.9989829939229197]
2020/03/09 14:50:15 353548	INFO [input.cpp->run:256]	frame times (ms): 177.058
2020/03/09 14:50:15 353549	INFO [input.cpp->run:257]	FPS: 5.64787
2020/03/09 14:50:15 496335	INFO [input.cpp->run:173]	
frame_id 58
2020/03/09 14:50:15 546792	INFO [input.cpp->run:235]	rotation: 
[0.216558514685887, -0.3741710877130443, 0.9017196941603749;
 0.3347191895497365, -0.8391978021210152, -0.4286141773931714;
 0.9170962184330553, 0.3946429348599753, -0.05649318632273437]
2020/03/09 14:50:15 546846	INFO [input.cpp->run:256]	frame times (ms): 159.208
2020/03/09 14:50:15 546850	INFO [input.cpp->run:257]	FPS: 6.28109
2020/03/09 14:50:15 699230	INFO [input.cpp->run:173]	
frame_id 59
2020/03/09 14:50:15 750596	INFO [input.cpp->run:235]	rotation: 
[-0.8944267520428668, -0.02137197929871156, -0.4467035076321916;
 -0.04335451910740468, -0.990008982493319, 0.1341737688801681;
 -0.4451080440780796, 0.1393752240658236, 0.8845639468198935]
2020/03/09 14:50:15 750633	INFO [input.cpp->run:256]	frame times (ms): 168.263
2020/03/09 14:50:15 750635	INFO [input.cpp->run:257]	FPS: 5.94308
2020/03/09 14:50:15 900079	INFO [input.cpp->run:173]	
frame_id 60
2020/03/09 14:50:15 954068	INFO [input.cpp->run:235]	rotation: 
[-0.9999574088487106, 0.001556394854234815, 0.00909714920346936;
 -0.001611975498901157, -0.9999800617511853, -0.006105541342629499;
 0.00908746518911705, -0.006119945682220312, 0.9999399803194606]
2020/03/09 14:50:15 954110	INFO [input.cpp->run:256]	frame times (ms): 167.374
2020/03/09 14:50:15 954112	INFO [input.cpp->run:257]	FPS: 5.97464
2020/03/09 14:50:16 099821	INFO [input.cpp->run:173]	
frame_id 61
2020/03/09 14:50:16 151513	INFO [input.cpp->run:235]	rotation: 
[-0.9986448994934007, -0.03521919426444878, -0.03831413670146345;
 0.03392354319325482, -0.9988473987098891, 0.03395684478427038;
 -0.03946590849113681, 0.03261107857539634, 0.9986886199517435]
2020/03/09 14:50:16 151551	INFO [input.cpp->run:256]	frame times (ms): 167.881
2020/03/09 14:50:16 151553	INFO [input.cpp->run:257]	FPS: 5.9566
2020/03/09 14:50:16 296062	INFO [input.cpp->run:173]	
frame_id 62
2020/03/09 14:50:16 348901	INFO [input.cpp->run:235]	rotation: 
[-0.9990708360181678, -0.0048080942650783, -0.0428292755892203;
 0.003466723714547111, -0.999502819482984, 0.03133840570693554;
 -0.04295865971659564, 0.03116080992374259, 0.9985907857977909]
2020/03/09 14:50:16 348944	INFO [input.cpp->run:256]	frame times (ms): 176.684
2020/03/09 14:50:16 348946	INFO [input.cpp->run:257]	FPS: 5.65982
2020/03/09 14:50:16 495619	INFO [input.cpp->run:173]	
frame_id 63
2020/03/09 14:50:16 548456	INFO [input.cpp->run:235]	rotation: 
[-0.9992103616368867, -0.005247434757752968, 0.0393842306760608;
 0.005104225613737279, -0.9999799948500467, -0.003735877485211764;
 0.03940304656198694, -0.003531901494035463, 0.9992171563746644]
2020/03/09 14:50:16 548502	INFO [input.cpp->run:256]	frame times (ms): 182.247
2020/03/09 14:50:16 548506	INFO [input.cpp->run:257]	FPS: 5.48706
2020/03/09 14:50:16 698433	INFO [input.cpp->run:173]	
frame_id 64
2020/03/09 14:50:16 751226	INFO [input.cpp->run:235]	rotation: 
[-0.973827139909196, -0.01020908659351741, -0.227060512038534;
 -0.01812210207035982, -0.9923228297414718, 0.1223396542026722;
 -0.2265663059522016, 0.1232524893249788, 0.9661658930444446]
2020/03/09 14:50:16 751263	INFO [input.cpp->run:256]	frame times (ms): 174.864
2020/03/09 14:50:16 751279	INFO [input.cpp->run:257]	FPS: 5.71873
2020/03/09 14:50:16 898311	INFO [input.cpp->run:173]	
frame_id 65
2020/03/09 14:50:16 950830	INFO [input.cpp->run:235]	rotation: 
[-0.9985556167047569, -0.003117211270358772, 0.05363733160102713;
 0.0006069271180657264, -0.9989062567838275, -0.04675384259711113;
 0.05372440773853122, -0.04665375817678609, 0.9974653451930675]
2020/03/09 14:50:16 950878	INFO [input.cpp->run:256]	frame times (ms): 183.123
2020/03/09 14:50:16 950881	INFO [input.cpp->run:257]	FPS: 5.46081
2020/03/09 14:50:17 095885	INFO [input.cpp->run:173]	
frame_id 66
2020/03/09 14:50:17 151178	INFO [input.cpp->run:235]	rotation: 
[-0.9999935809127998, 0.002527978949540825, -0.002539184047371004;
 -0.002519893972381, -0.9999917616659308, -0.003182253075443015;
 -0.00254720779751139, -0.003175834173707295, 0.9999917128705302]
2020/03/09 14:50:17 151272	INFO [input.cpp->run:256]	frame times (ms): 175.864
2020/03/09 14:50:17 151278	INFO [input.cpp->run:257]	FPS: 5.68621
2020/03/09 14:50:17 296475	INFO [input.cpp->run:173]	
frame_id 67
2020/03/09 14:50:17 347953	INFO [input.cpp->run:235]	rotation: 
[-0.9058905473135839, -0.008553601756068032, 0.4234254977973033;
 -0.01245748717654308, -0.9988252289426871, -0.04682919005102498;
 0.4233286280198184, -0.04769693831460613, 0.9047197769333168]
2020/03/09 14:50:17 348009	INFO [input.cpp->run:256]	frame times (ms): 174
2020/03/09 14:50:17 348013	INFO [input.cpp->run:257]	FPS: 5.74713
2020/03/09 14:50:17 499339	INFO [input.cpp->run:173]	
frame_id 68
2020/03/09 14:50:17 551835	INFO [input.cpp->run:235]	rotation: 
[-0.9976143367485951, -0.002391987015716427, 0.06899212644771376;
 0.003808918108072696, -0.9997843704963636, 0.02041334499870024;
 0.0689284212535488, 0.02062743099143973, 0.9974083325469998]
2020/03/09 14:50:17 551885	INFO [input.cpp->run:256]	frame times (ms): 178.463
2020/03/09 14:50:17 551891	INFO [input.cpp->run:257]	FPS: 5.6034
2020/03/09 14:50:17 696812	INFO [input.cpp->run:173]	
frame_id 69
2020/03/09 14:50:17 748355	INFO [input.cpp->run:235]	rotation: 
[-0.9999262495138417, 0.002361800318566272, -0.01191291032610024;
 -0.00237905716023687, -0.9999961409688083, 0.001434619991395879;
 -0.01190947606785501, 0.00146285568208463, 0.9999280096252142]
2020/03/09 14:50:17 748409	INFO [input.cpp->run:256]	frame times (ms): 169.769
2020/03/09 14:50:17 748413	INFO [input.cpp->run:257]	FPS: 5.89036
2020/03/09 14:50:17 901283	INFO [input.cpp->run:173]	
frame_id 70
2020/03/09 14:50:17 955733	INFO [input.cpp->run:235]	rotation: 
[-0.9969244565599977, -0.01233733200891458, -0.07739133124229745;
 0.009417057054580034, -0.9992338985701402, 0.037985984056616;
 -0.07780068732976579, 0.03714035793070002, 0.9962768926677938]
2020/03/09 14:50:17 955775	INFO [input.cpp->run:256]	frame times (ms): 171.265
2020/03/09 14:50:17 955778	INFO [input.cpp->run:257]	FPS: 5.8389
2020/03/09 14:50:18 096280	INFO [input.cpp->run:173]	
frame_id 71
2020/03/09 14:50:18 149067	INFO [input.cpp->run:235]	rotation: 
[-0.9993140569370902, 0.006781220257121365, 0.03640646453253254;
 -0.006616574523334244, -0.9999673404391399, 0.004641012459612826;
 0.03643674724109312, 0.004396942903600649, 0.9993262882280198]
2020/03/09 14:50:18 149116	INFO [input.cpp->run:256]	frame times (ms): 175.152
2020/03/09 14:50:18 149120	INFO [input.cpp->run:257]	FPS: 5.70933
2020/03/09 14:50:18 301781	INFO [input.cpp->run:173]	
frame_id 72
2020/03/09 14:50:18 356826	INFO [input.cpp->run:235]	rotation: 
[-0.9996782750817572, -0.001536442654522438, -0.02531769487003105;
 0.002058413552543219, -0.9997856023585489, -0.02060369506181642;
 -0.02528061042003018, -0.02064918062594679, 0.9994671090517528]
2020/03/09 14:50:18 356869	INFO [input.cpp->run:256]	frame times (ms): 175.876
2020/03/09 14:50:18 356872	INFO [input.cpp->run:257]	FPS: 5.68582
2020/03/09 14:50:18 499853	INFO [input.cpp->run:173]	
frame_id 73
2020/03/09 14:50:18 552650	INFO [input.cpp->run:235]	rotation: 
[-0.7748526864512482, -0.1778638241867487, 0.6066034737330054;
 -0.1862882444802876, -0.8527375640000006, -0.4879911238043143;
 0.6040695359540459, -0.4911243294615024, 0.6276120527389937]
2020/03/09 14:50:18 552687	INFO [input.cpp->run:256]	frame times (ms): 176.497
2020/03/09 14:50:18 552689	INFO [input.cpp->run:257]	FPS: 5.66582
2020/03/09 14:50:18 699207	INFO [input.cpp->run:173]	
frame_id 74
2020/03/09 14:50:18 753883	INFO [input.cpp->run:235]	rotation: 
[-0.9998630898249287, 0.005092883753254917, 0.01574370162390059;
 -0.005272449759014266, -0.9999212862636399, -0.01138518995918602;
 0.01568447892935077, -0.01146663908666841, 0.9998112388389977]
2020/03/09 14:50:18 753924	INFO [input.cpp->run:256]	frame times (ms): 177.951
2020/03/09 14:50:18 753926	INFO [input.cpp->run:257]	FPS: 5.61952
2020/03/09 14:50:18 900036	INFO [input.cpp->run:173]	
frame_id 75
2020/03/09 14:50:18 952502	INFO [input.cpp->run:235]	rotation: 
[-0.9922514669403962, 0.001112683624705623, -0.1242408479115587;
 -0.009940982046269361, -0.9974650237184897, 0.07046065096370219;
 -0.1238474998963948, 0.07114976031881082, 0.989747194174345]
2020/03/09 14:50:18 952543	INFO [input.cpp->run:256]	frame times (ms): 181.312
2020/03/09 14:50:18 952545	INFO [input.cpp->run:257]	FPS: 5.51535
2020/03/09 14:50:19 098760	INFO [input.cpp->run:173]	
frame_id 76
2020/03/09 14:50:19 153534	INFO [input.cpp->run:235]	rotation: 
[-0.1580131829345367, -0.5514878078653592, 0.819080601525123;
 -0.5398250961298666, -0.6463228379448058, -0.5393103510404308;
 0.8268135821376404, -0.5273784096138493, -0.1955794300684255]
2020/03/09 14:50:19 153573	INFO [input.cpp->run:256]	frame times (ms): 180.431
2020/03/09 14:50:19 153575	INFO [input.cpp->run:257]	FPS: 5.54228
2020/03/09 14:50:19 299927	INFO [input.cpp->run:173]	
frame_id 77
2020/03/09 14:50:19 352508	INFO [input.cpp->run:235]	rotation: 
[-0.9999901217097134, 0.004064022924841137, 0.001800055737761064;
 -0.004104526951660381, -0.9997247215881274, -0.02310051739776146;
 0.001705679188996097, -0.02310767758143497, 0.9997315269087487]
2020/03/09 14:50:19 352547	INFO [input.cpp->run:256]	frame times (ms): 180.368
2020/03/09 14:50:19 352549	INFO [input.cpp->run:257]	FPS: 5.54422
2020/03/09 14:50:19 499902	INFO [input.cpp->run:173]	
frame_id 78
2020/03/09 14:50:19 552612	INFO [input.cpp->run:235]	rotation: 
[-0.9998472082209851, -0.001867968600668487, 0.01738018716841421;
 0.001837799031463807, -0.9999967770685746, -0.001751669827169144;
 0.01738340321749869, -0.001719460895275233, 0.9998474187328814]
2020/03/09 14:50:19 552650	INFO [input.cpp->run:256]	frame times (ms): 169.123
2020/03/09 14:50:19 552653	INFO [input.cpp->run:257]	FPS: 5.91286
2020/03/09 14:50:19 697900	INFO [input.cpp->run:173]	
frame_id 79
2020/03/09 14:50:19 746605	INFO [input.cpp->run:235]	rotation: 
[-0.9985773359231814, 0.006883388682500973, 0.05287648949020084;
 -0.006540882567196097, -0.9999565108702922, 0.006647798383926666;
 0.05291994931785038, 0.006292481891654938, 0.998578932100933]
2020/03/09 14:50:19 746663	INFO [input.cpp->run:256]	frame times (ms): 170.204
2020/03/09 14:50:19 746667	INFO [input.cpp->run:257]	FPS: 5.8753
2020/03/09 14:50:19 897203	INFO [input.cpp->run:173]	
frame_id 80
2020/03/09 14:50:19 951348	INFO [input.cpp->run:235]	rotation: 
[-0.9979318095008683, -0.03804755738678567, -0.05181203492647065;
 0.03324804588204651, -0.995337960779438, 0.09053679515233171;
 -0.05501518909672031, 0.08862689889829833, 0.994544419199225]
2020/03/09 14:50:19 951390	INFO [input.cpp->run:256]	frame times (ms): 173.079
2020/03/09 14:50:19 951393	INFO [input.cpp->run:257]	FPS: 5.77771
2020/03/09 14:50:20 097744	INFO [input.cpp->run:173]	
frame_id 81
2020/03/09 14:50:20 152742	INFO [input.cpp->run:235]	rotation: 
[-0.9999859320173755, -0.005302282304689173, 0.0001468662734600183;
 0.005303322713148405, -0.9999511658107856, 0.008339110375270986;
 0.0001026427839849817, 0.008339771940054959, 0.9999652182293375]
2020/03/09 14:50:20 152785	INFO [input.cpp->run:256]	frame times (ms): 180.309
2020/03/09 14:50:20 152788	INFO [input.cpp->run:257]	FPS: 5.54603
2020/03/09 14:50:20 299585	INFO [input.cpp->run:173]	
frame_id 82
2020/03/09 14:50:20 362674	INFO [input.cpp->run:235]	rotation: 
[-0.9999404886090465, 0.0007620005074849595, 0.0108829497622681;
 -0.0007538942394909626, -0.9999994353641832, 0.0007489424479658014;
 0.0108835143118903, 0.0007406932842245354, 0.999940498474625]
2020/03/09 14:50:20 362752	INFO [input.cpp->run:256]	frame times (ms): 191.028
2020/03/09 14:50:20 362756	INFO [input.cpp->run:257]	FPS: 5.23483
2020/03/09 14:50:20 497917	INFO [input.cpp->run:173]	
frame_id 83
2020/03/09 14:50:20 553526	INFO [input.cpp->run:235]	rotation: 
[-0.9999550312677081, -0.008522357173992525, -0.004159912330305217;
 0.008434775991583496, -0.9997514812556083, 0.02063565557933296;
 -0.004334742941482677, 0.0205996396914108, 0.9997784078725722]
2020/03/09 14:50:20 553588	INFO [input.cpp->run:256]	frame times (ms): 183.741
2020/03/09 14:50:20 553596	INFO [input.cpp->run:257]	FPS: 5.44244
2020/03/09 14:50:20 697424	INFO [input.cpp->run:173]	
frame_id 84
2020/03/09 14:50:20 759003	INFO [input.cpp->run:235]	rotation: 
[0.9998381300889292, -0.01797410612063849, 0.0008031995004534764;
 0.01793069354989736, 0.9991189087195467, 0.03794596774206375;
