		g3log created log at: Sun Mar 08 15:26:57 2020
		LOG format: [YYYY/MM/DD hh:mm:ss uuu* LEVEL FILE->FUNCTION:LINE] message		(uuu*: microseconds fractions of the seconds value)

2020/03/08 15:26:57 898473	INFO [g3logger.h->logBanner:29]	Starting log.
2020/03/08 15:26:57 903405	DEBUG [main.cpp->main:49]	Filepath: /home/mitchell/KITTI/data_odometry_gray/dataset/sequences/00/
2020/03/08 15:26:57 903409	DEBUG [main.cpp->main:53]	Calibration Filepath: /home/mitchell/visual_odom_ws/src/visual_odom/calibration/zed.yaml
2020/03/08 15:26:57 903482	INFO [main.cpp->main:67]	P_left: 
[684.35999, 0, 689.89001, 0;
 0, 684.35999, 406.87, 0;
 0, 0, 1, 0]
2020/03/08 15:26:57 903489	INFO [main.cpp->main:68]	P_right: 
[684.35999, 0, 689.89001, -82.120003;
 0, 684.35999, 406.87, 0;
 0, 0, 1, 0]
2020/03/08 15:26:57 967060	INFO [input.cpp->Input:22]	frame_pose [1, 0, 0, 0;
 0, 1, 0, 0;
 0, 0, 1, 0;
 0, 0, 0, 1]
2020/03/08 15:26:58 213972	INFO [input.cpp->run:173]	
frame_id 1
2020/03/08 15:26:58 221628	INFO [input.cpp->run:196]	Not enough points
2020/03/08 15:26:58 280884	INFO [input.cpp->run:173]	
frame_id 2
2020/03/08 15:26:58 290492	INFO [input.cpp->run:196]	Not enough points
2020/03/08 15:26:58 347230	INFO [input.cpp->run:173]	
frame_id 3
2020/03/08 15:26:58 354077	INFO [input.cpp->run:196]	Not enough points
2020/03/08 15:26:58 414621	INFO [input.cpp->run:173]	
frame_id 4
2020/03/08 15:26:58 423536	INFO [input.cpp->run:196]	Not enough points
2020/03/08 15:26:58 480989	INFO [input.cpp->run:173]	
frame_id 5
2020/03/08 15:26:58 490190	INFO [input.cpp->run:196]	Not enough points
2020/03/08 15:26:58 547019	INFO [input.cpp->run:173]	
frame_id 6
2020/03/08 15:26:58 554464	INFO [input.cpp->run:196]	Not enough points
2020/03/08 15:26:58 613517	INFO [input.cpp->run:173]	
frame_id 7
2020/03/08 15:26:58 621155	WARNING [visualOdometry.cpp->trackingFrame2Frame:179]	The Estimated Rotation and translation matrices(using getTransformation function) are : 
   0.999997 -0.00222436   0.0011203   -0.156129
 0.00222965    0.999986 -0.00479586   0.0184588
-0.00110969  0.00479853    0.999988    0.105639
          0           0           0           1
2020/03/08 15:26:58 690884	INFO [input.cpp->run:235]	rotation: 
[0.9999966621398926, -0.002224355936050415, 0.001120299100875854;
 0.002229645848274231, 0.999985933303833, -0.004795864224433899;
 -0.001109689474105835, 0.004798531532287598, 0.9999876022338867]
2020/03/08 15:26:58 690934	INFO [input.cpp->run:256]	frame times (ms): 91.007
2020/03/08 15:26:58 690939	INFO [input.cpp->run:257]	FPS: 10.9882
2020/03/08 15:26:58 696345	INFO [input.cpp->run:173]	
frame_id 8
2020/03/08 15:26:58 698008	INFO [input.cpp->run:196]	Not enough points
2020/03/08 15:26:58 738102	INFO [input.cpp->run:173]	
frame_id 9
2020/03/08 15:26:58 739621	INFO [input.cpp->run:196]	Not enough points
2020/03/08 15:26:58 804097	INFO [input.cpp->run:173]	
frame_id 10
2020/03/08 15:26:58 805620	INFO [input.cpp->run:196]	Not enough points
2020/03/08 15:26:58 873057	INFO [input.cpp->run:173]	
frame_id 11
2020/03/08 15:26:58 876157	INFO [input.cpp->run:196]	Not enough points
2020/03/08 15:26:58 939362	INFO [input.cpp->run:173]	
frame_id 12
2020/03/08 15:26:58 941804	INFO [input.cpp->run:196]	Not enough points
2020/03/08 15:26:59 006561	INFO [input.cpp->run:173]	
frame_id 13
2020/03/08 15:26:59 010476	INFO [input.cpp->run:196]	Not enough points
2020/03/08 15:26:59 081381	INFO [input.cpp->run:173]	
frame_id 14
2020/03/08 15:26:59 088408	INFO [input.cpp->run:196]	Not enough points
2020/03/08 15:26:59 147034	INFO [input.cpp->run:173]	
frame_id 15
2020/03/08 15:26:59 154091	INFO [input.cpp->run:196]	Not enough points
2020/03/08 15:26:59 213758	INFO [input.cpp->run:173]	
frame_id 16
2020/03/08 15:26:59 221073	INFO [input.cpp->run:196]	Not enough points
2020/03/08 15:26:59 281363	INFO [input.cpp->run:173]	
frame_id 17
2020/03/08 15:26:59 288776	INFO [input.cpp->run:196]	Not enough points
2020/03/08 15:26:59 347100	INFO [input.cpp->run:173]	
frame_id 18
2020/03/08 15:26:59 354422	WARNING [visualOdometry.cpp->trackingFrame2Frame:179]	The Estimated Rotation and translation matrices(using getTransformation function) are : 
   0.999969  0.00599791  0.00508228   -0.115129
-0.00598888    0.999981  -0.0017713  -0.0746479
-0.00509286  0.00174072    0.999986   0.0415773
          0           0           0           1
2020/03/08 15:26:59 355076	INFO [input.cpp->run:235]	rotation: 
[0.9999693036079407, 0.005997911095619202, 0.005082279443740845;
 -0.00598888099193573, 0.999980628490448, -0.001771301031112671;
 -0.005092859268188477, 0.001740723848342896, 0.9999856352806091]
2020/03/08 15:26:59 355147	INFO [input.cpp->run:256]	frame times (ms): 24.524
2020/03/08 15:26:59 355155	INFO [input.cpp->run:257]	FPS: 40.7764
2020/03/08 15:26:59 414098	INFO [input.cpp->run:173]	
frame_id 19
2020/03/08 15:26:59 421569	INFO [input.cpp->run:196]	Not enough points
2020/03/08 15:26:59 480640	INFO [input.cpp->run:173]	
frame_id 20
2020/03/08 15:26:59 488109	WARNING [visualOdometry.cpp->trackingFrame2Frame:179]	The Estimated Rotation and translation matrices(using getTransformation function) are : 
   0.999531   0.0296869 -0.00744501   0.0676808
 -0.0301053    0.997471  -0.0643785    0.287147
  0.0055148   0.0645724    0.997898    0.415539
          0           0           0           1
2020/03/08 15:26:59 488766	INFO [input.cpp->run:235]	rotation: 
[0.9995314478874207, 0.02968692779541016, -0.007445007562637329;
 -0.03010526299476624, 0.9974713325500488, -0.06437845528125763;
 0.005514800548553467, 0.06457236409187317, 0.997897744178772]
2020/03/08 15:26:59 488839	INFO [input.cpp->run:256]	frame times (ms): 25.638
2020/03/08 15:26:59 488854	INFO [input.cpp->run:257]	FPS: 39.0046
2020/03/08 15:26:59 547301	INFO [input.cpp->run:173]	
frame_id 21
2020/03/08 15:26:59 556665	WARNING [visualOdometry.cpp->trackingFrame2Frame:179]	The Estimated Rotation and translation matrices(using getTransformation function) are : 
  0.999732  0.0154293  0.0172417  -0.180167
-0.0150046   0.999588 -0.0244898   0.093092
-0.0176127  0.0242244   0.999551  0.0539541
         0          0          0          1
2020/03/08 15:26:59 559216	INFO [input.cpp->run:235]	rotation: 
[0.9997324347496033, 0.01542925834655762, 0.0172417163848877;
 -0.01500464975833893, 0.9995875954627991, -0.02448977530002594;
 -0.01761269569396973, 0.02422438561916351, 0.9995514154434204]
2020/03/08 15:26:59 559307	INFO [input.cpp->run:256]	frame times (ms): 24.43
2020/03/08 15:26:59 559322	INFO [input.cpp->run:257]	FPS: 40.9333
2020/03/08 15:26:59 610489	INFO [input.cpp->run:173]	
frame_id 22
2020/03/08 15:26:59 615314	INFO [input.cpp->run:196]	Not enough points
2020/03/08 15:26:59 680609	INFO [input.cpp->run:173]	
frame_id 23
2020/03/08 15:26:59 688340	WARNING [visualOdometry.cpp->trackingFrame2Frame:179]	The Estimated Rotation and translation matrices(using getTransformation function) are : 
    0.999999 -7.88718e-05  -0.00154817    0.0445037
 7.74562e-05            1 -0.000853121     0.021435
  0.00154811  0.000853091     0.999999   -0.0245266
           0            0            0            1
2020/03/08 15:26:59 689176	INFO [input.cpp->run:235]	rotation: 
[0.9999990463256836, -7.887184619903564e-05, -0.001548171043395996;
 7.745623588562012e-05, 1.00000011920929, -0.000853121280670166;
 0.001548111438751221, 0.0008530914783477783, 0.9999985694885254]
2020/03/08 15:26:59 689257	INFO [input.cpp->run:256]	frame times (ms): 24.716
2020/03/08 15:26:59 689300	INFO [input.cpp->run:257]	FPS: 40.4596
2020/03/08 15:26:59 747071	INFO [input.cpp->run:173]	
frame_id 24
2020/03/08 15:26:59 755023	WARNING [visualOdometry.cpp->trackingFrame2Frame:179]	The Estimated Rotation and translation matrices(using getTransformation function) are : 
   0.999844  0.00798413  -0.0157938     0.13643
-0.00796281    0.999968  0.00140699   -0.087292
  0.0158044 -0.00128102    0.999874    0.155372
          0           0           0           1
2020/03/08 15:26:59 755683	INFO [input.cpp->run:235]	rotation: 
[0.9998438358306885, 0.007984131574630737, -0.01579380035400391;
 -0.007962808012962341, 0.999967634677887, 0.001406989991664886;
 0.01580443978309631, -0.001281023025512695, 0.999874472618103]
2020/03/08 15:26:59 755757	INFO [input.cpp->run:256]	frame times (ms): 21.522
2020/03/08 15:26:59 755766	INFO [input.cpp->run:257]	FPS: 46.4641
2020/03/08 15:26:59 808296	INFO [input.cpp->run:173]	
frame_id 25
2020/03/08 15:26:59 812150	INFO [input.cpp->run:196]	Not enough points
2020/03/08 15:26:59 880457	INFO [input.cpp->run:173]	
frame_id 26
2020/03/08 15:26:59 887822	INFO [input.cpp->run:196]	Not enough points
2020/03/08 15:26:59 946704	INFO [input.cpp->run:173]	
frame_id 27
2020/03/08 15:26:59 954123	WARNING [visualOdometry.cpp->trackingFrame2Frame:179]	The Estimated Rotation and translation matrices(using getTransformation function) are : 
  0.999777 -0.0100269 -0.0185919   0.153704
 0.0103255   0.999818  0.0160429 -0.0833817
 0.0184277 -0.0162314   0.999699   0.106209
         0          0          0          1
2020/03/08 15:26:59 954788	INFO [input.cpp->run:235]	rotation: 
[0.9997771978378296, -0.01002693176269531, -0.01859188079833984;
 0.01032547652721405, 0.9998183250427246, 0.01604288816452026;
 0.01842769980430603, -0.01623141765594482, 0.9996985197067261]
2020/03/08 15:26:59 954857	INFO [input.cpp->run:256]	frame times (ms): 25.64
2020/03/08 15:26:59 954865	INFO [input.cpp->run:257]	FPS: 39.0016
2020/03/08 15:27:00 014876	INFO [input.cpp->run:173]	
frame_id 28
2020/03/08 15:27:00 022714	WARNING [visualOdometry.cpp->trackingFrame2Frame:179]	The Estimated Rotation and translation matrices(using getTransformation function) are : 
    0.99998 -0.00234649 -0.00590035  -0.0308027
 0.00231981    0.999987 -0.00449839   0.0350671
 0.00591099  0.00448442    0.999972    0.174262
          0           0           0           1
2020/03/08 15:27:00 023416	INFO [input.cpp->run:235]	rotation: 
[0.9999798536300659, -0.00234648585319519, -0.005900353193283081;
 0.002319812774658203, 0.9999872446060181, -0.004498392343521118;
 0.005910992622375488, 0.004484415054321289, 0.9999724626541138]
2020/03/08 15:27:00 023486	INFO [input.cpp->run:256]	frame times (ms): 24.926
2020/03/08 15:27:00 023502	INFO [input.cpp->run:257]	FPS: 40.1188
2020/03/08 15:27:00 080435	INFO [input.cpp->run:173]	
frame_id 29
2020/03/08 15:27:00 087510	INFO [input.cpp->run:196]	Not enough points
2020/03/08 15:27:00 146866	INFO [input.cpp->run:173]	
frame_id 30
2020/03/08 15:27:00 154055	INFO [input.cpp->run:196]	Not enough points
2020/03/08 15:27:00 214140	INFO [input.cpp->run:173]	
frame_id 31
2020/03/08 15:27:00 221511	WARNING [visualOdometry.cpp->trackingFrame2Frame:179]	The Estimated Rotation and translation matrices(using getTransformation function) are : 
   0.999941  0.00175485   0.0107607   -0.199503
-0.00161299    0.999912  -0.0131685   0.0547254
 -0.0107828   0.0131505    0.999856   0.0992422
          0           0           0           1
2020/03/08 15:27:00 222166	INFO [input.cpp->run:235]	rotation: 
[0.9999407529830933, 0.001754850149154663, 0.01076069474220276;
 -0.001612991094589233, 0.9999121427536011, -0.01316851377487183;
 -0.01078277826309204, 0.01315048336982727, 0.999855637550354]
2020/03/08 15:27:00 222239	INFO [input.cpp->run:256]	frame times (ms): 26.166
2020/03/08 15:27:00 222253	INFO [input.cpp->run:257]	FPS: 38.2175
2020/03/08 15:27:00 280706	INFO [input.cpp->run:173]	
frame_id 32
2020/03/08 15:27:00 287811	INFO [input.cpp->run:196]	Not enough points
2020/03/08 15:27:00 346833	INFO [input.cpp->run:173]	
frame_id 33
2020/03/08 15:27:00 354128	WARNING [visualOdometry.cpp->trackingFrame2Frame:179]	The Estimated Rotation and translation matrices(using getTransformation function) are : 
   0.999963 -0.00155766  -0.0085009   0.0569916
 0.00150223    0.999978 -0.00651123   0.0708447
 0.00851083  0.00649823    0.999943    0.149445
          0           0           0           1
2020/03/08 15:27:00 354793	INFO [input.cpp->run:235]	rotation: 
[0.9999627470970154, -0.001557663083076477, -0.008500903844833374;
 0.001502230763435364, 0.9999778270721436, -0.006511226296424866;
 0.008510828018188477, 0.006498232483863831, 0.9999426603317261]
2020/03/08 15:27:00 354860	INFO [input.cpp->run:256]	frame times (ms): 24.796
2020/03/08 15:27:00 354874	INFO [input.cpp->run:257]	FPS: 40.3291
2020/03/08 15:27:00 413760	INFO [input.cpp->run:173]	
frame_id 34
2020/03/08 15:27:00 422372	WARNING [visualOdometry.cpp->trackingFrame2Frame:179]	The Estimated Rotation and translation matrices(using getTransformation function) are : 
   0.999964 -0.00618681 -0.00586385   0.0259924
 0.00623882    0.999941  0.00888716  -0.0441186
 0.00580853 -0.00892341    0.999943   0.0163689
          0           0           0           1
2020/03/08 15:27:00 423078	INFO [input.cpp->run:235]	rotation: 
[0.9999638199806213, -0.006186813116073608, -0.005863845348358154;
 0.006238818168640137, 0.9999411702156067, 0.008887156844139099;
 0.005808532238006592, -0.00892341136932373, 0.9999434947967529]
2020/03/08 15:27:00 423151	INFO [input.cpp->run:256]	frame times (ms): 25.452
2020/03/08 15:27:00 423159	INFO [input.cpp->run:257]	FPS: 39.2896
2020/03/08 15:27:00 476066	INFO [input.cpp->run:173]	
frame_id 35
2020/03/08 15:27:00 480637	INFO [input.cpp->run:196]	Not enough points
2020/03/08 15:27:00 546637	INFO [input.cpp->run:173]	
frame_id 36
2020/03/08 15:27:00 553918	INFO [input.cpp->run:196]	Not enough points
2020/03/08 15:27:00 614417	INFO [input.cpp->run:173]	
frame_id 37
2020/03/08 15:27:00 621617	INFO [input.cpp->run:196]	Not enough points
2020/03/08 15:27:00 680364	INFO [input.cpp->run:173]	
frame_id 38
2020/03/08 15:27:00 687903	WARNING [visualOdometry.cpp->trackingFrame2Frame:179]	The Estimated Rotation and translation matrices(using getTransformation function) are : 
    0.999977 -0.000779897   0.00681248    -0.112689
 0.000804901     0.999993   -0.0036431    0.0262885
 -0.00680953   0.00364849     0.999971    -0.003932
           0            0            0            1
2020/03/08 15:27:00 688564	INFO [input.cpp->run:235]	rotation: 
[0.9999766945838928, -0.0007798969745635986, 0.006812483072280884;
 0.000804901123046875, 0.9999930858612061, -0.00364309549331665;
 -0.006809532642364502, 0.003648489713668823, 0.9999706745147705]
2020/03/08 15:27:00 688632	INFO [input.cpp->run:256]	frame times (ms): 24.873
2020/03/08 15:27:00 688640	INFO [input.cpp->run:257]	FPS: 40.2042
2020/03/08 15:27:00 747977	INFO [input.cpp->run:173]	
frame_id 39
2020/03/08 15:27:00 755383	INFO [input.cpp->run:196]	Not enough points
2020/03/08 15:27:00 814082	INFO [input.cpp->run:173]	
frame_id 40
2020/03/08 15:27:00 821378	INFO [input.cpp->run:196]	Not enough points
2020/03/08 15:27:00 880859	INFO [input.cpp->run:173]	
frame_id 41
2020/03/08 15:27:00 887844	INFO [input.cpp->run:196]	Not enough points
2020/03/08 15:27:00 947172	INFO [input.cpp->run:173]	
frame_id 42
2020/03/08 15:27:00 954479	INFO [input.cpp->run:196]	Not enough points
2020/03/08 15:27:01 013587	INFO [input.cpp->run:173]	
frame_id 43
2020/03/08 15:27:01 020921	INFO [input.cpp->run:196]	Not enough points
2020/03/08 15:27:01 080461	INFO [input.cpp->run:173]	
frame_id 44
2020/03/08 15:27:01 088128	INFO [input.cpp->run:196]	Not enough points
2020/03/08 15:27:01 146987	INFO [input.cpp->run:173]	
frame_id 45
2020/03/08 15:27:01 154315	INFO [input.cpp->run:196]	Not enough points
2020/03/08 15:27:01 213507	INFO [input.cpp->run:173]	
frame_id 46
2020/03/08 15:27:01 220776	WARNING [visualOdometry.cpp->trackingFrame2Frame:179]	The Estimated Rotation and translation matrices(using getTransformation function) are : 
  0.999056 -0.0275465 -0.0335885   0.138698
 0.0282901   0.999361  0.0218629 -0.0264199
 0.0329647 -0.0227926   0.999197   0.157004
         0          0          0          1
2020/03/08 15:27:01 221712	INFO [input.cpp->run:235]	rotation: 
[0.9990563988685608, -0.0275464653968811, -0.03358852863311768;
 0.02829006314277649, 0.9993609189987183, 0.02186289429664612;
 0.03296473622322083, -0.02279263734817505, 0.9991968870162964]
2020/03/08 15:27:01 221792	INFO [input.cpp->run:256]	frame times (ms): 25.198
2020/03/08 15:27:01 221801	INFO [input.cpp->run:257]	FPS: 39.6857
2020/03/08 15:27:01 280478	INFO [input.cpp->run:173]	
frame_id 47
2020/03/08 15:27:01 289047	INFO [input.cpp->run:196]	Not enough points
2020/03/08 15:27:01 346670	INFO [input.cpp->run:173]	
frame_id 48
2020/03/08 15:27:01 354407	INFO [input.cpp->run:196]	Not enough points
2020/03/08 15:27:01 413720	INFO [input.cpp->run:173]	
frame_id 49
2020/03/08 15:27:01 420791	INFO [input.cpp->run:196]	Not enough points
2020/03/08 15:27:01 480498	INFO [input.cpp->run:173]	
frame_id 50
2020/03/08 15:27:01 487643	INFO [input.cpp->run:196]	Not enough points
2020/03/08 15:27:01 546902	INFO [input.cpp->run:173]	
frame_id 51
2020/03/08 15:27:01 554372	INFO [input.cpp->run:196]	Not enough points
2020/03/08 15:27:01 613898	INFO [input.cpp->run:173]	
frame_id 52
2020/03/08 15:27:01 621372	WARNING [visualOdometry.cpp->trackingFrame2Frame:179]	The Estimated Rotation and translation matrices(using getTransformation function) are : 
   0.999979  0.00460729  0.00466278   -0.014914
-0.00457297    0.999963 -0.00735919   0.0469539
 -0.0046964  0.00733776    0.999962  -0.0270977
          0           0           0           1
2020/03/08 15:27:01 622058	INFO [input.cpp->run:235]	rotation: 
[0.99997878074646, 0.004607290029525757, 0.004662781953811646;
 -0.004572972655296326, 0.9999628067016602, -0.00735919177532196;
 -0.004696398973464966, 0.007337763905525208, 0.999962329864502]
2020/03/08 15:27:01 622129	INFO [input.cpp->run:256]	frame times (ms): 22.975
2020/03/08 15:27:01 622143	INFO [input.cpp->run:257]	FPS: 43.5256
2020/03/08 15:27:01 681005	INFO [input.cpp->run:173]	
frame_id 53
2020/03/08 15:27:01 688172	INFO [input.cpp->run:196]	Not enough points
2020/03/08 15:27:01 747337	INFO [input.cpp->run:173]	
frame_id 54
2020/03/08 15:27:01 756553	INFO [input.cpp->run:196]	Not enough points
2020/03/08 15:27:01 813604	INFO [input.cpp->run:173]	
frame_id 55
2020/03/08 15:27:01 822900	INFO [input.cpp->run:196]	Not enough points
2020/03/08 15:27:01 880909	INFO [input.cpp->run:173]	
frame_id 56
2020/03/08 15:27:01 890203	INFO [input.cpp->run:196]	Not enough points
2020/03/08 15:27:01 946632	INFO [input.cpp->run:173]	
frame_id 57
2020/03/08 15:27:01 954117	WARNING [visualOdometry.cpp->trackingFrame2Frame:179]	The Estimated Rotation and translation matrices(using getTransformation function) are : 
   0.999972 -0.00146121  0.00728771  -0.0929561
 0.00144777    0.999997   0.0018281  -0.0199394
-0.00729036 -0.00181754    0.999972  -0.0239639
          0           0           0           1
2020/03/08 15:27:01 954783	INFO [input.cpp->run:235]	rotation: 
[0.999972403049469, -0.001461207866668701, 0.007287710905075073;
 0.001447767019271851, 0.9999973773956299, 0.001828104257583618;
 -0.007290363311767578, -0.00181753933429718, 0.999971866607666]
2020/03/08 15:27:01 954855	INFO [input.cpp->run:256]	frame times (ms): 26.752
2020/03/08 15:27:01 954869	INFO [input.cpp->run:257]	FPS: 37.3804
2020/03/08 15:27:02 013664	INFO [input.cpp->run:173]	
frame_id 58
2020/03/08 15:27:02 021412	INFO [input.cpp->run:196]	Not enough points
2020/03/08 15:27:02 080331	INFO [input.cpp->run:173]	
frame_id 59
2020/03/08 15:27:02 088960	WARNING [visualOdometry.cpp->trackingFrame2Frame:179]	The Estimated Rotation and translation matrices(using getTransformation function) are : 
    0.99999  0.00237894  -0.0036194    0.105713
-0.00240558    0.999969 -0.00742769   0.0857592
 0.00360164  0.00743657    0.999966     -0.0281
          0           0           0           1
2020/03/08 15:27:02 089647	INFO [input.cpp->run:235]	rotation: 
[0.9999904036521912, 0.002378940582275391, -0.003619402647018433;
 -0.00240558385848999, 0.9999693036079407, -0.007427692413330078;
 0.003601640462875366, 0.007436573505401611, 0.9999658465385437]
2020/03/08 15:27:02 089723	INFO [input.cpp->run:256]	frame times (ms): 24.29
2020/03/08 15:27:02 089737	INFO [input.cpp->run:257]	FPS: 41.1692
2020/03/08 15:27:02 147060	INFO [input.cpp->run:173]	
frame_id 60
2020/03/08 15:27:02 154616	WARNING [visualOdometry.cpp->trackingFrame2Frame:179]	The Estimated Rotation and translation matrices(using getTransformation function) are : 
   0.999983  0.00239602  0.00541288  -0.0603042
-0.00238785    0.999996 -0.00148942  -0.0121441
-0.00541648  0.00147647    0.999984 -0.00463963
          0           0           0           1
2020/03/08 15:27:02 155284	INFO [input.cpp->run:235]	rotation: 
[0.9999825954437256, 0.00239601731300354, 0.005412876605987549;
 -0.002387851476669312, 0.9999962449073792, -0.001489415764808655;
 -0.00541648268699646, 0.001476466655731201, 0.9999844431877136]
2020/03/08 15:27:02 155355	INFO [input.cpp->run:256]	frame times (ms): 22.986
2020/03/08 15:27:02 155368	INFO [input.cpp->run:257]	FPS: 43.5047
2020/03/08 15:27:02 214245	INFO [input.cpp->run:173]	
frame_id 61
2020/03/08 15:27:02 221896	WARNING [visualOdometry.cpp->trackingFrame2Frame:179]	The Estimated Rotation and translation matrices(using getTransformation function) are : 
    0.999999   0.00109774  0.000716686   0.00411701
 -0.00109668     0.999999  -0.00127633    0.0070653
-0.000718027   0.00127558     0.999999  -0.00766659
           0            0            0            1
2020/03/08 15:27:02 222566	INFO [input.cpp->run:235]	rotation: 
[0.9999994039535522, 0.001097738742828369, 0.0007166862487792969;
 -0.001096680760383606, 0.9999988675117493, -0.001276329159736633;
 -0.0007180273532867432, 0.001275584101676941, 0.9999994039535522]
2020/03/08 15:27:02 222638	INFO [input.cpp->run:256]	frame times (ms): 24.541
2020/03/08 15:27:02 222647	INFO [input.cpp->run:257]	FPS: 40.7481
2020/03/08 15:27:02 280281	INFO [input.cpp->run:173]	
frame_id 62
2020/03/08 15:27:02 287836	WARNING [visualOdometry.cpp->trackingFrame2Frame:179]	The Estimated Rotation and translation matrices(using getTransformation function) are : 
    0.999999 -0.000554591  -0.00163633    0.0244026
 0.000556439     0.999999   0.00119096  -0.00228071
  0.00163585  -0.00119172     0.999998   -0.0052681
           0            0            0            1
2020/03/08 15:27:02 288498	INFO [input.cpp->run:235]	rotation: 
[0.9999985098838806, -0.0005545914173126221, -0.001636326313018799;
 0.0005564391613006592, 0.9999992251396179, 0.00119096040725708;
 0.001635849475860596, -0.001191720366477966, 0.9999980926513672]
2020/03/08 15:27:02 288572	INFO [input.cpp->run:256]	frame times (ms): 21.939
2020/03/08 15:27:02 288588	INFO [input.cpp->run:257]	FPS: 45.5809
2020/03/08 15:27:02 344143	INFO [input.cpp->run:173]	
frame_id 63
2020/03/08 15:27:02 350803	INFO [input.cpp->run:196]	Not enough points
2020/03/08 15:27:02 414401	INFO [input.cpp->run:173]	
frame_id 64
2020/03/08 15:27:02 421889	INFO [input.cpp->run:196]	Not enough points
2020/03/08 15:27:02 482020	INFO [input.cpp->run:173]	
frame_id 65
2020/03/08 15:27:02 489209	INFO [input.cpp->run:196]	Not enough points
2020/03/08 15:27:02 547322	INFO [input.cpp->run:173]	
frame_id 66
2020/03/08 15:27:02 554827	WARNING [visualOdometry.cpp->trackingFrame2Frame:179]	The Estimated Rotation and translation matrices(using getTransformation function) are : 
   0.999831  0.00774232   0.0166767   -0.137068
-0.00769198    0.999966 -0.00308499  -0.0314431
    -0.0167  0.00295612    0.999856  -0.0426588
          0           0           0           1
2020/03/08 15:27:02 555536	INFO [input.cpp->run:235]	rotation: 
[0.9998314380645752, 0.007742315530776978, 0.01667666435241699;
 -0.00769197940826416, 0.9999657869338989, -0.00308498740196228;
 -0.01670002937316895, 0.002956122159957886, 0.9998562932014465]
2020/03/08 15:27:02 555605	INFO [input.cpp->run:256]	frame times (ms): 25.876
2020/03/08 15:27:02 555613	INFO [input.cpp->run:257]	FPS: 38.6459
2020/03/08 15:27:02 613959	INFO [input.cpp->run:173]	
frame_id 67
2020/03/08 15:27:02 621611	WARNING [visualOdometry.cpp->trackingFrame2Frame:179]	The Estimated Rotation and translation matrices(using getTransformation function) are : 
   0.999831 -0.00312805  -0.0180992    0.223163
 0.00328442    0.999958  0.00864115  -0.0321109
  0.0180715 -0.00869928    0.999799   0.0488157
          0           0           0           1
2020/03/08 15:27:02 622270	INFO [input.cpp->run:235]	rotation: 
[0.9998314380645752, -0.0031280517578125, -0.01809918880462646;
 0.003284424543380737, 0.9999576807022095, 0.008641153573989868;
 0.01807147264480591, -0.008699283003807068, 0.9997990727424622]
2020/03/08 15:27:02 622340	INFO [input.cpp->run:256]	frame times (ms): 26.195
2020/03/08 15:27:02 622351	INFO [input.cpp->run:257]	FPS: 38.1752
2020/03/08 15:27:02 679708	INFO [input.cpp->run:173]	
frame_id 68
2020/03/08 15:27:02 689558	INFO [input.cpp->run:196]	Not enough points
2020/03/08 15:27:02 746282	INFO [input.cpp->run:173]	
frame_id 69
2020/03/08 15:27:02 752818	INFO [input.cpp->run:196]	Not enough points
2020/03/08 15:27:02 813463	INFO [input.cpp->run:173]	
frame_id 70
2020/03/08 15:27:02 820907	WARNING [visualOdometry.cpp->trackingFrame2Frame:179]	The Estimated Rotation and translation matrices(using getTransformation function) are : 
    0.999989   0.00463782 -0.000419945   -0.0211272
 -0.00464182     0.999936   -0.0103466    0.0376956
 0.000371933    0.0103484     0.999946    0.0991602
           0            0            0            1
2020/03/08 15:27:02 821598	INFO [input.cpp->run:235]	rotation: 
[0.9999891519546509, 0.004637822508811951, -0.0004199445247650146;
 -0.004641816020011902, 0.9999356269836426, -0.01034657657146454;
 0.0003719329833984375, 0.01034840941429138, 0.9999464750289917]
2020/03/08 15:27:02 821668	INFO [input.cpp->run:256]	frame times (ms): 25.089
2020/03/08 15:27:02 821678	INFO [input.cpp->run:257]	FPS: 39.8581
2020/03/08 15:27:02 880334	INFO [input.cpp->run:173]	
frame_id 71
2020/03/08 15:27:02 889358	WARNING [visualOdometry.cpp->trackingFrame2Frame:179]	The Estimated Rotation and translation matrices(using getTransformation function) are : 
   0.999901 -0.00867876  -0.0110976   0.0754161
 0.00886908    0.999812   0.0172272  -0.0927155
   0.010946  -0.0173238     0.99979   0.0018549
          0           0           0           1
2020/03/08 15:27:02 890027	INFO [input.cpp->run:235]	rotation: 
[0.9999009370803833, -0.00867876410484314, -0.01109755039215088;
 0.008869081735610962, 0.9998123049736023, 0.0172271728515625;
 0.01094603538513184, -0.0173238217830658, 0.9997901320457458]
2020/03/08 15:27:02 890100	INFO [input.cpp->run:256]	frame times (ms): 23.203
2020/03/08 15:27:02 890110	INFO [input.cpp->run:257]	FPS: 43.0979
2020/03/08 15:27:02 946872	INFO [input.cpp->run:173]	
frame_id 72
2020/03/08 15:27:02 954685	WARNING [visualOdometry.cpp->trackingFrame2Frame:179]	The Estimated Rotation and translation matrices(using getTransformation function) are : 
    0.99983 -0.00940904  -0.0158964   0.0554509
 0.00976548    0.999699   0.0224934   -0.156318
  0.0156802  -0.0226449    0.999621   0.0956192
          0           0           0           1
2020/03/08 15:27:02 955486	INFO [input.cpp->run:235]	rotation: 
[0.9998296499252319, -0.009409040212631226, -0.01589643955230713;
 0.009765475988388062, 0.9996992349624634, 0.02249337732791901;
 0.0156802237033844, -0.02264493703842163, 0.999620795249939]
2020/03/08 15:27:02 955563	INFO [input.cpp->run:256]	frame times (ms): 22.455
2020/03/08 15:27:02 955576	INFO [input.cpp->run:257]	FPS: 44.5335
2020/03/08 15:27:03 013632	INFO [input.cpp->run:173]	
frame_id 73
2020/03/08 15:27:03 020894	INFO [input.cpp->run:196]	Not enough points
2020/03/08 15:27:03 081970	INFO [input.cpp->run:173]	
frame_id 74
2020/03/08 15:27:03 090163	INFO [input.cpp->run:196]	Not enough points
2020/03/08 15:27:03 147556	INFO [input.cpp->run:173]	
frame_id 75
2020/03/08 15:27:03 155063	INFO [input.cpp->run:196]	Not enough points
2020/03/08 15:27:03 213893	INFO [input.cpp->run:173]	
frame_id 76
2020/03/08 15:27:03 222339	WARNING [visualOdometry.cpp->trackingFrame2Frame:179]	The Estimated Rotation and translation matrices(using getTransformation function) are : 
   0.999957 -0.00621358 -0.00696665  0.00996971
 0.00628087    0.999934  0.00963391  -0.0576053
 0.00690648 -0.00967723     0.99993   0.0405703
          0           0           0           1
2020/03/08 15:27:03 223047	INFO [input.cpp->run:235]	rotation: 
[0.9999566078186035, -0.006213575601577759, -0.006966650485992432;
 0.006280869245529175, 0.9999338388442993, 0.009633913636207581;
 0.006906479597091675, -0.009677231311798096, 0.999929666519165]
2020/03/08 15:27:03 223115	INFO [input.cpp->run:256]	frame times (ms): 27.437
2020/03/08 15:27:03 223123	INFO [input.cpp->run:257]	FPS: 36.4471
2020/03/08 15:27:03 278367	INFO [input.cpp->run:173]	
frame_id 77
2020/03/08 15:27:03 283804	WARNING [visualOdometry.cpp->trackingFrame2Frame:179]	The Estimated Rotation and translation matrices(using getTransformation function) are : 
    0.999992   0.00222021   0.00319371   -0.0289583
 -0.00221932     0.999998 -0.000263065   -0.0149243
 -0.00319445  0.000255913     0.999995  -0.00455666
           0            0            0            1
2020/03/08 15:27:03 284275	INFO [input.cpp->run:235]	rotation: 
[0.9999923706054688, 0.002220213413238525, 0.003193706274032593;
 -0.002219319343566895, 0.9999975562095642, -0.0002630650997161865;
 -0.003194451332092285, 0.0002559125423431396, 0.9999947547912598]
2020/03/08 15:27:03 284328	INFO [input.cpp->run:256]	frame times (ms): 17.498
2020/03/08 15:27:03 284333	INFO [input.cpp->run:257]	FPS: 57.1494
2020/03/08 15:27:03 345797	INFO [input.cpp->run:173]	
frame_id 78
2020/03/08 15:27:03 352270	INFO [input.cpp->run:196]	Not enough points
2020/03/08 15:27:03 413349	INFO [input.cpp->run:173]	
frame_id 79
2020/03/08 15:27:03 420809	INFO [input.cpp->run:196]	Not enough points
2020/03/08 15:27:03 480538	INFO [input.cpp->run:173]	
frame_id 80
2020/03/08 15:27:03 488287	WARNING [visualOdometry.cpp->trackingFrame2Frame:179]	The Estimated Rotation and translation matrices(using getTransformation function) are : 
   0.999948  0.00377902 -0.00945729   0.0343642
-0.00389066    0.999923  -0.0118341   0.0435314
 0.00941172   0.0118703    0.999885    0.188677
          0           0           0           1
2020/03/08 15:27:03 488951	INFO [input.cpp->run:235]	rotation: 
[0.999948263168335, 0.003779023885726929, -0.009457290172576904;
 -0.003890663385391235, 0.999922513961792, -0.01183407008647919;
 0.009411722421646118, 0.01187027990818024, 0.9998854398727417]
2020/03/08 15:27:03 489022	INFO [input.cpp->run:256]	frame times (ms): 25.336
2020/03/08 15:27:03 489036	INFO [input.cpp->run:257]	FPS: 39.4695
2020/03/08 15:27:03 546721	INFO [input.cpp->run:173]	
frame_id 81
2020/03/08 15:27:03 553910	INFO [input.cpp->run:196]	Not enough points
2020/03/08 15:27:03 613269	INFO [input.cpp->run:173]	
frame_id 82
2020/03/08 15:27:03 620911	WARNING [visualOdometry.cpp->trackingFrame2Frame:179]	The Estimated Rotation and translation matrices(using getTransformation function) are : 
    0.99999  0.00334802  0.00309238 -0.00306368
-0.00333406    0.999984 -0.00454976   0.0317922
-0.00310761  0.00453943    0.999985  -0.0195684
          0           0           0           1
2020/03/08 15:27:03 621593	INFO [input.cpp->run:235]	rotation: 
[0.9999897480010986, 0.003348022699356079, 0.003092378377914429;
 -0.003334060311317444, 0.9999843835830688, -0.004549756646156311;
 -0.003107607364654541, 0.004539430141448975, 0.9999849796295166]
2020/03/08 15:27:03 621667	INFO [input.cpp->run:256]	frame times (ms): 24.81
2020/03/08 15:27:03 621680	INFO [input.cpp->run:257]	FPS: 40.3063
2020/03/08 15:27:03 677247	INFO [input.cpp->run:173]	
frame_id 83
2020/03/08 15:27:03 682746	WARNING [visualOdometry.cpp->trackingFrame2Frame:179]	The Estimated Rotation and translation matrices(using getTransformation function) are : 
   0.999877   0.0101095   0.0120201  -0.0887661
-0.00991449     0.99982  -0.0161695   0.0702078
 -0.0121815   0.0160483    0.999797   0.0135164
          0           0           0           1
2020/03/08 15:27:03 683255	INFO [input.cpp->run:235]	rotation: 
[0.9998767375946045, 0.01010948419570923, 0.01202008128166199;
 -0.009914487600326538, 0.9998202323913574, -0.01616951823234558;
 -0.01218146085739136, 0.01604828238487244, 0.9997971057891846]
2020/03/08 15:27:03 683312	INFO [input.cpp->run:256]	frame times (ms): 15.73
2020/03/08 15:27:03 683323	INFO [input.cpp->run:257]	FPS: 63.5728
2020/03/08 15:27:03 746404	INFO [input.cpp->run:173]	
frame_id 84
2020/03/08 15:27:03 753485	INFO [input.cpp->run:196]	Not enough points
2020/03/08 15:27:03 814361	INFO [input.cpp->run:173]	
frame_id 85
2020/03/08 15:27:03 822185	WARNING [visualOdometry.cpp->trackingFrame2Frame:179]	The Estimated Rotation and translation matrices(using getTransformation function) are : 
    0.99995 -0.00658739 -0.00759917   0.0564899
 0.00669578    0.999875   0.0143283  -0.0767188
 0.00750396  -0.0143785    0.999869  -0.0295572
          0           0           0           1
2020/03/08 15:27:03 822846	INFO [input.cpp->run:235]	rotation: 
[0.9999498128890991, -0.006587386131286621, -0.007599174976348877;
 0.006695777177810669, 0.9998752474784851, 0.01432830095291138;
 0.00750395655632019, -0.01437847316265106, 0.9998688101768494]
2020/03/08 15:27:03 822918	INFO [input.cpp->run:256]	frame times (ms): 23.94
2020/03/08 15:27:03 822932	INFO [input.cpp->run:257]	FPS: 41.7711
2020/03/08 15:27:03 881193	INFO [input.cpp->run:173]	
frame_id 86
2020/03/08 15:27:03 888624	WARNING [visualOdometry.cpp->trackingFrame2Frame:179]	The Estimated Rotation and translation matrices(using getTransformation function) are : 
    0.999995  0.000594035   0.00324097   -0.0751371
-0.000596419            1  0.000693873   -0.0383697
 -0.00324041  -0.00069578     0.999995    0.0319777
           0            0            0            1
2020/03/08 15:27:03 889292	INFO [input.cpp->run:235]	rotation: 
[0.9999947547912598, 0.0005940347909927368, 0.003240972757339478;
 -0.0005964189767837524, 0.9999998807907104, 0.0006938725709915161;
 -0.003240406513214111, -0.0006957799196243286, 0.999994695186615]
2020/03/08 15:27:03 889362	INFO [input.cpp->run:256]	frame times (ms): 24.427
2020/03/08 15:27:03 889384	INFO [input.cpp->run:257]	FPS: 40.9383
2020/03/08 15:27:03 947878	INFO [input.cpp->run:173]	
frame_id 87
2020/03/08 15:27:03 955374	WARNING [visualOdometry.cpp->trackingFrame2Frame:179]	The Estimated Rotation and translation matrices(using getTransformation function) are : 
   0.999981   0.0046549  0.00408208  -0.0891552
-0.00461815    0.999949 -0.00896689   0.0293164
-0.00412363  0.00894789    0.999952   0.0875454
          0           0           0           1
2020/03/08 15:27:03 956031	INFO [input.cpp->run:235]	rotation: 
[0.9999808669090271, 0.0046548992395401, 0.004082083702087402;
 -0.004618152976036072, 0.9999490976333618, -0.008966892957687378;
 -0.00412362813949585, 0.008947893977165222, 0.9999516010284424]
2020/03/08 15:27:03 956100	INFO [input.cpp->run:256]	frame times (ms): 25.791
2020/03/08 15:27:03 956115	INFO [input.cpp->run:257]	FPS: 38.7732
2020/03/08 15:27:04 014554	INFO [input.cpp->run:173]	
frame_id 88
2020/03/08 15:27:04 021913	INFO [input.cpp->run:196]	Not enough points
2020/03/08 15:27:04 080188	INFO [input.cpp->run:173]	
frame_id 89
2020/03/08 15:27:04 087669	WARNING [visualOdometry.cpp->trackingFrame2Frame:179]	The Estimated Rotation and translation matrices(using getTransformation function) are : 
   0.999924  0.00796595   0.0093824  -0.0136361
-0.00784102    0.999881  -0.0132652   0.0878971
-0.00948706   0.0131907    0.999868    -0.07619
          0           0           0           1
2020/03/08 15:27:04 088330	INFO [input.cpp->run:235]	rotation: 
[0.9999241232872009, 0.007965952157974243, 0.009382396936416626;
 -0.007841020822525024, 0.9998810887336731, -0.01326523721218109;
 -0.009487062692642212, 0.01319074630737305, 0.9998680353164673]
2020/03/08 15:27:04 088401	INFO [input.cpp->run:256]	frame times (ms): 25.745
2020/03/08 15:27:04 088447	INFO [input.cpp->run:257]	FPS: 38.8425
2020/03/08 15:27:04 147394	INFO [input.cpp->run:173]	
frame_id 90
2020/03/08 15:27:04 154827	WARNING [visualOdometry.cpp->trackingFrame2Frame:179]	The Estimated Rotation and translation matrices(using getTransformation function) are : 
   0.999434   0.0036639   0.0334365   -0.393788
-0.00256649    0.999458   -0.032804    0.215323
 -0.0335387   0.0326997    0.998903   0.0403337
          0           0           0           1
2020/03/08 15:27:04 155504	INFO [input.cpp->run:235]	rotation: 
[0.9994341135025024, 0.003663897514343262, 0.03343650698661804;
 -0.002566486597061157, 0.9994584321975708, -0.03280395269393921;
 -0.03353872895240784, 0.03269973397254944, 0.9989025592803955]
2020/03/08 15:27:04 155581	INFO [input.cpp->run:256]	frame times (ms): 26.614
2020/03/08 15:27:04 155591	INFO [input.cpp->run:257]	FPS: 37.5742
2020/03/08 15:27:04 209164	INFO [input.cpp->run:173]	
frame_id 91
2020/03/08 15:27:04 214529	WARNING [visualOdometry.cpp->trackingFrame2Frame:179]	The Estimated Rotation and translation matrices(using getTransformation function) are : 
           1 -0.000714511  0.000582814   -0.0142822
 0.000718474     0.999979  -0.00652108    0.0529408
-0.000578195   0.00652139     0.999979    0.0265503
           0            0            0            1
2020/03/08 15:27:04 214964	INFO [input.cpp->run:235]	rotation: 
[0.9999997615814209, -0.0007145106792449951, 0.0005828142166137695;
 0.0007184743881225586, 0.9999785423278809, -0.006521075963973999;
 -0.0005781948566436768, 0.00652138888835907, 0.99997878074646]
2020/03/08 15:27:04 215013	INFO [input.cpp->run:256]	frame times (ms): 17.72
2020/03/08 15:27:04 215022	INFO [input.cpp->run:257]	FPS: 56.4334
2020/03/08 15:27:04 280422	INFO [input.cpp->run:173]	
frame_id 92
2020/03/08 15:27:04 287877	WARNING [visualOdometry.cpp->trackingFrame2Frame:179]	The Estimated Rotation and translation matrices(using getTransformation function) are : 
   0.999987 -0.00188546 -0.00478581   0.0950289
 0.00190413     0.99999  0.00392823 -0.00515223
 0.00477821 -0.00393738    0.999981  -0.0380964
          0           0           0           1
2020/03/08 15:27:04 288538	INFO [input.cpp->run:235]	rotation: 
[0.9999865293502808, -0.001885458827018738, -0.004785805940628052;
 0.001904129981994629, 0.9999901652336121, 0.003928229212760925;
 0.004778206348419189, -0.003937378525733948, 0.9999806880950928]
2020/03/08 15:27:04 288607	INFO [input.cpp->run:256]	frame times (ms): 25.813
2020/03/08 15:27:04 288615	INFO [input.cpp->run:257]	FPS: 38.7402
2020/03/08 15:27:04 346714	INFO [input.cpp->run:173]	
frame_id 93
2020/03/08 15:27:04 354081	WARNING [visualOdometry.cpp->trackingFrame2Frame:179]	The Estimated Rotation and translation matrices(using getTransformation function) are : 
    0.999999 -0.000929356   0.00042063   -0.0212965
 0.000928044     0.999996   0.00275478   -0.0285878
-0.000423104  -0.00275442     0.999996   0.00482273
           0            0            0            1
2020/03/08 15:27:04 354744	INFO [input.cpp->run:235]	rotation: 
[0.9999993443489075, -0.0009293556213378906, 0.0004206299781799316;
 0.000928044319152832, 0.9999958872795105, 0.002754777669906616;
 -0.0004231035709381104, -0.002754420042037964, 0.9999960660934448]
2020/03/08 15:27:04 354816	INFO [input.cpp->run:256]	frame times (ms): 25.841
2020/03/08 15:27:04 354825	INFO [input.cpp->run:257]	FPS: 38.6982
2020/03/08 15:27:04 413555	INFO [input.cpp->run:173]	
frame_id 94
2020/03/08 15:27:04 423694	WARNING [visualOdometry.cpp->trackingFrame2Frame:179]	The Estimated Rotation and translation matrices(using getTransformation function) are : 
   0.999946  -0.0057556 -0.00867221   0.0515742
 0.00578162    0.999979  0.00299749    0.009197
 0.00865489 -0.00304747    0.999958    0.059391
          0           0           0           1
2020/03/08 15:27:04 426262	INFO [input.cpp->run:235]	rotation: 
[0.999946117401123, -0.005755603313446045, -0.008672207593917847;
