		g3log created log at: Mon Mar 09 15:39:27 2020
		LOG format: [YYYY/MM/DD hh:mm:ss uuu* LEVEL FILE->FUNCTION:LINE] message		(uuu*: microseconds fractions of the seconds value)

2020/03/09 15:39:27 635319	INFO [g3logger.h->logBanner:29]	Starting log.
2020/03/09 15:39:27 639122	DEBUG [main.cpp->main:48]	Filepath: /home/mitchell/KITTI/data_odometry_gray/dataset/sequences/00/
2020/03/09 15:39:27 639127	DEBUG [main.cpp->main:52]	Calibration Filepath: /home/mitchell/visual_odom_catkin_ws/tank_downsized.yaml
2020/03/09 15:39:27 639251	INFO [main.cpp->main:66]	P_left: 
[409.41, 0, 251.22, 0;
 0, 408.72, 191.78999, 0;
 0, 0, 1, 0]
2020/03/09 15:39:27 639262	INFO [main.cpp->main:67]	P_right: 
[409.41, 0, 251.22, -73.940002;
 0, 408.72, 191.78999, 0;
 0, 0, 1, 0]
2020/03/09 15:39:27 801208	INFO [input.cpp->Input:22]	frame_pose [1, 0, 0, 0;
 0, 1, 0, 0;
 0, 0, 1, 0;
 0, 0, 0, 1]
2020/03/09 15:39:28 157161	INFO [input.cpp->run:173]	
frame_id 1
2020/03/09 15:39:28 300692	INFO [input.cpp->run:235]	rotation: 
[0.9999954419549055, 0.002421568340105035, 0.001803351376566523;
 -0.00241250492991688, 0.9999845337292025, -0.005011199691942372;
 -0.001815458447965742, 0.005006826256581861, 0.9999858178001627]
2020/03/09 15:39:28 300791	INFO [input.cpp->run:256]	frame times (ms): 296.814
2020/03/09 15:39:28 300797	INFO [input.cpp->run:257]	FPS: 3.36911
2020/03/09 15:39:28 410358	INFO [input.cpp->run:173]	
frame_id 2
2020/03/09 15:39:28 467264	INFO [input.cpp->run:235]	rotation: 
[0.9999962275276426, 0.001964450235423365, 0.001919860868855213;
 -0.001955198209329841, 0.999986524469376, -0.004809166208445603;
 -0.001929282365401652, 0.004805394357466072, 0.9999865929374372]
2020/03/09 15:39:28 467323	INFO [input.cpp->run:256]	frame times (ms): 241.383
2020/03/09 15:39:28 467328	INFO [input.cpp->run:257]	FPS: 4.14279
2020/03/09 15:39:28 471597	INFO [input.cpp->run:173]	
frame_id 3
2020/03/09 15:39:28 535092	INFO [input.cpp->run:235]	rotation: 
[0.9999934252883584, 0.003312567188347488, 0.00147522156948744;
 -0.003305285752429341, 0.9999824773993504, -0.004911209662839614;
 -0.001491464431753225, 0.004906301344216965, 0.9999868517840464]
2020/03/09 15:39:28 535166	INFO [input.cpp->run:256]	frame times (ms): 241.7
2020/03/09 15:39:28 535171	INFO [input.cpp->run:257]	FPS: 4.13736
2020/03/09 15:39:28 557050	INFO [input.cpp->run:173]	
frame_id 4
2020/03/09 15:39:28 629454	INFO [input.cpp->run:235]	rotation: 
[0.9999940517777557, 0.003351131482795328, 0.0008162884859595926;
 -0.003347547030144773, 0.9999849197468332, -0.004353643049283622;
 -0.0008308658064098746, 0.004350884588750278, 0.9999901896845325]
2020/03/09 15:39:28 629515	INFO [input.cpp->run:256]	frame times (ms): 252.97
2020/03/09 15:39:28 629519	INFO [input.cpp->run:257]	FPS: 3.95304
2020/03/09 15:39:28 691858	INFO [input.cpp->run:173]	
frame_id 5
2020/03/09 15:39:28 759793	INFO [input.cpp->run:235]	rotation: 
[0.9999973246904322, 0.001992922421237186, 0.001174253891254473;
 -0.001987233961847103, 0.9999863815103813, -0.004825732582207414;
 -0.001183855210352022, 0.004823386154666333, 0.9999876666403661]
2020/03/09 15:39:28 759854	INFO [input.cpp->run:256]	frame times (ms): 254.517
2020/03/09 15:39:28 759859	INFO [input.cpp->run:257]	FPS: 3.92901
2020/03/09 15:39:28 823875	INFO [input.cpp->run:173]	
frame_id 6
2020/03/09 15:39:28 882016	INFO [input.cpp->run:235]	rotation: 
[0.9999899446724033, 0.004137578701262083, 0.001729449789585757;
 -0.004124094895034916, 0.9999616282875299, -0.007728764056995016;
 -0.001761361797185002, 0.007721553926692056, 0.999968637112973]
2020/03/09 15:39:28 882076	INFO [input.cpp->run:256]	frame times (ms): 246.09
2020/03/09 15:39:28 882081	INFO [input.cpp->run:257]	FPS: 4.06355
2020/03/09 15:39:28 957745	INFO [input.cpp->run:173]	
frame_id 7
2020/03/09 15:39:29 013597	INFO [input.cpp->run:235]	rotation: 
[0.9999611199269561, -0.006369292224522075, 0.006098422007883826;
 0.006509492244093021, 0.9997084295804168, -0.02325257698795679;
 -0.005948541430610698, 0.02329137055682657, 0.9997110217019881]
2020/03/09 15:39:29 013646	INFO [input.cpp->run:256]	frame times (ms): 241.485
2020/03/09 15:39:29 013651	INFO [input.cpp->run:257]	FPS: 4.14104
2020/03/09 15:39:29 093444	INFO [input.cpp->run:173]	
frame_id 8
2020/03/09 15:39:29 152603	INFO [input.cpp->run:235]	rotation: 
[-0.9884723420077006, -0.02468010246793152, -0.1493764426808445;
 -0.02211012943325292, -0.9525157971289111, 0.3036853608528405;
 -0.1497784071962846, 0.3034873123576133, 0.9409898405273551]
2020/03/09 15:39:29 152656	INFO [input.cpp->run:256]	frame times (ms): 241.656
2020/03/09 15:39:29 152658	INFO [input.cpp->run:257]	FPS: 4.13811
2020/03/09 15:39:29 224681	INFO [input.cpp->run:173]	
frame_id 9
2020/03/09 15:39:29 283856	INFO [input.cpp->run:235]	rotation: 
[-0.9692878399420161, -0.05699730560807519, -0.2392329210078754;
 -0.04416616440484325, -0.916612781027715, 0.3973290318846616;
 -0.241930637295703, 0.3956921995820208, 0.8859442702154789]
2020/03/09 15:39:29 283921	INFO [input.cpp->run:256]	frame times (ms): 254.001
2020/03/09 15:39:29 283926	INFO [input.cpp->run:257]	FPS: 3.93699
2020/03/09 15:39:29 360590	INFO [input.cpp->run:173]	
frame_id 10
2020/03/09 15:39:29 416708	INFO [input.cpp->run:235]	rotation: 
[-0.9856712477246441, -0.02205576959451648, -0.1672295860083883;
 -0.02514586553375616, -0.9611226561002333, 0.2749744085863098;
 -0.1667929160830927, 0.2752395010866467, 0.9467963562382735]
2020/03/09 15:39:29 416772	INFO [input.cpp->run:256]	frame times (ms): 236.655
2020/03/09 15:39:29 416777	INFO [input.cpp->run:257]	FPS: 4.22556
2020/03/09 15:39:29 489601	INFO [input.cpp->run:173]	
frame_id 11
2020/03/09 15:39:29 546160	INFO [input.cpp->run:235]	rotation: 
[-0.983380093420831, -0.007861720539127683, -0.1813884925065598;
 -0.01694446193866513, -0.9907275612258943, 0.1348027619783844;
 -0.180766360458042, 0.1356358830750789, 0.9741285490884648]
2020/03/09 15:39:29 546225	INFO [input.cpp->run:256]	frame times (ms): 233.168
2020/03/09 15:39:29 546232	INFO [input.cpp->run:257]	FPS: 4.28875
2020/03/09 15:39:29 628948	INFO [input.cpp->run:173]	
frame_id 12
2020/03/09 15:39:29 682393	INFO [input.cpp->run:235]	rotation: 
[0.9999881894876055, 0.004510422224366015, 0.001810242154720138;
 -0.004493387002660261, 0.9999465957994952, -0.009306719198799069;
 -0.001852122713295342, 0.009298475163106931, 0.9999550529904312]
2020/03/09 15:39:29 682441	INFO [input.cpp->run:256]	frame times (ms): 235.666
2020/03/09 15:39:29 682446	INFO [input.cpp->run:257]	FPS: 4.24329
2020/03/09 15:39:29 759623	INFO [input.cpp->run:173]	
frame_id 13
2020/03/09 15:39:29 813871	INFO [input.cpp->run:235]	rotation: 
[-0.9744838390649494, 0.0003740358895218936, -0.224457362317192;
 -0.01292919093978842, -0.998431783869381, 0.05446842187036539;
 -0.2240849915163448, 0.05598064894728316, 0.972960473770935]
2020/03/09 15:39:29 813912	INFO [input.cpp->run:256]	frame times (ms): 229.703
2020/03/09 15:39:29 813917	INFO [input.cpp->run:257]	FPS: 4.35345
2020/03/09 15:39:29 890892	INFO [input.cpp->run:173]	
frame_id 14
2020/03/09 15:39:29 947521	INFO [input.cpp->run:235]	rotation: 
[-0.9574581467246325, -0.02840487515655763, -0.2871707860106467;
 -0.03004703601097059, -0.9799214607578485, 0.1971068399958759;
 -0.2870036112971189, 0.1973501806777606, 0.9373803034461878]
2020/03/09 15:39:29 947563	INFO [input.cpp->run:256]	frame times (ms): 237.348
2020/03/09 15:39:29 947571	INFO [input.cpp->run:257]	FPS: 4.21322
2020/03/09 15:39:30 024700	INFO [input.cpp->run:173]	
frame_id 15
2020/03/09 15:39:30 079432	INFO [input.cpp->run:235]	rotation: 
[-0.9731089814193675, -0.02490580426745581, -0.2289947842086196;
 -0.02431879747295312, -0.9774732394475231, 0.2096536721677792;
 -0.2290578668599499, 0.2095847491535497, 0.9505823091935873]
2020/03/09 15:39:30 079474	INFO [input.cpp->run:256]	frame times (ms): 235.625
2020/03/09 15:39:30 079477	INFO [input.cpp->run:257]	FPS: 4.24403
2020/03/09 15:39:30 157191	INFO [input.cpp->run:173]	
frame_id 16
2020/03/09 15:39:30 210575	INFO [input.cpp->run:235]	rotation: 
[-0.9886815505657096, -0.01144070131933848, -0.1495924527651907;
 -0.02217785556004225, -0.974989079082216, 0.2211434792011064;
 -0.1483810442534423, 0.2219581177243445, 0.9636999842702727]
2020/03/09 15:39:30 210619	INFO [input.cpp->run:256]	frame times (ms): 222.862
2020/03/09 15:39:30 210621	INFO [input.cpp->run:257]	FPS: 4.48708
2020/03/09 15:39:30 299573	INFO [input.cpp->run:173]	
frame_id 17
2020/03/09 15:39:30 361215	INFO [input.cpp->run:235]	rotation: 
[-0.9823157078695758, -0.03555141127210736, -0.1838258611546692;
 -0.02914486419684003, -0.9408055369095371, 0.3376914547501988;
 -0.1849497957923771, 0.3370772001736684, 0.9231319159033766]
2020/03/09 15:39:30 361278	INFO [input.cpp->run:256]	frame times (ms): 234.21
2020/03/09 15:39:30 361282	INFO [input.cpp->run:257]	FPS: 4.26967
2020/03/09 15:39:30 428596	INFO [input.cpp->run:173]	
frame_id 18
2020/03/09 15:39:30 484058	INFO [input.cpp->run:235]	rotation: 
[0.9999852037957717, 0.004421578224242832, 0.003168885535307508;
 -0.004373706224010305, 0.9998785591470625, -0.0149578625431699;
 -0.003234638062447336, 0.01494378144919194, 0.9998831034238971]
2020/03/09 15:39:30 484121	INFO [input.cpp->run:256]	frame times (ms): 236.138
2020/03/09 15:39:30 484124	INFO [input.cpp->run:257]	FPS: 4.23481
2020/03/09 15:39:30 557134	INFO [input.cpp->run:173]	
frame_id 19
2020/03/09 15:39:30 614166	INFO [input.cpp->run:235]	rotation: 
[-0.956551179382416, -0.03422630175262286, -0.2895486167994029;
 -0.03227646213526449, -0.9745519373015011, 0.2218259486487588;
 -0.2897724472998423, 0.2215334777640377, 0.9311041010626204]
2020/03/09 15:39:30 614225	INFO [input.cpp->run:256]	frame times (ms): 278.034
2020/03/09 15:39:30 614228	INFO [input.cpp->run:257]	FPS: 3.59668
2020/03/09 15:39:30 698373	INFO [input.cpp->run:173]	
frame_id 20
2020/03/09 15:39:30 752627	INFO [input.cpp->run:235]	rotation: 
[0.9999984629424137, 0.001150679594991519, 0.001322894281433642;
 -0.001139149476560938, 0.9999616463264155, -0.008683790338023356;
 -0.001332835803927333, 0.008682270016209297, 0.9999614201238393]
2020/03/09 15:39:30 752686	INFO [input.cpp->run:256]	frame times (ms): 227.745
2020/03/09 15:39:30 752689	INFO [input.cpp->run:257]	FPS: 4.39088
2020/03/09 15:39:30 830943	INFO [input.cpp->run:173]	
frame_id 21
2020/03/09 15:39:30 884316	INFO [input.cpp->run:235]	rotation: 
[-0.9689279426403514, -0.03612726182343725, -0.2446905452277974;
 -0.02979152127737855, -0.9650276079487771, 0.2604499590259919;
 -0.2455424754104989, 0.2596469465443454, 0.9339659286716415]
2020/03/09 15:39:30 884374	INFO [input.cpp->run:256]	frame times (ms): 235.036
2020/03/09 15:39:30 884377	INFO [input.cpp->run:257]	FPS: 4.25467
2020/03/09 15:39:30 963840	INFO [input.cpp->run:173]	
frame_id 22
2020/03/09 15:39:31 016789	INFO [input.cpp->run:235]	rotation: 
[-0.9715092052489573, -0.01422925990709739, -0.2365742849065288;
 -0.02004618355616138, -0.989685480264506, 0.1418478081552435;
 -0.2361525241054431, 0.1425488629071111, 0.9612033120222372]
2020/03/09 15:39:31 016853	INFO [input.cpp->run:256]	frame times (ms): 229.244
2020/03/09 15:39:31 016857	INFO [input.cpp->run:257]	FPS: 4.36216
2020/03/09 15:39:31 095048	INFO [input.cpp->run:173]	
frame_id 23
2020/03/09 15:39:31 148604	INFO [input.cpp->run:235]	rotation: 
[0.9999997522235208, -0.0007025561280238567, -4.435971077519771e-05;
 0.0007027807981602812, 0.9999857821180923, 0.005285987213100073;
 4.064537736484924e-05, -0.005286017078509717, 0.9999860280880923]
2020/03/09 15:39:31 148667	INFO [input.cpp->run:256]	frame times (ms): 233.496
2020/03/09 15:39:31 148671	INFO [input.cpp->run:257]	FPS: 4.28273
2020/03/09 15:39:31 237343	INFO [input.cpp->run:173]	
frame_id 24
2020/03/09 15:39:31 291839	INFO [input.cpp->run:235]	rotation: 
[-0.9737710660863663, -0.03073292854343178, -0.2254448889555181;
 -0.02807325994167384, -0.9670365601218404, 0.2530853284249514;
 -0.2257915032264695, 0.2527761430413532, 0.9408094486025684]
2020/03/09 15:39:31 291902	INFO [input.cpp->run:256]	frame times (ms): 240.574
2020/03/09 15:39:31 291906	INFO [input.cpp->run:257]	FPS: 4.15672
2020/03/09 15:39:31 368379	INFO [input.cpp->run:173]	
frame_id 25
2020/03/09 15:39:31 432997	INFO [input.cpp->run:235]	rotation: 
[0.9999989290324101, -0.001419133061671857, 0.000357764428304569;
 0.001417017953502816, 0.9999819166319747, 0.005844524716503438;
 -0.000366052116973694, -0.005844011498588856, 0.9999828566207782]
2020/03/09 15:39:31 433060	INFO [input.cpp->run:256]	frame times (ms): 246.421
2020/03/09 15:39:31 433064	INFO [input.cpp->run:257]	FPS: 4.0581
2020/03/09 15:39:31 503300	INFO [input.cpp->run:173]	
frame_id 26
2020/03/09 15:39:31 561586	INFO [input.cpp->run:235]	rotation: 
[-0.956516855042791, -0.03167605520741583, -0.2899519504082444;
 -0.03329555980827759, -0.9757296607183502, 0.2164325181009233;
 -0.2897704465885051, 0.2166754640492315, 0.9322471944516366]
2020/03/09 15:39:31 561649	INFO [input.cpp->run:256]	frame times (ms): 243.056
2020/03/09 15:39:31 561653	INFO [input.cpp->run:257]	FPS: 4.11428
2020/03/09 15:39:31 632118	INFO [input.cpp->run:173]	
frame_id 27
2020/03/09 15:39:31 690908	INFO [input.cpp->run:235]	rotation: 
[-0.9697457710396377, -0.04805111826291658, -0.2393412408767486;
 -0.04138651953083208, -0.9338824702863495, 0.3551769808039221;
 -0.2405832403802531, 0.3543368760453091, 0.9036399076637704]
2020/03/09 15:39:31 690963	INFO [input.cpp->run:256]	frame times (ms): 247.986
2020/03/09 15:39:31 690966	INFO [input.cpp->run:257]	FPS: 4.03249
2020/03/09 15:39:31 825128	INFO [input.cpp->run:173]	
frame_id 28
2020/03/09 15:39:31 883660	INFO [input.cpp->run:235]	rotation: 
[-0.9845660303592836, -0.009560388656574489, -0.1747521983589833;
 -0.01972180838053381, -0.986086144754493, 0.1650610959536576;
 -0.1738987697965794, 0.1659599773799584, 0.9706783729800929]
2020/03/09 15:39:31 883720	INFO [input.cpp->run:256]	frame times (ms): 256.494
2020/03/09 15:39:31 883723	INFO [input.cpp->run:257]	FPS: 3.89873
2020/03/09 15:39:32 025491	INFO [input.cpp->run:173]	
frame_id 29
2020/03/09 15:39:32 084487	INFO [input.cpp->run:235]	rotation: 
[-0.9498513917806495, -0.01999753788342575, -0.312061583683356;
 -0.02141274283990423, -0.9914510493542861, 0.1287101828852603;
 -0.3119676713642542, 0.1289376407915314, 0.9413029569754248]
2020/03/09 15:39:32 084551	INFO [input.cpp->run:256]	frame times (ms): 249.848
2020/03/09 15:39:32 084555	INFO [input.cpp->run:257]	FPS: 4.00243
2020/03/09 15:39:32 224739	INFO [input.cpp->run:173]	
frame_id 30
2020/03/09 15:39:32 286244	INFO [input.cpp->run:235]	rotation: 
[-0.9571613983297604, -0.02763190332347268, -0.2882334738820944;
 -0.03408738089688879, -0.9777614618121392, 0.2069313273977122;
 -0.2875414891993991, 0.2078918029016801, 0.9349336288075649]
2020/03/09 15:39:32 286300	INFO [input.cpp->run:256]	frame times (ms): 252.386
2020/03/09 15:39:32 286303	INFO [input.cpp->run:257]	FPS: 3.96218
2020/03/09 15:39:32 426952	INFO [input.cpp->run:173]	
frame_id 31
2020/03/09 15:39:32 489074	INFO [input.cpp->run:235]	rotation: 
[-0.9650096940433979, -0.01653857264430873, -0.2616921206631118;
 -0.0244112917169103, -0.9880082348531787, 0.1524592296288355;
 -0.261075428255858, 0.1535128772357388, 0.953033796506622]
2020/03/09 15:39:32 489135	INFO [input.cpp->run:256]	frame times (ms): 254.381
2020/03/09 15:39:32 489139	INFO [input.cpp->run:257]	FPS: 3.93111
2020/03/09 15:39:32 626235	INFO [input.cpp->run:173]	
frame_id 32
2020/03/09 15:39:32 690204	INFO [input.cpp->run:235]	rotation: 
[-0.9598052994371711, -0.04048522786665387, -0.2777314053125926;
 -0.03869608723591735, -0.9610034871210437, 0.2738154681054822;
 -0.2779863306080944, 0.2735566560436415, 0.9208096198070846]
2020/03/09 15:39:32 690264	INFO [input.cpp->run:256]	frame times (ms): 245.395
2020/03/09 15:39:32 690268	INFO [input.cpp->run:257]	FPS: 4.07506
2020/03/09 15:39:32 826036	INFO [input.cpp->run:173]	
frame_id 33
2020/03/09 15:39:32 888197	INFO [input.cpp->run:235]	rotation: 
[-0.9873030079663283, 0.0125626332704524, -0.1583507205728865;
 -0.01687774154569984, -0.9995211439135802, 0.02593500935038702;
 -0.1579490813552166, 0.02827831527867647, 0.987042260789295]
2020/03/09 15:39:32 888269	INFO [input.cpp->run:256]	frame times (ms): 250.436
2020/03/09 15:39:32 888274	INFO [input.cpp->run:257]	FPS: 3.99304
2020/03/09 15:39:33 026971	INFO [input.cpp->run:173]	
frame_id 34
2020/03/09 15:39:33 092392	INFO [input.cpp->run:235]	rotation: 
[0.9999941564113446, 0.001731247909477539, 0.00294786767669853;
 -0.001669295951060818, 0.9997803826951511, -0.02089018499116166;
 -0.00298338636303887, 0.02088514205393665, 0.9997774303549745]
2020/03/09 15:39:33 092467	INFO [input.cpp->run:256]	frame times (ms): 253.413
2020/03/09 15:39:33 092471	INFO [input.cpp->run:257]	FPS: 3.94613
2020/03/09 15:39:33 226401	INFO [input.cpp->run:173]	
frame_id 35
2020/03/09 15:39:33 284561	INFO [input.cpp->run:235]	rotation: 
[-0.9462117395160587, -0.03530615080105243, -0.3216159506579354;
 -0.03499369972064861, -0.9770299651111771, 0.2102091535940171;
 -0.3216500971270726, 0.2101569008870881, 0.9232417300077373]
2020/03/09 15:39:33 284621	INFO [input.cpp->run:256]	frame times (ms): 248.223
2020/03/09 15:39:33 284624	INFO [input.cpp->run:257]	FPS: 4.02864
2020/03/09 15:39:33 424174	INFO [input.cpp->run:173]	
frame_id 36
2020/03/09 15:39:33 481486	INFO [input.cpp->run:235]	rotation: 
[0.9999824390316675, 0.005300118684301937, 0.002651484529403114;
 -0.00525479305302273, 0.9998447439393864, -0.01681889314886303;
 -0.002740215000187867, 0.01680466479032775, 0.9998550367243431]
2020/03/09 15:39:33 481554	INFO [input.cpp->run:256]	frame times (ms): 260.416
2020/03/09 15:39:33 481558	INFO [input.cpp->run:257]	FPS: 3.84001
2020/03/09 15:39:33 624404	INFO [input.cpp->run:173]	
frame_id 37
2020/03/09 15:39:33 680439	INFO [input.cpp->run:235]	rotation: 
[-0.9534729567014458, -0.02929834300504173, -0.3000515421326173;
 -0.03383866141863258, -0.9785769413542117, 0.2030815472740712;
 -0.2995734731787813, 0.2037861058732773, 0.9320552329237832]
2020/03/09 15:39:33 680497	INFO [input.cpp->run:256]	frame times (ms): 249.751
2020/03/09 15:39:33 680501	INFO [input.cpp->run:257]	FPS: 4.00399
2020/03/09 15:39:33 826476	INFO [input.cpp->run:173]	
frame_id 38
2020/03/09 15:39:33 886841	INFO [input.cpp->run:235]	rotation: 
[-0.9705165220697727, -0.04258297348936401, -0.2372432733680694;
 -0.03891083959602053, -0.9436816273421086, 0.3285588726223697;
 -0.2378731320505222, 0.3281031493078875, 0.91420167165824]
2020/03/09 15:39:33 886901	INFO [input.cpp->run:256]	frame times (ms): 251.973
2020/03/09 15:39:33 886905	INFO [input.cpp->run:257]	FPS: 3.96868
2020/03/09 15:39:34 026177	INFO [input.cpp->run:173]	
frame_id 39
2020/03/09 15:39:34 087489	INFO [input.cpp->run:235]	rotation: 
[-0.958759053221743, -0.02687873426255933, -0.2829463049940566;
 -0.03186169712126395, -0.9790788342506038, 0.2009713128260635;
 -0.2824285929609461, 0.2016982150811488, 0.9378442940654803]
2020/03/09 15:39:34 087549	INFO [input.cpp->run:256]	frame times (ms): 259.758
2020/03/09 15:39:34 087553	INFO [input.cpp->run:257]	FPS: 3.84974
2020/03/09 15:39:34 226917	INFO [input.cpp->run:173]	
frame_id 40
2020/03/09 15:39:34 283731	INFO [input.cpp->run:235]	rotation: 
[0.9999868344550025, 0.004601190129031616, 0.002271555867662119;
 -0.004575203048459149, 0.9999255068869515, -0.01131583818983474;
 -0.00232345297537486, 0.01130529638132739, 0.9999333937018013]
2020/03/09 15:39:34 283787	INFO [input.cpp->run:256]	frame times (ms): 249.73
2020/03/09 15:39:34 283790	INFO [input.cpp->run:257]	FPS: 4.00432
2020/03/09 15:39:34 424939	INFO [input.cpp->run:173]	
frame_id 41
2020/03/09 15:39:34 483714	INFO [input.cpp->run:235]	rotation: 
[-0.943259859388245, -0.01616965804094874, -0.3316615440862977;
 -0.03055643749627862, -0.9903488441062366, 0.1351868007794291;
 -0.3306465511606078, 0.1376506779361432, 0.9336622242916954]
2020/03/09 15:39:34 483768	INFO [input.cpp->run:256]	frame times (ms): 253.707
2020/03/09 15:39:34 483772	INFO [input.cpp->run:257]	FPS: 3.94155
2020/03/09 15:39:34 626901	INFO [input.cpp->run:173]	
frame_id 42
2020/03/09 15:39:34 685648	INFO [input.cpp->run:235]	rotation: 
[-0.9852207919027924, 0.01812213555283037, -0.1703278585711667;
 -0.01689458999539139, -0.9998198267737932, -0.008653717057410824;
 -0.1704539938849253, -0.005648202636852124, 0.985349447544196]
2020/03/09 15:39:34 685705	INFO [input.cpp->run:256]	frame times (ms): 254.082
2020/03/09 15:39:34 685709	INFO [input.cpp->run:257]	FPS: 3.93574
2020/03/09 15:39:34 824915	INFO [input.cpp->run:173]	
frame_id 43
2020/03/09 15:39:34 882947	INFO [input.cpp->run:235]	rotation: 
[-0.9155990677708001, -0.008969206380755705, -0.4019924134037123;
 -0.009032844443920489, -0.9990400757258001, 0.04286414369889609;
 -0.4019909884792116, 0.04287750494941479, 0.9146391445541899]
2020/03/09 15:39:34 883008	INFO [input.cpp->run:256]	frame times (ms): 263.163
2020/03/09 15:39:34 883011	INFO [input.cpp->run:257]	FPS: 3.79993
2020/03/09 15:39:35 024617	INFO [input.cpp->run:173]	
frame_id 44
2020/03/09 15:39:35 084795	INFO [input.cpp->run:235]	rotation: 
[-0.9486425155923519, -0.03678900748924502, -0.3142036704727852;
 -0.03894497069627718, -0.9720789122954449, 0.2313998217976215;
 -0.3139437320095441, 0.2317523617969429, 0.9207226378956139]
2020/03/09 15:39:35 084855	INFO [input.cpp->run:256]	frame times (ms): 255.043
2020/03/09 15:39:35 084859	INFO [input.cpp->run:257]	FPS: 3.92091
2020/03/09 15:39:35 224745	INFO [input.cpp->run:173]	
frame_id 45
2020/03/09 15:39:35 286150	INFO [input.cpp->run:235]	rotation: 
[-0.9557298436630066, -0.01946424458469653, -0.2936011054383685;
 -0.02346545099356381, -0.9895900031423138, 0.1419894302068433;
 -0.2933084358513297, 0.1425930182847059, 0.9453239617162486]
2020/03/09 15:39:35 286213	INFO [input.cpp->run:256]	frame times (ms): 265.401
2020/03/09 15:39:35 286217	INFO [input.cpp->run:257]	FPS: 3.76788
2020/03/09 15:39:35 423929	INFO [input.cpp->run:173]	
frame_id 46
2020/03/09 15:39:35 484993	INFO [input.cpp->run:235]	rotation: 
[-0.9467049509273051, -0.03126058942572389, -0.3205815207376824;
 -0.03693908462102186, -0.9781759566246108, 0.204468339624717;
 -0.3199769365393227, 0.2054131773530704, 0.9248892834564717]
2020/03/09 15:39:35 485055	INFO [input.cpp->run:256]	frame times (ms): 273.972
2020/03/09 15:39:35 485059	INFO [input.cpp->run:257]	FPS: 3.65001
2020/03/09 15:39:35 627433	INFO [input.cpp->run:173]	
frame_id 47
2020/03/09 15:39:35 692684	INFO [input.cpp->run:235]	rotation: 
[-0.9487313734649464, -0.02991552704572315, -0.3146646504532928;
 -0.03342364161299047, -0.9804349052159195, 0.1939851974135586;
 -0.3143113761616698, 0.194557081279062, 0.9291694683638334]
2020/03/09 15:39:35 692746	INFO [input.cpp->run:256]	frame times (ms): 281.009
2020/03/09 15:39:35 692755	INFO [input.cpp->run:257]	FPS: 3.5586
2020/03/09 15:39:35 827816	INFO [input.cpp->run:173]	
frame_id 48
2020/03/09 15:39:35 890149	INFO [input.cpp->run:235]	rotation: 
[-0.9480926050706642, -0.03173171761167511, -0.3164071906700834;
 -0.03697612985966058, -0.9772583722057274, 0.2088033519233192;
 -0.3158372651080349, 0.2096644272432138, 0.9253581198205656]
2020/03/09 15:39:35 890210	INFO [input.cpp->run:256]	frame times (ms): 272.259
2020/03/09 15:39:35 890214	INFO [input.cpp->run:257]	FPS: 3.67297
2020/03/09 15:39:36 025697	INFO [input.cpp->run:173]	
frame_id 49
2020/03/09 15:39:36 089986	INFO [input.cpp->run:235]	rotation: 
[-0.9553284442936376, -0.009456855621697697, -0.2953948736949381;
 -0.03350528778486168, -0.9895789106902907, 0.1400391916838683;
 -0.2936408677516664, 0.1436807133848102, 0.9450560265864032]
2020/03/09 15:39:36 090047	INFO [input.cpp->run:256]	frame times (ms): 272.973
2020/03/09 15:39:36 090051	INFO [input.cpp->run:257]	FPS: 3.66337
2020/03/09 15:39:36 224560	INFO [input.cpp->run:173]	
frame_id 50
2020/03/09 15:39:36 283907	INFO [input.cpp->run:235]	rotation: 
[-0.9333348215358716, 0.02273436285969808, -0.3582865608056858;
 0.003174132548906887, -0.9974313448588715, -0.07155862754123313;
 -0.3589930859935394, -0.06792540790003795, 0.9308652443670077]
2020/03/09 15:39:36 283971	INFO [input.cpp->run:256]	frame times (ms): 278.126
2020/03/09 15:39:36 283975	INFO [input.cpp->run:257]	FPS: 3.59549
2020/03/09 15:39:36 425925	INFO [input.cpp->run:173]	
frame_id 51
2020/03/09 15:39:36 488200	INFO [input.cpp->run:235]	rotation: 
[-0.9347854125997358, -0.02315128789910052, -0.3544576847232328;
 -0.03385746859683939, -0.9875233822371743, 0.1537896009327865;
 -0.3535956790049276, 0.1557613154909288, 0.9223386083134439]
2020/03/09 15:39:36 488273	INFO [input.cpp->run:256]	frame times (ms): 282.142
2020/03/09 15:39:36 488278	INFO [input.cpp->run:257]	FPS: 3.54431
2020/03/09 15:39:36 625629	INFO [input.cpp->run:173]	
frame_id 52
2020/03/09 15:39:36 689645	INFO [input.cpp->run:235]	rotation: 
[-0.9059706696863471, -0.03601910856634413, -0.4218053692002481;
 -0.03274656192491897, -0.987425943608835, 0.1546533820202432;
 -0.4220720416589675, 0.1539241037209174, 0.8933994414278212]
2020/03/09 15:39:36 689711	INFO [input.cpp->run:256]	frame times (ms): 274.489
2020/03/09 15:39:36 689715	INFO [input.cpp->run:257]	FPS: 3.64313
2020/03/09 15:39:36 825304	INFO [input.cpp->run:173]	
frame_id 53
2020/03/09 15:39:36 895932	INFO [input.cpp->run:235]	rotation: 
[-0.9132752790942252, -0.04503557729762411, -0.4048457253977555;
 -0.0345254769785796, -0.9817350798166875, 0.1870941594404373;
 -0.405877144016224, 0.1848459624519614, 0.8950395042289711]
2020/03/09 15:39:36 895996	INFO [input.cpp->run:256]	frame times (ms): 276.999
2020/03/09 15:39:36 896000	INFO [input.cpp->run:257]	FPS: 3.61012
2020/03/09 15:39:37 024729	INFO [input.cpp->run:173]	
frame_id 54
2020/03/09 15:39:37 084332	INFO [input.cpp->run:235]	rotation: 
[-0.9278130369580839, -0.01242744592500561, -0.3728384731199266;
 -0.02812564939966668, -0.9942699516997632, 0.103132007605775;
 -0.3719837581084209, 0.1061735453619764, 0.9221470934557043]
2020/03/09 15:39:37 084394	INFO [input.cpp->run:256]	frame times (ms): 272.26
2020/03/09 15:39:37 084397	INFO [input.cpp->run:257]	FPS: 3.67296
2020/03/09 15:39:37 225743	INFO [input.cpp->run:173]	
frame_id 55
2020/03/09 15:39:37 285512	INFO [input.cpp->run:235]	rotation: 
[-0.9129847847147969, 0.002487221197090159, -0.4079860250180054;
 -0.006275690656316312, -0.9999487242356392, 0.00794761639134175;
 -0.4079453377427692, 0.009816446925158069, 0.912953579752937]
2020/03/09 15:39:37 285571	INFO [input.cpp->run:256]	frame times (ms): 270.457
2020/03/09 15:39:37 285574	INFO [input.cpp->run:257]	FPS: 3.69745
2020/03/09 15:39:37 427023	INFO [input.cpp->run:173]	
frame_id 56
2020/03/09 15:39:37 494716	INFO [input.cpp->run:235]	rotation: 
[-0.8879064745776477, -0.007857642327163308, -0.4599569000027627;
 -0.01635862920859248, -0.9986824134396134, 0.04863982254125684;
 -0.4597330613013478, 0.05071187773576862, 0.88660804068258]
2020/03/09 15:39:37 494779	INFO [input.cpp->run:256]	frame times (ms): 276.303
2020/03/09 15:39:37 494783	INFO [input.cpp->run:257]	FPS: 3.61922
2020/03/09 15:39:37 625978	INFO [input.cpp->run:173]	
frame_id 57
2020/03/09 15:39:37 693130	INFO [input.cpp->run:235]	rotation: 
[-0.9713587677561651, -0.009383186711059827, -0.2374323063746166;
 -0.01859890700692706, -0.9931520809818266, 0.1153387389371624;
 -0.2368886340907307, 0.1164512767152538, 0.9645324645599106]
2020/03/09 15:39:37 693196	INFO [input.cpp->run:256]	frame times (ms): 276.422
2020/03/09 15:39:37 693201	INFO [input.cpp->run:257]	FPS: 3.61766
2020/03/09 15:39:37 825655	INFO [input.cpp->run:173]	
frame_id 58
2020/03/09 15:39:37 888367	INFO [input.cpp->run:235]	rotation: 
[-0.9422042887484099, -0.0144085598209614, -0.3347289525391983;
 -0.03475608631573362, -0.9894810856554425, 0.1404250532994035;
 -0.3332312901396211, 0.1439429558332495, 0.9317925373911682]
2020/03/09 15:39:37 888439	INFO [input.cpp->run:256]	frame times (ms): 276.37
2020/03/09 15:39:37 888443	INFO [input.cpp->run:257]	FPS: 3.61834
2020/03/09 15:39:38 026001	INFO [input.cpp->run:173]	
frame_id 59
2020/03/09 15:39:38 088131	INFO [input.cpp->run:235]	rotation: 
[-0.945763782729696, 0.02351325236884688, -0.3240030775160252;
 0.005989139303947889, -0.9959454964224932, -0.08975911299779868;
 -0.3247999345554343, -0.08683141780941159, 0.9417883559452163]
2020/03/09 15:39:38 088212	INFO [input.cpp->run:256]	frame times (ms): 266.736
2020/03/09 15:39:38 088217	INFO [input.cpp->run:257]	FPS: 3.74903
2020/03/09 15:39:38 225157	INFO [input.cpp->run:173]	
frame_id 60
2020/03/09 15:39:38 288083	INFO [input.cpp->run:235]	rotation: 
[-0.9826047640639946, -0.00824389736293776, -0.1855260515264928;
 -0.05295281559231597, -0.9451039431608065, 0.3224508271701922;
 -0.1779996543805288, 0.3266658457478595, 0.9282270995086537]
2020/03/09 15:39:38 288155	INFO [input.cpp->run:256]	frame times (ms): 275.231
2020/03/09 15:39:38 288159	INFO [input.cpp->run:257]	FPS: 3.63331
2020/03/09 15:39:38 425698	INFO [input.cpp->run:173]	
frame_id 61
2020/03/09 15:39:38 490300	INFO [input.cpp->run:235]	rotation: 
[-0.9435961318454692, -0.0180675329976212, -0.3306053602373195;
 -0.03153645912042578, -0.9890660224460739, 0.1440619831490881;
 -0.3295933732835259, 0.1463624524735846, 0.9327090869041129]
2020/03/09 15:39:38 490367	INFO [input.cpp->run:256]	frame times (ms): 278.865
2020/03/09 15:39:38 490373	INFO [input.cpp->run:257]	FPS: 3.58596
2020/03/09 15:39:38 624992	INFO [input.cpp->run:173]	
frame_id 62
2020/03/09 15:39:38 688131	INFO [input.cpp->run:235]	rotation: 
[-0.9859581788354588, 0.01979374452164884, -0.165815190092094;
 -0.008491204540924849, -0.9976083125744964, -0.06859704168336907;
 -0.1667764043050148, -0.06622584359657031, 0.9837681477904299]
2020/03/09 15:39:38 688186	INFO [input.cpp->run:256]	frame times (ms): 276.956
2020/03/09 15:39:38 688191	INFO [input.cpp->run:257]	FPS: 3.61068
2020/03/09 15:39:38 825470	INFO [input.cpp->run:173]	
frame_id 63
2020/03/09 15:39:38 886198	INFO [input.cpp->run:235]	rotation: 
[-0.9411345069553526, -0.01657783800550517, -0.3376255545792833;
 -0.03104826532682349, -0.9903352880813392, 0.1351740448497646;
 -0.3366033942759648, 0.1376996458525375, 0.9315239999559781]
2020/03/09 15:39:38 886253	INFO [input.cpp->run:256]	frame times (ms): 268.104
2020/03/09 15:39:38 886256	INFO [input.cpp->run:257]	FPS: 3.7299
2020/03/09 15:39:39 024803	INFO [input.cpp->run:173]	
frame_id 64
2020/03/09 15:39:39 088418	INFO [input.cpp->run:235]	rotation: 
[-0.9882804501977863, 0.0173831710687728, -0.1516561146820485;
 -0.01386105022225531, -0.9996098086691156, -0.02425080821808251;
 -0.1520184957286349, -0.02186448664130677, 0.9881357807408429]
2020/03/09 15:39:39 088487	INFO [input.cpp->run:256]	frame times (ms): 265.957
2020/03/09 15:39:39 088491	INFO [input.cpp->run:257]	FPS: 3.76001
2020/03/09 15:39:39 226175	INFO [input.cpp->run:173]	
frame_id 65
2020/03/09 15:39:39 287063	INFO [input.cpp->run:235]	rotation: 
[-0.9300707553311495, -0.04082112408708322, -0.3651054996929134;
 -0.03888902163830569, -0.9772845799991637, 0.2083326515260476;
 -0.3653163479421096, 0.2079627022427944, 0.907356313915384]
2020/03/09 15:39:39 287121	INFO [input.cpp->run:256]	frame times (ms): 271.157
2020/03/09 15:39:39 287126	INFO [input.cpp->run:257]	FPS: 3.6879
2020/03/09 15:39:39 426399	INFO [input.cpp->run:173]	
frame_id 66
2020/03/09 15:39:39 490657	INFO [input.cpp->run:235]	rotation: 
[-0.9847941222514635, 0.01397874809336053, -0.1731621534305693;
 -0.00693844593555836, -0.999126988979958, -0.04119609034656344;
 -0.1735868507317561, -0.03936819139337305, 0.9840313769181579]
2020/03/09 15:39:39 490717	INFO [input.cpp->run:256]	frame times (ms): 279.634
2020/03/09 15:39:39 490732	INFO [input.cpp->run:257]	FPS: 3.5761
2020/03/09 15:39:39 626973	INFO [input.cpp->run:173]	
frame_id 67
2020/03/09 15:39:39 688446	INFO [input.cpp->run:235]	rotation: 
[-0.9854022935063242, 0.01870117996932732, -0.1692116598235207;
 -0.006507739865272288, -0.9973595331634174, -0.07232987577685976;
 -0.1701175160714557, -0.07017284001524271, 0.9829220738440421]
2020/03/09 15:39:39 688507	INFO [input.cpp->run:256]	frame times (ms): 282.604
2020/03/09 15:39:39 688512	INFO [input.cpp->run:257]	FPS: 3.53852
2020/03/09 15:39:39 828095	INFO [input.cpp->run:173]	
frame_id 68
2020/03/09 15:39:39 887988	INFO [input.cpp->run:235]	rotation: 
[-0.9588892372051869, -0.02644305837885003, -0.2825459173933104;
 -0.03712267809773413, -0.9754050036214755, 0.2172716863308269;
 -0.2813420294639723, 0.2188283427112721, 0.9343237227446014]
2020/03/09 15:39:39 888056	INFO [input.cpp->run:256]	frame times (ms): 264.089
2020/03/09 15:39:39 888062	INFO [input.cpp->run:257]	FPS: 3.7866
2020/03/09 15:39:40 027375	INFO [input.cpp->run:173]	
frame_id 69
2020/03/09 15:39:40 089710	INFO [input.cpp->run:235]	rotation: 
[-0.974077606127187, -0.01706644724741961, -0.2255693986778347;
 -0.04950121261909143, -0.9569023290771564, 0.2861600296266985;
 -0.2207316180132977, 0.2899080353923714, 0.931252320171159]
2020/03/09 15:39:40 089770	INFO [input.cpp->run:256]	frame times (ms): 273.794
2020/03/09 15:39:40 089775	INFO [input.cpp->run:257]	FPS: 3.65238
2020/03/09 15:39:40 226196	INFO [input.cpp->run:173]	
frame_id 70
2020/03/09 15:39:40 287077	INFO [input.cpp->run:235]	rotation: 
[0.9999995325903638, 0.0008785547567281112, -0.0004036837788458691;
 -0.0008821788792453424, 0.9999585055725695, -0.009066912015596418;
 0.0003957012495384654, 0.009067263898937963, 0.9999588132247789]
2020/03/09 15:39:40 287133	INFO [input.cpp->run:256]	frame times (ms): 273.864
2020/03/09 15:39:40 287135	INFO [input.cpp->run:257]	FPS: 3.65145
2020/03/09 15:39:40 425382	INFO [input.cpp->run:173]	
frame_id 71
2020/03/09 15:39:40 491116	INFO [input.cpp->run:235]	rotation: 
[-0.9801412747825232, 0.02219088107481211, -0.1970549320996912;
 0.002193676373568985, -0.9924447105063811, -0.122673079246726;
 -0.1982883487541778, -0.1206692230232259, 0.9726873440953743]
2020/03/09 15:39:40 491166	INFO [input.cpp->run:256]	frame times (ms): 279.677
2020/03/09 15:39:40 491170	INFO [input.cpp->run:257]	FPS: 3.57555
2020/03/09 15:39:40 624884	INFO [input.cpp->run:173]	
frame_id 72
2020/03/09 15:39:40 688389	INFO [input.cpp->run:235]	rotation: 
[-0.9270742718622853, -0.008235529273917394, -0.3747872336520977;
 -0.0296654833985654, -0.995011747249353, 0.09524485251455328;
 -0.3737020919739987, 0.0994172967514608, 0.9222054801186599]
2020/03/09 15:39:40 688455	INFO [input.cpp->run:256]	frame times (ms): 279.862
2020/03/09 15:39:40 688459	INFO [input.cpp->run:257]	FPS: 3.57319
2020/03/09 15:39:40 829105	INFO [input.cpp->run:173]	
frame_id 73
2020/03/09 15:39:40 895667	INFO [input.cpp->run:235]	rotation: 
[-0.9738029810137477, 0.01079323879473156, -0.2271370955283578;
 -0.01485268971621146, -0.999758924625439, 0.01617065984985267;
 -0.2269078045747488, 0.01912063356967003, 0.9737285297222027]
2020/03/09 15:39:40 895730	INFO [input.cpp->run:256]	frame times (ms): 269.776
2020/03/09 15:39:40 895740	INFO [input.cpp->run:257]	FPS: 3.70678
2020/03/09 15:39:41 025659	INFO [input.cpp->run:173]	
frame_id 74
2020/03/09 15:39:41 090195	INFO [input.cpp->run:235]	rotation: 
[-0.9834830650601203, 0.02068084228263349, -0.1798148033461985;
 -0.001304037491225174, -0.9942348415072221, -0.1072165072147499;
 -0.1809954701813631, -0.105211133895562, 0.9778400979087722]
2020/03/09 15:39:41 090251	INFO [input.cpp->run:256]	frame times (ms): 269.895
2020/03/09 15:39:41 090256	INFO [input.cpp->run:257]	FPS: 3.70514
2020/03/09 15:39:41 227325	INFO [input.cpp->run:173]	
frame_id 75
2020/03/09 15:39:41 290743	INFO [input.cpp->run:235]	rotation: 
[-0.9401145699499167, 0.02819860139511652, -0.3396902033430498;
 0.01032862918208617, -0.9937578308126768, -0.1110796701368086;
 -0.3407020909637951, -0.1079361504679622, 0.933954962851558]
2020/03/09 15:39:41 290795	INFO [input.cpp->run:256]	frame times (ms): 272.949
2020/03/09 15:39:41 290798	INFO [input.cpp->run:257]	FPS: 3.66369
2020/03/09 15:39:41 426591	INFO [input.cpp->run:173]	
frame_id 76
2020/03/09 15:39:41 487767	INFO [input.cpp->run:235]	rotation: 
[-0.9737153497931265, -0.002542427296483081, -0.2277541517529185;
 -0.04041097605412379, -0.9821452805800213, 0.1837324164341837;
 -0.224154791587426, 0.188106841709262, 0.9562271934590465]
2020/03/09 15:39:41 487826	INFO [input.cpp->run:256]	frame times (ms): 267.226
2020/03/09 15:39:41 487831	INFO [input.cpp->run:257]	FPS: 3.74215
2020/03/09 15:39:41 626842	INFO [input.cpp->run:173]	
frame_id 77
2020/03/09 15:39:41 691529	INFO [input.cpp->run:235]	rotation: 
[-0.9673631755925667, -0.0169977175450799, -0.2528231874368381;
 -0.03934183603118983, -0.9755736703254799, 0.2161208775323816;
 -0.2503212065430332, 0.2190139067865998, 0.9430653223339889]
2020/03/09 15:39:41 691587	INFO [input.cpp->run:256]	frame times (ms): 275.892
2020/03/09 15:39:41 691592	INFO [input.cpp->run:257]	FPS: 3.62461
2020/03/09 15:39:41 826562	INFO [input.cpp->run:173]	
frame_id 78
2020/03/09 15:39:41 888926	INFO [input.cpp->run:235]	rotation: 
[-0.9413800824845551, -0.006677915619693744, -0.3372817008738372;
 -0.02293596661724119, -0.9962235992302781, 0.083740562286164;
 -0.3365672024079369, 0.08656757926410075, 0.9376718895667335]
2020/03/09 15:39:41 888982	INFO [input.cpp->run:256]	frame times (ms): 297.031
2020/03/09 15:39:41 888986	INFO [input.cpp->run:257]	FPS: 3.36665
2020/03/09 15:39:42 025836	INFO [input.cpp->run:173]	
frame_id 79
2020/03/09 15:39:42 085066	INFO [input.cpp->run:235]	rotation: 
[-0.8961140487070367, -0.002689262160771618, -0.4438157045203711;
 -0.01064297428949833, -0.999563873621417, 0.02754613673858961;
 -0.4436962235676069, 0.02940799925154107, 0.8956946079841419]
2020/03/09 15:39:42 085122	INFO [input.cpp->run:256]	frame times (ms): 269.808
2020/03/09 15:39:42 085127	INFO [input.cpp->run:257]	FPS: 3.70634
2020/03/09 15:39:42 226711	INFO [input.cpp->run:173]	
frame_id 80
2020/03/09 15:39:42 285352	INFO [input.cpp->run:235]	rotation: 
[-0.9347366593901918, -0.03526940418114895, -0.3535865477090033;
 -0.03875961277369571, -0.9790048886894596, 0.200117766177249;
 -0.3532209931610771, 0.2007622899123381, 0.9137447307314317]
2020/03/09 15:39:42 285405	INFO [input.cpp->run:256]	frame times (ms): 274.169
2020/03/09 15:39:42 285408	INFO [input.cpp->run:257]	FPS: 3.64739
2020/03/09 15:39:42 425998	INFO [input.cpp->run:173]	
frame_id 81
2020/03/09 15:39:42 487674	INFO [input.cpp->run:235]	rotation: 
[-0.960456455651043, -0.02622492518907046, -0.2771924423519945;
 -0.0348647025039853, -0.9763907346447502, 0.2131797031126404;
 -0.2762387541919937, 0.2144140541072636, 0.9368664601125084]
2020/03/09 15:39:42 487730	INFO [input.cpp->run:256]	frame times (ms): 270.716
2020/03/09 15:39:42 487735	INFO [input.cpp->run:257]	FPS: 3.69391
2020/03/09 15:39:42 628517	INFO [input.cpp->run:173]	
frame_id 82
2020/03/09 15:39:42 686410	INFO [input.cpp->run:235]	rotation: 
[0.9999617401579688, -0.008729936426900011, 0.0005535614049870624;
 0.008724754187689544, 0.9999235731851822, 0.008759363729289314;
 -0.0006299877865488626, -0.008754198910230432, 0.9999614828166278]
2020/03/09 15:39:42 686467	INFO [input.cpp->run:256]	frame times (ms): 265.001
2020/03/09 15:39:42 686472	INFO [input.cpp->run:257]	FPS: 3.77357
2020/03/09 15:39:42 828073	INFO [input.cpp->run:173]	
frame_id 83
2020/03/09 15:39:42 891417	INFO [input.cpp->run:235]	rotation: 
[-0.9347099314481806, -0.02194613984273255, 0.3547332955871789;
 -0.02096884282434178, -0.9929478877034255, -0.1166824748448266;
 0.3547924064615048, -0.1165026147831403, 0.9276580668899213]
2020/03/09 15:39:42 891476	INFO [input.cpp->run:256]	frame times (ms): 280.321
2020/03/09 15:39:42 891482	INFO [input.cpp->run:257]	FPS: 3.56734
2020/03/09 15:39:43 026525	INFO [input.cpp->run:173]	
frame_id 84
2020/03/09 15:39:43 089458	INFO [input.cpp->run:235]	rotation: 
[-0.9872413974890245, 0.01866056348192544, -0.15813350832273;
 0.00206201809647291, -0.9915277448434724, -0.1298787099065418;
 -0.1592173708025846, -0.1285477132280261, 0.9788387580488209]
