		g3log created log at: Sun Mar 08 15:46:04 2020
		LOG format: [YYYY/MM/DD hh:mm:ss uuu* LEVEL FILE->FUNCTION:LINE] message		(uuu*: microseconds fractions of the seconds value)

2020/03/08 15:46:04 944326	INFO [g3logger.h->logBanner:29]	Starting log.
2020/03/08 15:46:04 956777	DEBUG [main.cpp->main:49]	Filepath: /home/mitchell/KITTI/data_odometry_gray/dataset/sequences/00/
2020/03/08 15:46:04 956783	DEBUG [main.cpp->main:53]	Calibration Filepath: /home/mitchell/visual_odom_ws/src/visual_odom/calibration/old/zed.yaml
2020/03/08 15:46:04 956860	INFO [main.cpp->main:67]	P_left: 
[718.85602, 0, 607.19281, 0;
 0, 718.85602, 185.2157, 0;
 0, 0, 1, 0]
2020/03/08 15:46:04 956869	INFO [main.cpp->main:68]	P_right: 
[718.85602, 0, 607.19281, -386.14481;
 0, 718.85602, 185.2157, 0;
 0, 0, 1, 0]
2020/03/08 15:46:05 019007	INFO [input.cpp->Input:22]	frame_pose [1, 0, 0, 0;
 0, 1, 0, 0;
 0, 0, 1, 0;
 0, 0, 0, 1]
2020/03/08 15:46:05 297523	INFO [input.cpp->run:173]	
frame_id 1
2020/03/08 15:46:05 355739	WARNING [visualOdometry.cpp->trackingFrame2Frame:179]	The Estimated Rotation and translation matrices(using getTransformation function) are : 
   0.999988 -0.00157145  0.00456589   -0.533508
 0.00159487    0.999986 -0.00513932   -0.485812
-0.00455779  0.00514668    0.999977   -0.766656
          0           0           0           1
2020/03/08 15:46:05 388989	INFO [input.cpp->run:235]	rotation: 
[0.9999884366989136, -0.001571446657180786, 0.004565894603729248;
 0.001594871282577515, 0.9999855756759644, -0.005139321088790894;
 -0.004557788372039795, 0.005146682262420654, 0.9999765157699585]
2020/03/08 15:46:05 389034	INFO [input.cpp->run:256]	frame times (ms): 109.038
2020/03/08 15:46:05 389037	INFO [input.cpp->run:257]	FPS: 9.17111
2020/03/08 15:46:05 402072	INFO [input.cpp->run:173]	
frame_id 2
2020/03/08 15:46:05 427696	WARNING [visualOdometry.cpp->trackingFrame2Frame:179]	The Estimated Rotation and translation matrices(using getTransformation function) are : 
   0.999995 -0.00279186 -0.00131159    0.102984
 0.00278332    0.999975 -0.00647444   0.0450349
 0.00132963  0.00647079    0.999978  -0.0325594
          0           0           0           1
2020/03/08 15:46:05 429005	INFO [input.cpp->run:235]	rotation: 
[0.9999951720237732, -0.002791855484247208, -0.001311589032411575;
 0.002783317118883133, 0.9999750256538391, -0.006474435795098543;
 0.001329630613327026, 0.00647079199552536, 0.9999781250953674]
2020/03/08 15:46:05 429033	INFO [input.cpp->run:256]	frame times (ms): 44.468
2020/03/08 15:46:05 429035	INFO [input.cpp->run:257]	FPS: 22.4881
2020/03/08 15:46:05 432267	INFO [input.cpp->run:173]	
frame_id 3
2020/03/08 15:46:05 455571	WARNING [visualOdometry.cpp->trackingFrame2Frame:179]	The Estimated Rotation and translation matrices(using getTransformation function) are : 
    0.999974  -0.00596651  -0.00392977     -1335.07
  0.00596477     0.999982 -0.000457287      9296.02
  0.00393243  0.000433862     0.999992      14697.6
           0            0            0            1
2020/03/08 15:46:05 456854	INFO [input.cpp->run:235]	rotation: 
[0.9999744892120361, -0.005966506898403168, -0.003929771482944489;
 0.005964770913124084, 0.9999819993972778, -0.0004572868347167969;
 0.003932427614927292, 0.0004338622093200684, 0.9999920129776001]
2020/03/08 15:46:05 456878	INFO [input.cpp->run:256]	frame times (ms): 39.201
2020/03/08 15:46:05 456880	INFO [input.cpp->run:257]	FPS: 25.5096
2020/03/08 15:46:05 524378	INFO [input.cpp->run:173]	
frame_id 4
2020/03/08 15:46:05 545908	WARNING [visualOdometry.cpp->trackingFrame2Frame:179]	The Estimated Rotation and translation matrices(using getTransformation function) are : 
   0.999942  0.00902737  0.00584693   -0.295442
-0.00906037    0.999943  0.00564461 0.000208378
-0.00579554 -0.00569741    0.999967   0.0475283
          0           0           0           1
2020/03/08 15:46:05 547103	INFO [input.cpp->run:235]	rotation: 
[0.9999421834945679, 0.009027369320392609, 0.005846932530403137;
 -0.009060367941856384, 0.9999430179595947, 0.005644606426358223;
 -0.005795538425445557, -0.005697410553693771, 0.9999666810035706]
2020/03/08 15:46:05 547126	INFO [input.cpp->run:256]	frame times (ms): 40.413
2020/03/08 15:46:05 547129	INFO [input.cpp->run:257]	FPS: 24.7445
2020/03/08 15:46:05 591679	INFO [input.cpp->run:173]	
frame_id 5
2020/03/08 15:46:05 618931	WARNING [visualOdometry.cpp->trackingFrame2Frame:179]	The Estimated Rotation and translation matrices(using getTransformation function) are : 
   0.999987  0.00489757 -0.00136355    0.020771
-0.00489333    0.999983  0.00309086    -0.12506
 0.00137863  -0.0030838    0.999994   -0.100481
          0           0           0           1
2020/03/08 15:46:05 620352	INFO [input.cpp->run:235]	rotation: 
[0.9999869465827942, 0.004897572100162506, -0.001363545656204224;
 -0.00489332526922226, 0.9999831914901733, 0.003090858459472656;
 0.001378625631332397, -0.003083795309066772, 0.9999943971633911]
2020/03/08 15:46:05 620384	INFO [input.cpp->run:256]	frame times (ms): 49.718
2020/03/08 15:46:05 620387	INFO [input.cpp->run:257]	FPS: 20.1134
2020/03/08 15:46:05 658031	INFO [input.cpp->run:173]	
frame_id 6
2020/03/08 15:46:05 679919	WARNING [visualOdometry.cpp->trackingFrame2Frame:179]	The Estimated Rotation and translation matrices(using getTransformation function) are : 
   0.999995   0.0026592  0.00129795    0.672507
-0.00265837    0.999996 -0.00079909    0.370147
 -0.0013001 0.000795454    0.999999     0.44919
          0           0           0           1
2020/03/08 15:46:05 681971	INFO [input.cpp->run:235]	rotation: 
[0.9999954104423523, 0.002659201622009277, 0.001297950744628906;
 -0.002658367156982422, 0.9999960660934448, -0.0007990896701812744;
 -0.00130009651184082, 0.0007954537868499756, 0.9999985694885254]
2020/03/08 15:46:05 681993	INFO [input.cpp->run:256]	frame times (ms): 42.307
2020/03/08 15:46:05 681995	INFO [input.cpp->run:257]	FPS: 23.6368
2020/03/08 15:46:05 723839	INFO [input.cpp->run:173]	
frame_id 7
2020/03/08 15:46:05 746823	WARNING [visualOdometry.cpp->trackingFrame2Frame:179]	The Estimated Rotation and translation matrices(using getTransformation function) are : 
   0.999996  0.00289827 0.000580207  0.00192636
-0.00289661    0.999992 -0.00293267   0.0984106
 -0.0005887  0.00293142    0.999996    0.148318
          0           0           0           1
2020/03/08 15:46:05 748055	INFO [input.cpp->run:235]	rotation: 
[0.9999957084655762, 0.002898268401622772, 0.0005802065134048462;
 -0.002896606922149658, 0.9999915361404419, -0.00293266773223877;
 -0.0005887001752853394, 0.002931416034698486, 0.9999958276748657]
2020/03/08 15:46:05 748079	INFO [input.cpp->run:256]	frame times (ms): 43.165
2020/03/08 15:46:05 748080	INFO [input.cpp->run:257]	FPS: 23.1669
2020/03/08 15:46:05 790780	INFO [input.cpp->run:173]	
frame_id 8
2020/03/08 15:46:05 817403	WARNING [visualOdometry.cpp->trackingFrame2Frame:179]	The Estimated Rotation and translation matrices(using getTransformation function) are : 
    0.999991 -0.000437289   -0.0042054    0.0459184
 0.000445306     0.999998   0.00190385   -0.0288672
  0.00420457  -0.00190579      0.99999    0.0167017
           0            0            0            1
2020/03/08 15:46:05 818822	INFO [input.cpp->run:235]	rotation: 
[0.9999912977218628, -0.0004372894763946533, -0.004205401986837387;
 0.0004453063011169434, 0.9999982714653015, 0.001903847325593233;
 0.004204565659165382, -0.00190579448826611, 0.9999895691871643]
2020/03/08 15:46:05 818847	INFO [input.cpp->run:256]	frame times (ms): 50.462
2020/03/08 15:46:05 818849	INFO [input.cpp->run:257]	FPS: 19.8169
2020/03/08 15:46:05 857549	INFO [input.cpp->run:173]	
frame_id 9
2020/03/08 15:46:05 880787	WARNING [visualOdometry.cpp->trackingFrame2Frame:179]	The Estimated Rotation and translation matrices(using getTransformation function) are : 
   0.999752 0.000973702  -0.0222701    0.444956
0.000932062   -0.999998 -0.00188014     15.6851
 -0.0222719  0.00185889    -0.99975      28.207
          0           0           0           1
2020/03/08 15:46:05 881969	INFO [input.cpp->run:235]	rotation: 
[0.9997516274452209, 0.0009737019427120686, -0.02227012068033218;
 0.0009320620447397232, -0.9999979138374329, -0.001880139112472534;
 -0.02227190509438515, 0.001858890056610107, -0.9997502565383911]
2020/03/08 15:46:05 881992	INFO [input.cpp->run:256]	frame times (ms): 43.457
2020/03/08 15:46:05 881994	INFO [input.cpp->run:257]	FPS: 23.0113
2020/03/08 15:46:05 924019	INFO [input.cpp->run:173]	
frame_id 10
2020/03/08 15:46:05 948771	WARNING [visualOdometry.cpp->trackingFrame2Frame:179]	The Estimated Rotation and translation matrices(using getTransformation function) are : 
 0.239441 -0.434206 -0.868408   8.47477
-0.438512 -0.846366  0.302277   7.85938
-0.866242   0.30843 -0.393059   14.6812
        0         0         0         1
2020/03/08 15:46:05 950105	INFO [input.cpp->run:235]	rotation: 
[0.2394410371780396, -0.4342061877250671, -0.8684084415435791;
 -0.4385120570659637, -0.8463662266731262, 0.3022767305374146;
 -0.8662421107292175, 0.3084299564361572, -0.3930594325065613]
2020/03/08 15:46:05 950140	INFO [input.cpp->run:256]	frame times (ms): 46.216
2020/03/08 15:46:05 950143	INFO [input.cpp->run:257]	FPS: 21.6375
2020/03/08 15:46:05 991487	INFO [input.cpp->run:173]	
frame_id 11
2020/03/08 15:46:06 014309	WARNING [visualOdometry.cpp->trackingFrame2Frame:179]	The Estimated Rotation and translation matrices(using getTransformation function) are : 
    0.99999 -0.00206161 -0.00384008    0.274168
 0.00207189    0.999994  0.00269777    -1.43636
 0.00383448 -0.00270554    0.999989    -2.49918
          0           0           0           1
2020/03/08 15:46:06 015602	INFO [input.cpp->run:235]	rotation: 
[0.9999904036521912, -0.002061612904071808, -0.003840081393718719;
 0.002071887254714966, 0.9999942779541016, 0.002697765827178955;
 0.003834478557109833, -0.002705544233322144, 0.9999891519546509]
2020/03/08 15:46:06 015627	INFO [input.cpp->run:256]	frame times (ms): 43.176
2020/03/08 15:46:06 015629	INFO [input.cpp->run:257]	FPS: 23.161
2020/03/08 15:46:06 057729	INFO [input.cpp->run:173]	
frame_id 12
2020/03/08 15:46:06 084541	WARNING [visualOdometry.cpp->trackingFrame2Frame:179]	The Estimated Rotation and translation matrices(using getTransformation function) are : 
   0.999976  0.00620049   -0.003288    -2.60888
-0.00617456     0.99995  0.00785244    -2.08959
 0.00333643 -0.00783205    0.999964    -2.65869
          0           0           0           1
2020/03/08 15:46:06 087136	INFO [input.cpp->run:235]	rotation: 
[0.9999755620956421, 0.006200492382049561, -0.003288000822067261;
 -0.006174564361572266, 0.9999502897262573, 0.007852435111999512;
 0.003336429595947266, -0.007832050323486328, 0.9999639391899109]
2020/03/08 15:46:06 087170	INFO [input.cpp->run:256]	frame times (ms): 50.746
2020/03/08 15:46:06 087174	INFO [input.cpp->run:257]	FPS: 19.706
2020/03/08 15:46:06 123985	INFO [input.cpp->run:173]	
frame_id 13
2020/03/08 15:46:06 146612	WARNING [visualOdometry.cpp->trackingFrame2Frame:179]	The Estimated Rotation and translation matrices(using getTransformation function) are : 
    0.999999 -0.000743806  -0.00148794      0.26283
  0.00074397            1   4.1455e-05     0.136949
  0.00148788 -4.24385e-05     0.999999     0.188261
           0            0            0            1
2020/03/08 15:46:06 147883	INFO [input.cpp->run:235]	rotation: 
[0.9999988675117493, -0.0007438063621520996, -0.001487940549850464;
 0.0007439702749252319, 0.9999998807907104, 4.145503044128418e-05;
 0.001487880945205688, -4.243850708007812e-05, 0.9999989867210388]
2020/03/08 15:46:06 147913	INFO [input.cpp->run:256]	frame times (ms): 43.024
2020/03/08 15:46:06 147917	INFO [input.cpp->run:257]	FPS: 23.2428
2020/03/08 15:46:06 191228	INFO [input.cpp->run:173]	
frame_id 14
2020/03/08 15:46:06 218134	WARNING [visualOdometry.cpp->trackingFrame2Frame:179]	The Estimated Rotation and translation matrices(using getTransformation function) are : 
   0.999957  0.00432879  0.00822389    -73.5052
-0.00434479    0.999989  0.00191632    -61.2657
-0.00821555 -0.00195199    0.999964    -82.7183
          0           0           0           1
2020/03/08 15:46:06 220317	INFO [input.cpp->run:235]	rotation: 
[0.9999569654464722, 0.004328787326812744, 0.008223891258239746;
 -0.004344791173934937, 0.999988853931427, 0.001916319131851196;
 -0.008215546607971191, -0.001951992511749268, 0.9999644756317139]
2020/03/08 15:46:06 220341	INFO [input.cpp->run:256]	frame times (ms): 49.261
2020/03/08 15:46:06 220344	INFO [input.cpp->run:257]	FPS: 20.3
2020/03/08 15:46:06 257238	INFO [input.cpp->run:173]	
frame_id 15
2020/03/08 15:46:06 279018	WARNING [visualOdometry.cpp->trackingFrame2Frame:179]	The Estimated Rotation and translation matrices(using getTransformation function) are : 
    0.999986 -0.000928789  -0.00510013     0.356201
 0.000927955     0.999999 -0.000208616     0.326876
  0.00510031  0.000203907     0.999987     0.532844
           0            0            0            1
2020/03/08 15:46:06 281131	INFO [input.cpp->run:235]	rotation: 
[0.9999864101409912, -0.0009287893772125244, -0.005100131034851074;
 0.0009279549121856689, 0.9999992847442627, -0.0002086162567138672;
 0.0051003098487854, 0.0002039074897766113, 0.9999869465827942]
2020/03/08 15:46:06 281154	INFO [input.cpp->run:256]	frame times (ms): 41.791
2020/03/08 15:46:06 281156	INFO [input.cpp->run:257]	FPS: 23.9286
2020/03/08 15:46:06 324266	INFO [input.cpp->run:173]	
frame_id 16
2020/03/08 15:46:06 349358	WARNING [visualOdometry.cpp->trackingFrame2Frame:179]	The Estimated Rotation and translation matrices(using getTransformation function) are : 
    0.999995  0.000803924  -0.00293964   0.00938427
-0.000803718            1  7.24196e-05    0.0110941
   0.0029397 -6.98268e-05     0.999996    0.0189729
           0            0            0            1
2020/03/08 15:46:06 351562	INFO [input.cpp->run:235]	rotation: 
[0.9999954700469971, 0.0008039241656661034, -0.00293964147567749;
 -0.0008037183433771133, 0.9999998807907104, 7.241964340209961e-05;
 0.002939696423709393, -6.982684135437012e-05, 0.9999959468841553]
2020/03/08 15:46:06 351589	INFO [input.cpp->run:256]	frame times (ms): 47.259
2020/03/08 15:46:06 351591	INFO [input.cpp->run:257]	FPS: 21.16
2020/03/08 15:46:06 391041	INFO [input.cpp->run:173]	
frame_id 17
2020/03/08 15:46:06 414336	WARNING [visualOdometry.cpp->trackingFrame2Frame:179]	The Estimated Rotation and translation matrices(using getTransformation function) are : 
    0.999969   0.00621776   0.00484879      8.08803
 -0.00621621     0.999981 -0.000333399      52.0956
 -0.00485076  0.000303298     0.999988      72.3895
           0            0            0            1
2020/03/08 15:46:06 415720	INFO [input.cpp->run:235]	rotation: 
[0.9999691843986511, 0.006217755377292633, 0.004848789423704147;
 -0.006216205656528473, 0.9999809265136719, -0.0003333985805511475;
 -0.004850760102272034, 0.0003032982349395752, 0.9999884366989136]
2020/03/08 15:46:06 415748	INFO [input.cpp->run:256]	frame times (ms): 43.328
2020/03/08 15:46:06 415751	INFO [input.cpp->run:257]	FPS: 23.0798
2020/03/08 15:46:06 457740	INFO [input.cpp->run:173]	
frame_id 18
2020/03/08 15:46:06 486720	WARNING [visualOdometry.cpp->trackingFrame2Frame:179]	The Estimated Rotation and translation matrices(using getTransformation function) are : 
    0.999982  -0.00236255  -0.00556275       5.7162
  0.00235903     0.999997 -0.000638962      4.50394
  0.00556433  0.000625879     0.999984      6.07799
           0            0            0            1
2020/03/08 15:46:06 488299	INFO [input.cpp->run:235]	rotation: 
[0.9999816417694092, -0.002362549304962158, -0.005562752485275269;
 0.00235903263092041, 0.9999969005584717, -0.0006389617919921875;
 0.005564332008361816, 0.0006258785724639893, 0.9999842643737793]
2020/03/08 15:46:06 488328	INFO [input.cpp->run:256]	frame times (ms): 52.28
2020/03/08 15:46:06 488331	INFO [input.cpp->run:257]	FPS: 19.1278
2020/03/08 15:46:06 524288	INFO [input.cpp->run:173]	
frame_id 19
2020/03/08 15:46:06 548758	WARNING [visualOdometry.cpp->trackingFrame2Frame:179]	The Estimated Rotation and translation matrices(using getTransformation function) are : 
   0.999999  0.00101581 -0.00151807  0.00608671
-0.00101423    0.999999  0.00107259  -0.0968707
 0.00151932 -0.00107113    0.999999   -0.092977
          0           0           0           1
2020/03/08 15:46:06 551202	INFO [input.cpp->run:235]	rotation: 
[0.9999985694885254, 0.001015812158584595, -0.001518070697784424;
 -0.001014232635498047, 0.9999992847442627, 0.001072585582733154;
 0.001519322395324707, -0.001071125268936157, 0.9999986290931702]
2020/03/08 15:46:06 551233	INFO [input.cpp->run:256]	frame times (ms): 47.805
2020/03/08 15:46:06 551237	INFO [input.cpp->run:257]	FPS: 20.9183
2020/03/08 15:46:06 591310	INFO [input.cpp->run:173]	
frame_id 20
2020/03/08 15:46:06 619058	WARNING [visualOdometry.cpp->trackingFrame2Frame:179]	The Estimated Rotation and translation matrices(using getTransformation function) are : 
           1  1.82353e-05  0.000620279   -0.0116467
-1.81235e-05            1 -0.000179648     0.356138
-0.000620294  0.000179797            1     0.630125
           0            0            0            1
2020/03/08 15:46:06 620468	INFO [input.cpp->run:235]	rotation: 
[0.9999997019767761, 1.823529601097107e-05, 0.000620279461145401;
 -1.812353730201721e-05, 0.9999998807907104, -0.0001796483993530273;
 -0.0006202943623065948, 0.0001797974109649658, 1]
2020/03/08 15:46:06 620498	INFO [input.cpp->run:256]	frame times (ms): 48.604
2020/03/08 15:46:06 620501	INFO [input.cpp->run:257]	FPS: 20.5744
2020/03/08 15:46:06 657917	INFO [input.cpp->run:173]	
frame_id 21
2020/03/08 15:46:06 680826	WARNING [visualOdometry.cpp->trackingFrame2Frame:179]	The Estimated Rotation and translation matrices(using getTransformation function) are : 
   0.999988  0.00183734 -0.00451971   -0.184357
-0.00184781    0.999996 -0.00231335     38.7921
 0.00451544  0.00232178    0.999987     59.8856
          0           0           0           1
2020/03/08 15:46:06 682123	INFO [input.cpp->run:235]	rotation: 
[0.9999881386756897, 0.001837337389588356, -0.004519707057625055;
 -0.001847811508923769, 0.9999957084655762, -0.002313345670700073;
 0.004515435546636581, 0.002321779727935791, 0.9999873638153076]
2020/03/08 15:46:06 682145	INFO [input.cpp->run:256]	frame times (ms): 43.077
2020/03/08 15:46:06 682147	INFO [input.cpp->run:257]	FPS: 23.2142
2020/03/08 15:46:06 724149	INFO [input.cpp->run:173]	
frame_id 22
2020/03/08 15:46:06 753199	WARNING [visualOdometry.cpp->trackingFrame2Frame:179]	The Estimated Rotation and translation matrices(using getTransformation function) are : 
    0.999995  0.000460476   0.00304407   -0.0717052
-0.000463992     0.999999   0.00121152    -0.046546
 -0.00304338  -0.00121289     0.999995   -0.0586491
           0            0            0            1
2020/03/08 15:46:06 755656	INFO [input.cpp->run:235]	rotation: 
[0.9999953508377075, 0.0004604756832122803, 0.003044068813323975;
 -0.0004639923572540283, 0.9999992847442627, 0.00121152400970459;
 -0.003043383359909058, -0.001212894916534424, 0.999994695186615]
2020/03/08 15:46:06 755688	INFO [input.cpp->run:256]	frame times (ms): 54.99
2020/03/08 15:46:06 755692	INFO [input.cpp->run:257]	FPS: 18.1851
2020/03/08 15:46:06 791428	INFO [input.cpp->run:173]	
frame_id 23
2020/03/08 15:46:06 816611	WARNING [visualOdometry.cpp->trackingFrame2Frame:179]	The Estimated Rotation and translation matrices(using getTransformation function) are : 
   0.999954  0.00317189  0.00910416    -28.7328
-0.00318885    0.999993  0.00186002    -22.1437
 -0.0090982 -0.00188875    0.999957     -29.508
          0           0           0           1
2020/03/08 15:46:06 817908	INFO [input.cpp->run:235]	rotation: 
[0.9999537467956543, 0.0031718909740448, 0.009104162454605103;
 -0.003188848495483398, 0.9999931454658508, 0.00186002254486084;
 -0.009098201990127563, -0.001888751983642578, 0.9999569654464722]
2020/03/08 15:46:06 817932	INFO [input.cpp->run:256]	frame times (ms): 46.521
2020/03/08 15:46:06 817935	INFO [input.cpp->run:257]	FPS: 21.4957
2020/03/08 15:46:06 857789	INFO [input.cpp->run:173]	
frame_id 24
2020/03/08 15:46:06 882748	WARNING [visualOdometry.cpp->trackingFrame2Frame:179]	The Estimated Rotation and translation matrices(using getTransformation function) are : 
    0.999998  -0.00147012  -0.00189988   -0.0103499
  0.00147038     0.999999  0.000203758     0.235888
  0.00189967 -0.000206411     0.999999      0.34378
           0            0            0            1
2020/03/08 15:46:06 884988	INFO [input.cpp->run:235]	rotation: 
[0.999997615814209, -0.001470118761062622, -0.001899883151054382;
 0.001470379531383514, 0.9999990463256836, 0.0002037584781646729;
 0.001899674534797668, -0.0002064108848571777, 0.9999985694885254]
2020/03/08 15:46:06 885016	INFO [input.cpp->run:256]	frame times (ms): 48.199
2020/03/08 15:46:06 885019	INFO [input.cpp->run:257]	FPS: 20.7473
2020/03/08 15:46:06 924333	INFO [input.cpp->run:173]	
frame_id 25
2020/03/08 15:46:06 948874	WARNING [visualOdometry.cpp->trackingFrame2Frame:179]	The Estimated Rotation and translation matrices(using getTransformation function) are : 
           1  0.000259876 -0.000589484   -0.0170316
 -0.00025912     0.999999   0.00127068   -0.0189366
 0.000589775  -0.00127062     0.999999   -0.0201197
           0            0            0            1
2020/03/08 15:46:06 951140	INFO [input.cpp->run:235]	rotation: 
[0.9999995231628418, 0.0002598762512207031, -0.0005894843488931656;
 -0.0002591200172901154, 0.9999991655349731, 0.001270681619644165;
 0.0005897749215364456, -0.00127062201499939, 0.9999990463256836]
2020/03/08 15:46:06 951168	INFO [input.cpp->run:256]	frame times (ms): 47.461
2020/03/08 15:46:06 951171	INFO [input.cpp->run:257]	FPS: 21.0699
2020/03/08 15:46:06 991130	INFO [input.cpp->run:173]	
frame_id 26
2020/03/08 15:46:07 016002	WARNING [visualOdometry.cpp->trackingFrame2Frame:179]	The Estimated Rotation and translation matrices(using getTransformation function) are : 
    0.999997   0.00136179  -0.00206339     0.207734
 -0.00136174     0.999999  2.91765e-05    -0.146935
  0.00206342 -2.64645e-05     0.999998    -0.193144
           0            0            0            1
2020/03/08 15:46:07 018187	INFO [input.cpp->run:235]	rotation: 
[0.9999971985816956, 0.001361788250505924, -0.002063388004899025;
 -0.001361736096441746, 0.9999994039535522, 2.917647361755371e-05;
 0.002063419669866562, -2.646446228027344e-05, 0.9999983310699463]
2020/03/08 15:46:07 018212	INFO [input.cpp->run:256]	frame times (ms): 46.481
2020/03/08 15:46:07 018215	INFO [input.cpp->run:257]	FPS: 21.5142
2020/03/08 15:46:07 057712	INFO [input.cpp->run:173]	
frame_id 27
2020/03/08 15:46:07 085297	WARNING [visualOdometry.cpp->trackingFrame2Frame:179]	The Estimated Rotation and translation matrices(using getTransformation function) are : 
    0.999972  -0.00753698  0.000262946      26.2964
  0.00753829     0.999957  -0.00543669      22.2467
-0.000221938   0.00543854     0.999985      30.1514
           0            0            0            1
2020/03/08 15:46:07 086701	INFO [input.cpp->run:235]	rotation: 
[0.9999716281890869, -0.007536977529525757, 0.0002629458904266357;
 0.007538288831710815, 0.9999567866325378, -0.005436688661575317;
 -0.000221937894821167, 0.005438536405563354, 0.9999850988388062]
2020/03/08 15:46:07 086727	INFO [input.cpp->run:256]	frame times (ms): 50.792
2020/03/08 15:46:07 086731	INFO [input.cpp->run:257]	FPS: 19.6881
2020/03/08 15:46:07 124003	INFO [input.cpp->run:173]	
frame_id 28
2020/03/08 15:46:07 147421	WARNING [visualOdometry.cpp->trackingFrame2Frame:179]	The Estimated Rotation and translation matrices(using getTransformation function) are : 
    0.999989  -0.00286226  -0.00366774     0.129848
  0.00285995     0.999996 -0.000623763     0.100168
  0.00366956  0.000613302     0.999993     0.126756
           0            0            0            1
2020/03/08 15:46:07 149608	INFO [input.cpp->run:235]	rotation: 
[0.9999892711639404, -0.002862259745597839, -0.003667742013931274;
 0.002859950065612793, 0.9999957680702209, -0.0006237626075744629;
 0.003669559955596924, 0.0006133019924163818, 0.9999930858612061]
2020/03/08 15:46:07 149631	INFO [input.cpp->run:256]	frame times (ms): 44.923
2020/03/08 15:46:07 149633	INFO [input.cpp->run:257]	FPS: 22.2603
2020/03/08 15:46:07 190926	INFO [input.cpp->run:173]	
frame_id 29
2020/03/08 15:46:07 215593	WARNING [visualOdometry.cpp->trackingFrame2Frame:179]	The Estimated Rotation and translation matrices(using getTransformation function) are : 
    0.999998  -0.00190667 -0.000566028  -0.00804198
  0.00190715     0.999998  0.000938773     0.041431
  0.00056424 -0.000940055     0.999999    0.0729847
           0            0            0            1
2020/03/08 15:46:07 218026	INFO [input.cpp->run:235]	rotation: 
[0.9999980330467224, -0.00190667062997818, -0.0005660280585289001;
 0.001907151192426682, 0.9999979734420776, 0.0009387731552124023;
 0.0005642399191856384, -0.0009400546550750732, 0.9999992847442627]
2020/03/08 15:46:07 218050	INFO [input.cpp->run:256]	frame times (ms): 46.736
2020/03/08 15:46:07 218052	INFO [input.cpp->run:257]	FPS: 21.3968
2020/03/08 15:46:07 257592	INFO [input.cpp->run:173]	
frame_id 30
2020/03/08 15:46:07 281889	WARNING [visualOdometry.cpp->trackingFrame2Frame:179]	The Estimated Rotation and translation matrices(using getTransformation function) are : 
   0.999992    0.002413  0.00309643   -0.619061
-0.00241806    0.999996  0.00166669   -0.481043
-0.00309238 -0.00167415    0.999994   -0.658117
          0           0           0           1
2020/03/08 15:46:07 284152	INFO [input.cpp->run:235]	rotation: 
[0.9999924898147583, 0.002413004636764526, 0.003096431493759155;
 -0.002418056130409241, 0.9999959468841553, 0.00166669487953186;
 -0.003092378377914429, -0.001674145460128784, 0.9999940395355225]
2020/03/08 15:46:07 284178	INFO [input.cpp->run:256]	frame times (ms): 46.518
2020/03/08 15:46:07 284181	INFO [input.cpp->run:257]	FPS: 21.4971
2020/03/08 15:46:07 324217	INFO [input.cpp->run:173]	
frame_id 31
2020/03/08 15:46:07 347006	WARNING [visualOdometry.cpp->trackingFrame2Frame:179]	The Estimated Rotation and translation matrices(using getTransformation function) are : 
    0.999995 -0.000476286  -0.00316051    0.0380197
  0.00047487            1 -0.000446677    0.0180392
   0.0031608  0.000445098     0.999995    0.0220222
           0            0            0            1
2020/03/08 15:46:07 349224	INFO [input.cpp->run:235]	rotation: 
[0.9999948740005493, -0.0004762858152389526, -0.0031605064868927;
 0.0004748702049255371, 0.9999998211860657, -0.0004466772079467773;
 0.003160804510116577, 0.0004450976848602295, 0.9999949932098389]
2020/03/08 15:46:07 349246	INFO [input.cpp->run:256]	frame times (ms): 43.849
2020/03/08 15:46:07 349249	INFO [input.cpp->run:257]	FPS: 22.8055
2020/03/08 15:46:07 391109	INFO [input.cpp->run:173]	
frame_id 32
2020/03/08 15:46:07 422921	WARNING [visualOdometry.cpp->trackingFrame2Frame:179]	The Estimated Rotation and translation matrices(using getTransformation function) are : 
   0.999981 -0.00580975 -0.00196019    0.495634
 0.00580165    0.999975 -0.00411606    0.195028
 0.00198421  0.00410479     0.99999   0.0707402
          0           0           0           1
2020/03/08 15:46:07 425320	INFO [input.cpp->run:235]	rotation: 
[0.999981164932251, -0.005809754133224487, -0.001960188150405884;
 0.005801647901535034, 0.9999746084213257, -0.004116058349609375;
 0.001984208822250366, 0.004104793071746826, 0.9999896287918091]
2020/03/08 15:46:07 425346	INFO [input.cpp->run:256]	frame times (ms): 59.575
2020/03/08 15:46:07 425349	INFO [input.cpp->run:257]	FPS: 16.7856
2020/03/08 15:46:07 457241	INFO [input.cpp->run:173]	
frame_id 33
2020/03/08 15:46:07 478737	WARNING [visualOdometry.cpp->trackingFrame2Frame:179]	The Estimated Rotation and translation matrices(using getTransformation function) are : 
  0.998025  0.0524413 -0.0346133   0.628714
-0.0508546   0.997682  0.0452263   -1.28693
 0.0369049 -0.0433766   0.998377  -0.973164
         0          0          0          1
2020/03/08 15:46:07 480799	INFO [input.cpp->run:235]	rotation: 
[0.9980245232582092, 0.05244134366512299, -0.03461331129074097;
 -0.05085459351539612, 0.9976818561553955, 0.04522627592086792;
 0.03690490126609802, -0.04337659478187561, 0.9983772039413452]
2020/03/08 15:46:07 480824	INFO [input.cpp->run:256]	frame times (ms): 40.354
2020/03/08 15:46:07 480826	INFO [input.cpp->run:257]	FPS: 24.7807
2020/03/08 15:46:07 524869	INFO [input.cpp->run:173]	
frame_id 34
2020/03/08 15:46:07 552134	WARNING [visualOdometry.cpp->trackingFrame2Frame:179]	The Estimated Rotation and translation matrices(using getTransformation function) are : 
    0.999998  -0.00182595  8.20993e-05    0.0255147
  0.00182633     0.999986  -0.00500172    0.0581455
-7.29677e-05   0.00500184     0.999988   -0.0214014
           0            0            0            1
2020/03/08 15:46:07 554751	INFO [input.cpp->run:235]	rotation: 
[0.999998152256012, -0.001825947780162096, 8.209934458136559e-05;
 0.001826332416385412, 0.9999858140945435, -0.005001722369343042;
 -7.296772673726082e-05, 0.005001837387681007, 0.9999876022338867]
2020/03/08 15:46:07 554782	INFO [input.cpp->run:256]	frame times (ms): 50.48
2020/03/08 15:46:07 554785	INFO [input.cpp->run:257]	FPS: 19.8098
2020/03/08 15:46:07 591412	INFO [input.cpp->run:173]	
frame_id 35
2020/03/08 15:46:07 614203	WARNING [visualOdometry.cpp->trackingFrame2Frame:179]	The Estimated Rotation and translation matrices(using getTransformation function) are : 
   0.999981 -0.00262617  0.00556597    -0.15966
 0.00264035    0.999993 -0.00251487  -0.0254459
-0.00555933  0.00252944    0.999981   -0.105208
          0           0           0           1
2020/03/08 15:46:07 616426	INFO [input.cpp->run:235]	rotation: 
[0.9999809265136719, -0.002626165747642517, 0.00556597113609314;
 0.00264035165309906, 0.9999932646751404, -0.002514868974685669;
 -0.005559325218200684, 0.002529442310333252, 0.9999812841415405]
2020/03/08 15:46:07 616454	INFO [input.cpp->run:256]	frame times (ms): 42.931
2020/03/08 15:46:07 616457	INFO [input.cpp->run:257]	FPS: 23.2932
2020/03/08 15:46:07 657683	INFO [input.cpp->run:173]	
frame_id 36
2020/03/08 15:46:07 684662	WARNING [visualOdometry.cpp->trackingFrame2Frame:179]	The Estimated Rotation and translation matrices(using getTransformation function) are : 
           1 -0.000266985   0.00088767  -0.00542605
 0.000268741     0.999998  -0.00197902    0.0232248
-0.000887126   0.00197924     0.999998   -0.0114975
           0            0            0            1
2020/03/08 15:46:07 686963	INFO [input.cpp->run:235]	rotation: 
[0.9999998807907104, -0.0002669845707714558, 0.0008876696228981018;
 0.0002687410451471806, 0.999998152256012, -0.001979024149477482;
 -0.0008871257305145264, 0.001979243941605091, 0.9999979138374329]
2020/03/08 15:46:07 686992	INFO [input.cpp->run:256]	frame times (ms): 50.048
2020/03/08 15:46:07 686994	INFO [input.cpp->run:257]	FPS: 19.9808
2020/03/08 15:46:07 724318	INFO [input.cpp->run:173]	
frame_id 37
2020/03/08 15:46:07 745758	WARNING [visualOdometry.cpp->trackingFrame2Frame:179]	The Estimated Rotation and translation matrices(using getTransformation function) are : 
   0.999967 -0.00555772 -0.00586855   0.0861601
 0.00554082     0.99998 -0.00287904   0.0423226
 0.00588432  0.00284648    0.999978   0.0272512
          0           0           0           1
2020/03/08 15:46:07 747013	INFO [input.cpp->run:235]	rotation: 
[0.9999672174453735, -0.005557715892791748, -0.00586855411529541;
 0.005540817975997925, 0.9999804496765137, -0.002879038453102112;
 0.005884319543838501, 0.002846479415893555, 0.9999784827232361]
2020/03/08 15:46:07 747037	INFO [input.cpp->run:256]	frame times (ms): 39.348
2020/03/08 15:46:07 747039	INFO [input.cpp->run:257]	FPS: 25.4143
2020/03/08 15:46:07 791036	INFO [input.cpp->run:173]	
frame_id 38
2020/03/08 15:46:07 820228	WARNING [visualOdometry.cpp->trackingFrame2Frame:179]	The Estimated Rotation and translation matrices(using getTransformation function) are : 
   0.999989 -0.00343619 -0.00330426   0.0548941
  0.0034454     0.99999   0.0027638  -0.0325007
  0.0032948 -0.00277516    0.999991  0.00427532
          0           0           0           1
2020/03/08 15:46:07 822696	INFO [input.cpp->run:235]	rotation: 
[0.99998939037323, -0.003436185419559479, -0.003304257988929749;
 0.003445398062467575, 0.9999904632568359, 0.002763802651315928;
 0.003294795751571655, -0.002775156404823065, 0.9999908804893494]
2020/03/08 15:46:07 822729	INFO [input.cpp->run:256]	frame times (ms): 54.256
2020/03/08 15:46:07 822732	INFO [input.cpp->run:257]	FPS: 18.4311
2020/03/08 15:46:07 857456	INFO [input.cpp->run:173]	
frame_id 39
2020/03/08 15:46:07 880545	WARNING [visualOdometry.cpp->trackingFrame2Frame:179]	The Estimated Rotation and translation matrices(using getTransformation function) are : 
   0.999987  0.00408232  0.00319523   -0.138619
-0.00408742    0.999991  0.00154784  -0.0979004
-0.00318903 -0.00156093    0.999994   -0.105545
          0           0           0           1
2020/03/08 15:46:07 882780	INFO [input.cpp->run:235]	rotation: 
[0.9999867677688599, 0.004082322120666504, 0.003195226192474365;
 -0.0040874183177948, 0.9999905824661255, 0.001547843217849731;
 -0.003189027309417725, -0.00156092643737793, 0.9999938011169434]
2020/03/08 15:46:07 882803	INFO [input.cpp->run:256]	frame times (ms): 44.298
2020/03/08 15:46:07 882805	INFO [input.cpp->run:257]	FPS: 22.5744
2020/03/08 15:46:07 924551	INFO [input.cpp->run:173]	
frame_id 40
2020/03/08 15:46:07 954473	WARNING [visualOdometry.cpp->trackingFrame2Frame:179]	The Estimated Rotation and translation matrices(using getTransformation function) are : 
           1 -0.000915401 -0.000877768    0.0285033
 0.000913143     0.999997  -0.00253974    0.0115194
 0.000880048   0.00253879     0.999997   -0.0362625
           0            0            0            1
2020/03/08 15:46:07 955830	INFO [input.cpp->run:235]	rotation: 
[0.9999997019767761, -0.0009154006838798523, -0.00087776780128479;
 0.0009131431579589844, 0.9999966621398926, -0.002539738081395626;
 0.0008800476789474487, 0.002538787201046944, 0.9999969005584717]
2020/03/08 15:46:07 955855	INFO [input.cpp->run:256]	frame times (ms): 53.081
2020/03/08 15:46:07 955857	INFO [input.cpp->run:257]	FPS: 18.8391
2020/03/08 15:46:07 990825	INFO [input.cpp->run:173]	
frame_id 41
2020/03/08 15:46:08 012585	WARNING [visualOdometry.cpp->trackingFrame2Frame:179]	The Estimated Rotation and translation matrices(using getTransformation function) are : 
    0.999999  0.000991777 -0.000785559    0.0217974
 -0.00099206     0.999999 -0.000134021   0.00559378
 0.000785321  0.000134587            1    0.0123568
           0            0            0            1
2020/03/08 15:46:08 014672	INFO [input.cpp->run:235]	rotation: 
[0.9999991059303284, 0.0009917765855789185, -0.0007855594158172607;
 -0.0009920597076416016, 0.999999463558197, -0.0001340210437774658;
 0.0007853209972381592, 0.000134587287902832, 0.9999995231628418]
2020/03/08 15:46:08 014695	INFO [input.cpp->run:256]	frame times (ms): 41.122
2020/03/08 15:46:08 014698	INFO [input.cpp->run:257]	FPS: 24.3179
2020/03/08 15:46:08 057609	INFO [input.cpp->run:173]	
frame_id 42
2020/03/08 15:46:08 086358	WARNING [visualOdometry.cpp->trackingFrame2Frame:179]	The Estimated Rotation and translation matrices(using getTransformation function) are : 
   0.999979 -0.00322357 -0.00563917   0.0805276
 0.00321493    0.999994 -0.00149697     0.03161
 0.00564376  0.00147896    0.999983   0.0134525
          0           0           0           1
2020/03/08 15:46:08 089061	INFO [input.cpp->run:235]	rotation: 
[0.9999790787696838, -0.003223568201065063, -0.005639165639877319;
 0.003214925527572632, 0.9999938607215881, -0.001496970653533936;
 0.005643755197525024, 0.001478955149650574, 0.9999830722808838]
2020/03/08 15:46:08 089091	INFO [input.cpp->run:256]	frame times (ms): 55.46
2020/03/08 15:46:08 089095	INFO [input.cpp->run:257]	FPS: 18.031
2020/03/08 15:46:08 124148	INFO [input.cpp->run:173]	
frame_id 43
2020/03/08 15:46:08 149144	WARNING [visualOdometry.cpp->trackingFrame2Frame:179]	The Estimated Rotation and translation matrices(using getTransformation function) are : 
   0.999932 -0.00673884 -0.00951287     3.42563
 0.00670448    0.999971 -0.00364253     2.81228
 0.00953728   0.0035786    0.999948     3.69584
          0           0           0           1
2020/03/08 15:46:08 151628	INFO [input.cpp->run:235]	rotation: 
[0.9999320507049561, -0.006738841533660889, -0.009512871503829956;
 0.006704479455947876, 0.9999709129333496, -0.003642529249191284;
 0.009537279605865479, 0.003578603267669678, 0.9999482035636902]
2020/03/08 15:46:08 151663	INFO [input.cpp->run:256]	frame times (ms): 47.789
2020/03/08 15:46:08 151668	INFO [input.cpp->run:257]	FPS: 20.9253
2020/03/08 15:46:08 191177	INFO [input.cpp->run:173]	
frame_id 44
2020/03/08 15:46:08 217851	WARNING [visualOdometry.cpp->trackingFrame2Frame:179]	The Estimated Rotation and translation matrices(using getTransformation function) are : 
   0.999989  0.00338289  0.00323391   -0.132894
-0.00338969    0.999992  0.00209603  -0.0805964
-0.00322676 -0.00210688    0.999992  -0.0811577
          0           0           0           1
2020/03/08 15:46:08 219969	INFO [input.cpp->run:235]	rotation: 
[0.9999889731407166, 0.003382891416549683, 0.003233909606933594;
 -0.003389686346054077, 0.9999920725822449, 0.002096027135848999;
 -0.003226757049560547, -0.00210687518119812, 0.9999923706054688]
2020/03/08 15:46:08 219999	INFO [input.cpp->run:256]	frame times (ms): 48.644
2020/03/08 15:46:08 220002	INFO [input.cpp->run:257]	FPS: 20.5575
2020/03/08 15:46:08 257656	INFO [input.cpp->run:173]	
frame_id 45
2020/03/08 15:46:08 280640	WARNING [visualOdometry.cpp->trackingFrame2Frame:179]	The Estimated Rotation and translation matrices(using getTransformation function) are : 
    0.999985 -0.000837654   0.00536543     -3.23089
 0.000846982     0.999998  -0.00177094     -3.15568
 -0.00536397   0.00177553     0.999984     -4.50578
           0            0            0            1
2020/03/08 15:46:08 282671	INFO [input.cpp->run:235]	rotation: 
[0.9999851584434509, -0.0008376538753509521, 0.005365431308746338;
 0.0008469820022583008, 0.9999979138374329, -0.001770943403244019;
 -0.005363970994949341, 0.001775532960891724, 0.9999839067459106]
2020/03/08 15:46:08 282693	INFO [input.cpp->run:256]	frame times (ms): 42.813
2020/03/08 15:46:08 282695	INFO [input.cpp->run:257]	FPS: 23.3574
2020/03/08 15:46:08 324952	INFO [input.cpp->run:173]	
frame_id 46
2020/03/08 15:46:08 349504	WARNING [visualOdometry.cpp->trackingFrame2Frame:179]	The Estimated Rotation and translation matrices(using getTransformation function) are : 
    0.999982   0.00316826    0.0050258    -0.204162
 -0.00317284     0.999995  0.000915885    -0.161152
 -0.00502276 -0.000931978     0.999987    -0.195696
           0            0            0            1
2020/03/08 15:46:08 351641	INFO [input.cpp->run:235]	rotation: 
[0.999982476234436, 0.003168255090713501, 0.005025804042816162;
 -0.003172844648361206, 0.9999948740005493, 0.0009158849716186523;
 -0.005022764205932617, -0.0009319782257080078, 0.9999868869781494]
2020/03/08 15:46:08 351668	INFO [input.cpp->run:256]	frame times (ms): 46.462
2020/03/08 15:46:08 351673	INFO [input.cpp->run:257]	FPS: 21.523
2020/03/08 15:46:08 391416	INFO [input.cpp->run:173]	
frame_id 47
2020/03/08 15:46:08 418394	WARNING [visualOdometry.cpp->trackingFrame2Frame:179]	The Estimated Rotation and translation matrices(using getTransformation function) are : 
   0.999995 -0.00245953 -0.00182745     0.24576
 0.00245392    0.999992 -0.00302535    0.213878
 0.00183484  0.00302076    0.999994    0.256956
          0           0           0           1
