		g3log created log at: Mon Mar 09 14:49:04 2020
		LOG format: [YYYY/MM/DD hh:mm:ss uuu* LEVEL FILE->FUNCTION:LINE] message		(uuu*: microseconds fractions of the seconds value)

2020/03/09 14:49:04 005349	INFO [g3logger.h->logBanner:29]	Starting log.
2020/03/09 14:49:04 009049	DEBUG [main.cpp->main:48]	Filepath: /home/mitchell/KITTI/data_odometry_gray/dataset/sequences/00/
2020/03/09 14:49:04 009055	DEBUG [main.cpp->main:52]	Calibration Filepath: /home/mitchell/visual_odom_catkin_ws/tank_downsized.yaml
2020/03/09 14:49:04 009171	INFO [main.cpp->main:66]	P_left: 
[409.41, 0, 251.22, 0;
 0, 408.72, 191.78999, 0;
 0, 0, 1, 0]
2020/03/09 14:49:04 009183	INFO [main.cpp->main:67]	P_right: 
[409.41, 0, 251.22, -73.940002;
 0, 408.72, 191.78999, 0;
 0, 0, 1, 0]
2020/03/09 14:49:04 165866	INFO [input.cpp->Input:22]	frame_pose [1, 0, 0, 0;
 0, 1, 0, 0;
 0, 0, 1, 0;
 0, 0, 0, 1]
2020/03/09 14:49:04 655917	INFO [input.cpp->run:173]	
frame_id 1
2020/03/09 14:49:04 773715	INFO [input.cpp->run:235]	rotation: 
[-0.927199481656282, 0.1492763708833954, 0.343537023204494;
 0.1469289476457968, -0.6987011198863102, 0.7001632876788917;
 0.344547537445881, 0.6996665707074325, 0.6259022961089691]
2020/03/09 14:49:04 773825	INFO [input.cpp->run:256]	frame times (ms): 225.61
2020/03/09 14:49:04 773832	INFO [input.cpp->run:257]	FPS: 4.43243
2020/03/09 14:49:04 788948	INFO [input.cpp->run:173]	
frame_id 2
2020/03/09 14:49:04 841280	INFO [input.cpp->run:235]	rotation: 
[-0.1796769689142496, 0.1173569403512293, 0.9767003303947354;
 0.177140163452058, -0.9727690012377678, 0.1494718459210761;
 0.9676453634126324, 0.1998695043829192, 0.1539955580000932]
2020/03/09 14:49:04 841345	INFO [input.cpp->run:256]	frame times (ms): 157.66
2020/03/09 14:49:04 841355	INFO [input.cpp->run:257]	FPS: 6.34276
2020/03/09 14:49:04 921495	INFO [input.cpp->run:173]	
frame_id 3
2020/03/09 14:49:04 990505	INFO [input.cpp->run:235]	rotation: 
[-0.9999593278777894, -0.007106372613303578, 0.005553562683592288;
 0.007009714912746287, -0.9998269034807141, -0.01723447048820589;
 0.005675075950304297, -0.01719484063455391, 0.9998360520447895]
2020/03/09 14:49:04 990575	INFO [input.cpp->run:256]	frame times (ms): 171.401
2020/03/09 14:49:04 990579	INFO [input.cpp->run:257]	FPS: 5.83427
2020/03/09 14:49:05 057280	INFO [input.cpp->run:173]	
frame_id 4
2020/03/09 14:49:05 115822	INFO [input.cpp->run:235]	rotation: 
[0.9999535344745727, 0.0001657039427961547, -0.009638538997843601;
 -0.0003338018381875045, 0.9998478351396913, -0.01744119098013384;
 0.009634182276790946, 0.01744359792806579, 0.9998014319969648]
2020/03/09 14:49:05 115887	INFO [input.cpp->run:256]	frame times (ms): 171.858
2020/03/09 14:49:05 115892	INFO [input.cpp->run:257]	FPS: 5.81876
2020/03/09 14:49:05 189374	INFO [input.cpp->run:173]	
frame_id 5
2020/03/09 14:49:05 243719	INFO [input.cpp->run:235]	rotation: 
[-0.9995552706257801, 0.005037202300359363, 0.02939196416044145;
 -0.005551299892149459, -0.9998325741273214, -0.01743579030161188;
 0.02929921558217629, -0.01759119970097594, 0.9994158822328918]
2020/03/09 14:49:05 243777	INFO [input.cpp->run:256]	frame times (ms): 168.781
2020/03/09 14:49:05 243800	INFO [input.cpp->run:257]	FPS: 5.92484
2020/03/09 14:49:05 322445	INFO [input.cpp->run:173]	
frame_id 6
2020/03/09 14:49:05 374511	INFO [input.cpp->run:235]	rotation: 
[-0.9532981402937404, 0.1143180642361406, 0.2795604333624443;
 0.09920933222510679, -0.7557227369239113, 0.6473334946499223;
 0.2852720878598963, 0.6448368205100685, 0.709087660873126]
2020/03/09 14:49:05 374574	INFO [input.cpp->run:256]	frame times (ms): 159.725
2020/03/09 14:49:05 374582	INFO [input.cpp->run:257]	FPS: 6.26076
2020/03/09 14:49:05 455881	INFO [input.cpp->run:173]	
frame_id 7
2020/03/09 14:49:05 508320	INFO [input.cpp->run:235]	rotation: 
[-0.7732949371355342, 0.10890888041866, -0.6246229230235664;
 0.1055675291633782, -0.9492711721654027, -0.2962089439602757;
 -0.6251963187566681, -0.2949967753411493, 0.7225693499944714]
2020/03/09 14:49:05 508366	INFO [input.cpp->run:256]	frame times (ms): 160.176
2020/03/09 14:49:05 508368	INFO [input.cpp->run:257]	FPS: 6.24313
2020/03/09 14:49:05 588999	INFO [input.cpp->run:173]	
frame_id 8
2020/03/09 14:49:05 639566	INFO [input.cpp->run:235]	rotation: 
[-0.9999568441873588, -0.004879515012572616, 0.007905700228346847;
 0.005018911422663619, -0.9998305765497761, 0.01770956589737896;
 0.007817946724675319, 0.01774847963585134, 0.9998119179023757]
2020/03/09 14:49:05 639618	INFO [input.cpp->run:256]	frame times (ms): 163.005
2020/03/09 14:49:05 639622	INFO [input.cpp->run:257]	FPS: 6.13478
2020/03/09 14:49:05 721930	INFO [input.cpp->run:173]	
frame_id 9
2020/03/09 14:49:05 777383	INFO [input.cpp->run:235]	rotation: 
[-0.9027152876653638, 0.02967389402545656, -0.4292138970590369;
 0.02322432927318934, -0.9928033021232628, -0.117482908641878;
 -0.4296111496982475, -0.1160218225443444, 0.8955295621856596]
2020/03/09 14:49:05 777445	INFO [input.cpp->run:256]	frame times (ms): 166.385
2020/03/09 14:49:05 777448	INFO [input.cpp->run:257]	FPS: 6.01016
2020/03/09 14:49:05 854351	INFO [input.cpp->run:173]	
frame_id 10
2020/03/09 14:49:05 908744	INFO [input.cpp->run:235]	rotation: 
[-0.9998449810349239, -0.001751654985386853, 0.01751986312973867;
 0.001500490109118311, -0.9998960669513105, -0.01433889203295552;
 0.01754315902866543, -0.01431038085141296, 0.9997436924388079]
2020/03/09 14:49:05 908804	INFO [input.cpp->run:256]	frame times (ms): 164.22
2020/03/09 14:49:05 908807	INFO [input.cpp->run:257]	FPS: 6.08939
2020/03/09 14:49:05 989553	INFO [input.cpp->run:173]	
frame_id 11
2020/03/09 14:49:06 041446	INFO [input.cpp->run:235]	rotation: 
[-0.9995012107357393, -0.01628999528294577, -0.02705486631777779;
 0.01641061996005736, -0.9998563361712873, -0.004242472233998517;
 -0.0269818696594174, -0.004684343263605482, 0.9996249474867419]
2020/03/09 14:49:06 041511	INFO [input.cpp->run:256]	frame times (ms): 162.838
2020/03/09 14:49:06 041516	INFO [input.cpp->run:257]	FPS: 6.14107
2020/03/09 14:49:06 121213	INFO [input.cpp->run:173]	
frame_id 12
2020/03/09 14:49:06 175543	INFO [input.cpp->run:235]	rotation: 
[-0.9997434371733764, -0.02097433527965021, -0.008552022470737542;
 0.02068422287080898, -0.9992509379514333, 0.03270666487753705;
 -0.009231617030286843, 0.03252138162436573, 0.9994284051317772]
2020/03/09 14:49:06 175608	INFO [input.cpp->run:256]	frame times (ms): 164.158
2020/03/09 14:49:06 175613	INFO [input.cpp->run:257]	FPS: 6.09169
2020/03/09 14:49:06 255153	INFO [input.cpp->run:173]	
frame_id 13
2020/03/09 14:49:06 307844	INFO [input.cpp->run:235]	rotation: 
[-0.3557608534574833, 0.2397290954461417, 0.903307354084853;
 0.6889548436650654, -0.5858119613562017, 0.4268085862801324;
 0.6314866891215113, 0.7741797638330356, 0.04324644186262039]
2020/03/09 14:49:06 307910	INFO [input.cpp->run:256]	frame times (ms): 162.388
2020/03/09 14:49:06 307915	INFO [input.cpp->run:257]	FPS: 6.15809
2020/03/09 14:49:06 387958	INFO [input.cpp->run:173]	
frame_id 14
2020/03/09 14:49:06 440227	INFO [input.cpp->run:235]	rotation: 
[-0.9997331421615979, 0.01208040540299854, 0.01969030901223683;
 -0.0118992038893893, -0.9998860096422154, 0.009293904914852923;
 0.01980033864601598, 0.009057125761895346, 0.9997629294299901]
2020/03/09 14:49:06 440287	INFO [input.cpp->run:256]	frame times (ms): 164.535
2020/03/09 14:49:06 440307	INFO [input.cpp->run:257]	FPS: 6.07773
2020/03/09 14:49:06 522583	INFO [input.cpp->run:173]	
frame_id 15
2020/03/09 14:49:06 575424	INFO [input.cpp->run:235]	rotation: 
[-0.9643473650857911, 0.0311413297690635, -0.262801021748977;
 0.03261453706800918, -0.9714966194429376, -0.2347990851404314;
 -0.2626222599551137, -0.2349990127450721, 0.9358445450954502]
2020/03/09 14:49:06 575478	INFO [input.cpp->run:256]	frame times (ms): 168.463
2020/03/09 14:49:06 575480	INFO [input.cpp->run:257]	FPS: 5.93602
2020/03/09 14:49:06 654377	INFO [input.cpp->run:173]	
frame_id 16
2020/03/09 14:49:06 712954	INFO [input.cpp->run:235]	rotation: 
[0.9999712696043318, -0.002797944517117127, -0.007044960779155117;
 0.00267208567022257, 0.9998377909292728, -0.01781156331832739;
 0.00709365378854162, 0.01779222684632052, 0.9998165415413857]
2020/03/09 14:49:06 713033	INFO [input.cpp->run:256]	frame times (ms): 165.453
2020/03/09 14:49:06 713040	INFO [input.cpp->run:257]	FPS: 6.04401
2020/03/09 14:49:06 788795	INFO [input.cpp->run:173]	
frame_id 17
2020/03/09 14:49:06 844065	INFO [input.cpp->run:235]	rotation: 
[-0.9782270052665714, -0.1892177275887572, -0.08525595423982016;
 0.1996450446809642, -0.9701692073245742, -0.1375265984947757;
 -0.05669023109435364, -0.1515531613835697, 0.9868220999618492]
2020/03/09 14:49:06 844128	INFO [input.cpp->run:256]	frame times (ms): 171.413
2020/03/09 14:49:06 844142	INFO [input.cpp->run:257]	FPS: 5.83386
2020/03/09 14:49:06 921518	INFO [input.cpp->run:173]	
frame_id 18
2020/03/09 14:49:06 974534	INFO [input.cpp->run:235]	rotation: 
[-0.9999898239472294, 0.00296619638275781, 0.003399070609456901;
 -0.002980172469286597, -0.9999870963921631, -0.004114075986670698;
 0.003386823591872693, -0.004124163938267819, 0.9999857602474983]
2020/03/09 14:49:06 974599	INFO [input.cpp->run:256]	frame times (ms): 167.275
2020/03/09 14:49:06 974604	INFO [input.cpp->run:257]	FPS: 5.97818
2020/03/09 14:49:07 055118	INFO [input.cpp->run:173]	
frame_id 19
2020/03/09 14:49:07 106445	INFO [input.cpp->run:235]	rotation: 
[-0.9458703570747173, 0.03507191359165706, -0.3226441204862813;
 0.0371244154139219, -0.9759259387784751, -0.2149193797672204;
 -0.322414400093298, -0.2152638448424897, 0.9217973919013365]
2020/03/09 14:49:07 106505	INFO [input.cpp->run:256]	frame times (ms): 168.671
2020/03/09 14:49:07 106509	INFO [input.cpp->run:257]	FPS: 5.9287
2020/03/09 14:49:07 189856	INFO [input.cpp->run:173]	
frame_id 20
2020/03/09 14:49:07 243774	INFO [input.cpp->run:235]	rotation: 
[-0.9909323443582869, -0.0540905940111738, -0.122993075187621;
 0.06327093051930267, -0.9953956979835298, -0.07200134573119532;
 -0.1185321823633185, -0.07913034863691626, 0.9897921547824009]
2020/03/09 14:49:07 243837	INFO [input.cpp->run:256]	frame times (ms): 171.741
2020/03/09 14:49:07 243842	INFO [input.cpp->run:257]	FPS: 5.82272
2020/03/09 14:49:07 323095	INFO [input.cpp->run:173]	
frame_id 21
2020/03/09 14:49:07 376607	INFO [input.cpp->run:235]	rotation: 
[-0.9921946946210904, 0.001631043607834601, 0.1246877205762875;
 -0.003807260632467531, -0.9998445270222573, -0.01721704243227795;
 0.1246402532580766, -0.0175573768082746, 0.9920466449655357]
2020/03/09 14:49:07 376662	INFO [input.cpp->run:256]	frame times (ms): 172.783
2020/03/09 14:49:07 376676	INFO [input.cpp->run:257]	FPS: 5.78761
2020/03/09 14:49:07 455811	INFO [input.cpp->run:173]	
frame_id 22
2020/03/09 14:49:07 507369	INFO [input.cpp->run:235]	rotation: 
[-0.5631810090329359, 0.541936117218624, 0.6238047738825394;
 0.501806664128516, -0.3754745616605526, 0.7792361165795811;
 0.6565190194509638, 0.7518803750596352, -0.06048701265004897]
2020/03/09 14:49:07 507408	INFO [input.cpp->run:256]	frame times (ms): 163.184
2020/03/09 14:49:07 507411	INFO [input.cpp->run:257]	FPS: 6.12805
2020/03/09 14:49:07 588272	INFO [input.cpp->run:173]	
frame_id 23
2020/03/09 14:49:07 641866	INFO [input.cpp->run:235]	rotation: 
[0.9999677789440966, -0.007527285503461064, -0.002789452734816956;
 0.007473818609631193, 0.9997970876719697, -0.01870629621378841;
 0.002929694352782103, 0.0186848456134122, 0.9998211307205915]
2020/03/09 14:49:07 641908	INFO [input.cpp->run:256]	frame times (ms): 168.967
2020/03/09 14:49:07 641910	INFO [input.cpp->run:257]	FPS: 5.91832
2020/03/09 14:49:07 722130	INFO [input.cpp->run:173]	
frame_id 24
2020/03/09 14:49:07 775810	INFO [input.cpp->run:235]	rotation: 
[-0.9650109699296742, 0.03115503602368593, -0.2603520532773888;
 0.03262268875212399, -0.9709361088555942, -0.2371051089684483;
 -0.2601722277530242, -0.237302415180968, 0.935947635103219]
2020/03/09 14:49:07 775860	INFO [input.cpp->run:256]	frame times (ms): 169.333
2020/03/09 14:49:07 775865	INFO [input.cpp->run:257]	FPS: 5.90552
2020/03/09 14:49:07 855559	INFO [input.cpp->run:173]	
frame_id 25
2020/03/09 14:49:07 922734	INFO [input.cpp->run:235]	rotation: 
[-0.9997544835506812, 0.0002044078866933465, 0.0221569591263449;
 -0.0005392705145843038, -0.9998857179699367, -0.0151082820683286;
 0.02215133873206675, -0.01511652133130957, 0.9996403398098819]
2020/03/09 14:49:07 922800	INFO [input.cpp->run:256]	frame times (ms): 175.303
2020/03/09 14:49:07 922804	INFO [input.cpp->run:257]	FPS: 5.70441
2020/03/09 14:49:07 988604	INFO [input.cpp->run:173]	
frame_id 26
2020/03/09 14:49:08 043182	INFO [input.cpp->run:235]	rotation: 
[-0.9999999564397027, -9.678276257367173e-05, -0.0002788434855343801;
 9.903480005045198e-05, -0.9999672892156242, -0.008087687609236721;
 -0.0002780516155955954, -0.00808771487214348, 0.999967255241613]
2020/03/09 14:49:08 043264	INFO [input.cpp->run:256]	frame times (ms): 163.5
2020/03/09 14:49:08 043299	INFO [input.cpp->run:257]	FPS: 6.11621
2020/03/09 14:49:08 123427	INFO [input.cpp->run:173]	
frame_id 27
2020/03/09 14:49:08 179533	INFO [input.cpp->run:235]	rotation: 
[-0.9447581804161893, -0.008602419539704934, -0.3276552745108097;
 -0.05103071244230759, -0.9836049991057144, 0.1729655229283515;
 -0.3237712879863218, 0.1801310748102905, 0.9288298816055435]
2020/03/09 14:49:08 179609	INFO [input.cpp->run:256]	frame times (ms): 175.117
2020/03/09 14:49:08 179613	INFO [input.cpp->run:257]	FPS: 5.71047
2020/03/09 14:49:08 255865	INFO [input.cpp->run:173]	
frame_id 28
2020/03/09 14:49:08 315542	INFO [input.cpp->run:235]	rotation: 
[-0.9999829756709639, -0.002950389267727374, -0.005034239904225297;
 0.0030073246785091, -0.9999311801332089, -0.01133979698610571;
 -0.00500043663317968, -0.01135474352757213, 0.999923029754241]
2020/03/09 14:49:08 315610	INFO [input.cpp->run:256]	frame times (ms): 179.166
2020/03/09 14:49:08 315614	INFO [input.cpp->run:257]	FPS: 5.58142
2020/03/09 14:49:08 389511	INFO [input.cpp->run:173]	
frame_id 29
2020/03/09 14:49:08 454252	INFO [input.cpp->run:235]	rotation: 
[-0.9730703133557558, 0.020489544250253, -0.2295960449183481;
 -0.1176073434337794, -0.9007767578228105, 0.4180547157211301;
 -0.198249030353695, 0.4337988141323612, 0.8789288428656652]
2020/03/09 14:49:08 454315	INFO [input.cpp->run:256]	frame times (ms): 186.704
2020/03/09 14:49:08 454319	INFO [input.cpp->run:257]	FPS: 5.35607
2020/03/09 14:49:08 524923	INFO [input.cpp->run:173]	
frame_id 30
2020/03/09 14:49:08 575855	INFO [input.cpp->run:235]	rotation: 
[-0.9931019023437924, 0.1161184753251192, -0.01628223723296023;
 0.007319708350716339, 0.1999861461914033, 0.9797713831303559;
 0.1170257810518741, 0.9728936432209226, -0.1994565755985965]
2020/03/09 14:49:08 575917	INFO [input.cpp->run:256]	frame times (ms): 162.744
2020/03/09 14:49:08 575920	INFO [input.cpp->run:257]	FPS: 6.14462
2020/03/09 14:49:08 655815	INFO [input.cpp->run:173]	
frame_id 31
2020/03/09 14:49:08 708592	INFO [input.cpp->run:235]	rotation: 
[-0.5202498172726231, 0.5441538099467097, 0.6582072308538417;
 0.5166439893566029, -0.4131547840592888, 0.7499214043288916;
 0.6800140556558348, 0.7302052831426261, -0.06619009428230749]
2020/03/09 14:49:08 708650	INFO [input.cpp->run:256]	frame times (ms): 169.255
2020/03/09 14:49:08 708654	INFO [input.cpp->run:257]	FPS: 5.90824
2020/03/09 14:49:08 790196	INFO [input.cpp->run:173]	
frame_id 32
2020/03/09 14:49:08 842665	INFO [input.cpp->run:235]	rotation: 
[-0.9908804872770181, 0.1300986328791628, 0.03507428768531107;
 0.067702313887937, 0.2556474059434439, 0.9643965991896731;
 0.1165000284458266, 0.9579763825676292, -0.2621240046519219]
2020/03/09 14:49:08 842722	INFO [input.cpp->run:256]	frame times (ms): 166.478
2020/03/09 14:49:08 842724	INFO [input.cpp->run:257]	FPS: 6.0068
2020/03/09 14:49:08 923677	INFO [input.cpp->run:173]	
frame_id 33
2020/03/09 14:49:08 975628	INFO [input.cpp->run:235]	rotation: 
[-0.9999996142439865, 0.0004688678983516085, 0.0007427481214902507;
 -0.000473694296669413, -0.9999786894906102, -0.006511234779602136;
 0.0007396793841826475, -0.006511584103403176, 0.9999785258428666]
2020/03/09 14:49:08 975686	INFO [input.cpp->run:256]	frame times (ms): 164.12
2020/03/09 14:49:08 975701	INFO [input.cpp->run:257]	FPS: 6.0931
2020/03/09 14:49:10 240480	INFO [input.cpp->run:173]	
frame_id 34
2020/03/09 14:49:10 290091	INFO [input.cpp->run:196]	Not enough points
2020/03/09 14:49:10 417471	INFO [input.cpp->run:173]	
frame_id 35
2020/03/09 14:49:10 472241	INFO [input.cpp->run:235]	rotation: 
[-0.9980987134144721, 0.01616133133781754, 0.05947915306865716;
 -0.01593226127641397, -0.9998637258146014, 0.004323522957458357;
 0.05954092148258668, 0.003367665294067455, 0.998220184878803]
2020/03/09 14:49:10 472300	INFO [input.cpp->run:256]	frame times (ms): 125.071
2020/03/09 14:49:10 472307	INFO [input.cpp->run:257]	FPS: 7.99546
2020/03/09 14:49:10 550481	INFO [input.cpp->run:173]	
frame_id 36
2020/03/09 14:49:10 599270	INFO [input.cpp->run:235]	rotation: 
[-0.9915435168884442, 0.01965509114269613, 0.1282775565275074;
 -0.01400035462225448, -0.998896258192021, 0.0448358722501343;
 0.1290172243808813, 0.04266078717219776, 0.9907242871005537]
2020/03/09 14:49:10 599348	INFO [input.cpp->run:256]	frame times (ms): 119.027
2020/03/09 14:49:10 599355	INFO [input.cpp->run:257]	FPS: 8.40145
2020/03/09 14:49:10 684507	INFO [input.cpp->run:173]	
frame_id 37
2020/03/09 14:49:10 730202	INFO [input.cpp->run:235]	rotation: 
[-0.9911957925986297, 0.002600236985692188, 0.1323787728542324;
 -0.007802972843839365, -0.9992165951534014, -0.03879831935589242;
 0.1321741818570197, -0.0394896788751409, 0.9904395745893668]
2020/03/09 14:49:10 730282	INFO [input.cpp->run:256]	frame times (ms): 122.151
2020/03/09 14:49:10 730289	INFO [input.cpp->run:257]	FPS: 8.18659
2020/03/09 14:49:10 816534	INFO [input.cpp->run:173]	
frame_id 38
2020/03/09 14:49:10 860814	INFO [input.cpp->run:235]	rotation: 
[-0.9999359602309973, 0.01107342258906713, -0.002335540425131147;
 -0.01107022337962102, -0.9999377732821635, -0.001378302519010539;
 -0.002350657618364697, -0.001352359298617269, 0.9999963227597831]
2020/03/09 14:49:10 860878	INFO [input.cpp->run:256]	frame times (ms): 123.694
2020/03/09 14:49:10 860883	INFO [input.cpp->run:257]	FPS: 8.08447
2020/03/09 14:49:10 951765	INFO [input.cpp->run:173]	
frame_id 39
2020/03/09 14:49:10 997406	INFO [input.cpp->run:235]	rotation: 
[-0.8936007745931271, -0.00692611600422979, 0.448809185025952;
 -0.004282650260276692, -0.9997038741728086, -0.02395460019756915;
 0.4488421933745884, -0.02332794206468244, 0.8933064941920634]
2020/03/09 14:49:10 997473	INFO [input.cpp->run:256]	frame times (ms): 124.624
2020/03/09 14:49:10 997478	INFO [input.cpp->run:257]	FPS: 8.02414
2020/03/09 14:49:11 083890	INFO [input.cpp->run:173]	
frame_id 40
2020/03/09 14:49:11 128233	INFO [input.cpp->run:235]	rotation: 
[-0.9456220523479997, 0.02123426096611366, 0.3245736284333341;
 -0.005502524673707942, -0.9987683534078128, 0.04931022666001107;
 0.3252209346511573, 0.04484286333709538, 0.9445742222146218]
2020/03/09 14:49:11 128292	INFO [input.cpp->run:256]	frame times (ms): 123.173
2020/03/09 14:49:11 128300	INFO [input.cpp->run:257]	FPS: 8.11866
2020/03/09 14:49:11 220360	INFO [input.cpp->run:173]	
frame_id 41
2020/03/09 14:49:11 264709	INFO [input.cpp->run:235]	rotation: 
[0.9999597676946944, -0.001387970548811968, -0.008862083825398213;
 0.00147253653821275, 0.9999533796741429, 0.009543066299834731;
 0.00884842517719297, -0.009555732102515408, 0.9999151930818276]
2020/03/09 14:49:11 264776	INFO [input.cpp->run:256]	frame times (ms): 124.956
2020/03/09 14:49:11 264780	INFO [input.cpp->run:257]	FPS: 8.00282
2020/03/09 14:49:11 351652	INFO [input.cpp->run:173]	
frame_id 42
2020/03/09 14:49:11 394718	INFO [input.cpp->run:235]	rotation: 
[-0.9958925468504127, 0.004889602677476122, 0.09041087829157952;
 0.01289540236613124, -0.9807018440291494, 0.1950835762324485;
 0.08961999623752483, 0.195448164236665, 0.9766106037571496]
2020/03/09 14:49:11 394777	INFO [input.cpp->run:256]	frame times (ms): 112.719
2020/03/09 14:49:11 394781	INFO [input.cpp->run:257]	FPS: 8.87162
2020/03/09 14:49:11 484207	INFO [input.cpp->run:173]	
frame_id 43
2020/03/09 14:49:11 529498	INFO [input.cpp->run:235]	rotation: 
[-0.9969895699525707, 0.07331791928419962, -0.02522459350760182;
 -0.07017811595732798, -0.9916178206054427, -0.1084856206987452;
 -0.03296709642155321, -0.1063888178783267, 0.9937779379640023]
2020/03/09 14:49:11 529561	INFO [input.cpp->run:256]	frame times (ms): 121.913
2020/03/09 14:49:11 529564	INFO [input.cpp->run:257]	FPS: 8.20257
2020/03/09 14:49:11 616775	INFO [input.cpp->run:173]	
frame_id 44
2020/03/09 14:49:11 660669	INFO [input.cpp->run:235]	rotation: 
[-0.9999034011459589, 0.00469785307544621, -0.01308122904108182;
 -0.004665604621345144, -0.9999860042707215, -0.002494673564584645;
 -0.01309276556961915, -0.002433400739310154, 0.9999113250936708]
2020/03/09 14:49:11 660728	INFO [input.cpp->run:256]	frame times (ms): 119.659
2020/03/09 14:49:11 660745	INFO [input.cpp->run:257]	FPS: 8.35708
2020/03/09 14:49:11 750475	INFO [input.cpp->run:173]	
frame_id 45
2020/03/09 14:49:11 795598	INFO [input.cpp->run:235]	rotation: 
[-0.9992465381526151, -0.00154957934668305, -0.03878085602282074;
 0.0008091428234779581, -0.99981722699914, 0.01910125345733728;
 -0.03880336683724277, 0.01905548214028074, 0.999065156695246]
2020/03/09 14:49:11 795670	INFO [input.cpp->run:256]	frame times (ms): 123.742
2020/03/09 14:49:11 795676	INFO [input.cpp->run:257]	FPS: 8.08133
2020/03/09 14:49:11 884106	INFO [input.cpp->run:173]	
frame_id 46
2020/03/09 14:49:11 929736	INFO [input.cpp->run:235]	rotation: 
[-0.9964250845209517, -0.01565388084581221, -0.08301811219173488;
 0.009772094466354768, -0.997443501517574, 0.07078818722147011;
 -0.08391398636195879, 0.06972386460048223, 0.994030696506913]
2020/03/09 14:49:11 929799	INFO [input.cpp->run:256]	frame times (ms): 122.971
2020/03/09 14:49:11 929804	INFO [input.cpp->run:257]	FPS: 8.132
2020/03/09 14:49:12 020198	INFO [input.cpp->run:173]	
frame_id 47
2020/03/09 14:49:12 064860	INFO [input.cpp->run:235]	rotation: 
[-0.9973889084445445, 0.0139501877039899, 0.07085730431524619;
 -0.01280394237376141, -0.9997801365072386, 0.01660535170529637;
 0.07107337315401142, 0.01565474077047082, 0.9973482364349575]
2020/03/09 14:49:12 064928	INFO [input.cpp->run:256]	frame times (ms): 123.657
2020/03/09 14:49:12 064937	INFO [input.cpp->run:257]	FPS: 8.08689
2020/03/09 14:49:12 151309	INFO [input.cpp->run:173]	
frame_id 48
2020/03/09 14:49:12 195931	INFO [input.cpp->run:235]	rotation: 
[-0.9998629784242868, 0.0144656376226193, -0.008047962766139496;
 -0.01436989285452954, -0.9998267630880243, -0.0118300461652965;
 -0.008217697722808231, -0.01171277683108351, 0.9998976349122158]
2020/03/09 14:49:12 196008	INFO [input.cpp->run:256]	frame times (ms): 127.74
2020/03/09 14:49:12 196014	INFO [input.cpp->run:257]	FPS: 7.8284
2020/03/09 14:49:12 285268	INFO [input.cpp->run:173]	
frame_id 49
2020/03/09 14:49:12 331504	INFO [input.cpp->run:235]	rotation: 
[0.1532778522384657, 0.5628764233004681, 0.8122044275338787;
 0.4154801436209705, -0.7824472907341516, 0.4638453271075216;
 0.8965947525330833, 0.2663575966914746, -0.3537958174072736]
2020/03/09 14:49:12 331568	INFO [input.cpp->run:256]	frame times (ms): 125.859
2020/03/09 14:49:12 331575	INFO [input.cpp->run:257]	FPS: 7.9454
2020/03/09 14:49:12 417556	INFO [input.cpp->run:173]	
frame_id 50
2020/03/09 14:49:12 463655	INFO [input.cpp->run:235]	rotation: 
[-0.9995792862877561, -0.02898202307289923, 0.001136997388815342;
 0.02900215302886213, -0.998257538270133, 0.0513883489377155;
 -0.000354322100212695, 0.05139970452693167, 0.9986780987036781]
2020/03/09 14:49:12 463698	INFO [input.cpp->run:256]	frame times (ms): 128.5
2020/03/09 14:49:12 463701	INFO [input.cpp->run:257]	FPS: 7.7821
2020/03/09 14:49:12 552523	INFO [input.cpp->run:173]	
frame_id 51
2020/03/09 14:49:12 595886	INFO [input.cpp->run:235]	rotation: 
[-0.9944819904541127, 0.01415623544448595, 0.1039479276391135;
 0.0127233123527253, -0.9672640051549556, 0.2534530758431806;
 0.1041330302315316, 0.2533770813030143, 0.9617465189358182]
2020/03/09 14:49:12 595955	INFO [input.cpp->run:256]	frame times (ms): 123.138
2020/03/09 14:49:12 595960	INFO [input.cpp->run:257]	FPS: 8.12097
2020/03/09 14:49:12 683863	INFO [input.cpp->run:173]	
frame_id 52
2020/03/09 14:49:12 735653	INFO [input.cpp->run:235]	rotation: 
[-0.9998452518450109, -0.003738074358833705, -0.0171900890944289;
 0.003516419394682033, -0.9999105239446977, 0.01290654482349454;
 -0.01723679661733228, 0.01284409999680786, 0.9997689342731366]
2020/03/09 14:49:12 735719	INFO [input.cpp->run:256]	frame times (ms): 134.244
2020/03/09 14:49:12 735724	INFO [input.cpp->run:257]	FPS: 7.44912
2020/03/09 14:49:12 817649	INFO [input.cpp->run:173]	
frame_id 53
2020/03/09 14:49:12 864884	INFO [input.cpp->run:235]	rotation: 
[-0.9881130928141427, 0.02995103143388296, 0.1507827958532268;
 0.004515302885593573, -0.9747592446629612, 0.223212963297262;
 0.1536623826742272, 0.2212404815130812, 0.9630371340144364]
2020/03/09 14:49:12 864946	INFO [input.cpp->run:256]	frame times (ms): 130.645
2020/03/09 14:49:12 864956	INFO [input.cpp->run:257]	FPS: 7.65433
2020/03/09 14:49:12 951338	INFO [input.cpp->run:173]	
frame_id 54
2020/03/09 14:49:12 997537	INFO [input.cpp->run:235]	rotation: 
[-0.9865809868365778, 0.001515598138484325, 0.1632656098964106;
 0.01781565292408682, -0.9929869087579404, 0.1168742980566655;
 0.1622977477460879, 0.1182146437529312, 0.979635002987804]
2020/03/09 14:49:12 997597	INFO [input.cpp->run:256]	frame times (ms): 135.49
2020/03/09 14:49:12 997600	INFO [input.cpp->run:257]	FPS: 7.38062
g3log g3FileSink shutdown at: 14:49:13 206887
