		g3log created log at: Mon Mar 09 13:09:11 2020
		LOG format: [YYYY/MM/DD hh:mm:ss uuu* LEVEL FILE->FUNCTION:LINE] message		(uuu*: microseconds fractions of the seconds value)

2020/03/09 13:09:11 346270	INFO [g3logger.h->logBanner:29]	Starting log.
2020/03/09 13:09:11 350384	DEBUG [main.cpp->main:48]	Filepath: /home/mitchell/KITTI/data_odometry_gray/dataset/sequences/00/
2020/03/09 13:09:11 350391	DEBUG [main.cpp->main:52]	Calibration Filepath: /home/mitchell/visual_odom_catkin_ws/tank_downsized.yaml
2020/03/09 13:09:11 350509	INFO [main.cpp->main:66]	P_left: 
[409.41, 0, 251.22, 0;
 0, 408.72, 191.78999, 0;
 0, 0, 1, 0]
2020/03/09 13:09:11 350526	INFO [main.cpp->main:67]	P_right: 
[409.41, 0, 251.22, -73.940002;
 0, 408.72, 191.78999, 0;
 0, 0, 1, 0]
2020/03/09 13:09:11 491749	INFO [input.cpp->Input:22]	frame_pose [1, 0, 0, 0;
 0, 1, 0, 0;
 0, 0, 1, 0;
 0, 0, 0, 1]
2020/03/09 13:09:11 881686	INFO [input.cpp->run:173]	
frame_id 1
2020/03/09 13:09:11 969794	INFO [input.cpp->run:235]	rotation: 
[-0.9992567391914392, 0.007029455657844147, -0.03790192519709812;
 -0.002063052295341449, -0.9915758281732066, -0.1295110836872518;
 -0.03849302528665037, -0.129336629520697, 0.990853330856039]
2020/03/09 13:09:11 969884	INFO [input.cpp->run:256]	frame times (ms): 150.762
2020/03/09 13:09:11 969887	INFO [input.cpp->run:257]	FPS: 6.63297
2020/03/09 13:09:12 016502	INFO [input.cpp->run:173]	
frame_id 2
2020/03/09 13:09:12 073170	INFO [input.cpp->run:235]	rotation: 
[-0.9998995560257151, 0.004480233462659593, 0.01344638864892193;
 -0.004541814094621583, -0.9999793223110449, -0.004552677791501937;
 0.01342571354929368, -0.004613291499938353, 0.9998992288011974]
2020/03/09 13:09:12 073236	INFO [input.cpp->run:256]	frame times (ms): 242.391
2020/03/09 13:09:12 073242	INFO [input.cpp->run:257]	FPS: 4.12557
2020/03/09 13:09:12 147548	INFO [input.cpp->run:173]	
frame_id 3
2020/03/09 13:09:12 199434	INFO [input.cpp->run:235]	rotation: 
[0.999931782417144, 0.0005779763829253855, -0.01166603854674876;
 -0.0003079477400424105, 0.9997323004100241, 0.02313509639207729;
 0.01167628709234447, -0.02312992564151656, 0.9996642790755079]
2020/03/09 13:09:12 199504	INFO [input.cpp->run:256]	frame times (ms): 111.943
2020/03/09 13:09:12 199510	INFO [input.cpp->run:257]	FPS: 8.93312
2020/03/09 13:09:12 281774	INFO [input.cpp->run:173]	
frame_id 4
2020/03/09 13:09:12 342852	INFO [input.cpp->run:235]	rotation: 
[-0.8120689552979803, 0.3609285650064035, 0.4585570660274087;
 0.4722303328688309, -0.05521665443153756, 0.8797440728939192;
 0.3428447528544663, 0.9309574061340329, -0.1256016855155748]
2020/03/09 13:09:12 342913	INFO [input.cpp->run:256]	frame times (ms): 128.109
2020/03/09 13:09:12 342918	INFO [input.cpp->run:257]	FPS: 7.80585
2020/03/09 13:09:12 416676	INFO [input.cpp->run:173]	
frame_id 5
2020/03/09 13:09:12 468397	INFO [input.cpp->run:235]	rotation: 
[-0.9999151119930862, -0.00343527695883356, 0.01256851940643588;
 0.003345790631467294, -0.9999689554503062, -0.007133990515410149;
 0.01259263645565272, -0.007091333290692487, 0.9998955637961676]
2020/03/09 13:09:12 468449	INFO [input.cpp->run:256]	frame times (ms): 118.196
2020/03/09 13:09:12 468455	INFO [input.cpp->run:257]	FPS: 8.46052
2020/03/09 13:09:12 547703	INFO [input.cpp->run:173]	
frame_id 6
2020/03/09 13:09:12 584730	INFO [input.cpp->run:235]	rotation: 
[-0.9999848207369858, 0.002671388653074349, -0.00481891878771713;
 -0.002285902800137587, -0.9969273677752881, -0.07829813553989523;
 -0.005013276773399875, -0.07828593145195187, 0.9969183416873685]
2020/03/09 13:09:12 584778	INFO [input.cpp->run:256]	frame times (ms): 105.525
2020/03/09 13:09:12 584781	INFO [input.cpp->run:257]	FPS: 9.47643
2020/03/09 13:09:12 681054	INFO [input.cpp->run:173]	
frame_id 7
2020/03/09 13:09:12 718090	INFO [input.cpp->run:235]	rotation: 
[-0.996349956895876, 0.007485938602756927, -0.08503366460891627;
 0.0001650965197151923, -0.995976446075598, -0.08961524203929029;
 -0.08536238127375011, -0.08930218130514593, 0.9923398532143197]
2020/03/09 13:09:12 718142	INFO [input.cpp->run:256]	frame times (ms): 101.643
2020/03/09 13:09:12 718147	INFO [input.cpp->run:257]	FPS: 9.83836
2020/03/09 13:09:12 815540	INFO [input.cpp->run:173]	
frame_id 8
2020/03/09 13:09:12 866813	INFO [input.cpp->run:235]	rotation: 
[-0.9963444365846253, 0.007180945618678223, -0.08512460106741757;
 -0.0001414514604149725, -0.9965980504320522, -0.08241544677132556;
 -0.0854268323089985, -0.08210213088010831, 0.9929559388143041]
2020/03/09 13:09:12 866867	INFO [input.cpp->run:256]	frame times (ms): 116.755
2020/03/09 13:09:12 866872	INFO [input.cpp->run:257]	FPS: 8.56494
2020/03/09 13:09:12 949185	INFO [input.cpp->run:173]	
frame_id 9
2020/03/09 13:09:12 993434	INFO [input.cpp->run:235]	rotation: 
[-0.9948311560042259, 0.006531169531273973, -0.1013326939731166;
 0.002737149657516679, -0.9958419537132219, -0.09105663751965323;
 -0.1015060542778011, -0.09086334271413815, 0.9906767252215856]
2020/03/09 13:09:12 993487	INFO [input.cpp->run:256]	frame times (ms): 113.328
2020/03/09 13:09:12 993493	INFO [input.cpp->run:257]	FPS: 8.82394
2020/03/09 13:09:13 081285	INFO [input.cpp->run:173]	
frame_id 10
2020/03/09 13:09:13 138232	INFO [input.cpp->run:235]	rotation: 
[-0.9054714302162338, 0.3253742961266202, 0.2724941402714459;
 0.3392834100740901, 0.1692282538142241, 0.9253370011836149;
 0.2549671679072912, 0.9303189590302322, -0.2636254497544579]
2020/03/09 13:09:13 138279	INFO [input.cpp->run:256]	frame times (ms): 132.478
2020/03/09 13:09:13 138282	INFO [input.cpp->run:257]	FPS: 7.54842
2020/03/09 13:09:13 215716	INFO [input.cpp->run:173]	
frame_id 11
2020/03/09 13:09:13 267344	INFO [input.cpp->run:235]	rotation: 
[-0.6868632216744345, 0.5366999143244998, 0.4900735829190258;
 0.5523618736924906, -0.05275138600113627, 0.8319336823124065;
 0.4723507967622557, 0.8421226117609203, -0.2602195833503478]
2020/03/09 13:09:13 267392	INFO [input.cpp->run:256]	frame times (ms): 120.622
2020/03/09 13:09:13 267397	INFO [input.cpp->run:257]	FPS: 8.29036
2020/03/09 13:09:13 348311	INFO [input.cpp->run:173]	
frame_id 12
2020/03/09 13:09:13 386432	INFO [input.cpp->run:235]	rotation: 
[-0.9952229322225014, 0.003844398432370016, -0.09755273332480038;
 0.004227432733908221, -0.9965902168209245, -0.0824018722439178;
 -0.09753688528411553, -0.08242063053335531, 0.9918131858730045]
2020/03/09 13:09:13 386483	INFO [input.cpp->run:256]	frame times (ms): 111.365
2020/03/09 13:09:13 386489	INFO [input.cpp->run:257]	FPS: 8.97948
2020/03/09 13:09:13 481618	INFO [input.cpp->run:173]	
frame_id 13
2020/03/09 13:09:13 533351	INFO [input.cpp->run:235]	rotation: 
[-0.9270754909842613, 0.2080803045785522, 0.3118230601844382;
 0.2547424319102202, -0.260561296213849, 0.9312433110094406;
 0.2750224125426102, 0.942767414456957, 0.18855310879799]
2020/03/09 13:09:13 533402	INFO [input.cpp->run:256]	frame times (ms): 113.807
2020/03/09 13:09:13 533405	INFO [input.cpp->run:257]	FPS: 8.78681
2020/03/09 13:09:13 615266	INFO [input.cpp->run:173]	
frame_id 14
2020/03/09 13:09:13 666425	INFO [input.cpp->run:235]	rotation: 
[-0.9990416375989747, 0.03630056106635451, 0.02445558443028509;
 0.02411966704424571, -0.009663100718792395, 0.9996623760781306;
 0.03652462190404801, 0.9992941977970086, 0.008778282519946945]
2020/03/09 13:09:13 666471	INFO [input.cpp->run:256]	frame times (ms): 124.075
2020/03/09 13:09:13 666473	INFO [input.cpp->run:257]	FPS: 8.05964
2020/03/09 13:09:13 750854	INFO [input.cpp->run:173]	
frame_id 15
2020/03/09 13:09:13 799641	INFO [input.cpp->run:235]	rotation: 
[-0.9488490744226926, -0.003320069539453436, -0.31571254505555;
 -0.006085255501113609, -0.9995666619491431, 0.02880031224368322;
 -0.3156713538360516, 0.02924834111707323, 0.9484176985427962]
2020/03/09 13:09:13 799686	INFO [input.cpp->run:256]	frame times (ms): 118.25
2020/03/09 13:09:13 799691	INFO [input.cpp->run:257]	FPS: 8.45666
2020/03/09 13:09:13 884283	INFO [input.cpp->run:173]	
frame_id 16
2020/03/09 13:09:13 920550	INFO [input.cpp->run:235]	rotation: 
[-0.9930992470876762, 0.007690579007631512, -0.1170245291740927;
 0.002412133488311306, -0.9962970251359539, -0.08594428030580618;
 -0.1172521515620301, -0.08563347884896301, 0.9894032748350385]
2020/03/09 13:09:13 920593	INFO [input.cpp->run:256]	frame times (ms): 109.913
2020/03/09 13:09:13 920595	INFO [input.cpp->run:257]	FPS: 9.0981
2020/03/09 13:09:14 016919	INFO [input.cpp->run:173]	
frame_id 17
2020/03/09 13:09:14 067955	INFO [input.cpp->run:235]	rotation: 
[-0.9999423973338137, -0.008977647363416195, 0.005882504749135594;
 0.008991230633903526, -0.9999569633852992, 0.002286733246241425;
 0.005861722101346275, 0.002339492481214096, 0.9999800832961304]
2020/03/09 13:09:14 068001	INFO [input.cpp->run:256]	frame times (ms): 122.948
2020/03/09 13:09:14 068004	INFO [input.cpp->run:257]	FPS: 8.13352
2020/03/09 13:09:14 151934	INFO [input.cpp->run:173]	
frame_id 18
2020/03/09 13:09:14 188405	INFO [input.cpp->run:235]	rotation: 
[-0.9860026392367801, 0.01367689809517885, -0.166167800360353;
 0.008817462398400281, -0.9909577343373851, -0.1338843572407521;
 -0.1664963896754426, -0.1334755079234038, 0.9769663458940805]
2020/03/09 13:09:14 188452	INFO [input.cpp->run:256]	frame times (ms): 110.221
2020/03/09 13:09:14 188455	INFO [input.cpp->run:257]	FPS: 9.07268
2020/03/09 13:09:14 283435	INFO [input.cpp->run:173]	
frame_id 19
2020/03/09 13:09:14 337747	INFO [input.cpp->run:235]	rotation: 
[-0.9879611186344404, -0.1135783912091184, -0.1050370273614682;
 0.1157045970026421, -0.9931799254068207, -0.01435555646285946;
 -0.1026901859918539, -0.02633599854288067, 0.9943646920932522]
2020/03/09 13:09:14 337797	INFO [input.cpp->run:256]	frame times (ms): 124.698
2020/03/09 13:09:14 337800	INFO [input.cpp->run:257]	FPS: 8.01937
2020/03/09 13:09:14 417722	INFO [input.cpp->run:173]	
frame_id 20
2020/03/09 13:09:14 469001	INFO [input.cpp->run:235]	rotation: 
[-0.9997845479233872, 0.003396089990984577, 0.02047740966043907;
 -0.003491555218052059, -0.9999831950560161, -0.004628028491821224;
 0.02046134833747772, -0.004698529380024134, 0.9997796042357923]
2020/03/09 13:09:14 469048	INFO [input.cpp->run:256]	frame times (ms): 124.758
2020/03/09 13:09:14 469051	INFO [input.cpp->run:257]	FPS: 8.01552
2020/03/09 13:09:14 550310	INFO [input.cpp->run:173]	
frame_id 21
2020/03/09 13:09:14 592073	INFO [input.cpp->run:235]	rotation: 
[-0.9794620658468721, 0.01965236643465759, -0.2006684979275412;
 0.004566438571478784, -0.992821266604457, -0.1195202084029921;
 -0.2015768072119175, -0.1179818506018604, 0.972341027481002]
2020/03/09 13:09:14 592121	INFO [input.cpp->run:256]	frame times (ms): 115.418
2020/03/09 13:09:14 592125	INFO [input.cpp->run:257]	FPS: 8.66416
2020/03/09 13:09:14 683638	INFO [input.cpp->run:173]	
frame_id 22
2020/03/09 13:09:14 735392	INFO [input.cpp->run:235]	rotation: 
[-0.9192810007301798, 0.328023247569742, 0.2175389407676674;
 0.2672709934900082, 0.1144946817613117, 0.9567952674878988;
 0.2889440391068537, 0.9377055598119142, -0.1929238848936061]
2020/03/09 13:09:14 735436	INFO [input.cpp->run:256]	frame times (ms): 132.345
2020/03/09 13:09:14 735441	INFO [input.cpp->run:257]	FPS: 7.55601
2020/03/09 13:09:14 816776	INFO [input.cpp->run:173]	
frame_id 23
2020/03/09 13:09:14 868115	INFO [input.cpp->run:235]	rotation: 
[-0.9998181720261577, 0.003769874651262729, 0.01869253678306417;
 -0.003944507169486264, -0.9999488408989169, -0.00931431415093974;
 0.01865646669287386, -0.009386353393426628, 0.9997818925248199]
2020/03/09 13:09:14 868177	INFO [input.cpp->run:256]	frame times (ms): 130.062
2020/03/09 13:09:14 868181	INFO [input.cpp->run:257]	FPS: 7.68864
2020/03/09 13:09:14 950011	INFO [input.cpp->run:173]	
frame_id 24
2020/03/09 13:09:14 998817	INFO [input.cpp->run:235]	rotation: 
[-0.9992100678757059, -0.03757214013717604, -0.01294505856840885;
 0.03727881479015518, -0.9990582647910643, 0.02220075495357822;
 -0.0137669976272402, 0.02170064142323738, 0.9996697214271075]
2020/03/09 13:09:14 998874	INFO [input.cpp->run:256]	frame times (ms): 113.893
2020/03/09 13:09:14 998878	INFO [input.cpp->run:257]	FPS: 8.78017
2020/03/09 13:09:15 083584	INFO [input.cpp->run:173]	
frame_id 25
2020/03/09 13:09:15 131426	INFO [input.cpp->run:235]	rotation: 
[-0.9999088335960157, 0.002586627029204272, 0.01325269245350869;
 -0.00274796991055344, -0.9999221591031286, -0.01217063662707173;
 0.01322017995437994, -0.0122059450739923, 0.9998381077688644]
2020/03/09 13:09:15 131472	INFO [input.cpp->run:256]	frame times (ms): 123.603
2020/03/09 13:09:15 131475	INFO [input.cpp->run:257]	FPS: 8.09042
2020/03/09 13:09:15 217817	INFO [input.cpp->run:173]	
frame_id 26
2020/03/09 13:09:15 281744	INFO [input.cpp->run:235]	rotation: 
[-0.9998972053581904, -0.005079355777263368, 0.01340816399694069;
 0.005136536291357922, -0.9999778459947521, 0.004233617203208287;
 0.0133863629044053, 0.00430205353101509, 0.9999011439255424]
2020/03/09 13:09:15 281817	INFO [input.cpp->run:256]	frame times (ms): 138.647
2020/03/09 13:09:15 281821	INFO [input.cpp->run:257]	FPS: 7.21256
2020/03/09 13:09:15 348319	INFO [input.cpp->run:173]	
frame_id 27
2020/03/09 13:09:15 382835	INFO [input.cpp->run:235]	rotation: 
[-0.8642405708690806, 0.3732995287473131, 0.3372472349789092;
 0.3959674236203267, 0.09124461608211232, 0.9137199896398835;
 0.3103192470591638, 0.923212804218541, -0.2266717517282902]
2020/03/09 13:09:15 382880	INFO [input.cpp->run:256]	frame times (ms): 111.358
2020/03/09 13:09:15 382882	INFO [input.cpp->run:257]	FPS: 8.98005
2020/03/09 13:09:15 483726	INFO [input.cpp->run:173]	
frame_id 28
2020/03/09 13:09:15 521228	INFO [input.cpp->run:235]	rotation: 
[-0.991260129306298, 0.01974305476237409, -0.130436068003874;
 0.006794288711399032, -0.979785403820096, -0.1999359900117974;
 -0.1317467027616536, -0.199074795616475, 0.9710880660690309]
2020/03/09 13:09:15 521271	INFO [input.cpp->run:256]	frame times (ms): 119.547
2020/03/09 13:09:15 521273	INFO [input.cpp->run:257]	FPS: 8.36491
2020/03/09 13:09:15 615767	INFO [input.cpp->run:173]	
frame_id 29
2020/03/09 13:09:15 649334	INFO [input.cpp->run:235]	rotation: 
[0.9998685301719348, -0.01317602402096288, -0.0094506488038583;
 0.01305916142442753, 0.9998387943979077, -0.01232248026288674;
 0.009611486602269346, 0.01219744268023009, 0.999879413588137]
2020/03/09 13:09:15 649379	INFO [input.cpp->run:256]	frame times (ms): 108.809
2020/03/09 13:09:15 649380	INFO [input.cpp->run:257]	FPS: 9.19042
2020/03/09 13:09:15 748853	INFO [input.cpp->run:173]	
frame_id 30
2020/03/09 13:09:15 778411	INFO [input.cpp->run:196]	Not enough points
2020/03/09 13:09:15 881044	INFO [input.cpp->run:173]	
frame_id 31
2020/03/09 13:09:15 912519	INFO [input.cpp->run:196]	Not enough points
2020/03/09 13:09:16 016744	INFO [input.cpp->run:173]	
frame_id 32
2020/03/09 13:09:16 049528	INFO [input.cpp->run:196]	Not enough points
2020/03/09 13:09:16 149604	INFO [input.cpp->run:173]	
frame_id 33
2020/03/09 13:09:16 201706	INFO [input.cpp->run:235]	rotation: 
[-0.996665423476328, 4.055139421655371e-05, 0.08159676465605793;
 0.006136285203491635, -0.9971309070666092, 0.0754473337926693;
 0.08136571544977091, 0.07569644990424237, 0.9938056489179572]
2020/03/09 13:09:16 201756	INFO [input.cpp->run:256]	frame times (ms): 125.73
2020/03/09 13:09:16 201759	INFO [input.cpp->run:257]	FPS: 7.95355
2020/03/09 13:09:16 283336	INFO [input.cpp->run:173]	
frame_id 34
2020/03/09 13:09:16 316314	INFO [input.cpp->run:235]	rotation: 
[0.9995927368079318, 0.003037370474985501, -0.02837489914389892;
 -0.003519138558825334, 0.999850243800627, -0.01694419179631991;
 0.0283191840389609, 0.017037146252362, 0.9994537305263026]
2020/03/09 13:09:16 316360	INFO [input.cpp->run:256]	frame times (ms): 114.124
2020/03/09 13:09:16 316364	INFO [input.cpp->run:257]	FPS: 8.7624
2020/03/09 13:09:16 415244	INFO [input.cpp->run:173]	
frame_id 35
2020/03/09 13:09:16 444786	INFO [input.cpp->run:196]	Not enough points
2020/03/09 13:09:16 547918	INFO [input.cpp->run:173]	
frame_id 36
2020/03/09 13:09:16 579131	INFO [input.cpp->run:196]	Not enough points
2020/03/09 13:09:16 680855	INFO [input.cpp->run:173]	
frame_id 37
2020/03/09 13:09:16 717534	INFO [input.cpp->run:196]	Not enough points
2020/03/09 13:09:16 817128	INFO [input.cpp->run:173]	
frame_id 38
2020/03/09 13:09:16 849171	INFO [input.cpp->run:196]	Not enough points
2020/03/09 13:09:16 947762	INFO [input.cpp->run:173]	
frame_id 39
2020/03/09 13:09:16 978441	INFO [input.cpp->run:196]	Not enough points
2020/03/09 13:09:17 084010	INFO [input.cpp->run:173]	
frame_id 40
2020/03/09 13:09:17 115493	INFO [input.cpp->run:196]	Not enough points
2020/03/09 13:09:17 215135	INFO [input.cpp->run:173]	
frame_id 41
2020/03/09 13:09:17 247154	INFO [input.cpp->run:196]	Not enough points
2020/03/09 13:09:17 350386	INFO [input.cpp->run:173]	
frame_id 42
2020/03/09 13:09:17 382792	INFO [input.cpp->run:196]	Not enough points
2020/03/09 13:09:17 481474	INFO [input.cpp->run:173]	
frame_id 43
2020/03/09 13:09:17 518309	INFO [input.cpp->run:196]	Not enough points
2020/03/09 13:09:17 619124	INFO [input.cpp->run:173]	
frame_id 44
2020/03/09 13:09:17 656332	INFO [input.cpp->run:196]	Not enough points
2020/03/09 13:09:17 748025	INFO [input.cpp->run:173]	
frame_id 45
2020/03/09 13:09:17 781931	INFO [input.cpp->run:196]	Not enough points
2020/03/09 13:09:17 882133	INFO [input.cpp->run:173]	
frame_id 46
2020/03/09 13:09:17 914193	INFO [input.cpp->run:196]	Not enough points
2020/03/09 13:09:18 015161	INFO [input.cpp->run:173]	
frame_id 47
2020/03/09 13:09:18 042965	INFO [input.cpp->run:196]	Not enough points
2020/03/09 13:09:18 148808	INFO [input.cpp->run:173]	
frame_id 48
2020/03/09 13:09:18 177558	INFO [input.cpp->run:196]	Not enough points
2020/03/09 13:09:18 281944	INFO [input.cpp->run:173]	
frame_id 49
2020/03/09 13:09:18 312713	INFO [input.cpp->run:196]	Not enough points
2020/03/09 13:09:18 418279	INFO [input.cpp->run:173]	
frame_id 50
2020/03/09 13:09:18 445169	INFO [input.cpp->run:196]	Not enough points
2020/03/09 13:09:18 548781	INFO [input.cpp->run:173]	
frame_id 51
2020/03/09 13:09:18 598221	INFO [input.cpp->run:235]	rotation: 
[-0.9942921655483629, 0.04020863875208674, -0.0988248698397886;
 -0.09370160673958741, 0.1138523871177854, 0.9890690789029863;
 0.05102056863233372, 0.9926836854291936, -0.109434922484311]
2020/03/09 13:09:18 598285	INFO [input.cpp->run:256]	frame times (ms): 122.923
2020/03/09 13:09:18 598291	INFO [input.cpp->run:257]	FPS: 8.13517
2020/03/09 13:09:18 681732	INFO [input.cpp->run:173]	
frame_id 52
2020/03/09 13:09:18 734276	INFO [input.cpp->run:235]	rotation: 
[-0.9930592379514731, 0.03282943681200194, 0.1129405949950958;
 -0.02031074782540154, -0.9936953716652501, 0.1102587042089344;
 0.1158482776825466, 0.1071995168350451, 0.9874651589541381]
2020/03/09 13:09:18 734339	INFO [input.cpp->run:256]	frame times (ms): 127.897
2020/03/09 13:09:18 734344	INFO [input.cpp->run:257]	FPS: 7.81879
2020/03/09 13:09:18 815369	INFO [input.cpp->run:173]	
frame_id 53
2020/03/09 13:09:18 865096	INFO [input.cpp->run:235]	rotation: 
[-0.9990697923995785, 0.01999859456410991, 0.0382047919785406;
 -0.01922413568312219, -0.9996043521546485, 0.02053221275757643;
 0.038600291733355, 0.01977865943247494, 0.9990589682842315]
2020/03/09 13:09:18 865165	INFO [input.cpp->run:256]	frame times (ms): 125.015
2020/03/09 13:09:18 865170	INFO [input.cpp->run:257]	FPS: 7.99904
2020/03/09 13:09:18 948234	INFO [input.cpp->run:173]	
frame_id 54
2020/03/09 13:09:18 978149	INFO [input.cpp->run:196]	Not enough points
2020/03/09 13:09:19 082035	INFO [input.cpp->run:173]	
frame_id 55
2020/03/09 13:09:19 131240	INFO [input.cpp->run:235]	rotation: 
[-0.9999204661861411, 0.004799997252833661, 0.01166281820415106;
 -0.004720856320181791, -0.9999657101321592, 0.006803828002739078;
 0.01169507664337808, 0.006748228379318983, 0.9999088391428722]
2020/03/09 13:09:19 131306	INFO [input.cpp->run:256]	frame times (ms): 124.729
2020/03/09 13:09:19 131311	INFO [input.cpp->run:257]	FPS: 8.01738
2020/03/09 13:09:19 215172	INFO [input.cpp->run:173]	
frame_id 56
2020/03/09 13:09:19 240955	INFO [input.cpp->run:196]	Not enough points
2020/03/09 13:09:19 348390	INFO [input.cpp->run:173]	
frame_id 57
2020/03/09 13:09:19 377732	INFO [input.cpp->run:196]	Not enough points
2020/03/09 13:09:19 483629	INFO [input.cpp->run:173]	
frame_id 58
2020/03/09 13:09:19 533717	INFO [input.cpp->run:235]	rotation: 
[-0.9997627932279769, 0.01256619874956585, 0.01778898327560794;
 -0.01211806124110832, -0.9996120136469547, 0.02507936929902941;
 0.01809723373198782, 0.02485785231404275, 0.9995271768739376]
2020/03/09 13:09:19 533779	INFO [input.cpp->run:256]	frame times (ms): 127.657
2020/03/09 13:09:19 533784	INFO [input.cpp->run:257]	FPS: 7.83349
2020/03/09 13:09:19 616193	INFO [input.cpp->run:173]	
frame_id 59
2020/03/09 13:09:19 648143	INFO [input.cpp->run:196]	Not enough points
2020/03/09 13:09:19 749066	INFO [input.cpp->run:173]	
frame_id 60
2020/03/09 13:09:19 779418	INFO [input.cpp->run:196]	Not enough points
2020/03/09 13:09:19 881773	INFO [input.cpp->run:173]	
frame_id 61
2020/03/09 13:09:19 915628	INFO [input.cpp->run:235]	rotation: 
[0.9998897146074073, -0.004490876944583951, -0.01415594032857786;
 0.004299383295209, 0.999899236062162, -0.01352896986416775;
 0.01421527085913352, 0.01346661600303824, 0.9998082697836762]
2020/03/09 13:09:19 915699	INFO [input.cpp->run:256]	frame times (ms): 112.383
2020/03/09 13:09:19 915705	INFO [input.cpp->run:257]	FPS: 8.89814
2020/03/09 13:09:20 015306	INFO [input.cpp->run:173]	
frame_id 62
2020/03/09 13:09:20 068556	INFO [input.cpp->run:235]	rotation: 
[-0.9999784176239325, -0.003058646899772004, -0.005814547744977291;
 0.003092114901487365, -0.9999786553815199, -0.005755658676766984;
 -0.0057968191081062, -0.005773513705704559, 0.9999665311537765]
2020/03/09 13:09:20 068620	INFO [input.cpp->run:256]	frame times (ms): 130.066
2020/03/09 13:09:20 068627	INFO [input.cpp->run:257]	FPS: 7.6884
2020/03/09 13:09:20 149439	INFO [input.cpp->run:173]	
frame_id 63
2020/03/09 13:09:20 199230	INFO [input.cpp->run:235]	rotation: 
[-0.9999576152344973, -0.003653155941357514, -0.008451164783928209;
 0.003720207807990855, -0.9999616212120492, -0.0079319705518563;
 -0.008421863713118845, -0.007963074446360272, 0.9999328285724796]
2020/03/09 13:09:20 199298	INFO [input.cpp->run:256]	frame times (ms): 129.979
2020/03/09 13:09:20 199303	INFO [input.cpp->run:257]	FPS: 7.69355
2020/03/09 13:09:20 282240	INFO [input.cpp->run:173]	
frame_id 64
2020/03/09 13:09:20 336611	INFO [input.cpp->run:235]	rotation: 
[-0.9998995314510145, 0.003774918076172459, 0.01366297908802268;
 -0.003617527900486262, -0.9999270308643081, 0.0115259029485009;
 0.01370549145163215, 0.01147531874970124, 0.9998402255178875]
2020/03/09 13:09:20 336672	INFO [input.cpp->run:256]	frame times (ms): 129.533
2020/03/09 13:09:20 336677	INFO [input.cpp->run:257]	FPS: 7.72004
2020/03/09 13:09:20 417558	INFO [input.cpp->run:173]	
frame_id 65
2020/03/09 13:09:20 449719	INFO [input.cpp->run:196]	Not enough points
2020/03/09 13:09:20 549582	INFO [input.cpp->run:173]	
frame_id 66
2020/03/09 13:09:20 600519	INFO [input.cpp->run:235]	rotation: 
[-0.9999240094908912, -0.01190218636928574, -0.003211417645049819;
 0.01203020731908521, -0.9989884369146325, -0.04332870898976037;
 -0.002692462723971714, -0.04336405043916332, 0.9990557090442909]
2020/03/09 13:09:20 600587	INFO [input.cpp->run:256]	frame times (ms): 152.28
2020/03/09 13:09:20 600592	INFO [input.cpp->run:257]	FPS: 6.56685
2020/03/09 13:09:20 682748	INFO [input.cpp->run:173]	
frame_id 67
2020/03/09 13:09:20 735536	INFO [input.cpp->run:235]	rotation: 
[-0.9845560766454087, 0.05858601738095436, 0.1649757876418195;
 0.1738232189227465, 0.2148889367183993, 0.961045385733354;
 0.02085235008182922, 0.9748796969080208, -0.221753818574992]
2020/03/09 13:09:20 735598	INFO [input.cpp->run:256]	frame times (ms): 127.254
2020/03/09 13:09:20 735603	INFO [input.cpp->run:257]	FPS: 7.8583
2020/03/09 13:09:20 816661	INFO [input.cpp->run:173]	
frame_id 68
2020/03/09 13:09:20 866280	INFO [input.cpp->run:235]	rotation: 
[-0.9926263980807492, -0.1114228165669048, -0.04772619596758143;
 -0.07222037584262923, 0.2274244826276689, 0.9711139593346841;
 -0.09735014713079521, 0.9674001553906403, -0.2337945427159871]
2020/03/09 13:09:20 866349	INFO [input.cpp->run:256]	frame times (ms): 128.176
2020/03/09 13:09:20 866356	INFO [input.cpp->run:257]	FPS: 7.80177
2020/03/09 13:09:20 952090	INFO [input.cpp->run:173]	
frame_id 69
2020/03/09 13:09:21 003669	INFO [input.cpp->run:235]	rotation: 
[-0.9999548934661439, 0.001289451267890604, 0.009410013206183024;
 -0.001208313320934278, -0.9999620902687976, 0.008623108730364346;
 0.009420775553597292, 0.008611349527511258, 0.999918543506062]
2020/03/09 13:09:21 003733	INFO [input.cpp->run:256]	frame times (ms): 119.466
2020/03/09 13:09:21 003740	INFO [input.cpp->run:257]	FPS: 8.37058
2020/03/09 13:09:21 082969	INFO [input.cpp->run:173]	
frame_id 70
2020/03/09 13:09:21 132287	INFO [input.cpp->run:235]	rotation: 
[-0.9996695957694651, 0.009036577955898633, 0.02406324069948158;
 -0.008430068705396506, -0.9996471855536576, 0.02518805979573685;
 0.02428236470643901, 0.02497688278185025, 0.9993930768675379]
2020/03/09 13:09:21 132348	INFO [input.cpp->run:256]	frame times (ms): 125.196
2020/03/09 13:09:21 132353	INFO [input.cpp->run:257]	FPS: 7.98748
2020/03/09 13:09:21 216178	INFO [input.cpp->run:173]	
frame_id 71
2020/03/09 13:09:21 267904	INFO [input.cpp->run:235]	rotation: 
[-0.999712250045109, -0.02121845674936597, 0.01118902153545145;
 0.02147791774185969, -0.9994906834503486, 0.02360238855346936;
 0.01068251652090552, 0.0238359138513781, 0.9996588083199436]
2020/03/09 13:09:21 267964	INFO [input.cpp->run:256]	frame times (ms): 126.948
2020/03/09 13:09:21 267969	INFO [input.cpp->run:257]	FPS: 7.87724
2020/03/09 13:09:21 351667	INFO [input.cpp->run:173]	
frame_id 72
2020/03/09 13:09:21 404753	INFO [input.cpp->run:235]	rotation: 
[-0.999716279739048, -0.01794645868912349, 0.01566156586159616;
 0.01826912585615582, -0.9996186249636514, 0.02070854090057785;
 0.01528394795756217, 0.02098878858577958, 0.999662879018988]
2020/03/09 13:09:21 404812	INFO [input.cpp->run:256]	frame times (ms): 138.316
2020/03/09 13:09:21 404816	INFO [input.cpp->run:257]	FPS: 7.22982
2020/03/09 13:09:21 484599	INFO [input.cpp->run:173]	
frame_id 73
2020/03/09 13:09:21 534361	INFO [input.cpp->run:235]	rotation: 
[-0.9679900159344297, 0.03101669711890049, -0.2490648380464353;
 0.004610262157279502, -0.9899701626999542, -0.141201354266407;
 -0.250946357881727, -0.1378297553638568, 0.9581382384615675]
2020/03/09 13:09:21 534411	INFO [input.cpp->run:256]	frame times (ms): 127.71
2020/03/09 13:09:21 534417	INFO [input.cpp->run:257]	FPS: 7.83024
2020/03/09 13:09:21 618858	INFO [input.cpp->run:173]	
frame_id 74
2020/03/09 13:09:21 648630	INFO [input.cpp->run:196]	Not enough points
2020/03/09 13:09:21 751059	INFO [input.cpp->run:173]	
frame_id 75
2020/03/09 13:09:21 781382	INFO [input.cpp->run:196]	Not enough points
2020/03/09 13:09:21 884368	INFO [input.cpp->run:173]	
frame_id 76
2020/03/09 13:09:21 913977	INFO [input.cpp->run:196]	Not enough points
2020/03/09 13:09:22 017515	INFO [input.cpp->run:173]	
frame_id 77
2020/03/09 13:09:22 048692	INFO [input.cpp->run:196]	Not enough points
2020/03/09 13:09:22 150929	INFO [input.cpp->run:173]	
frame_id 78
2020/03/09 13:09:22 181112	INFO [input.cpp->run:196]	Not enough points
2020/03/09 13:09:22 284839	INFO [input.cpp->run:173]	
frame_id 79
2020/03/09 13:09:22 336949	INFO [input.cpp->run:235]	rotation: 
[-0.9601587744951413, 0.1464422916377318, 0.2380121488073201;
 0.1560888861762636, -0.4254294706272846, 0.8914292036578351;
 0.2318003178864124, 0.8930646229370403, 0.3856218249607772]
2020/03/09 13:09:22 337004	INFO [input.cpp->run:256]	frame times (ms): 136.856
2020/03/09 13:09:22 337006	INFO [input.cpp->run:257]	FPS: 7.30695
2020/03/09 13:09:22 416458	INFO [input.cpp->run:173]	
frame_id 80
2020/03/09 13:09:22 446216	INFO [input.cpp->run:196]	Not enough points
2020/03/09 13:09:22 550633	INFO [input.cpp->run:173]	
frame_id 81
2020/03/09 13:09:22 579692	INFO [input.cpp->run:196]	Not enough points
2020/03/09 13:09:22 684105	INFO [input.cpp->run:173]	
frame_id 82
2020/03/09 13:09:22 719134	INFO [input.cpp->run:235]	rotation: 
[0.9999896218283387, 0.004338570851057443, -0.001390337580068182;
 -0.00434300682533679, 0.9999854375209842, -0.003203597615297294;
 0.001376418298074101, 0.003209602613411067, 0.9999939019432732]
2020/03/09 13:09:22 719181	INFO [input.cpp->run:256]	frame times (ms): 114.409
2020/03/09 13:09:22 719183	INFO [input.cpp->run:257]	FPS: 8.74057
2020/03/09 13:09:22 816856	INFO [input.cpp->run:173]	
frame_id 83
2020/03/09 13:09:22 865775	INFO [input.cpp->run:235]	rotation: 
[-0.9989586630151702, 0.03852112811273599, 0.02444815485605575;
 0.01476426508447496, -0.2340859205112485, 0.9721038001648366;
 0.04316950385930855, 0.9714524715637525, 0.2332734220377827]
2020/03/09 13:09:22 865836	INFO [input.cpp->run:256]	frame times (ms): 122.171
2020/03/09 13:09:22 865841	INFO [input.cpp->run:257]	FPS: 8.18525
2020/03/09 13:09:22 950850	INFO [input.cpp->run:173]	
frame_id 84
2020/03/09 13:09:22 980943	INFO [input.cpp->run:196]	Not enough points
2020/03/09 13:09:23 084537	INFO [input.cpp->run:173]	
frame_id 85
2020/03/09 13:09:23 134726	INFO [input.cpp->run:235]	rotation: 
[-0.9999979224928267, -0.001344275295625515, 0.001532296955589864;
 0.001350136636952688, -0.9999917517643599, 0.003830604953312586;
 0.001527134929237465, 0.003832665805461751, 0.9999914892296489]
2020/03/09 13:09:23 134785	INFO [input.cpp->run:256]	frame times (ms): 126.241
2020/03/09 13:09:23 134791	INFO [input.cpp->run:257]	FPS: 7.92136
2020/03/09 13:09:23 217061	INFO [input.cpp->run:173]	
frame_id 86
2020/03/09 13:09:23 246749	INFO [input.cpp->run:196]	Not enough points
2020/03/09 13:09:23 349984	INFO [input.cpp->run:173]	
frame_id 87
2020/03/09 13:09:23 381719	INFO [input.cpp->run:196]	Not enough points
2020/03/09 13:09:23 483370	INFO [input.cpp->run:173]	
frame_id 88
2020/03/09 13:09:23 513873	INFO [input.cpp->run:196]	Not enough points
2020/03/09 13:09:23 618848	INFO [input.cpp->run:173]	
frame_id 89
2020/03/09 13:09:23 669695	INFO [input.cpp->run:235]	rotation: 
[-0.5105672544153964, 0.420085825523014, -0.7502326158688194;
 -0.4727526203857583, -0.8659590148554046, -0.1631561966615309;
 -0.7182103025139105, 0.2713722236805102, 0.6407269914539042]
2020/03/09 13:09:23 669757	INFO [input.cpp->run:256]	frame times (ms): 123.071
2020/03/09 13:09:23 669763	INFO [input.cpp->run:257]	FPS: 8.12539
2020/03/09 13:09:23 749838	INFO [input.cpp->run:173]	
frame_id 90
2020/03/09 13:09:23 802529	INFO [input.cpp->run:235]	rotation: 
[-0.95186425501253, 0.07903850916870012, -0.2961542741508729;
 -0.04508979860068082, -0.9917776844969032, -0.1197661663246809;
 -0.3031853395063672, -0.1006475961081555, 0.9476015572518121]
2020/03/09 13:09:23 802605	INFO [input.cpp->run:256]	frame times (ms): 132.335
2020/03/09 13:09:23 802613	INFO [input.cpp->run:257]	FPS: 7.55658
2020/03/09 13:09:23 885147	INFO [input.cpp->run:173]	
frame_id 91
2020/03/09 13:09:23 920726	INFO [input.cpp->run:196]	Not enough points
2020/03/09 13:09:24 017819	INFO [input.cpp->run:173]	
frame_id 92
2020/03/09 13:09:24 051006	INFO [input.cpp->run:196]	Not enough points
2020/03/09 13:09:24 150134	INFO [input.cpp->run:173]	
frame_id 93
2020/03/09 13:09:24 182765	INFO [input.cpp->run:196]	Not enough points
2020/03/09 13:09:24 283889	INFO [input.cpp->run:173]	
frame_id 94
2020/03/09 13:09:24 317135	INFO [input.cpp->run:196]	Not enough points
2020/03/09 13:09:24 417394	INFO [input.cpp->run:173]	
frame_id 95
2020/03/09 13:09:24 451570	INFO [input.cpp->run:196]	Not enough points
2020/03/09 13:09:24 550710	INFO [input.cpp->run:173]	
frame_id 96
2020/03/09 13:09:24 583109	INFO [input.cpp->run:196]	Not enough points
2020/03/09 13:09:24 684083	INFO [input.cpp->run:173]	
frame_id 97
2020/03/09 13:09:24 735917	INFO [input.cpp->run:235]	rotation: 
[-0.999806402046117, -0.01451902306938374, 0.01327992457466586;
 0.0149734575938617, -0.9992826182559854, 0.03478569273634305;
 0.01276534352389064, 0.03497780468487334, 0.9993065591619741]
2020/03/09 13:09:24 735973	INFO [input.cpp->run:256]	frame times (ms): 140.308
2020/03/09 13:09:24 735976	INFO [input.cpp->run:257]	FPS: 7.12718
2020/03/09 13:09:24 816339	INFO [input.cpp->run:173]	
frame_id 98
2020/03/09 13:09:24 846614	INFO [input.cpp->run:196]	Not enough points
2020/03/09 13:09:24 950564	INFO [input.cpp->run:173]	
frame_id 99
2020/03/09 13:09:25 002452	INFO [input.cpp->run:235]	rotation: 
[-0.9997660722315953, -0.02115055351399127, 0.004522709437984897;
 0.02120104587282607, -0.9997099621990384, 0.01142397189664893;
 0.00427977435234271, 0.01151718568266101, 0.9999245161338146]
2020/03/09 13:09:25 002502	INFO [input.cpp->run:256]	frame times (ms): 132.64
2020/03/09 13:09:25 002507	INFO [input.cpp->run:257]	FPS: 7.5392
2020/03/09 13:09:25 082877	INFO [input.cpp->run:173]	
frame_id 100
2020/03/09 13:09:25 135874	INFO [input.cpp->run:235]	rotation: 
[-0.9999907647156395, -0.002965517723615718, 0.003110657175179092;
 0.003002061148854473, -0.9999257567718673, 0.01180968132791723;
 0.0030754044106606, 0.01181891064520497, 0.9999254248387086]
2020/03/09 13:09:25 135925	INFO [input.cpp->run:256]	frame times (ms): 136.589
2020/03/09 13:09:25 135927	INFO [input.cpp->run:257]	FPS: 7.32123
2020/03/09 13:09:25 216100	INFO [input.cpp->run:173]	
frame_id 101
2020/03/09 13:09:25 269283	INFO [input.cpp->run:235]	rotation: 
[-0.9998311389870944, -0.001817752004911614, -0.01828631426553979;
 0.002309433161644391, -0.9996353851281979, -0.02690284962734017;
 -0.01823074409456019, -0.02694053780547114, 0.9994707836612886]
2020/03/09 13:09:25 269350	INFO [input.cpp->run:256]	frame times (ms): 132.804
2020/03/09 13:09:25 269354	INFO [input.cpp->run:257]	FPS: 7.52989
2020/03/09 13:09:25 350689	INFO [input.cpp->run:173]	
frame_id 102
2020/03/09 13:09:25 403573	INFO [input.cpp->run:235]	rotation: 
[-0.999701800457176, -0.02338597336463416, 0.007028969516883157;
 0.02354030989865374, -0.9994642030678357, 0.0227411652263345;
 0.006493379132315931, 0.02289984794195634, 0.999716676359697]
2020/03/09 13:09:25 403620	INFO [input.cpp->run:256]	frame times (ms): 134.965
2020/03/09 13:09:25 403622	INFO [input.cpp->run:257]	FPS: 7.40933
2020/03/09 13:09:25 484041	INFO [input.cpp->run:173]	
frame_id 103
2020/03/09 13:09:25 533505	INFO [input.cpp->run:235]	rotation: 
[-0.9998913000616956, -0.01116222770292016, -0.009632898506696769;
 0.01119976414678237, -0.9999298628324773, -0.003851583944226967;
 -0.009589230625478104, -0.003959051468614751, 0.9999461848357037]
2020/03/09 13:09:25 533554	INFO [input.cpp->run:256]	frame times (ms): 130.592
2020/03/09 13:09:25 533556	INFO [input.cpp->run:257]	FPS: 7.65744
2020/03/09 13:09:25 617790	INFO [input.cpp->run:173]	
frame_id 104
2020/03/09 13:09:25 651176	INFO [input.cpp->run:196]	Not enough points
2020/03/09 13:09:25 749940	INFO [input.cpp->run:173]	
frame_id 105
2020/03/09 13:09:25 782353	INFO [input.cpp->run:196]	Not enough points
2020/03/09 13:09:25 884392	INFO [input.cpp->run:173]	
frame_id 106
2020/03/09 13:09:25 932310	INFO [input.cpp->run:235]	rotation: 
[-0.999786565936909, -0.01917659166774086, 0.007686410351496117;
 0.01931006828585273, -0.9996571312619272, 0.01768448981366861;
 0.007344646681669544, 0.01782914044991446, 0.9998140716732982]
2020/03/09 13:09:25 932360	INFO [input.cpp->run:256]	frame times (ms): 128.165
2020/03/09 13:09:25 932362	INFO [input.cpp->run:257]	FPS: 7.80244
2020/03/09 13:09:26 016995	INFO [input.cpp->run:173]	
frame_id 107
2020/03/09 13:09:26 068755	INFO [input.cpp->run:235]	rotation: 
[-0.6878641303554396, 0.245227484566746, 0.683159146160996;
 0.3258519235260057, -0.7366930638239779, 0.5925401704931427;
 0.6485857399795012, 0.6301958509278737, 0.4268368861386468]
2020/03/09 13:09:26 068805	INFO [input.cpp->run:256]	frame times (ms): 129.538
2020/03/09 13:09:26 068812	INFO [input.cpp->run:257]	FPS: 7.71974
2020/03/09 13:09:26 150318	INFO [input.cpp->run:173]	
frame_id 108
2020/03/09 13:09:26 203364	INFO [input.cpp->run:235]	rotation: 
[-0.7260077180807916, 0.2454818914069417, 0.6423795095411997;
 0.3255723813645464, -0.7001036085315505, 0.6354978849797376;
 0.6057354354664586, 0.6705173959804264, 0.4283584992828874]
2020/03/09 13:09:26 203412	INFO [input.cpp->run:256]	frame times (ms): 137.499
2020/03/09 13:09:26 203454	INFO [input.cpp->run:257]	FPS: 7.27278
2020/03/09 13:09:26 282990	INFO [input.cpp->run:173]	
frame_id 109
2020/03/09 13:09:26 333932	INFO [input.cpp->run:235]	rotation: 
[-0.9224126834953887, -0.2294906754794771, -0.3106265783779764;
 0.2114324459315164, -0.973137767828929, 0.09109997602823952;
 -0.3231890501459667, 0.01835523611678056, 0.9461563946688969]
2020/03/09 13:09:26 333982	INFO [input.cpp->run:256]	frame times (ms): 128.232
2020/03/09 13:09:26 333984	INFO [input.cpp->run:257]	FPS: 7.79837
2020/03/09 13:09:26 417158	INFO [input.cpp->run:173]	
frame_id 110
2020/03/09 13:09:26 457749	INFO [input.cpp->run:235]	rotation: 
[0.9998524722391519, 0.01661626845428619, -0.004351250384793606;
 -0.01665782642323043, 0.9998142407900453, -0.009695397479151411;
 0.004189340772675222, 0.009766449512504684, 0.9999435313495508]
2020/03/09 13:09:26 457798	INFO [input.cpp->run:256]	frame times (ms): 115.872
2020/03/09 13:09:26 457800	INFO [input.cpp->run:257]	FPS: 8.63021
2020/03/09 13:09:26 550902	INFO [input.cpp->run:173]	
frame_id 111
2020/03/09 13:09:26 603537	INFO [input.cpp->run:235]	rotation: 
[-0.999729844854307, -0.01130633396133801, 0.02030773547045207;
 0.01230603194882016, -0.9986835602189164, 0.04979666782169895;
 0.0197179838030611, 0.05003312263715612, 0.9985528968231572]
2020/03/09 13:09:26 603586	INFO [input.cpp->run:256]	frame times (ms): 130.645
2020/03/09 13:09:26 603589	INFO [input.cpp->run:257]	FPS: 7.65433
2020/03/09 13:09:26 682656	INFO [input.cpp->run:173]	
frame_id 112
2020/03/09 13:09:26 735395	INFO [input.cpp->run:235]	rotation: 
[-0.9999700296816199, -0.007170701111386795, 0.002919038216842235;
 0.007144280285977384, -0.9999343081128883, -0.008963186821363602;
 0.00298311879341474, -0.008942063764614266, 0.9999555692619019]
2020/03/09 13:09:26 735444	INFO [input.cpp->run:256]	frame times (ms): 135.596
2020/03/09 13:09:26 735446	INFO [input.cpp->run:257]	FPS: 7.37485
2020/03/09 13:09:26 818156	INFO [input.cpp->run:173]	
frame_id 113
2020/03/09 13:09:26 869820	INFO [input.cpp->run:235]	rotation: 
[-0.9999286784706999, -0.002498761140747173, -0.01167879123030751;
 0.002723266760524536, -0.9998110475131693, -0.01924715794007148;
 -0.01162849044333089, -0.01927758966729311, 0.9997465442534068]
2020/03/09 13:09:26 869873	INFO [input.cpp->run:256]	frame times (ms): 132.223
2020/03/09 13:09:26 869876	INFO [input.cpp->run:257]	FPS: 7.56298
2020/03/09 13:09:26 950446	INFO [input.cpp->run:173]	
frame_id 114
2020/03/09 13:09:27 002979	INFO [input.cpp->run:235]	rotation: 
[-0.9998412697580846, 7.197913769652734e-05, -0.01781656834367366;
 0.0003929133945622177, -0.9996595627012788, -0.02608839433450251;
 -0.01781238073940235, -0.02609125368570597, 0.9995008582154914]
2020/03/09 13:09:27 003025	INFO [input.cpp->run:256]	frame times (ms): 134.146
2020/03/09 13:09:27 003027	INFO [input.cpp->run:257]	FPS: 7.45456
2020/03/09 13:09:27 084110	INFO [input.cpp->run:173]	
frame_id 115
2020/03/09 13:09:27 135739	INFO [input.cpp->run:235]	rotation: 
[-0.7683822922154372, 0.251133044253121, 0.5886602136155548;
 0.3052037434576174, -0.6646782670942455, 0.6819482943977847;
 0.5625294018886546, 0.7036582944418056, 0.4340802652437012]
2020/03/09 13:09:27 135789	INFO [input.cpp->run:256]	frame times (ms): 131.642
2020/03/09 13:09:27 135791	INFO [input.cpp->run:257]	FPS: 7.59636
2020/03/09 13:09:27 217275	INFO [input.cpp->run:173]	
frame_id 116
2020/03/09 13:09:27 272056	INFO [input.cpp->run:235]	rotation: 
[-0.9997876279837582, -0.01759376309748747, 0.01073118962090515;
