		g3log created log at: Mon Mar 09 13:16:59 2020
		LOG format: [YYYY/MM/DD hh:mm:ss uuu* LEVEL FILE->FUNCTION:LINE] message		(uuu*: microseconds fractions of the seconds value)

2020/03/09 13:16:59 344404	INFO [g3logger.h->logBanner:29]	Starting log.
2020/03/09 13:16:59 348090	DEBUG [main.cpp->main:48]	Filepath: /home/mitchell/KITTI/data_odometry_gray/dataset/sequences/00/
2020/03/09 13:16:59 348098	DEBUG [main.cpp->main:52]	Calibration Filepath: /home/mitchell/visual_odom_catkin_ws/tank_downsized.yaml
2020/03/09 13:16:59 348205	INFO [main.cpp->main:66]	P_left: 
[409.41, 0, 251.22, 0;
 0, 408.72, 191.78999, 0;
 0, 0, 1, 0]
2020/03/09 13:16:59 348218	INFO [main.cpp->main:67]	P_right: 
[409.41, 0, 251.22, -73.940002;
 0, 408.72, 191.78999, 0;
 0, 0, 1, 0]
2020/03/09 13:16:59 490452	INFO [input.cpp->Input:22]	frame_pose [1, 0, 0, 0;
 0, 1, 0, 0;
 0, 0, 1, 0;
 0, 0, 0, 1]
2020/03/09 13:16:59 805602	INFO [input.cpp->run:173]	
frame_id 1
2020/03/09 13:17:00 013501	INFO [input.cpp->run:235]	rotation: 
[-0.8130051565001685, 0.08605067496914105, -0.5758627413207872;
 0.07613493023790539, -0.9648166004252577, -0.2516592933740335;
 -0.5772573844497842, -0.248443572831345, 0.7778494090869972]
2020/03/09 13:17:00 013602	INFO [input.cpp->run:256]	frame times (ms): 267.078
2020/03/09 13:17:00 013608	INFO [input.cpp->run:257]	FPS: 3.74422
2020/03/09 13:17:00 021876	INFO [input.cpp->run:173]	
frame_id 2
2020/03/09 13:17:00 126934	INFO [input.cpp->run:235]	rotation: 
[-0.8611946840196245, 0.01834500771662962, -0.5079440686810073;
 0.02547637745876074, -0.9965343395967963, -0.07918499981660618;
 -0.5076363564678144, -0.0811342757178122, 0.8577427113626952]
2020/03/09 13:17:00 126992	INFO [input.cpp->run:256]	frame times (ms): 188.008
2020/03/09 13:17:00 126995	INFO [input.cpp->run:257]	FPS: 5.31892
2020/03/09 13:17:00 131268	INFO [input.cpp->run:173]	
frame_id 3
2020/03/09 13:17:00 224735	INFO [input.cpp->run:235]	rotation: 
[-0.9997655790354445, 0.01698754583483832, -0.01342424159614118;
 -0.01130110291446973, -0.9382805895108456, -0.3456903533801554;
 -0.0184681360412702, -0.3454576075782518, 0.9382526148737727]
2020/03/09 13:17:00 224798	INFO [input.cpp->run:256]	frame times (ms): 189.872
2020/03/09 13:17:00 224800	INFO [input.cpp->run:257]	FPS: 5.26671
2020/03/09 13:17:00 265173	INFO [input.cpp->run:173]	
frame_id 4
2020/03/09 13:17:00 361005	INFO [input.cpp->run:235]	rotation: 
[-0.9585480536985308, 0.01754859148350259, -0.2843900063077177;
 0.002678759976557248, -0.9975024663153477, -0.0705808326657226;
 -0.284918326886402, -0.06841693234678006, 0.9561070391815505]
2020/03/09 13:17:00 361070	INFO [input.cpp->run:256]	frame times (ms): 168.219
2020/03/09 13:17:00 361074	INFO [input.cpp->run:257]	FPS: 5.94463
2020/03/09 13:17:00 366024	INFO [input.cpp->run:173]	
frame_id 5
2020/03/09 13:17:00 448827	INFO [input.cpp->run:235]	rotation: 
[-0.9375477775155802, -0.1282376239081492, -0.3233562689820446;
 -0.09988826917301177, -0.7911704412999687, 0.6033835152660643;
 -0.3332063903307022, 0.5980003717620959, 0.7289506545817626]
2020/03/09 13:17:00 448893	INFO [input.cpp->run:256]	frame times (ms): 160.727
2020/03/09 13:17:00 448898	INFO [input.cpp->run:257]	FPS: 6.22173
2020/03/09 13:17:00 466162	INFO [input.cpp->run:173]	
frame_id 6
2020/03/09 13:17:00 553186	INFO [input.cpp->run:235]	rotation: 
[-0.9999890990775084, 0.001736210524360482, -0.004334431816067643;
 -0.001727458447515868, -0.9999964634405045, -0.002022126058356903;
 -0.004337927323635749, -0.002014616464461625, 0.9999885617881015]
2020/03/09 13:17:00 553248	INFO [input.cpp->run:256]	frame times (ms): 163.102
2020/03/09 13:17:00 553256	INFO [input.cpp->run:257]	FPS: 6.13113
2020/03/09 13:17:00 600353	INFO [input.cpp->run:173]	
frame_id 7
2020/03/09 13:17:00 685310	INFO [input.cpp->run:235]	rotation: 
[-0.9136630290272904, -0.06565869216660081, -0.4011343983400679;
 -0.06986643506799398, -0.9468119287064599, 0.3141112110543703;
 -0.4004229646755622, 0.3150176309385317, 0.8604797159482083]
2020/03/09 13:17:00 685372	INFO [input.cpp->run:256]	frame times (ms): 161.391
2020/03/09 13:17:00 685376	INFO [input.cpp->run:257]	FPS: 6.19613
2020/03/09 13:17:00 733204	INFO [input.cpp->run:173]	
frame_id 8
2020/03/09 13:17:00 820404	INFO [input.cpp->run:235]	rotation: 
[-0.9462021570384428, 0.003447735820901049, -0.3235577091239016;
 -0.02298101838114293, -0.9981341610598594, 0.05656915519517862;
 -0.322758967048111, 0.06096154232825732, 0.9445159286888691]
2020/03/09 13:17:00 820460	INFO [input.cpp->run:256]	frame times (ms): 166.634
2020/03/09 13:17:00 820463	INFO [input.cpp->run:257]	FPS: 6.00118
2020/03/09 13:17:00 866287	INFO [input.cpp->run:173]	
frame_id 9
2020/03/09 13:17:00 959796	INFO [input.cpp->run:235]	rotation: 
[-0.9256461655998676, -0.05542516440974907, -0.3743089997053435;
 -0.06294473571582009, -0.9528770452622478, 0.2967546071385473;
 -0.3731181265442998, 0.2982505452843973, 0.8785382609093533]
2020/03/09 13:17:00 959854	INFO [input.cpp->run:256]	frame times (ms): 164.522
2020/03/09 13:17:00 959858	INFO [input.cpp->run:257]	FPS: 6.07821
2020/03/09 13:17:01 004867	INFO [input.cpp->run:173]	
frame_id 10
2020/03/09 13:17:01 089310	INFO [input.cpp->run:235]	rotation: 
[-0.9799473537922898, -0.01498099912016042, -0.1986926104837582;
 0.009890332587955988, -0.9995975320215262, 0.02658863098719889;
 -0.1990109673279046, 0.02409032257641168, 0.9797011234255961]
2020/03/09 13:17:01 089376	INFO [input.cpp->run:256]	frame times (ms): 160.79
2020/03/09 13:17:01 089381	INFO [input.cpp->run:257]	FPS: 6.21929
2020/03/09 13:17:01 093404	INFO [input.cpp->run:173]	
frame_id 11
2020/03/09 13:17:01 176435	INFO [input.cpp->run:235]	rotation: 
[-0.9980573083882948, -0.00099531499367408, -0.06229461068805024;
 -0.0008953265546047162, -0.9995400019401367, 0.03031473093847651;
 -0.06229612799422605, 0.03031161278412901, 0.9975973128308598]
2020/03/09 13:17:01 176491	INFO [input.cpp->run:256]	frame times (ms): 160.51
2020/03/09 13:17:01 176494	INFO [input.cpp->run:257]	FPS: 6.23014
2020/03/09 13:17:01 180122	INFO [input.cpp->run:173]	
frame_id 12
2020/03/09 13:17:01 253754	INFO [input.cpp->run:235]	rotation: 
[-0.9356129060530671, -0.04866327613148354, -0.3496575118356328;
 -0.04553239850158632, -0.9655469202391744, 0.256214647323954;
 -0.3500789778230441, 0.2556384759240995, 0.9011624042943516]
2020/03/09 13:17:01 253816	INFO [input.cpp->run:256]	frame times (ms): 153.788
2020/03/09 13:17:01 253818	INFO [input.cpp->run:257]	FPS: 6.50246
2020/03/09 13:17:01 265726	INFO [input.cpp->run:173]	
frame_id 13
2020/03/09 13:17:01 353573	INFO [input.cpp->run:235]	rotation: 
[-0.9824503827273414, -0.01237827054653231, -0.186112933180844;
 -0.01119039273067264, -0.9920867208050966, 0.1250548420203057;
 -0.1861881322464828, 0.1249428542193076, 0.9745374608449373]
2020/03/09 13:17:01 353634	INFO [input.cpp->run:256]	frame times (ms): 169.297
2020/03/09 13:17:01 353638	INFO [input.cpp->run:257]	FPS: 5.90678
2020/03/09 13:17:01 358204	INFO [input.cpp->run:173]	
frame_id 14
2020/03/09 13:17:01 445839	INFO [input.cpp->run:235]	rotation: 
[-0.8826048923625494, 0.06115798178509534, -0.4661204836109078;
 0.03746383642401789, -0.9791986419054816, -0.1994153470795438;
 -0.4686203846804864, -0.1934676224964643, 0.8619542993149221]
2020/03/09 13:17:01 445911	INFO [input.cpp->run:256]	frame times (ms): 162.111
2020/03/09 13:17:01 445915	INFO [input.cpp->run:257]	FPS: 6.16861
2020/03/09 13:17:01 533287	INFO [input.cpp->run:173]	
frame_id 15
2020/03/09 13:17:01 626014	INFO [input.cpp->run:235]	rotation: 
[-0.9709067544810773, -0.02010066603953298, -0.2386127350494694;
 -0.005473286696926259, -0.9943474261659851, 0.1060341417177224;
 -0.2393953158183225, 0.1042552603078039, 0.9653086156573957]
2020/03/09 13:17:01 626085	INFO [input.cpp->run:256]	frame times (ms): 163.125
2020/03/09 13:17:01 626112	INFO [input.cpp->run:257]	FPS: 6.13027
2020/03/09 13:17:01 666637	INFO [input.cpp->run:173]	
frame_id 16
2020/03/09 13:17:01 758914	INFO [input.cpp->run:235]	rotation: 
[-0.9707534344130934, -0.0181529658698885, 0.239391393757818;
 -0.01744803043183287, -0.9891658979900331, -0.1457614231805568;
 0.2394438051176807, -0.145675310480871, 0.9599194591772101]
2020/03/09 13:17:01 758990	INFO [input.cpp->run:256]	frame times (ms): 166.351
2020/03/09 13:17:01 758995	INFO [input.cpp->run:257]	FPS: 6.01139
2020/03/09 13:17:01 800318	INFO [input.cpp->run:173]	
frame_id 17
2020/03/09 13:17:02 178509	INFO [input.cpp->run:235]	rotation: 
[0.9999543297437922, 0.009487447279337253, 0.00115185535776366;
 -0.009428167653860018, 0.9990033160327177, -0.04362893776296367;
 -0.001564634568875553, 0.04361608533277196, 0.9990471405388788]
2020/03/09 13:17:02 178576	INFO [input.cpp->run:256]	frame times (ms): 390.05
2020/03/09 13:17:02 178581	INFO [input.cpp->run:257]	FPS: 2.56377
2020/03/09 13:17:02 205280	INFO [input.cpp->run:173]	
frame_id 18
2020/03/09 13:17:02 299055	INFO [input.cpp->run:235]	rotation: 
[0.9998470605876831, 0.0173992638484677, -0.00176664985249069;
 -0.01744988761715685, 0.9992519256502304, -0.03451217910325473;
 0.001164841756847915, 0.03453772867224973, 0.9994027158467419]
2020/03/09 13:17:02 299124	INFO [input.cpp->run:256]	frame times (ms): 174.184
2020/03/09 13:17:02 299129	INFO [input.cpp->run:257]	FPS: 5.74106
2020/03/09 13:17:02 303241	INFO [input.cpp->run:173]	
frame_id 19
2020/03/09 13:17:02 393764	INFO [input.cpp->run:235]	rotation: 
[-0.9866731838265475, -0.008722280412766955, 0.1624806146652121;
 -0.008585441386194992, -0.9943805517940014, -0.1055159154348836;
 0.162487902669055, -0.1055046920201105, 0.9810537403465486]
2020/03/09 13:17:02 393847	INFO [input.cpp->run:256]	frame times (ms): 161.762
2020/03/09 13:17:02 393854	INFO [input.cpp->run:257]	FPS: 6.18192
2020/03/09 13:17:02 397836	INFO [input.cpp->run:173]	
frame_id 20
2020/03/09 13:17:02 485215	INFO [input.cpp->run:235]	rotation: 
[-0.9866643091058153, -0.008655821569520335, 0.1625380505903185;
 -0.008470140214974303, -0.9945016179301434, -0.1043781043086421;
 0.1625478325339436, -0.1043628702522296, 0.9811659357372906]
2020/03/09 13:17:02 485282	INFO [input.cpp->run:256]	frame times (ms): 163.915
2020/03/09 13:17:02 485287	INFO [input.cpp->run:257]	FPS: 6.10072
2020/03/09 13:17:02 531972	INFO [input.cpp->run:173]	
frame_id 21
2020/03/09 13:17:02 619965	INFO [input.cpp->run:235]	rotation: 
[-0.9999698297534675, -0.002343349458590454, 0.0074059635521804;
 0.002276595371007757, -0.9999568250352302, -0.009009171936355696;
 0.007426755438144356, -0.008992039745076575, 0.9999319909498274]
2020/03/09 13:17:02 620032	INFO [input.cpp->run:256]	frame times (ms): 156.71
2020/03/09 13:17:02 620036	INFO [input.cpp->run:257]	FPS: 6.38121
2020/03/09 13:17:02 866163	INFO [input.cpp->run:173]	
frame_id 22
2020/03/09 13:17:02 951922	INFO [input.cpp->run:235]	rotation: 
[-0.9998042123909805, -0.002372239328634192, -0.0196445759897978;
 0.00209578535240452, -0.9998986552496846, 0.01408143862071904;
 -0.01967598965764888, 0.01403751083490632, 0.9997078591871487]
2020/03/09 13:17:02 951985	INFO [input.cpp->run:256]	frame times (ms): 176.375
2020/03/09 13:17:02 951988	INFO [input.cpp->run:257]	FPS: 5.66974
2020/03/09 13:17:03 066461	INFO [input.cpp->run:173]	
frame_id 23
2020/03/09 13:17:03 211105	INFO [input.cpp->run:235]	rotation: 
[-0.913624568760466, -0.01720670919859575, 0.4061946288613469;
 0.005280361671569331, -0.9995219243318968, -0.0304637581476658;
 0.4065246181203174, -0.02568758335104751, 0.9132786447321057]
2020/03/09 13:17:03 211163	INFO [input.cpp->run:256]	frame times (ms): 202.405
2020/03/09 13:17:03 211166	INFO [input.cpp->run:257]	FPS: 4.94059
2020/03/09 13:17:03 266658	INFO [input.cpp->run:173]	
frame_id 24
2020/03/09 13:17:03 528376	INFO [input.cpp->run:235]	rotation: 
[-0.9875142967464331, -0.009105426709645453, 0.1572660323332183;
 -0.007255624094238941, -0.9946395732625108, -0.103147831868505;
 0.157362224311938, -0.1030010218619483, 0.9821547331530778]
2020/03/09 13:17:03 528443	INFO [input.cpp->run:256]	frame times (ms): 252.081
2020/03/09 13:17:03 528449	INFO [input.cpp->run:257]	FPS: 3.96698
2020/03/09 13:17:03 536481	INFO [input.cpp->run:173]	
frame_id 25
2020/03/09 13:17:03 699598	INFO [input.cpp->run:235]	rotation: 
[-0.9991896360706236, 0.006431707288843379, 0.03973291218127965;
 -0.006718624036023728, -0.9999522818686766, -0.007091831687895228;
 0.03968540361540002, -0.007353035222104516, 0.9991851688315366]
2020/03/09 13:17:03 699662	INFO [input.cpp->run:256]	frame times (ms): 237.583
2020/03/09 13:17:03 699666	INFO [input.cpp->run:257]	FPS: 4.20906
2020/03/09 13:17:03 865678	INFO [input.cpp->run:173]	
frame_id 26
2020/03/09 13:17:04 178691	INFO [input.cpp->run:235]	rotation: 
[-0.8782313527385257, -0.06888647226236462, -0.4732487136869001;
 -0.2166630336863545, -0.8248784224407506, 0.5221424307844403;
 -0.4263412024434007, 0.5610973553055699, 0.7095089407246462]
2020/03/09 13:17:04 178754	INFO [input.cpp->run:256]	frame times (ms): 269.154
2020/03/09 13:17:04 178758	INFO [input.cpp->run:257]	FPS: 3.71535
g3log g3FileSink shutdown at: 13:17:04 239240
