		g3log created log at: Mon Mar 09 16:09:33 2020
		LOG format: [YYYY/MM/DD hh:mm:ss uuu* LEVEL FILE->FUNCTION:LINE] message		(uuu*: microseconds fractions of the seconds value)

2020/03/09 16:09:33 450362	INFO [g3logger.h->logBanner:29]	Starting log.
2020/03/09 16:09:33 458664	DEBUG [main.cpp->main:48]	Filepath: /home/mitchell/KITTI/data_odometry_gray/dataset/sequences/00/
2020/03/09 16:09:33 458673	DEBUG [main.cpp->main:52]	Calibration Filepath: /home/mitchell/visual_odom_catkin_ws/tank_downsized.yaml
2020/03/09 16:09:33 458844	INFO [main.cpp->main:66]	P_left: 
[409.41, 0, 251.22, 0;
 0, 408.72, 191.78999, 0;
 0, 0, 1, 0]
2020/03/09 16:09:33 458862	INFO [main.cpp->main:67]	P_right: 
[409.41, 0, 251.22, -73.940002;
 0, 408.72, 191.78999, 0;
 0, 0, 1, 0]
2020/03/09 16:09:33 606096	INFO [input.cpp->Input:22]	frame_pose [1, 0, 0, 0;
 0, 1, 0, 0;
 0, 0, 1, 0;
 0, 0, 0, 1]
2020/03/09 16:09:39 660363	INFO [input.cpp->run:173]	
frame_id 1
2020/03/09 16:09:39 734892	WARNING [visualOdometry.cpp->trackingFrame2Frame:187]	The Estimated Rotation and translation matrices(using getTransformation function) are : 
    0.99998 -0.00564343  0.00268758   0.0186105
 0.00563252    0.999976  0.00398943  0.00275551
-0.00271002 -0.00397422    0.999989   0.0117704
          0           0           0           1
2020/03/09 16:09:39 739659	INFO [input.cpp->run:235]	rotation: 
[0.9999803304672241, -0.00564342737197876, 0.002687577158212662;
 0.005632519721984863, 0.9999762773513794, 0.003989432938396931;
 -0.002710018306970596, -0.003974216058850288, 0.9999885559082031]
2020/03/09 16:09:39 739780	INFO [input.cpp->run:258]	frame times (ms): 184.056
2020/03/09 16:09:39 739786	INFO [input.cpp->run:259]	FPS: 5.43313
2020/03/09 16:09:39 792698	INFO [input.cpp->run:173]	
frame_id 2
2020/03/09 16:09:39 839137	WARNING [visualOdometry.cpp->trackingFrame2Frame:187]	The Estimated Rotation and translation matrices(using getTransformation function) are : 
   0.999979 -0.00629573 -0.00128856  0.00600448
 0.00629854    0.999978  0.00222549   0.0040839
 0.00127453  -0.0022336    0.999997  4.1008e-05
          0           0           0           1
2020/03/09 16:09:39 840860	INFO [input.cpp->run:235]	rotation: 
[0.9999793171882629, -0.006295725703239441, -0.001288563013076782;
 0.006298542022705078, 0.9999778270721436, 0.002225492615252733;
 0.001274531707167625, -0.002233595587313175, 0.9999968409538269]
2020/03/09 16:09:39 840929	INFO [input.cpp->run:258]	frame times (ms): 157.704
2020/03/09 16:09:39 840934	INFO [input.cpp->run:259]	FPS: 6.34099
2020/03/09 16:09:39 925983	INFO [input.cpp->run:173]	
frame_id 3
2020/03/09 16:09:39 957536	WARNING [visualOdometry.cpp->trackingFrame2Frame:187]	The Estimated Rotation and translation matrices(using getTransformation function) are : 
    0.999985  -0.00526744   -0.0018589   0.00591305
  0.00526878     0.999986   0.00070908   0.00232335
  0.00185512 -0.000718887     0.999998   0.00016731
           0            0            0            1
2020/03/09 16:09:39 959017	INFO [input.cpp->run:235]	rotation: 
[0.9999846220016479, -0.005267441272735596, -0.001858897507190704;
 0.005268782377243042, 0.9999860525131226, 0.0007090801373124123;
 0.001855123788118362, -0.0007188869640231133, 0.9999979734420776]
2020/03/09 16:09:39 959080	INFO [input.cpp->run:258]	frame times (ms): 156.782
2020/03/09 16:09:39 959086	INFO [input.cpp->run:259]	FPS: 6.37828
2020/03/09 16:09:40 057251	INFO [input.cpp->run:173]	
frame_id 4
2020/03/09 16:09:40 120574	WARNING [visualOdometry.cpp->trackingFrame2Frame:187]	The Estimated Rotation and translation matrices(using getTransformation function) are : 
     0.99998  -0.00577202  -0.00252815    0.0060021
  0.00577158     0.999983 -0.000215055   0.00162483
  0.00252934  0.000200434     0.999997  0.000974596
           0            0            0            1
2020/03/09 16:09:40 122428	INFO [input.cpp->run:235]	rotation: 
[0.999980092048645, -0.005772024393081665, -0.002528149634599686;
 0.00577157735824585, 0.9999833106994629, -0.0002150554209947586;
 0.002529341727495193, 0.0002004336565732956, 0.999996542930603]
2020/03/09 16:09:40 122531	INFO [input.cpp->run:258]	frame times (ms): 165.843
2020/03/09 16:09:40 122538	INFO [input.cpp->run:259]	FPS: 6.0298
2020/03/09 16:09:40 192816	INFO [input.cpp->run:173]	
frame_id 5
2020/03/09 16:09:40 234730	WARNING [visualOdometry.cpp->trackingFrame2Frame:187]	The Estimated Rotation and translation matrices(using getTransformation function) are : 
   0.999988 -0.00394744 -0.00305952  0.00543419
 0.00393879    0.999988 -0.00282835 -0.00090497
 0.00307064  0.00281628    0.999992  0.00122547
          0           0           0           1
2020/03/09 16:09:40 236727	INFO [input.cpp->run:235]	rotation: 
[0.9999876022338867, -0.003947436809539795, -0.003059521317481995;
 0.003938794136047363, 0.9999883770942688, -0.002828348428010941;
 0.003070637583732605, 0.002816278487443924, 0.9999915361404419]
2020/03/09 16:09:40 236803	INFO [input.cpp->run:258]	frame times (ms): 184.097
2020/03/09 16:09:40 236811	INFO [input.cpp->run:259]	FPS: 5.43192
2020/03/09 16:09:40 325256	INFO [input.cpp->run:173]	
frame_id 6
2020/03/09 16:09:40 355775	WARNING [visualOdometry.cpp->trackingFrame2Frame:187]	The Estimated Rotation and translation matrices(using getTransformation function) are : 
   0.999953 -0.00942785 -0.00211909  0.00635958
 0.00943622    0.999947  0.00399404  0.00740042
 0.00208133 -0.00401383     0.99999 0.000660777
          0           0           0           1
2020/03/09 16:09:40 357122	INFO [input.cpp->run:235]	rotation: 
[0.9999533891677856, -0.009427845478057861, -0.002119090408086777;
 0.009436219930648804, 0.9999474287033081, 0.003994040191173553;
 0.002081334590911865, -0.004013828933238983, 0.9999896287918091]
2020/03/09 16:09:40 357173	INFO [input.cpp->run:258]	frame times (ms): 159.212
2020/03/09 16:09:40 357180	INFO [input.cpp->run:259]	FPS: 6.28093
2020/03/09 16:09:40 458542	INFO [input.cpp->run:173]	
frame_id 7
2020/03/09 16:09:40 488080	WARNING [visualOdometry.cpp->trackingFrame2Frame:187]	The Estimated Rotation and translation matrices(using getTransformation function) are : 
    0.999978  -0.00593843  -0.00294277   0.00498211
  0.00593778     0.999982 -0.000223145   0.00187793
  0.00294404  0.000205643     0.999996  0.000327289
           0            0            0            1
2020/03/09 16:09:40 489400	INFO [input.cpp->run:235]	rotation: 
[0.9999783039093018, -0.005938425660133362, -0.002942769788205624;
 0.005937784910202026, 0.999982476234436, -0.0002231448888778687;
 0.002944036386907101, 0.0002056434750556946, 0.9999958276748657]
2020/03/09 16:09:40 489441	INFO [input.cpp->run:258]	frame times (ms): 163.398
2020/03/09 16:09:40 489447	INFO [input.cpp->run:259]	FPS: 6.12003
2020/03/09 16:09:40 592237	INFO [input.cpp->run:173]	
frame_id 8
2020/03/09 16:09:40 622348	WARNING [visualOdometry.cpp->trackingFrame2Frame:187]	The Estimated Rotation and translation matrices(using getTransformation function) are : 
    0.999964  -0.00770727  -0.00348899   0.00493151
  0.00770798      0.99997  0.000182264   0.00373258
  0.00348755 -0.000209205     0.999994   0.00141191
           0            0            0            1
2020/03/09 16:09:40 623749	INFO [input.cpp->run:235]	rotation: 
[0.9999643564224243, -0.007707267999649048, -0.003488991409540176;
 0.007707983255386353, 0.9999703764915466, 0.0001822635531425476;
 0.003487549722194672, -0.0002092048525810242, 0.9999938011169434]
2020/03/09 16:09:40 623810	INFO [input.cpp->run:258]	frame times (ms): 171.167
2020/03/09 16:09:40 623815	INFO [input.cpp->run:259]	FPS: 5.84225
2020/03/09 16:09:40 726548	INFO [input.cpp->run:173]	
frame_id 9
2020/03/09 16:09:40 757838	WARNING [visualOdometry.cpp->trackingFrame2Frame:187]	The Estimated Rotation and translation matrices(using getTransformation function) are : 
    0.999988  -0.00277224   -0.0038736   0.00441217
  0.00276378     0.999994  -0.00218764 -0.000946296
  0.00387965   0.00217693      0.99999   0.00094837
           0            0            0            1
2020/03/09 16:09:40 759461	INFO [input.cpp->run:235]	rotation: 
[0.9999884963035583, -0.002772241830825806, -0.003873599693179131;
 0.0027637779712677, 0.999993622303009, -0.002187639474868774;
 0.003879647701978683, 0.002176932990550995, 0.9999900460243225]
2020/03/09 16:09:40 759527	INFO [input.cpp->run:258]	frame times (ms): 168.074
2020/03/09 16:09:40 759532	INFO [input.cpp->run:259]	FPS: 5.94976
2020/03/09 16:09:40 857913	INFO [input.cpp->run:173]	
frame_id 10
2020/03/09 16:09:40 883819	WARNING [visualOdometry.cpp->trackingFrame2Frame:187]	The Estimated Rotation and translation matrices(using getTransformation function) are : 
    0.999989  -0.00459078 -0.000807004   0.00649977
     0.00459     0.999989 -0.000869334  0.000720128
 0.000810983  0.000865623     0.999999 -0.000469506
           0            0            0            1
2020/03/09 16:09:40 885188	INFO [input.cpp->run:235]	rotation: 
[0.9999894499778748, -0.004590779542922974, -0.0008070040494203568;
 0.004590004682540894, 0.9999891519546509, -0.0008693337440490723;
 0.0008109826594591141, 0.0008656233549118042, 0.9999992251396179]
2020/03/09 16:09:40 885246	INFO [input.cpp->run:258]	frame times (ms): 158.705
2020/03/09 16:09:40 885252	INFO [input.cpp->run:259]	FPS: 6.301
2020/03/09 16:09:40 991393	INFO [input.cpp->run:173]	
frame_id 11
2020/03/09 16:09:41 018756	WARNING [visualOdometry.cpp->trackingFrame2Frame:187]	The Estimated Rotation and translation matrices(using getTransformation function) are : 
   0.999976 -0.00307243  -0.0061875  0.00284082
 0.00305507    0.999991 -0.00283445  -0.0011684
  0.0061965  0.00281554    0.999977  0.00228322
          0           0           0           1
2020/03/09 16:09:41 020190	INFO [input.cpp->run:235]	rotation: 
[0.9999762773513794, -0.00307243037968874, -0.006187498569488525;
 0.003055070526897907, 0.9999912977218628, -0.002834448590874672;
 0.006196498870849609, 0.002815536223351955, 0.9999769330024719]
2020/03/09 16:09:41 020239	INFO [input.cpp->run:258]	frame times (ms): 165.908
2020/03/09 16:09:41 020248	INFO [input.cpp->run:259]	FPS: 6.02744
2020/03/09 16:09:41 125037	INFO [input.cpp->run:173]	
frame_id 12
2020/03/09 16:09:41 151700	WARNING [visualOdometry.cpp->trackingFrame2Frame:187]	The Estimated Rotation and translation matrices(using getTransformation function) are : 
    0.999992  -0.00292504  -0.00264956   0.00573465
  0.00292003     0.999994  -0.00178409 -0.000623789
  0.00265478   0.00177635     0.999995  0.000581622
           0            0            0            1
2020/03/09 16:09:41 153125	INFO [input.cpp->run:235]	rotation: 
[0.999992311000824, -0.00292503833770752, -0.002649556845426559;
 0.002920031547546387, 0.999994158744812, -0.001784086227416992;
 0.002654783427715302, 0.001776352524757385, 0.9999949932098389]
2020/03/09 16:09:41 153167	INFO [input.cpp->run:258]	frame times (ms): 161.648
2020/03/09 16:09:41 153185	INFO [input.cpp->run:259]	FPS: 6.18628
2020/03/09 16:09:41 257204	INFO [input.cpp->run:173]	
frame_id 13
2020/03/09 16:09:41 286364	WARNING [visualOdometry.cpp->trackingFrame2Frame:187]	The Estimated Rotation and translation matrices(using getTransformation function) are : 
    0.99997 -0.00633681 -0.00443095  0.00460786
 0.00635347    0.999973  0.00376889  0.00500447
 0.00440695 -0.00379696    0.999983  0.00163245
          0           0           0           1
2020/03/09 16:09:41 287819	INFO [input.cpp->run:235]	rotation: 
[0.9999703168869019, -0.006336808204650879, -0.004430953413248062;
 0.006353467702865601, 0.9999730587005615, 0.003768887370824814;
 0.004406947642564774, -0.003796957433223724, 0.9999830722808838]
2020/03/09 16:09:41 287865	INFO [input.cpp->run:258]	frame times (ms): 169.166
2020/03/09 16:09:41 287870	INFO [input.cpp->run:259]	FPS: 5.91135
2020/03/09 16:09:41 392293	INFO [input.cpp->run:173]	
frame_id 14
2020/03/09 16:09:41 419685	WARNING [visualOdometry.cpp->trackingFrame2Frame:187]	The Estimated Rotation and translation matrices(using getTransformation function) are : 
    0.999991  -0.00391972  -0.00144798   0.00620583
  0.00391725     0.999991   -0.0015931 -0.000252828
  0.00145423   0.00158744     0.999998  0.000177801
           0            0            0            1
2020/03/09 16:09:41 421241	INFO [input.cpp->run:235]	rotation: 
[0.9999914169311523, -0.003919720649719238, -0.001447983086109161;
 0.00391724705696106, 0.9999911189079285, -0.001593098044395447;
 0.00145423412322998, 0.001587435603141785, 0.9999977350234985]
2020/03/09 16:09:41 421293	INFO [input.cpp->run:258]	frame times (ms): 164.576
2020/03/09 16:09:41 421298	INFO [input.cpp->run:259]	FPS: 6.07622
2020/03/09 16:09:41 524762	INFO [input.cpp->run:173]	
frame_id 15
2020/03/09 16:09:41 552523	WARNING [visualOdometry.cpp->trackingFrame2Frame:187]	The Estimated Rotation and translation matrices(using getTransformation function) are : 
    0.999988   -0.0030553  -0.00370834   0.00568497
  0.00305477     0.999995 -0.000198744  0.000360892
  0.00370894  0.000187397     0.999993    0.0017125
           0            0            0            1
2020/03/09 16:09:41 554974	INFO [input.cpp->run:235]	rotation: 
[0.9999882578849792, -0.003055304288864136, -0.003708336502313614;
 0.003054767847061157, 0.9999953508377075, -0.0001987442374229431;
 0.003708936274051666, 0.0001873970031738281, 0.9999930858612061]
2020/03/09 16:09:41 555022	INFO [input.cpp->run:258]	frame times (ms): 302.204
2020/03/09 16:09:41 555031	INFO [input.cpp->run:259]	FPS: 3.30902
2020/03/09 16:09:41 660988	INFO [input.cpp->run:173]	
frame_id 16
2020/03/09 16:09:41 687969	WARNING [visualOdometry.cpp->trackingFrame2Frame:187]	The Estimated Rotation and translation matrices(using getTransformation function) are : 
   0.999968 -0.00309552  -0.0074327  0.00225598
 0.00308834    0.999995 -0.00096029 0.000108799
 0.00743529 0.000937365    0.999972  0.00284737
          0           0           0           1
2020/03/09 16:09:41 689383	INFO [input.cpp->run:235]	rotation: 
[0.9999676942825317, -0.003095515072345734, -0.007432699203491211;
 0.003088340163230896, 0.9999950528144836, -0.0009602904319763184;
 0.00743529200553894, 0.0009373649954795837, 0.9999721050262451]
2020/03/09 16:09:41 689430	INFO [input.cpp->run:258]	frame times (ms): 169.065
2020/03/09 16:09:41 689434	INFO [input.cpp->run:259]	FPS: 5.91488
2020/03/09 16:09:41 792826	INFO [input.cpp->run:173]	
frame_id 17
2020/03/09 16:09:41 821424	WARNING [visualOdometry.cpp->trackingFrame2Frame:187]	The Estimated Rotation and translation matrices(using getTransformation function) are : 
    0.999982   -0.0048441  -0.00349095   0.00479066
  0.00484309     0.999988 -0.000310898   0.00167718
  0.00349239  0.000293948     0.999994   0.00121647
           0            0            0            1
2020/03/09 16:09:41 822825	INFO [input.cpp->run:235]	rotation: 
[0.9999823570251465, -0.004844099283218384, -0.003490950912237167;
 0.004843086004257202, 0.999988317489624, -0.0003108978271484375;
 0.003492388874292374, 0.0002939477562904358, 0.9999938607215881]
2020/03/09 16:09:41 822872	INFO [input.cpp->run:258]	frame times (ms): 184.617
2020/03/09 16:09:41 822875	INFO [input.cpp->run:259]	FPS: 5.41662
2020/03/09 16:09:41 924960	INFO [input.cpp->run:173]	
frame_id 18
2020/03/09 16:09:41 952609	WARNING [visualOdometry.cpp->trackingFrame2Frame:187]	The Estimated Rotation and translation matrices(using getTransformation function) are : 
    0.999976   -0.0047555  -0.00504325   0.00382274
  0.00475466     0.999989 -0.000134341   0.00175511
  0.00504382  0.000110373     0.999987   0.00230724
           0            0            0            1
2020/03/09 16:09:41 954075	INFO [input.cpp->run:235]	rotation: 
[0.9999763369560242, -0.004755496978759766, -0.005043249577283859;
 0.00475466251373291, 0.9999887347221375, -0.0001343414187431335;
 0.005043823271989822, 0.0001103729009628296, 0.9999873638153076]
2020/03/09 16:09:41 954124	INFO [input.cpp->run:258]	frame times (ms): 185.988
2020/03/09 16:09:41 954127	INFO [input.cpp->run:259]	FPS: 5.37669
2020/03/09 16:09:42 057050	INFO [input.cpp->run:173]	
frame_id 19
2020/03/09 16:09:42 085679	WARNING [visualOdometry.cpp->trackingFrame2Frame:187]	The Estimated Rotation and translation matrices(using getTransformation function) are : 
   0.999979  -0.0038431 -0.00528656  0.00330842
 0.00383747    0.999992 -0.00103495 0.000893952
  0.0052905  0.00101466    0.999986  0.00194961
          0           0           0           1
2020/03/09 16:09:42 087142	INFO [input.cpp->run:235]	rotation: 
[0.99997878074646, -0.003843098878860474, -0.005286559462547302;
 0.003837466239929199, 0.9999921917915344, -0.001034945249557495;
 0.005290500819683075, 0.001014664769172668, 0.9999857544898987]
2020/03/09 16:09:42 087198	INFO [input.cpp->run:258]	frame times (ms): 184.853
2020/03/09 16:09:42 087203	INFO [input.cpp->run:259]	FPS: 5.4097
2020/03/09 16:09:42 191192	INFO [input.cpp->run:173]	
frame_id 20
2020/03/09 16:09:42 229769	WARNING [visualOdometry.cpp->trackingFrame2Frame:187]	The Estimated Rotation and translation matrices(using getTransformation function) are : 
   0.999982 -0.00493503 -0.00346385  0.00481188
 0.00493896    0.999987  0.00123185  0.00279641
 0.00345773 -0.00124895    0.999993  0.00145161
          0           0           0           1
2020/03/09 16:09:42 231714	INFO [input.cpp->run:235]	rotation: 
[0.9999819993972778, -0.004935026168823242, -0.003463849425315857;
 0.004938960075378418, 0.9999872446060181, 0.001231849193572998;
 0.003457732498645782, -0.001248948276042938, 0.9999932050704956]
2020/03/09 16:09:42 231798	INFO [input.cpp->run:258]	frame times (ms): 180.529
2020/03/09 16:09:42 231805	INFO [input.cpp->run:259]	FPS: 5.53928
2020/03/09 16:09:42 324082	INFO [input.cpp->run:173]	
frame_id 21
2020/03/09 16:09:42 354784	WARNING [visualOdometry.cpp->trackingFrame2Frame:187]	The Estimated Rotation and translation matrices(using getTransformation function) are : 
    0.999979  -0.00487855  -0.00432556   0.00410229
  0.00487921     0.999988  0.000173509   0.00226966
  0.00432472 -0.000194669     0.999991   0.00133133
           0            0            0            1
2020/03/09 16:09:42 356258	INFO [input.cpp->run:235]	rotation: 
[0.9999788999557495, -0.00487855076789856, -0.004325563088059425;
 0.004879206418991089, 0.9999881982803345, 0.0001735091209411621;
 0.004324719309806824, -0.0001946687698364258, 0.9999906420707703]
2020/03/09 16:09:42 356326	INFO [input.cpp->run:258]	frame times (ms): 176.398
2020/03/09 16:09:42 356330	INFO [input.cpp->run:259]	FPS: 5.669
2020/03/09 16:09:42 460825	INFO [input.cpp->run:173]	
frame_id 22
2020/03/09 16:09:42 489808	WARNING [visualOdometry.cpp->trackingFrame2Frame:187]	The Estimated Rotation and translation matrices(using getTransformation function) are : 
    0.999991  -0.00394058  -0.00124723   0.00560021
  0.00393763      0.99999  -0.00227787 -4.26229e-05
   0.0012562   0.00227297     0.999997 -0.000216246
           0            0            0            1
2020/03/09 16:09:42 491323	INFO [input.cpp->run:235]	rotation: 
[0.9999914169311523, -0.003940582275390625, -0.001247227191925049;
 0.003937631845474243, 0.9999895095825195, -0.002277873456478119;
 0.001256197690963745, 0.002272970974445343, 0.9999966621398926]
2020/03/09 16:09:42 491398	INFO [input.cpp->run:258]	frame times (ms): 198.693
2020/03/09 16:09:42 491402	INFO [input.cpp->run:259]	FPS: 5.03289
2020/03/09 16:09:42 591738	INFO [input.cpp->run:173]	
frame_id 23
2020/03/09 16:09:42 621793	WARNING [visualOdometry.cpp->trackingFrame2Frame:187]	The Estimated Rotation and translation matrices(using getTransformation function) are : 
   0.999967 -0.00368616 -0.00726395  0.00227529
 0.00370353     0.99999  0.00235841  0.00219631
 0.00725517 -0.00238523    0.999971  0.00379825
          0           0           0           1
2020/03/09 16:09:42 623442	INFO [input.cpp->run:235]	rotation: 
[0.9999667406082153, -0.00368615984916687, -0.007263951003551483;
 0.003703534603118896, 0.9999902844429016, 0.002358414232730865;
 0.007255174219608307, -0.002385228872299194, 0.9999706149101257]
2020/03/09 16:09:42 623488	INFO [input.cpp->run:258]	frame times (ms): 190.369
2020/03/09 16:09:42 623492	INFO [input.cpp->run:259]	FPS: 5.25296
2020/03/09 16:09:42 725982	INFO [input.cpp->run:173]	
frame_id 24
2020/03/09 16:09:42 755835	WARNING [visualOdometry.cpp->trackingFrame2Frame:187]	The Estimated Rotation and translation matrices(using getTransformation function) are : 
    0.99998 -0.00521135 -0.00366083  0.00322676
 0.00521627    0.999985  0.00133608  0.00204898
 0.00365379 -0.00135516    0.999992  0.00085777
          0           0           0           1
2020/03/09 16:09:42 757326	INFO [input.cpp->run:235]	rotation: 
[0.9999798536300659, -0.005211353302001953, -0.003660827875137329;
 0.005216270685195923, 0.9999854564666748, 0.001336075365543365;
 0.003653787076473236, -0.001355163753032684, 0.9999923706054688]
2020/03/09 16:09:42 757371	INFO [input.cpp->run:258]	frame times (ms): 200.936
2020/03/09 16:09:42 757375	INFO [input.cpp->run:259]	FPS: 4.97671
2020/03/09 16:09:42 857997	INFO [input.cpp->run:173]	
frame_id 25
2020/03/09 16:09:42 888260	WARNING [visualOdometry.cpp->trackingFrame2Frame:187]	The Estimated Rotation and translation matrices(using getTransformation function) are : 
     0.99999  -0.00350277  -0.00292632    0.0037843
  0.00350107     0.999994 -0.000600642  0.000343474
   0.0029285  0.000590341     0.999996  0.000983536
           0            0            0            1
2020/03/09 16:09:42 889721	INFO [input.cpp->run:235]	rotation: 
[0.9999897480010986, -0.003502767533063889, -0.00292631983757019;
 0.00350106880068779, 0.9999938011169434, -0.000600641593337059;
 0.002928495407104492, 0.0005903411656618118, 0.9999957680702209]
2020/03/09 16:09:42 889763	INFO [input.cpp->run:258]	frame times (ms): 212.14
2020/03/09 16:09:42 889767	INFO [input.cpp->run:259]	FPS: 4.71387
2020/03/09 16:09:42 993343	INFO [input.cpp->run:173]	
frame_id 26
2020/03/09 16:09:43 025776	WARNING [visualOdometry.cpp->trackingFrame2Frame:187]	The Estimated Rotation and translation matrices(using getTransformation function) are : 
   0.999995 -0.00252879   -0.002045   0.0045867
 0.00252619    0.999996 -0.00112965 -0.00051579
 0.00204786  0.00112449    0.999997 0.000530064
          0           0           0           1
2020/03/09 16:09:43 027373	INFO [input.cpp->run:235]	rotation: 
[0.9999949932098389, -0.002528786659240723, -0.002044998109340668;
 0.002526193857192993, 0.9999964237213135, -0.001129649579524994;
 0.002047859132289886, 0.001124486327171326, 0.9999974966049194]
2020/03/09 16:09:43 027413	INFO [input.cpp->run:258]	frame times (ms): 221.36
2020/03/09 16:09:43 027417	INFO [input.cpp->run:259]	FPS: 4.51753
2020/03/09 16:09:43 124321	INFO [input.cpp->run:173]	
frame_id 27
2020/03/09 16:09:43 154666	WARNING [visualOdometry.cpp->trackingFrame2Frame:187]	The Estimated Rotation and translation matrices(using getTransformation function) are : 
    0.999991  -0.00288385  -0.00308103   0.00408077
  0.00288525     0.999996  0.000494458  0.000595263
  0.00307956 -0.000503376     0.999995   0.00162911
           0            0            0            1
2020/03/09 16:09:43 156260	INFO [input.cpp->run:235]	rotation: 
[0.9999911785125732, -0.002883851528167725, -0.003081031143665314;
 0.002885252237319946, 0.9999958276748657, 0.0004944577813148499;
 0.00307956337928772, -0.0005033761262893677, 0.9999949932098389]
2020/03/09 16:09:43 156309	INFO [input.cpp->run:258]	frame times (ms): 217.634
2020/03/09 16:09:43 156314	INFO [input.cpp->run:259]	FPS: 4.59487
2020/03/09 16:09:43 258179	INFO [input.cpp->run:173]	
frame_id 28
2020/03/09 16:09:43 288728	WARNING [visualOdometry.cpp->trackingFrame2Frame:187]	The Estimated Rotation and translation matrices(using getTransformation function) are : 
   0.999983 -0.00508785 -0.00291956  0.00331816
  0.0050936    0.999985  0.00200092  0.00278783
 0.00290933 -0.00201579    0.999994 0.000810146
          0           0           0           1
2020/03/09 16:09:43 290198	INFO [input.cpp->run:235]	rotation: 
[0.9999828338623047, -0.005087852478027344, -0.002919562160968781;
 0.005093604326248169, 0.9999851584434509, 0.002000920474529266;
 0.002909332513809204, -0.002015791833400726, 0.9999936819076538]
2020/03/09 16:09:43 290245	INFO [input.cpp->run:258]	frame times (ms): 217.086
2020/03/09 16:09:43 290250	INFO [input.cpp->run:259]	FPS: 4.60647
2020/03/09 16:09:43 391584	INFO [input.cpp->run:173]	
frame_id 29
2020/03/09 16:09:43 421511	WARNING [visualOdometry.cpp->trackingFrame2Frame:187]	The Estimated Rotation and translation matrices(using getTransformation function) are : 
    0.99999 -0.00358692 -0.00267653  0.00371471
 0.00358668    0.999994 -2.7163e-05 0.000867357
 0.00267661  1.7561e-05    0.999997 0.000878811
          0           0           0           1
2020/03/09 16:09:43 423023	INFO [input.cpp->run:235]	rotation: 
[0.9999904632568359, -0.003586918115615845, -0.002676527947187424;
 0.003586679697036743, 0.9999940395355225, -2.716295421123505e-05;
 0.002676613628864288, 1.756101846694946e-05, 0.9999967813491821]
2020/03/09 16:09:43 423066	INFO [input.cpp->run:258]	frame times (ms): 226.432
2020/03/09 16:09:43 423070	INFO [input.cpp->run:259]	FPS: 4.41634
2020/03/09 16:09:43 524642	INFO [input.cpp->run:173]	
frame_id 30
2020/03/09 16:09:43 555782	WARNING [visualOdometry.cpp->trackingFrame2Frame:187]	The Estimated Rotation and translation matrices(using getTransformation function) are : 
    0.999994  -0.00250033   -0.0025956   0.00339752
  0.00250255     0.999997  0.000860803   0.00053651
  0.00259325 -0.000867382     0.999997  0.000691473
           0            0            0            1
2020/03/09 16:09:43 559072	INFO [input.cpp->run:235]	rotation: 
[0.9999938011169434, -0.002500325441360474, -0.002595603466033936;
 0.002502545714378357, 0.9999969601631165, 0.0008608028292655945;
 0.002593249082565308, -0.0008673816919326782, 0.9999967813491821]
2020/03/09 16:09:43 559118	INFO [input.cpp->run:258]	frame times (ms): 250.76
2020/03/09 16:09:43 559123	INFO [input.cpp->run:259]	FPS: 3.98788
2020/03/09 16:09:43 658790	INFO [input.cpp->run:173]	
frame_id 31
2020/03/09 16:09:43 689633	WARNING [visualOdometry.cpp->trackingFrame2Frame:187]	The Estimated Rotation and translation matrices(using getTransformation function) are : 
   0.999982 -0.00388861 -0.00460036  0.00226116
 0.00389588    0.999991  0.00165633  0.00228767
 0.00459389 -0.00167421    0.999988  0.00195795
          0           0           0           1
2020/03/09 16:09:43 691339	INFO [input.cpp->run:235]	rotation: 
[0.9999819993972778, -0.003888607025146484, -0.004600364714860916;
 0.003895878791809082, 0.9999909400939941, 0.001656331121921539;
 0.004593886435031891, -0.001674212515354156, 0.9999881982803345]
2020/03/09 16:09:43 691382	INFO [input.cpp->run:258]	frame times (ms): 236.947
2020/03/09 16:09:43 691387	INFO [input.cpp->run:259]	FPS: 4.22035
2020/03/09 16:09:43 791055	INFO [input.cpp->run:173]	
frame_id 32
2020/03/09 16:09:43 824369	WARNING [visualOdometry.cpp->trackingFrame2Frame:187]	The Estimated Rotation and translation matrices(using getTransformation function) are : 
    0.999995  -0.00268787  -0.00180362   0.00417709
  0.00268722     0.999996 -0.000266455  0.000161799
  0.00180435   0.00026159     0.999998  0.000771403
           0            0            0            1
2020/03/09 16:09:43 826020	INFO [input.cpp->run:235]	rotation: 
[0.9999946355819702, -0.00268787145614624, -0.001803621649742126;
 0.002687215805053711, 0.9999961853027344, -0.0002664551138877869;
 0.001804348081350327, 0.0002615898847579956, 0.9999982714653015]
2020/03/09 16:09:43 826074	INFO [input.cpp->run:258]	frame times (ms): 262.926
2020/03/09 16:09:43 826079	INFO [input.cpp->run:259]	FPS: 3.80335
2020/03/09 16:09:43 927283	INFO [input.cpp->run:173]	
frame_id 33
2020/03/09 16:09:43 957160	WARNING [visualOdometry.cpp->trackingFrame2Frame:187]	The Estimated Rotation and translation matrices(using getTransformation function) are : 
    0.999989  -0.00456572  -0.00137246   0.00376669
  0.00456706     0.999989   0.00100869   0.00231581
  0.00136784  -0.00101492     0.999999 -0.000107586
           0            0            0            1
2020/03/09 16:09:43 958675	INFO [input.cpp->run:235]	rotation: 
[0.9999887943267822, -0.004565715789794922, -0.001372456550598145;
 0.004567056894302368, 0.9999891519546509, 0.001008689403533936;
 0.00136784091591835, -0.001014918088912964, 0.9999988675117493]
2020/03/09 16:09:43 958719	INFO [input.cpp->run:258]	frame times (ms): 247.922
2020/03/09 16:09:43 958733	INFO [input.cpp->run:259]	FPS: 4.03353
2020/03/09 16:09:44 060807	INFO [input.cpp->run:173]	
frame_id 34
2020/03/09 16:09:44 092452	WARNING [visualOdometry.cpp->trackingFrame2Frame:187]	The Estimated Rotation and translation matrices(using getTransformation function) are : 
    0.999993  -0.00311357  -0.00192261   0.00335342
   0.0031155     0.999995  0.000971518   0.00136326
  0.00191956 -0.000977509     0.999998  0.000492334
           0            0            0            1
2020/03/09 16:09:44 094177	INFO [input.cpp->run:235]	rotation: 
[0.9999934434890747, -0.00311356782913208, -0.001922614872455597;
 0.00311550498008728, 0.9999949932098389, 0.0009715184569358826;
 0.00191955640912056, -0.0009775087237358093, 0.9999980330467224]
2020/03/09 16:09:44 094225	INFO [input.cpp->run:258]	frame times (ms): 259.37
2020/03/09 16:09:44 094230	INFO [input.cpp->run:259]	FPS: 3.8555
2020/03/09 16:09:44 192845	INFO [input.cpp->run:173]	
frame_id 35
2020/03/09 16:09:44 231065	WARNING [visualOdometry.cpp->trackingFrame2Frame:187]	The Estimated Rotation and translation matrices(using getTransformation function) are : 
    0.999993  -0.00285551  -0.00266637   0.00313947
  0.00285658     0.999996  0.000355922  0.000756625
  0.00266533 -0.000363555     0.999997    0.0011512
           0            0            0            1
2020/03/09 16:09:44 232834	INFO [input.cpp->run:235]	rotation: 
[0.9999925494194031, -0.002855509519577026, -0.002666369080543518;
 0.002856582403182983, 0.9999960660934448, 0.0003559216856956482;
 0.002665325999259949, -0.0003635548055171967, 0.999996542930603]
2020/03/09 16:09:44 232908	INFO [input.cpp->run:258]	frame times (ms): 272.54
2020/03/09 16:09:44 232914	INFO [input.cpp->run:259]	FPS: 3.66919
2020/03/09 16:09:44 325004	INFO [input.cpp->run:173]	
frame_id 36
2020/03/09 16:09:44 361218	WARNING [visualOdometry.cpp->trackingFrame2Frame:187]	The Estimated Rotation and translation matrices(using getTransformation function) are : 
   0.999988 -0.00401145 -0.00282717  0.00265726
 0.00401595    0.999991  0.00152414  0.00203984
 0.00282104 -0.00153548    0.999995 0.000754178
          0           0           0           1
2020/03/09 16:09:44 363030	INFO [input.cpp->run:235]	rotation: 
[0.9999878406524658, -0.004011452198028564, -0.002827167510986328;
 0.004015952348709106, 0.9999905824661255, 0.00152413547039032;
 0.002821043133735657, -0.001535482704639435, 0.9999945759773254]
2020/03/09 16:09:44 363091	INFO [input.cpp->run:258]	frame times (ms): 268.56
2020/03/09 16:09:44 363095	INFO [input.cpp->run:259]	FPS: 3.72356
2020/03/09 16:09:44 458594	INFO [input.cpp->run:173]	
frame_id 37
2020/03/09 16:09:44 493380	WARNING [visualOdometry.cpp->trackingFrame2Frame:187]	The Estimated Rotation and translation matrices(using getTransformation function) are : 
    0.999997 -0.000945628  -0.00235856   0.00319728
 0.000951216     0.999997   0.00239334  0.000389533
  0.00235614  -0.00239555     0.999995   0.00055635
           0            0            0            1
2020/03/09 16:09:44 495149	INFO [input.cpp->run:235]	rotation: 
[0.9999967217445374, -0.0009456276893615723, -0.002358555793762207;
 0.0009512156248092651, 0.9999967813491821, 0.002393335103988647;
 0.002356141805648804, -0.002395547926425934, 0.9999945163726807]
2020/03/09 16:09:44 495227	INFO [input.cpp->run:258]	frame times (ms): 262.874
2020/03/09 16:09:44 495234	INFO [input.cpp->run:259]	FPS: 3.8041
2020/03/09 16:09:44 591443	INFO [input.cpp->run:173]	
frame_id 38
2020/03/09 16:09:44 625348	WARNING [visualOdometry.cpp->trackingFrame2Frame:187]	The Estimated Rotation and translation matrices(using getTransformation function) are : 
    0.999997  -0.00103664  -0.00211848   0.00265887
  0.00103587     0.999999 -0.000404451 -0.000779334
  0.00211891  0.000402225     0.999998  0.000579059
           0            0            0            1
2020/03/09 16:09:44 626961	INFO [input.cpp->run:235]	rotation: 
[0.9999971389770508, -0.001036643981933594, -0.002118476666510105;
 0.001035869121551514, 0.9999992847442627, -0.0004044510424137115;
 0.002118909731507301, 0.0004022251814603806, 0.9999976754188538]
2020/03/09 16:09:44 627006	INFO [input.cpp->run:258]	frame times (ms): 280.766
2020/03/09 16:09:44 627023	INFO [input.cpp->run:259]	FPS: 3.56168
2020/03/09 16:09:44 724421	INFO [input.cpp->run:173]	
frame_id 39
2020/03/09 16:09:44 759925	WARNING [visualOdometry.cpp->trackingFrame2Frame:187]	The Estimated Rotation and translation matrices(using getTransformation function) are : 
    0.999995  -0.00262624  -0.00174356   0.00281575
   0.0026278     0.999996  0.000879094  0.000629622
  0.00174147 -0.000883661     0.999998  0.000667214
           0            0            0            1
2020/03/09 16:09:44 761585	INFO [input.cpp->run:235]	rotation: 
[0.9999951720237732, -0.002626240253448486, -0.001743555068969727;
 0.00262780487537384, 0.9999961853027344, 0.0008790940046310425;
 0.001741468906402588, -0.0008836612105369568, 0.9999979734420776]
2020/03/09 16:09:44 761657	INFO [input.cpp->run:258]	frame times (ms): 310.239
2020/03/09 16:09:44 761661	INFO [input.cpp->run:259]	FPS: 3.22332
2020/03/09 16:09:44 860892	INFO [input.cpp->run:173]	
frame_id 40
2020/03/09 16:09:44 900015	WARNING [visualOdometry.cpp->trackingFrame2Frame:187]	The Estimated Rotation and translation matrices(using getTransformation function) are : 
    0.999996  -0.00233325  -0.00183514   0.00273195
  0.00233421     0.999998  0.000489838 -0.000338846
  0.00183395 -0.000494204     0.999998  0.000823796
           0            0            0            1
2020/03/09 16:09:44 901646	INFO [input.cpp->run:235]	rotation: 
[0.9999960660934448, -0.002333253622055054, -0.001835137605667114;
 0.00233420729637146, 0.999997615814209, 0.0004898384213447571;
 0.001833945512771606, -0.0004942044615745544, 0.9999984502792358]
2020/03/09 16:09:44 901698	INFO [input.cpp->run:258]	frame times (ms): 330.744
2020/03/09 16:09:44 901705	INFO [input.cpp->run:259]	FPS: 3.02349
2020/03/09 16:09:44 993519	INFO [input.cpp->run:173]	
frame_id 41
2020/03/09 16:09:45 029758	WARNING [visualOdometry.cpp->trackingFrame2Frame:187]	The Estimated Rotation and translation matrices(using getTransformation function) are : 
   0.999997 -0.00194724 -0.00165102  0.00317311
 0.00194895    0.999998  0.00107674  4.1499e-05
  0.0016489 -0.00107983    0.999998 0.000643671
          0           0           0           1
2020/03/09 16:09:45 031585	INFO [input.cpp->run:235]	rotation: 
[0.9999967217445374, -0.00194723904132843, -0.001651018857955933;
 0.001948952674865723, 0.9999975562095642, 0.001076735556125641;
 0.001648902893066406, -0.001079827547073364, 0.9999979734420776]
2020/03/09 16:09:45 031657	INFO [input.cpp->run:258]	frame times (ms): 323.602
2020/03/09 16:09:45 031661	INFO [input.cpp->run:259]	FPS: 3.09022
2020/03/09 16:09:45 126637	INFO [input.cpp->run:173]	
frame_id 42
2020/03/09 16:09:45 164638	WARNING [visualOdometry.cpp->trackingFrame2Frame:187]	The Estimated Rotation and translation matrices(using getTransformation function) are : 
    0.999997   -0.0019107  -0.00196815   0.00218481
  0.00191204     0.999998  0.000662453 -0.000334633
   0.0019668 -0.000666223     0.999998  0.000634849
           0            0            0            1
2020/03/09 16:09:45 166905	INFO [input.cpp->run:235]	rotation: 
[0.9999966025352478, -0.001910701394081116, -0.001968145370483398;
 0.001912042498588562, 0.999998152256012, 0.0006624534726142883;
 0.001966804265975952, -0.0006662234663963318, 0.9999980926513672]
2020/03/09 16:09:45 166975	INFO [input.cpp->run:258]	frame times (ms): 313.613
2020/03/09 16:09:45 166982	INFO [input.cpp->run:259]	FPS: 3.18864
2020/03/09 16:09:45 260625	INFO [input.cpp->run:173]	
frame_id 43
2020/03/09 16:09:45 297864	WARNING [visualOdometry.cpp->trackingFrame2Frame:187]	The Estimated Rotation and translation matrices(using getTransformation function) are : 
   0.999995  -0.0017477 -0.00271232  0.00129455
 0.00175059    0.999998  0.00105811 -0.00051054
 0.00271053 -0.00106287    0.999996 0.000824451
          0           0           0           1
2020/03/09 16:09:45 299498	INFO [input.cpp->run:235]	rotation: 
[0.999995231628418, -0.001747697591781616, -0.002712322399020195;
 0.001750588417053223, 0.9999980926513672, 0.001058110967278481;
 0.002710532397031784, -0.001062870025634766, 0.9999958872795105]
2020/03/09 16:09:45 299565	INFO [input.cpp->run:258]	frame times (ms): 315.712
2020/03/09 16:09:45 299573	INFO [input.cpp->run:259]	FPS: 3.16744
2020/03/09 16:09:45 391474	INFO [input.cpp->run:173]	
frame_id 44
2020/03/09 16:09:45 430215	WARNING [visualOdometry.cpp->trackingFrame2Frame:187]	The Estimated Rotation and translation matrices(using getTransformation function) are : 
    0.999997   -0.0019519  -0.00154462   0.00235474
  0.00195321     0.999998  0.000878364 -0.000437799
   0.0015429 -0.000881299     0.999998  0.000111997
           0            0            0            1
2020/03/09 16:09:45 431944	INFO [input.cpp->run:235]	rotation: 
[0.9999969005584717, -0.001951903104782104, -0.00154462456703186;
 0.001953214406967163, 0.9999978542327881, 0.0008783638477325439;
 0.001542896032333374, -0.0008812993764877319, 0.9999983310699463]
2020/03/09 16:09:45 432006	INFO [input.cpp->run:258]	frame times (ms): 343.472
2020/03/09 16:09:45 432011	INFO [input.cpp->run:259]	FPS: 2.91145
2020/03/09 16:09:45 525734	INFO [input.cpp->run:173]	
frame_id 45
2020/03/09 16:09:45 562565	WARNING [visualOdometry.cpp->trackingFrame2Frame:187]	The Estimated Rotation and translation matrices(using getTransformation function) are : 
    0.999996  -0.00221562  -0.00174403   0.00182787
  0.00221667     0.999997  0.000590481 -0.000269615
  0.00174293 -0.000594437     0.999998  0.000473201
           0            0            0            1
2020/03/09 16:09:45 564188	INFO [input.cpp->run:235]	rotation: 
[0.9999959468841553, -0.00221562385559082, -0.00174403190612793;
 0.00221666693687439, 0.9999974370002747, 0.0005904808640480042;
 0.001742929220199585, -0.0005944371223449707, 0.999998152256012]
2020/03/09 16:09:45 564251	INFO [input.cpp->run:258]	frame times (ms): 349.801
2020/03/09 16:09:45 564254	INFO [input.cpp->run:259]	FPS: 2.85877
2020/03/09 16:09:45 659344	INFO [input.cpp->run:173]	
frame_id 46
2020/03/09 16:09:45 694521	WARNING [visualOdometry.cpp->trackingFrame2Frame:187]	The Estimated Rotation and translation matrices(using getTransformation function) are : 
    0.999991  -0.00205374  -0.00360013  0.000783533
  0.00206086     0.999996   0.00198079 -3.65218e-05
  0.00359609  -0.00198827     0.999991   0.00128525
           0            0            0            1
2020/03/09 16:09:45 696329	INFO [input.cpp->run:235]	rotation: 
[0.9999914169311523, -0.002053737640380859, -0.003600132651627064;
 0.002060860395431519, 0.9999960064888, 0.001980787143111229;
 0.003596092574298382, -0.001988270319998264, 0.9999913573265076]
2020/03/09 16:09:45 696393	INFO [input.cpp->run:258]	frame times (ms): 321.394
2020/03/09 16:09:45 696398	INFO [input.cpp->run:259]	FPS: 3.11145
2020/03/09 16:09:45 794777	INFO [input.cpp->run:173]	
frame_id 47
2020/03/09 16:09:45 833898	WARNING [visualOdometry.cpp->trackingFrame2Frame:187]	The Estimated Rotation and translation matrices(using getTransformation function) are : 
