		g3log created log at: Mon Mar 09 14:51:39 2020
		LOG format: [YYYY/MM/DD hh:mm:ss uuu* LEVEL FILE->FUNCTION:LINE] message		(uuu*: microseconds fractions of the seconds value)

2020/03/09 14:51:39 923633	INFO [g3logger.h->logBanner:29]	Starting log.
2020/03/09 14:51:39 927347	DEBUG [main.cpp->main:48]	Filepath: /home/mitchell/KITTI/data_odometry_gray/dataset/sequences/00/
2020/03/09 14:51:39 927354	DEBUG [main.cpp->main:52]	Calibration Filepath: /home/mitchell/visual_odom_catkin_ws/tank_downsized.yaml
2020/03/09 14:51:39 927490	INFO [main.cpp->main:66]	P_left: 
[409.41, 0, 251.22, 0;
 0, 408.72, 191.78999, 0;
 0, 0, 1, 0]
2020/03/09 14:51:39 927503	INFO [main.cpp->main:67]	P_right: 
[409.41, 0, 251.22, -73.940002;
 0, 408.72, 191.78999, 0;
 0, 0, 1, 0]
2020/03/09 14:51:40 077021	INFO [input.cpp->Input:22]	frame_pose [1, 0, 0, 0;
 0, 1, 0, 0;
 0, 0, 1, 0;
 0, 0, 0, 1]
2020/03/09 14:51:40 451451	INFO [input.cpp->run:173]	
frame_id 1
2020/03/09 14:51:40 567431	INFO [input.cpp->run:235]	rotation: 
[-0.9819716574109879, 0.004656451055132583, -0.1889708482943564;
 0.001836973419772648, -0.9994142662023378, -0.03417235783345619;
 -0.1890192835934275, -0.03390342128478896, 0.9813879296460772]
2020/03/09 14:51:40 567529	INFO [input.cpp->run:256]	frame times (ms): 232.44
2020/03/09 14:51:40 567534	INFO [input.cpp->run:257]	FPS: 4.30219
2020/03/09 14:51:40 583123	INFO [input.cpp->run:173]	
frame_id 2
2020/03/09 14:51:40 638907	INFO [input.cpp->run:235]	rotation: 
[-0.9906275574802346, -0.01300108709062149, -0.1359706368860819;
 -0.004866911186881779, -0.9914679990489219, 0.1302594335832383;
 -0.1365040495232418, 0.1297003415430705, 0.9821122470814467]
2020/03/09 14:51:40 638963	INFO [input.cpp->run:256]	frame times (ms): 173.736
2020/03/09 14:51:40 638967	INFO [input.cpp->run:257]	FPS: 5.75586
2020/03/09 14:51:40 648310	INFO [input.cpp->run:173]	
frame_id 3
2020/03/09 14:51:40 702788	INFO [input.cpp->run:235]	rotation: 
[0.9999995711583136, 0.0007763315196110634, 0.0005049678806703839;
 -0.0007696998903984938, 0.999915161205807, -0.01300299784064236;
 -0.0005150196768774068, 0.01300260359069243, 0.9999153299427885]
2020/03/09 14:51:40 702852	INFO [input.cpp->run:256]	frame times (ms): 175.781
2020/03/09 14:51:40 702858	INFO [input.cpp->run:257]	FPS: 5.6889
2020/03/09 14:51:40 730244	INFO [input.cpp->run:173]	
frame_id 4
2020/03/09 14:51:40 794779	INFO [input.cpp->run:235]	rotation: 
[0.999980466732058, 0.006222446450489094, -0.0005893339514176788;
 -0.006224133487136809, 0.9999764091229624, -0.002905401844864527;
 0.0005712413411160752, 0.002909013186053938, 0.9999956056531516]
2020/03/09 14:51:40 794835	INFO [input.cpp->run:256]	frame times (ms): 179.884
2020/03/09 14:51:40 794839	INFO [input.cpp->run:257]	FPS: 5.55914
2020/03/09 14:51:40 856528	INFO [input.cpp->run:173]	
frame_id 5
2020/03/09 14:51:40 943481	INFO [input.cpp->run:235]	rotation: 
[0.9999264740045616, 0.01212567344625852, 0.0001209474250399528;
 -0.01212612502064092, 0.9999141096843273, 0.004972961510303411;
 -6.063652949268458e-05, -0.004974062491955048, 0.9999876274362285]
2020/03/09 14:51:40 943537	INFO [input.cpp->run:256]	frame times (ms): 176.399
2020/03/09 14:51:40 943541	INFO [input.cpp->run:257]	FPS: 5.66897
2020/03/09 14:51:40 947640	INFO [input.cpp->run:173]	
frame_id 6
2020/03/09 14:51:40 999486	INFO [input.cpp->run:235]	rotation: 
[0.999993095546212, 0.003643674729764955, -0.0007297221171509884;
 -0.003648546670640184, 0.9999702897865396, -0.00679026151310195;
 0.0007049589326673359, 0.006792877055256147, 0.9999766796551884]
2020/03/09 14:51:40 999541	INFO [input.cpp->run:256]	frame times (ms): 173.547
2020/03/09 14:51:40 999545	INFO [input.cpp->run:257]	FPS: 5.76213
2020/03/09 14:51:41 009918	INFO [input.cpp->run:173]	
frame_id 7
2020/03/09 14:51:41 059148	INFO [input.cpp->run:235]	rotation: 
[0.9998402484062091, 0.01748992934411103, -0.003685110384792699;
 -0.01724734035201735, 0.9981730317553948, 0.05790619938335805;
 0.004691153140942756, -0.05783339042267491, 0.9983152267868234]
2020/03/09 14:51:41 059207	INFO [input.cpp->run:256]	frame times (ms): 173.067
2020/03/09 14:51:41 059219	INFO [input.cpp->run:257]	FPS: 5.77811
2020/03/09 14:51:41 064518	INFO [input.cpp->run:173]	
frame_id 8
2020/03/09 14:51:41 113930	INFO [input.cpp->run:235]	rotation: 
[0.9998423713687586, 0.01730909692399011, -0.003953173329510098;
 -0.017051989506689, 0.9981843733796448, 0.05776838577067452;
 0.004945914431225219, -0.05769187034896354, 0.9983221854822607]
2020/03/09 14:51:41 113992	INFO [input.cpp->run:256]	frame times (ms): 170.097
2020/03/09 14:51:41 113996	INFO [input.cpp->run:257]	FPS: 5.879
2020/03/09 14:51:41 182512	INFO [input.cpp->run:173]	
frame_id 9
2020/03/09 14:51:41 236498	INFO [input.cpp->run:235]	rotation: 
[-0.9846039105965231, 0.003543857763409874, -0.1747643565209644;
 0.02184922829477854, -0.9894582918349517, -0.1431603993497579;
 -0.1734293817695164, -0.1447747553657482, 0.9741470729555328]
2020/03/09 14:51:41 236553	INFO [input.cpp->run:256]	frame times (ms): 170.904
2020/03/09 14:51:41 236558	INFO [input.cpp->run:257]	FPS: 5.85124
2020/03/09 14:51:41 250024	INFO [input.cpp->run:173]	
frame_id 10
2020/03/09 14:51:41 312681	INFO [input.cpp->run:235]	rotation: 
[0.9999955689636799, -0.002966291022495033, 0.0002513375737509749;
 0.002969825519071468, 0.9998758317839863, -0.01547582471688426;
 -0.0002054005656894245, 0.01547650257168329, 0.9998802106646357]
2020/03/09 14:51:41 312762	INFO [input.cpp->run:256]	frame times (ms): 184.773
2020/03/09 14:51:41 312766	INFO [input.cpp->run:257]	FPS: 5.41205
2020/03/09 14:51:41 318409	INFO [input.cpp->run:173]	
frame_id 11
2020/03/09 14:51:41 367682	INFO [input.cpp->run:235]	rotation: 
[-0.9808555347370583, -0.001633255810195105, -0.1947299474943127;
 -0.005290503489107306, -0.9993722469885786, 0.03503030861741326;
 -0.1946649186384416, 0.03538989155758941, 0.9802311589757958]
2020/03/09 14:51:41 367739	INFO [input.cpp->run:256]	frame times (ms): 170.123
2020/03/09 14:51:41 367744	INFO [input.cpp->run:257]	FPS: 5.8781
2020/03/09 14:51:41 381754	INFO [input.cpp->run:173]	
frame_id 12
2020/03/09 14:51:41 437478	INFO [input.cpp->run:235]	rotation: 
[0.9999884320904628, 0.004791344370071282, -0.0004227344145864831;
 -0.004791200282361545, 0.9999884639233888, 0.0003412037451347173;
 0.0004243643625331886, -0.0003391743928741291, 0.9999998524377987]
2020/03/09 14:51:41 437537	INFO [input.cpp->run:256]	frame times (ms): 171.679
2020/03/09 14:51:41 437540	INFO [input.cpp->run:257]	FPS: 5.82482
2020/03/09 14:51:41 448127	INFO [input.cpp->run:173]	
frame_id 13
2020/03/09 14:51:41 499099	INFO [input.cpp->run:235]	rotation: 
[-0.9875235134694506, -0.008100010820808485, -0.1572631557919867;
 -0.009698074082561195, -0.9936521373567176, 0.1120775503190357;
 -0.157172700250524, 0.1122043660074313, 0.9811762953439247]
2020/03/09 14:51:41 499155	INFO [input.cpp->run:256]	frame times (ms): 170.628
2020/03/09 14:51:41 499159	INFO [input.cpp->run:257]	FPS: 5.8607
2020/03/09 14:51:41 515643	INFO [input.cpp->run:173]	
frame_id 14
2020/03/09 14:51:41 567758	INFO [input.cpp->run:235]	rotation: 
[0.9999691244693593, 0.007839346316095548, -0.0005429155730714459;
 -0.007839653958674668, 0.9999691087716652, -0.0005668581919831322;
 0.0005384550040634401, 0.0005710969601573125, 0.9999996919571879]
2020/03/09 14:51:41 567800	INFO [input.cpp->run:256]	frame times (ms): 174.345
2020/03/09 14:51:41 567803	INFO [input.cpp->run:257]	FPS: 5.73575
2020/03/09 14:51:41 588920	INFO [input.cpp->run:173]	
frame_id 15
2020/03/09 14:51:41 640951	INFO [input.cpp->run:235]	rotation: 
[0.9999941743340476, 0.003259266131290226, -0.001014141140054837;
 -0.003267120064516325, 0.9999639168470338, -0.007841615294218259;
 0.0009885466355018984, 0.00784488293245395, 0.9999687398050628]
2020/03/09 14:51:41 640995	INFO [input.cpp->run:256]	frame times (ms): 171.828
2020/03/09 14:51:41 640998	INFO [input.cpp->run:257]	FPS: 5.81977
2020/03/09 14:51:41 657064	INFO [input.cpp->run:173]	
frame_id 16
2020/03/09 14:51:41 710682	INFO [input.cpp->run:235]	rotation: 
[0.9999927334216424, 0.003799842242665124, -0.0003070876793792445;
 -0.003801613598832604, 0.9999748355022965, -0.005989665783681392;
 0.0002843201666077635, 0.005990789688003602, 0.9999820146387419]
2020/03/09 14:51:41 710728	INFO [input.cpp->run:256]	frame times (ms): 176.722
2020/03/09 14:51:41 710732	INFO [input.cpp->run:257]	FPS: 5.65861
2020/03/09 14:51:41 716218	INFO [input.cpp->run:173]	
frame_id 17
2020/03/09 14:51:41 764934	INFO [input.cpp->run:235]	rotation: 
[0.9999977200772545, 0.002120897633400605, -0.0002482609947469663;
 -0.002122409479617452, 0.9999781742290971, -0.006256711871462187;
 0.0002349857308583172, 0.00625722451813115, 0.999980395769355]
2020/03/09 14:51:41 764974	INFO [input.cpp->run:256]	frame times (ms): 163.309
2020/03/09 14:51:41 764976	INFO [input.cpp->run:257]	FPS: 6.12336
2020/03/09 14:51:41 788068	INFO [input.cpp->run:173]	
frame_id 18
2020/03/09 14:51:41 840950	INFO [input.cpp->run:235]	rotation: 
[-0.9940197599779069, -0.01453480510044974, -0.1082287217616294;
 0.005484718815991644, -0.9964966558703356, 0.08345257754406064;
 -0.1090625262543178, 0.0823599069932081, 0.9906170860060388]
2020/03/09 14:51:41 841003	INFO [input.cpp->run:256]	frame times (ms): 173.615
2020/03/09 14:51:41 841006	INFO [input.cpp->run:257]	FPS: 5.75987
2020/03/09 14:51:41 853528	INFO [input.cpp->run:173]	
frame_id 19
2020/03/09 14:51:41 906390	INFO [input.cpp->run:235]	rotation: 
[0.9999875632705727, 0.004982753752679448, 0.0002132351343336467;
 -0.004980867187069275, 0.9999549160462593, -0.008084357549200482;
 -0.0002535078837669956, 0.008083194910349317, 0.9999672983121969]
2020/03/09 14:51:41 906440	INFO [input.cpp->run:256]	frame times (ms): 170.847
2020/03/09 14:51:41 906444	INFO [input.cpp->run:257]	FPS: 5.85319
2020/03/09 14:51:41 915678	INFO [input.cpp->run:173]	
frame_id 20
2020/03/09 14:51:41 965455	INFO [input.cpp->run:235]	rotation: 
[0.9999528634739414, 0.009409048657266337, -0.002395961942589611;
 -0.00944963518783183, 0.9998016358856875, -0.01753263457441929;
 0.002230521257920161, 0.01755444911321419, 0.9998434207870999]
2020/03/09 14:51:41 965501	INFO [input.cpp->run:256]	frame times (ms): 171.42
2020/03/09 14:51:41 965505	INFO [input.cpp->run:257]	FPS: 5.83362
2020/03/09 14:51:41 982567	INFO [input.cpp->run:173]	
frame_id 21
2020/03/09 14:51:42 043069	INFO [input.cpp->run:235]	rotation: 
[0.9999914242808865, 0.004076518456677385, -0.0007303163398943908;
 -0.004079552080327902, 0.9999828514848862, -0.004201665262725631;
 0.000713175650061317, 0.004204608593968242, 0.999990906282184]
2020/03/09 14:51:42 043135	INFO [input.cpp->run:256]	frame times (ms): 172.319
2020/03/09 14:51:42 043140	INFO [input.cpp->run:257]	FPS: 5.80319
2020/03/09 14:51:42 053891	INFO [input.cpp->run:173]	
frame_id 22
2020/03/09 14:51:42 110162	INFO [input.cpp->run:235]	rotation: 
[-0.9949597799285271, -0.01490342093186775, -0.09916110310552421;
 0.003599889989105471, -0.9935648584286674, 0.1132073888387527;
 -0.1002101647371322, 0.1122798296229104, 0.9886107235627211]
2020/03/09 14:51:42 110231	INFO [input.cpp->run:256]	frame times (ms): 179.885
2020/03/09 14:51:42 110237	INFO [input.cpp->run:257]	FPS: 5.55911
2020/03/09 14:51:42 182689	INFO [input.cpp->run:173]	
frame_id 23
2020/03/09 14:51:42 241814	INFO [input.cpp->run:235]	rotation: 
[-0.9587622749919716, -0.02309382411273305, -0.2832694394742734;
 -0.02514901603049323, -0.9858897899922086, 0.1654957672625405;
 -0.2830943783350649, 0.1657950459964626, 0.9446531509914711]
2020/03/09 14:51:42 241875	INFO [input.cpp->run:256]	frame times (ms): 177.422
2020/03/09 14:51:42 241879	INFO [input.cpp->run:257]	FPS: 5.63628
2020/03/09 14:51:42 249266	INFO [input.cpp->run:173]	
frame_id 24
2020/03/09 14:51:42 301873	INFO [input.cpp->run:235]	rotation: 
[-0.9996158028261732, 0.004307588134038627, 0.0273804935063739;
 -0.005188506628855644, -0.9994684925842846, -0.03218402911787473;
 0.0272273050290956, -0.03231372797690445, 0.9991068495636923]
2020/03/09 14:51:42 301936	INFO [input.cpp->run:256]	frame times (ms): 177.158
2020/03/09 14:51:42 301941	INFO [input.cpp->run:257]	FPS: 5.64468
2020/03/09 14:51:42 316467	INFO [input.cpp->run:173]	
frame_id 25
2020/03/09 14:51:42 371812	INFO [input.cpp->run:235]	rotation: 
[-0.9941702641059047, -0.01800948666188174, -0.1063068405972599;
 0.01095178434432218, -0.9977193730275644, 0.06660413729761192;
 -0.1072639006715268, 0.06505160317516534, 0.9921001686004641]
2020/03/09 14:51:42 371873	INFO [input.cpp->run:256]	frame times (ms): 168.877
2020/03/09 14:51:42 371877	INFO [input.cpp->run:257]	FPS: 5.92147
2020/03/09 14:51:42 382555	INFO [input.cpp->run:173]	
frame_id 26
2020/03/09 14:51:42 436184	INFO [input.cpp->run:235]	rotation: 
[-0.9529218138372321, -0.02990755044433709, -0.3017375600411376;
 -0.03569455226350338, -0.9771398938441022, 0.2095794045154359;
 -0.3011078140000151, 0.2104831734005265, 0.9300703833922336]
2020/03/09 14:51:42 436251	INFO [input.cpp->run:256]	frame times (ms): 177.741
2020/03/09 14:51:42 436255	INFO [input.cpp->run:257]	FPS: 5.62616
2020/03/09 14:51:42 448804	INFO [input.cpp->run:173]	
frame_id 27
2020/03/09 14:51:42 523154	INFO [input.cpp->run:235]	rotation: 
[0.9999907487935629, 0.004228025467764109, -0.0007912824612058243;
 -0.004235266284334512, 0.9999469960636873, -0.009384432998802053;
 0.0007515628984011843, 0.009387697473404417, 0.9999556521613134]
2020/03/09 14:51:42 523219	INFO [input.cpp->run:256]	frame times (ms): 179.653
2020/03/09 14:51:42 523223	INFO [input.cpp->run:257]	FPS: 5.56629
2020/03/09 14:51:42 582433	INFO [input.cpp->run:173]	
frame_id 28
2020/03/09 14:51:42 641076	INFO [input.cpp->run:235]	rotation: 
[-0.9934666518408293, -0.01599005430474006, -0.1129970346668618;
 0.007318504108376015, -0.9970240155974209, 0.07674341548047921;
 -0.1138878886352197, 0.0754150547657776, 0.9906271338585911]
2020/03/09 14:51:42 641134	INFO [input.cpp->run:256]	frame times (ms): 180.547
2020/03/09 14:51:42 641137	INFO [input.cpp->run:257]	FPS: 5.53872
2020/03/09 14:51:42 649590	INFO [input.cpp->run:173]	
frame_id 29
2020/03/09 14:51:42 711019	INFO [input.cpp->run:235]	rotation: 
[-0.9997336372038786, 0.01465669787551054, 0.01782795138229792;
 -0.01388898058049235, -0.9990020636478977, 0.04244965306897663;
 0.01843233196148224, 0.04219073399015211, 0.9989395332570608]
2020/03/09 14:51:42 711081	INFO [input.cpp->run:256]	frame times (ms): 182.999
2020/03/09 14:51:42 711085	INFO [input.cpp->run:257]	FPS: 5.46451
2020/03/09 14:51:42 720736	INFO [input.cpp->run:173]	
frame_id 30
2020/03/09 14:51:42 775202	INFO [input.cpp->run:235]	rotation: 
[-0.954582164876158, 0.1161972437532595, 0.2743557745783624;
 0.1206225285151635, -0.6912676584130617, 0.7124599848740498;
 0.2724391603917399, 0.7131950819910835, 0.6458557725288021]
2020/03/09 14:51:42 775293	INFO [input.cpp->run:256]	frame times (ms): 176.279
2020/03/09 14:51:42 775297	INFO [input.cpp->run:257]	FPS: 5.67283
2020/03/09 14:51:42 782630	INFO [input.cpp->run:173]	
frame_id 31
2020/03/09 14:51:42 836286	INFO [input.cpp->run:235]	rotation: 
[-0.9995877131495605, 0.0007899443746167193, 0.0287015628201122;
 -0.001129943192676417, -0.9999293643613433, -0.01183171654078209;
 0.02869018906896851, -0.01185926961516196, 0.999517999225318]
2020/03/09 14:51:42 836352	INFO [input.cpp->run:256]	frame times (ms): 172.768
2020/03/09 14:51:42 836356	INFO [input.cpp->run:257]	FPS: 5.78811
2020/03/09 14:51:42 849230	INFO [input.cpp->run:173]	
frame_id 32
2020/03/09 14:51:42 903371	INFO [input.cpp->run:235]	rotation: 
[-0.9932075790851976, -0.005650579852093535, 0.1162186551077584;
 -0.004638889264229296, -0.9961030582568237, -0.0880748433878662;
 0.116263431714857, -0.08801572745105304, 0.9893108945964098]
2020/03/09 14:51:42 903434	INFO [input.cpp->run:256]	frame times (ms): 173.165
2020/03/09 14:51:42 903440	INFO [input.cpp->run:257]	FPS: 5.77484
2020/03/09 14:51:42 915023	INFO [input.cpp->run:173]	
frame_id 33
2020/03/09 14:51:42 973056	INFO [input.cpp->run:235]	rotation: 
[-0.9840849638827703, -0.002396482029025988, -0.1776824153756675;
 -0.002412000116872296, -0.9996367978314158, 0.02684128679458902;
 -0.177682205398523, 0.02684267675247248, 0.9837217617748832]
2020/03/09 14:51:42 973126	INFO [input.cpp->run:256]	frame times (ms): 176.098
2020/03/09 14:51:42 973130	INFO [input.cpp->run:257]	FPS: 5.67866
2020/03/09 14:51:42 983105	INFO [input.cpp->run:173]	
frame_id 34
2020/03/09 14:51:43 036367	INFO [input.cpp->run:235]	rotation: 
[-0.995373016242484, -0.01830079646740723, -0.09432729925635633;
 0.007352414027305019, -0.9933228507749725, 0.1151332103967083;
 -0.09580449125333715, 0.1139069575440418, 0.9888613171111247]
2020/03/09 14:51:43 036422	INFO [input.cpp->run:256]	frame times (ms): 174.004
2020/03/09 14:51:43 036433	INFO [input.cpp->run:257]	FPS: 5.74699
2020/03/09 14:51:43 049093	INFO [input.cpp->run:173]	
frame_id 35
2020/03/09 14:51:43 101767	INFO [input.cpp->run:235]	rotation: 
[-0.9998730281827102, -0.01401316142274932, -0.007586752907353824;
 0.01378177780833104, -0.9994627514520944, 0.02973669551666402;
 -0.007999382049825188, 0.02962836085153822, 0.9995289741273496]
2020/03/09 14:51:43 101825	INFO [input.cpp->run:256]	frame times (ms): 177.172
2020/03/09 14:51:43 101829	INFO [input.cpp->run:257]	FPS: 5.64423
2020/03/09 14:51:43 115329	INFO [input.cpp->run:173]	
frame_id 36
2020/03/09 14:51:43 167969	INFO [input.cpp->run:235]	rotation: 
[-0.9997131799161169, -0.01199174267695265, 0.02073055738699556;
 0.01039516390930703, -0.9970932721630896, -0.0754781238134702;
 0.02157541353727442, -0.07524097762969757, 0.996931941917814]
2020/03/09 14:51:43 168025	INFO [input.cpp->run:256]	frame times (ms): 178.244
2020/03/09 14:51:43 168028	INFO [input.cpp->run:257]	FPS: 5.61029
2020/03/09 14:51:43 182923	INFO [input.cpp->run:173]	
frame_id 37
2020/03/09 14:51:43 236004	INFO [input.cpp->run:235]	rotation: 
[-0.9996976094614531, 0.004847527819666401, 0.024107905572517;
 -0.005866653340195273, -0.9990841673535924, -0.04238406448141748;
 0.02388036883387297, -0.04251268066608526, 0.9988104925194484]
2020/03/09 14:51:43 236071	INFO [input.cpp->run:256]	frame times (ms): 164.082
2020/03/09 14:51:43 236073	INFO [input.cpp->run:257]	FPS: 6.09451
2020/03/09 14:51:43 249112	INFO [input.cpp->run:173]	
frame_id 38
2020/03/09 14:51:43 303405	INFO [input.cpp->run:235]	rotation: 
[-0.9991005814891625, 0.01054301541278518, 0.0410715582127484;
 -0.0132919864183718, -0.9976480227630723, -0.06724392741345588;
 0.0402660050796106, -0.06772936957434401, 0.9968908572817738]
2020/03/09 14:51:43 303476	INFO [input.cpp->run:256]	frame times (ms): 174.788
2020/03/09 14:51:43 303481	INFO [input.cpp->run:257]	FPS: 5.72122
2020/03/09 14:51:43 315543	INFO [input.cpp->run:173]	
frame_id 39
2020/03/09 14:51:43 370875	INFO [input.cpp->run:235]	rotation: 
[0.9999632789160048, 0.00854104541297521, -0.0007009727568857296;
 -0.008483769137025879, 0.9981705469626462, 0.05986305068672443;
 0.001210983394621093, -0.05985490555957119, 0.9982063533156222]
2020/03/09 14:51:43 370945	INFO [input.cpp->run:256]	frame times (ms): 177.84
2020/03/09 14:51:43 370959	INFO [input.cpp->run:257]	FPS: 5.62303
2020/03/09 14:51:43 382995	INFO [input.cpp->run:173]	
frame_id 40
2020/03/09 14:51:43 436911	INFO [input.cpp->run:235]	rotation: 
[0.9999923811359259, 0.003864741651104354, 0.0005490374042928612;
 -0.003858538101870871, 0.9999333314716466, -0.01088321164594639;
 -0.000591061602122979, 0.01088101024649236, 0.9999406253684257]
2020/03/09 14:51:43 436972	INFO [input.cpp->run:256]	frame times (ms): 174.652
2020/03/09 14:51:43 436977	INFO [input.cpp->run:257]	FPS: 5.72567
2020/03/09 14:51:43 449443	INFO [input.cpp->run:173]	
frame_id 41
2020/03/09 14:51:43 504515	INFO [input.cpp->run:235]	rotation: 
[-0.9960315063396366, -0.01671274826996808, -0.08741808979873193;
 0.008801897286068176, -0.9958930283692589, 0.09010883780002962;
 -0.08856503250696625, 0.08898179640112477, 0.9920879370934155]
2020/03/09 14:51:43 504569	INFO [input.cpp->run:256]	frame times (ms): 171.836
2020/03/09 14:51:43 504575	INFO [input.cpp->run:257]	FPS: 5.8195
2020/03/09 14:51:43 516026	INFO [input.cpp->run:173]	
frame_id 42
2020/03/09 14:51:43 570511	INFO [input.cpp->run:235]	rotation: 
[0.9999966927797215, 0.002571820340715876, -1.302898457200442e-05;
 -0.002571844737480855, 0.9999674090759806, -0.007652868776927413;
 -6.653243639973176e-06, 0.007652876975730012, 0.9999707162860964]
2020/03/09 14:51:43 570568	INFO [input.cpp->run:256]	frame times (ms): 171.648
2020/03/09 14:51:43 570574	INFO [input.cpp->run:257]	FPS: 5.82588
2020/03/09 14:51:43 583363	INFO [input.cpp->run:173]	
frame_id 43
2020/03/09 14:51:43 635843	INFO [input.cpp->run:235]	rotation: 
[0.9999539196185699, 0.009526227153001086, -0.001187280795753114;
 -0.009440527865342711, 0.9982448300598077, 0.05846482440313461;
 0.001742146113914422, -0.05845092176428958, 0.9982887631701675]
2020/03/09 14:51:43 635914	INFO [input.cpp->run:256]	frame times (ms): 171.246
2020/03/09 14:51:43 635918	INFO [input.cpp->run:257]	FPS: 5.83955
2020/03/09 14:51:43 649045	INFO [input.cpp->run:173]	
frame_id 44
2020/03/09 14:51:43 702328	INFO [input.cpp->run:235]	rotation: 
[-0.9998759213987644, -0.01256613263227094, -0.009499164049547764;
 0.01059668870325583, -0.9827482075277743, 0.1846447150326079;
 -0.01165555642165296, 0.1845211448902668, 0.9827594289005248]
2020/03/09 14:51:43 702384	INFO [input.cpp->run:256]	frame times (ms): 173.166
2020/03/09 14:51:43 702389	INFO [input.cpp->run:257]	FPS: 5.77481
2020/03/09 14:51:43 716216	INFO [input.cpp->run:173]	
frame_id 45
2020/03/09 14:51:43 771756	INFO [input.cpp->run:235]	rotation: 
[0.9999659751425124, 0.008243917504641164, 0.0002939072318852456;
 -0.008237542124969665, 0.9998141222500525, -0.01743169094197019;
 -0.0004375580231622923, 0.01742867675796663, 0.9998480133347482]
2020/03/09 14:51:43 771835	INFO [input.cpp->run:256]	frame times (ms): 172.624
2020/03/09 14:51:43 771841	INFO [input.cpp->run:257]	FPS: 5.79294
2020/03/09 14:51:43 782477	INFO [input.cpp->run:173]	
frame_id 46
2020/03/09 14:51:43 835841	INFO [input.cpp->run:235]	rotation: 
[-0.9608340552234785, -0.01625897277829767, -0.2766470027435683;
 -0.01465701584784538, -0.9938986676641054, 0.1093188469658928;
 -0.276736499597074, 0.1090920905460651, 0.9547333793112338]
2020/03/09 14:51:43 835904	INFO [input.cpp->run:256]	frame times (ms): 175.396
2020/03/09 14:51:43 835910	INFO [input.cpp->run:257]	FPS: 5.70138
2020/03/09 14:51:43 850439	INFO [input.cpp->run:173]	
frame_id 47
2020/03/09 14:51:43 902549	INFO [input.cpp->run:235]	rotation: 
[0.9999594175101851, 0.009008838387983102, -6.452589040841444e-05;
 -0.009008436252307746, 0.9997785693123404, -0.01901737153388434;
 -0.0001068128243168649, 0.01901718103896813, 0.9998191513550596]
2020/03/09 14:51:43 902610	INFO [input.cpp->run:256]	frame times (ms): 166.126
2020/03/09 14:51:43 902614	INFO [input.cpp->run:257]	FPS: 6.01953
2020/03/09 14:51:43 917030	INFO [input.cpp->run:173]	
frame_id 48
2020/03/09 14:51:43 970077	INFO [input.cpp->run:235]	rotation: 
[0.9999558324251178, 0.007707539405962303, -0.005378385937748323;
 -0.007718002949247446, 0.9999683581942445, -0.0019274441062177;
 0.005363359904503739, 0.001968869374215539, 0.9999836788287707]
2020/03/09 14:51:43 970140	INFO [input.cpp->run:256]	frame times (ms): 169.589
2020/03/09 14:51:43 970152	INFO [input.cpp->run:257]	FPS: 5.89661
2020/03/09 14:51:43 984529	INFO [input.cpp->run:173]	
frame_id 49
2020/03/09 14:51:44 038551	INFO [input.cpp->run:235]	rotation: 
[-0.9902074206054382, -0.01756032791940172, -0.1384951228790674;
 0.002189728800571986, -0.9938889399117452, 0.1103629476268522;
 -0.1395867804117025, 0.1089789429406913, 0.9841946559140755]
2020/03/09 14:51:44 038615	INFO [input.cpp->run:256]	frame times (ms): 168.797
2020/03/09 14:51:44 038619	INFO [input.cpp->run:257]	FPS: 5.92428
2020/03/09 14:51:44 049856	INFO [input.cpp->run:173]	
frame_id 50
2020/03/09 14:51:44 103329	INFO [input.cpp->run:235]	rotation: 
[0.9999629627014597, 0.008606175018859286, -8.352762390942333e-05;
 -0.008606312519103054, 0.9998081880250134, -0.01759313908781132;
 -6.789803180992329e-05, 0.01759320635030201, 0.9998452252624768]
2020/03/09 14:51:44 103395	INFO [input.cpp->run:256]	frame times (ms): 172.386
2020/03/09 14:51:44 103399	INFO [input.cpp->run:257]	FPS: 5.80094
2020/03/09 14:51:44 116943	INFO [input.cpp->run:173]	
frame_id 51
2020/03/09 14:51:44 170722	INFO [input.cpp->run:235]	rotation: 
[-0.9848363567880236, -0.006631913325980403, -0.1733590726617135;
 -0.002928798836973378, -0.9984910868620349, 0.05483586047874794;
 -0.1734611555532394, 0.0545120829056169, 0.9833309007304842]
2020/03/09 14:51:44 170782	INFO [input.cpp->run:256]	frame times (ms): 165.669
2020/03/09 14:51:44 170783	INFO [input.cpp->run:257]	FPS: 6.03613
2020/03/09 14:51:44 183978	INFO [input.cpp->run:173]	
frame_id 52
2020/03/09 14:51:44 237889	INFO [input.cpp->run:235]	rotation: 
[0.9999305066806945, 0.0117865139030296, -0.0002447433417013608;
 -0.01178855799637627, 0.9998634466901282, -0.01158092713487409;
 0.0001082111625028162, 0.01158300750888473, 0.9999329088630864]
2020/03/09 14:51:44 237948	INFO [input.cpp->run:256]	frame times (ms): 175.186
2020/03/09 14:51:44 237951	INFO [input.cpp->run:257]	FPS: 5.70822
2020/03/09 14:51:44 249331	INFO [input.cpp->run:173]	
frame_id 53
2020/03/09 14:51:44 308485	INFO [input.cpp->run:235]	rotation: 
[-0.9858894385890733, 0.02556468694969027, 0.1654341611024947;
 0.01996636829509806, -0.9632563409004418, 0.2678405605060528;
 0.1662027647652901, 0.2673642992178581, 0.9491538191927147]
2020/03/09 14:51:44 308552	INFO [input.cpp->run:256]	frame times (ms): 212.91
2020/03/09 14:51:44 308557	INFO [input.cpp->run:257]	FPS: 4.69682
2020/03/09 14:51:44 316239	INFO [input.cpp->run:173]	
frame_id 54
2020/03/09 14:51:44 374952	INFO [input.cpp->run:235]	rotation: 
[-0.9937896845336424, -0.01341232532520259, -0.1104634439255563;
 0.005558447228358137, -0.9974535161580367, 0.071102649517292;
 -0.1111358024172821, 0.07004707440957286, 0.9913335668621971]
2020/03/09 14:51:44 375016	INFO [input.cpp->run:256]	frame times (ms): 178.405
2020/03/09 14:51:44 375021	INFO [input.cpp->run:257]	FPS: 5.60522
2020/03/09 14:51:44 382920	INFO [input.cpp->run:173]	
frame_id 55
2020/03/09 14:51:44 440461	INFO [input.cpp->run:235]	rotation: 
[-0.9995851103608698, 0.007397837271184643, 0.02783665117352834;
 -0.00739718151695286, -0.9999726324727722, 0.0001265348934046788;
 0.02783682543776996, -7.943036616627124e-05, 0.9996124773332733]
2020/03/09 14:51:44 440522	INFO [input.cpp->run:256]	frame times (ms): 174.732
2020/03/09 14:51:44 440527	INFO [input.cpp->run:257]	FPS: 5.72305
2020/03/09 14:51:44 449702	INFO [input.cpp->run:173]	
frame_id 56
2020/03/09 14:51:44 509348	INFO [input.cpp->run:235]	rotation: 
[0.999910769341524, 0.01335793906338482, 0.0001371817063919542;
 -0.01335563402248268, 0.9998507618118129, -0.01095815423303269;
 -0.0002835395901346629, 0.01095534428104964, 0.9999399482153838]
2020/03/09 14:51:44 509416	INFO [input.cpp->run:256]	frame times (ms): 179.479
2020/03/09 14:51:44 509421	INFO [input.cpp->run:257]	FPS: 5.57168
2020/03/09 14:51:44 516439	INFO [input.cpp->run:173]	
frame_id 57
2020/03/09 14:51:44 576080	INFO [input.cpp->run:235]	rotation: 
[0.999947402466111, 0.01025632355224133, -1.133442383992172e-05;
 -0.01025620130632185, 0.9999397949351752, 0.003900876794267898;
 5.134239598964119e-05, -0.003900555369635921, 0.9999923914869386]
2020/03/09 14:51:44 576159	INFO [input.cpp->run:256]	frame times (ms): 189.82
2020/03/09 14:51:44 576164	INFO [input.cpp->run:257]	FPS: 5.26815
2020/03/09 14:51:44 583355	INFO [input.cpp->run:173]	
frame_id 58
2020/03/09 14:51:44 641485	INFO [input.cpp->run:235]	rotation: 
[-0.9931462511697723, -0.01892032696898788, -0.1153366594574949;
 0.004104335244586758, -0.9918474028951416, 0.1273651592954788;
 -0.1168061565998453, 0.1260188501675414, 0.9851271852826028]
2020/03/09 14:51:44 641546	INFO [input.cpp->run:256]	frame times (ms): 182.891
2020/03/09 14:51:44 641551	INFO [input.cpp->run:257]	FPS: 5.46774
2020/03/09 14:51:44 649987	INFO [input.cpp->run:173]	
frame_id 59
2020/03/09 14:51:44 706942	INFO [input.cpp->run:235]	rotation: 
[0.9997945820093773, 0.01963466589759945, -0.005027293484990494;
 -0.01932342059866894, 0.9982510481264337, 0.05586994121031007;
 0.006115488620013914, -0.05576132001276702, 0.9984253983094442]
2020/03/09 14:51:44 707010	INFO [input.cpp->run:256]	frame times (ms): 183.718
2020/03/09 14:51:44 707015	INFO [input.cpp->run:257]	FPS: 5.44312
2020/03/09 14:51:44 716520	INFO [input.cpp->run:173]	
frame_id 60
2020/03/09 14:51:44 770068	INFO [input.cpp->run:235]	rotation: 
[-0.9575795635888457, 0.001901217883441932, -0.2881627400750411;
 -0.001571141132988007, -0.9999978180683501, -0.001376725854799988;
 -0.2881647287794539, -0.0008655802092944244, 0.9575804612973084]
2020/03/09 14:51:44 770128	INFO [input.cpp->run:256]	frame times (ms): 173.048
2020/03/09 14:51:44 770135	INFO [input.cpp->run:257]	FPS: 5.77874
2020/03/09 14:51:44 783463	INFO [input.cpp->run:173]	
frame_id 61
2020/03/09 14:51:44 838862	INFO [input.cpp->run:235]	rotation: 
[-0.9992261974894047, 0.03366300468607146, 0.02034228026477831;
 -0.03176399571383287, -0.9956674990878198, 0.08739153183517182;
 0.02319600886266569, 0.08667775594529298, 0.9959663206138705]
2020/03/09 14:51:44 838929	INFO [input.cpp->run:256]	frame times (ms): 174.69
2020/03/09 14:51:44 838934	INFO [input.cpp->run:257]	FPS: 5.72443
2020/03/09 14:51:44 850239	INFO [input.cpp->run:173]	
frame_id 62
2020/03/09 14:51:44 903767	INFO [input.cpp->run:235]	rotation: 
[0.9999606353039666, 0.008794618537769737, 0.001175809194821407;
 -0.008787838484501967, 0.999945411809564, -0.005652193890150284;
 -0.001225453898690548, 0.005641638571963194, 0.9999833349496208]
2020/03/09 14:51:44 903841	INFO [input.cpp->run:256]	frame times (ms): 175.61
2020/03/09 14:51:44 903847	INFO [input.cpp->run:257]	FPS: 5.69444
2020/03/09 14:51:44 916609	INFO [input.cpp->run:173]	
frame_id 63
2020/03/09 14:51:44 974964	INFO [input.cpp->run:235]	rotation: 
[-0.9054011606774987, 0.08429646712586805, -0.4161043665643702;
 0.1961688995262617, -0.7861311216931406, -0.5861020579763736;
 -0.3765189252912711, -0.6122842192442839, 0.6952276848356407]
2020/03/09 14:51:44 975030	INFO [input.cpp->run:256]	frame times (ms): 184.241
2020/03/09 14:51:44 975035	INFO [input.cpp->run:257]	FPS: 5.42767
2020/03/09 14:51:44 984100	INFO [input.cpp->run:173]	
frame_id 64
2020/03/09 14:51:45 039401	INFO [input.cpp->run:235]	rotation: 
[0.9998310902256483, 0.01790014058859658, -0.004168451163212177;
 -0.01764113395847244, 0.9983000536993049, 0.05554991608116405;
 0.005155716327615224, -0.05546699695200395, 0.9984472098404981]
2020/03/09 14:51:45 039469	INFO [input.cpp->run:256]	frame times (ms): 174.184
2020/03/09 14:51:45 039474	INFO [input.cpp->run:257]	FPS: 5.74106
2020/03/09 14:51:45 049847	INFO [input.cpp->run:173]	
frame_id 65
2020/03/09 14:51:45 106518	INFO [input.cpp->run:235]	rotation: 
[-0.9899124976518617, 0.00511252936963423, -0.1415878138686289;
 -0.004987991125744992, -0.9999867979164644, -0.001234478556219828;
 -0.1415922559223574, -0.0005157869917948791, 0.9899249299955007]
2020/03/09 14:51:45 106584	INFO [input.cpp->run:256]	frame times (ms): 178.007
2020/03/09 14:51:45 106591	INFO [input.cpp->run:257]	FPS: 5.61776
2020/03/09 14:51:45 123687	INFO [input.cpp->run:173]	
frame_id 66
2020/03/09 14:51:45 183974	INFO [input.cpp->run:235]	rotation: 
[0.9999680296053035, 0.007716905787387062, -0.00209502562168126;
 -0.007582551444483428, 0.9982907030367131, 0.05794978122527238;
 0.002538637602863231, -0.05793204290834012, 0.9983173011240402]
2020/03/09 14:51:45 184041	INFO [input.cpp->run:256]	frame times (ms): 192.392
2020/03/09 14:51:45 184052	INFO [input.cpp->run:257]	FPS: 5.19772
2020/03/09 14:51:45 188993	INFO [input.cpp->run:173]	
frame_id 67
2020/03/09 14:51:45 241061	INFO [input.cpp->run:235]	rotation: 
[0.9997722996676101, 0.02049481000233815, -0.005942354777920033;
 -0.02013223032570675, 0.9982430073827147, 0.05572783428078167;
 0.007074045479872344, -0.05559551217932641, 0.9984283133535763]
2020/03/09 14:51:45 241126	INFO [input.cpp->run:256]	frame times (ms): 169.004
2020/03/09 14:51:45 241131	INFO [input.cpp->run:257]	FPS: 5.91702
2020/03/09 14:51:45 255468	INFO [input.cpp->run:173]	
frame_id 68
2020/03/09 14:51:45 311109	INFO [input.cpp->run:235]	rotation: 
[-0.9986513274640663, -0.01834030945423643, -0.04857117667280765;
 0.0118978745636912, -0.9914752864344345, 0.1297505181901901;
 -0.05053678595958511, 0.1289976334623198, 0.9903563216469085]
2020/03/09 14:51:45 311164	INFO [input.cpp->run:256]	frame times (ms): 179.195
2020/03/09 14:51:45 311166	INFO [input.cpp->run:257]	FPS: 5.58051
2020/03/09 14:51:45 317491	INFO [input.cpp->run:173]	
frame_id 69
2020/03/09 14:51:45 372726	INFO [input.cpp->run:235]	rotation: 
[0.9999818910201258, 0.005995541845930766, 0.0005206820400935723;
 -0.005991168821145621, 0.9999498178291842, -0.008029179256793518;
 -0.0005687951913610804, 0.008025914362543612, 0.9999676300614312]
2020/03/09 14:51:45 372778	INFO [input.cpp->run:256]	frame times (ms): 175.713
2020/03/09 14:51:45 372781	INFO [input.cpp->run:257]	FPS: 5.6911
2020/03/09 14:51:45 383853	INFO [input.cpp->run:173]	
frame_id 70
2020/03/09 14:51:45 436122	INFO [input.cpp->run:235]	rotation: 
[-0.9960437450073076, -0.05387381877251365, -0.07067156205068514;
 0.06558176223449264, -0.9822938137424939, -0.1754932931637138;
 -0.05996574433821329, -0.179433762525599, 0.9819407489109875]
2020/03/09 14:51:45 436173	INFO [input.cpp->run:256]	frame times (ms): 167.55
2020/03/09 14:51:45 436175	INFO [input.cpp->run:257]	FPS: 5.96837
2020/03/09 14:51:45 450698	INFO [input.cpp->run:173]	
frame_id 71
2020/03/09 14:51:45 502809	INFO [input.cpp->run:235]	rotation: 
[-0.9698840360322832, 0.08248620294332072, 0.2291745687761234;
 0.1125037342298585, -0.6828066013918508, 0.7218850704094438;
 0.2160274668510146, 0.7259278004179918, 0.6529632165338495]
2020/03/09 14:51:45 502875	INFO [input.cpp->run:256]	frame times (ms): 163.256
2020/03/09 14:51:45 502880	INFO [input.cpp->run:257]	FPS: 6.12535
2020/03/09 14:51:45 518617	INFO [input.cpp->run:173]	
frame_id 72
2020/03/09 14:51:45 573998	INFO [input.cpp->run:235]	rotation: 
[0.9999872520529423, 0.004834757955208603, -0.001456312850994229;
 -0.004741067794605357, 0.998268668525264, 0.05862753377862276;
 0.001737241426048698, -0.05861988191996931, 0.9982788645643643]
2020/03/09 14:51:45 574063	INFO [input.cpp->run:256]	frame times (ms): 170.688
2020/03/09 14:51:45 574080	INFO [input.cpp->run:257]	FPS: 5.85864
2020/03/09 14:51:45 583664	INFO [input.cpp->run:173]	
frame_id 73
2020/03/09 14:51:45 636381	INFO [input.cpp->run:235]	rotation: 
[-0.9731621898335295, -0.02759361783444044, -0.2284599407625246;
 -0.0006944056360681863, -0.9924281771024888, 0.1228243912822033;
 -0.2301192518656838, 0.1196866974556405, 0.9657744169178115]
2020/03/09 14:51:45 636442	INFO [input.cpp->run:256]	frame times (ms): 170.241
2020/03/09 14:51:45 636447	INFO [input.cpp->run:257]	FPS: 5.87403
2020/03/09 14:51:45 650213	INFO [input.cpp->run:173]	
frame_id 74
2020/03/09 14:51:45 702455	INFO [input.cpp->run:235]	rotation: 
[-0.9999417248673628, -0.0001688888627647644, -0.01079436639341966;
 0.0003286640932838184, -0.9998903953491167, -0.01480166438279011;
 -0.01079068344439497, -0.01480434953447821, 0.9998321821114105]
2020/03/09 14:51:45 702517	INFO [input.cpp->run:256]	frame times (ms): 168.219
2020/03/09 14:51:45 702521	INFO [input.cpp->run:257]	FPS: 5.94463
2020/03/09 14:51:45 716999	INFO [input.cpp->run:173]	
frame_id 75
2020/03/09 14:51:45 771454	INFO [input.cpp->run:235]	rotation: 
[-0.9995757059258911, 0.002165363823030484, 0.02904684702804232;
 -0.002692452128265095, -0.9998322063125351, -0.0181193245388812;
 0.02900273822061602, -0.01818984386195254, 0.9994138135707267]
2020/03/09 14:51:45 771521	INFO [input.cpp->run:256]	frame times (ms): 177.376
2020/03/09 14:51:45 771526	INFO [input.cpp->run:257]	FPS: 5.63774
2020/03/09 14:51:45 784222	INFO [input.cpp->run:173]	
frame_id 76
2020/03/09 14:51:45 836229	INFO [input.cpp->run:235]	rotation: 
[-0.9727126900541833, -0.01791110117650652, -0.2313205893607382;
 -0.01631617955607503, -0.9892664754826178, 0.1452088935667961;
 -0.2314385553278629, 0.1450208017521768, 0.961979813804275]
2020/03/09 14:51:45 836271	INFO [input.cpp->run:256]	frame times (ms): 171.735
2020/03/09 14:51:45 836273	INFO [input.cpp->run:257]	FPS: 5.82292
2020/03/09 14:51:45 856116	INFO [input.cpp->run:173]	
frame_id 77
2020/03/09 14:51:45 907851	INFO [input.cpp->run:235]	rotation: 
[-0.9988853218941157, -1.905315297317931e-05, 0.04720289547756684;
 0.0004278121554269001, -0.9999625006036773, 0.008649529651976668;
 0.04720096059667014, 0.008660082183104061, 0.9988478724487191]
2020/03/09 14:51:45 907899	INFO [input.cpp->run:256]	frame times (ms): 169.936
2020/03/09 14:51:45 907904	INFO [input.cpp->run:257]	FPS: 5.88457
2020/03/09 14:51:45 923117	INFO [input.cpp->run:173]	
frame_id 78
2020/03/09 14:51:45 976810	INFO [input.cpp->run:235]	rotation: 
[-0.9942461338309763, -0.0124037190989623, -0.1063991217758424;
 0.001268389639368863, -0.9945669230355559, 0.1040914347643904;
 -0.1071121680757105, 0.103357551035716, 0.9888600508130665]
2020/03/09 14:51:45 976846	INFO [input.cpp->run:256]	frame times (ms): 178.309
2020/03/09 14:51:45 976849	INFO [input.cpp->run:257]	FPS: 5.60824
2020/03/09 14:51:45 983713	INFO [input.cpp->run:173]	
frame_id 79
2020/03/09 14:51:46 033708	INFO [input.cpp->run:235]	rotation: 
[-0.997080447214159, 0.005176352938608571, 0.07618259088182576;
 -0.006117831461690501, -0.9999077133492144, -0.01213000094607029;
 0.0761127710796226, -0.01256065901934587, 0.9970200980539861]
2020/03/09 14:51:46 033748	INFO [input.cpp->run:256]	frame times (ms): 173.538
2020/03/09 14:51:46 033752	INFO [input.cpp->run:257]	FPS: 5.76243
2020/03/09 14:51:46 050822	INFO [input.cpp->run:173]	
frame_id 80
2020/03/09 14:51:46 104875	INFO [input.cpp->run:235]	rotation: 
[-0.9859030796231109, -0.000870810350467551, -0.167315149580065;
 0.00211009794369734, -0.9999716421683045, -0.007229270080200335;
 -0.167304109562001, -0.007480410988575032, 0.9858769590446408]
2020/03/09 14:51:46 104925	INFO [input.cpp->run:256]	frame times (ms): 180.376
2020/03/09 14:51:46 104928	INFO [input.cpp->run:257]	FPS: 5.54397
2020/03/09 14:51:46 117337	INFO [input.cpp->run:173]	
frame_id 81
2020/03/09 14:51:46 168857	INFO [input.cpp->run:235]	rotation: 
[-0.9538671334852005, -0.009452835664417635, -0.3000802152002498;
 -0.02108702212982727, -0.9949264032667597, 0.09837067439214349;
 -0.2994876110199267, 0.1001603513400909, 0.9488282641579595]
2020/03/09 14:51:46 168897	INFO [input.cpp->run:256]	frame times (ms): 175.529
2020/03/09 14:51:46 168901	INFO [input.cpp->run:257]	FPS: 5.69706
2020/03/09 14:51:46 183896	INFO [input.cpp->run:173]	
frame_id 82
2020/03/09 14:51:46 237478	INFO [input.cpp->run:235]	rotation: 
[-0.9939625420823355, -0.01406015180089129, -0.1088153347123345;
 0.0008501908546104438, -0.9927125356099695, 0.1205035220163116;
 -0.1097166446476205, 0.119683473270794, 0.9867310292643621]
2020/03/09 14:51:46 237524	INFO [input.cpp->run:256]	frame times (ms): 170.499
2020/03/09 14:51:46 237528	INFO [input.cpp->run:257]	FPS: 5.86514
2020/03/09 14:51:46 250363	INFO [input.cpp->run:173]	
frame_id 83
2020/03/09 14:51:46 302131	INFO [input.cpp->run:235]	rotation: 
[-0.9935443021582184, -0.01268019787422531, -0.1127339000957978;
 0.0007646194813107536, -0.9944595570843122, 0.1051170998492742;
 -0.1134422099837077, 0.1043522970784255, 0.9880493221942261]
2020/03/09 14:51:46 302175	INFO [input.cpp->run:256]	frame times (ms): 169.12
2020/03/09 14:51:46 302177	INFO [input.cpp->run:257]	FPS: 5.91296
2020/03/09 14:51:46 317412	INFO [input.cpp->run:173]	
frame_id 84
2020/03/09 14:51:46 372262	INFO [input.cpp->run:235]	rotation: 
