		g3log created log at: Sun Mar 08 16:03:46 2020
		LOG format: [YYYY/MM/DD hh:mm:ss uuu* LEVEL FILE->FUNCTION:LINE] message		(uuu*: microseconds fractions of the seconds value)

2020/03/08 16:03:46 254509	INFO [g3logger.h->logBanner:29]	Starting log.
2020/03/08 16:03:46 257443	DEBUG [main.cpp->main:49]	Filepath: /home/mitchell/KITTI/data_odometry_gray/dataset/sequences/00/
2020/03/08 16:03:46 257448	DEBUG [main.cpp->main:53]	Calibration Filepath: /home/mitchell/visual_odom_ws/src/visual_odom/calibration/old/zed.yaml
2020/03/08 16:03:46 257522	INFO [main.cpp->main:67]	P_left: 
[718.85602, 0, 607.19281, 0;
 0, 718.85602, 185.2157, 0;
 0, 0, 1, 0]
2020/03/08 16:03:46 257529	INFO [main.cpp->main:68]	P_right: 
[718.85602, 0, 607.19281, -386.14481;
 0, 718.85602, 185.2157, 0;
 0, 0, 1, 0]
2020/03/08 16:03:46 310059	INFO [input.cpp->Input:22]	frame_pose [1, 0, 0, 0;
 0, 1, 0, 0;
 0, 0, 1, 0;
 0, 0, 0, 1]
2020/03/08 16:03:46 552021	INFO [input.cpp->run:173]	
frame_id 1
2020/03/08 16:03:46 613064	INFO [input.cpp->run:196]	Not enough points
2020/03/08 16:03:46 661620	INFO [input.cpp->run:173]	
frame_id 2
2020/03/08 16:03:46 697453	INFO [input.cpp->run:196]	Not enough points
2020/03/08 16:03:46 728067	INFO [input.cpp->run:173]	
frame_id 3
2020/03/08 16:03:46 754469	INFO [input.cpp->run:196]	Not enough points
2020/03/08 16:03:46 794847	INFO [input.cpp->run:173]	
frame_id 4
2020/03/08 16:03:46 827418	INFO [input.cpp->run:196]	Not enough points
2020/03/08 16:03:46 861442	INFO [input.cpp->run:173]	
frame_id 5
2020/03/08 16:03:46 894289	INFO [input.cpp->run:196]	Not enough points
2020/03/08 16:03:46 928090	INFO [input.cpp->run:173]	
frame_id 6
2020/03/08 16:03:46 955451	INFO [input.cpp->run:196]	Not enough points
2020/03/08 16:03:46 994956	INFO [input.cpp->run:173]	
frame_id 7
2020/03/08 16:03:47 028788	INFO [input.cpp->run:196]	Not enough points
2020/03/08 16:03:47 061404	INFO [input.cpp->run:173]	
frame_id 8
2020/03/08 16:03:47 088770	INFO [input.cpp->run:196]	Not enough points
2020/03/08 16:03:47 128476	INFO [input.cpp->run:173]	
frame_id 9
2020/03/08 16:03:47 160416	INFO [input.cpp->run:196]	Not enough points
2020/03/08 16:03:47 194632	INFO [input.cpp->run:173]	
frame_id 10
2020/03/08 16:03:47 222339	INFO [input.cpp->run:196]	Not enough points
2020/03/08 16:03:47 261540	INFO [input.cpp->run:173]	
frame_id 11
2020/03/08 16:03:47 294449	INFO [input.cpp->run:196]	Not enough points
2020/03/08 16:03:47 328019	INFO [input.cpp->run:173]	
frame_id 12
2020/03/08 16:03:47 356821	INFO [input.cpp->run:196]	Not enough points
2020/03/08 16:03:47 394608	INFO [input.cpp->run:173]	
frame_id 13
2020/03/08 16:03:47 423700	INFO [input.cpp->run:196]	Not enough points
2020/03/08 16:03:47 461841	INFO [input.cpp->run:173]	
frame_id 14
2020/03/08 16:03:47 490738	INFO [input.cpp->run:196]	Not enough points
2020/03/08 16:03:47 528212	INFO [input.cpp->run:173]	
frame_id 15
2020/03/08 16:03:47 556688	INFO [input.cpp->run:196]	Not enough points
2020/03/08 16:03:47 594924	INFO [input.cpp->run:173]	
frame_id 16
2020/03/08 16:03:47 625080	INFO [input.cpp->run:196]	Not enough points
2020/03/08 16:03:47 661501	INFO [input.cpp->run:173]	
frame_id 17
2020/03/08 16:03:47 694093	INFO [input.cpp->run:196]	Not enough points
2020/03/08 16:03:47 729180	INFO [input.cpp->run:173]	
frame_id 18
2020/03/08 16:03:47 757948	INFO [input.cpp->run:196]	Not enough points
2020/03/08 16:03:47 794687	INFO [input.cpp->run:173]	
frame_id 19
2020/03/08 16:03:47 822994	INFO [input.cpp->run:196]	Not enough points
2020/03/08 16:03:47 861500	INFO [input.cpp->run:173]	
frame_id 20
2020/03/08 16:03:47 897317	INFO [input.cpp->run:196]	Not enough points
2020/03/08 16:03:47 928287	INFO [input.cpp->run:173]	
frame_id 21
2020/03/08 16:03:47 954692	INFO [input.cpp->run:196]	Not enough points
2020/03/08 16:03:47 995124	INFO [input.cpp->run:173]	
frame_id 22
2020/03/08 16:03:48 027309	INFO [input.cpp->run:196]	Not enough points
2020/03/08 16:03:48 061607	INFO [input.cpp->run:173]	
frame_id 23
2020/03/08 16:03:48 092301	INFO [input.cpp->run:196]	Not enough points
2020/03/08 16:03:48 128205	INFO [input.cpp->run:173]	
frame_id 24
2020/03/08 16:03:48 158537	INFO [input.cpp->run:196]	Not enough points
2020/03/08 16:03:48 195088	INFO [input.cpp->run:173]	
frame_id 25
2020/03/08 16:03:48 227432	INFO [input.cpp->run:196]	Not enough points
2020/03/08 16:03:48 261690	INFO [input.cpp->run:173]	
frame_id 26
2020/03/08 16:03:48 289657	INFO [input.cpp->run:196]	Not enough points
2020/03/08 16:03:48 328492	INFO [input.cpp->run:173]	
frame_id 27
2020/03/08 16:03:48 363934	INFO [input.cpp->run:196]	Not enough points
2020/03/08 16:03:48 394918	INFO [input.cpp->run:173]	
frame_id 28
2020/03/08 16:03:48 421151	INFO [input.cpp->run:196]	Not enough points
2020/03/08 16:03:48 461662	INFO [input.cpp->run:173]	
frame_id 29
2020/03/08 16:03:48 496126	INFO [input.cpp->run:196]	Not enough points
2020/03/08 16:03:48 528129	INFO [input.cpp->run:173]	
frame_id 30
2020/03/08 16:03:48 555105	INFO [input.cpp->run:196]	Not enough points
2020/03/08 16:03:48 595173	INFO [input.cpp->run:173]	
frame_id 31
2020/03/08 16:03:48 633660	INFO [input.cpp->run:196]	Not enough points
2020/03/08 16:03:48 661469	INFO [input.cpp->run:173]	
frame_id 32
2020/03/08 16:03:48 689148	INFO [input.cpp->run:196]	Not enough points
2020/03/08 16:03:48 728339	INFO [input.cpp->run:173]	
frame_id 33
2020/03/08 16:03:48 758207	INFO [input.cpp->run:196]	Not enough points
2020/03/08 16:03:48 794819	INFO [input.cpp->run:173]	
frame_id 34
2020/03/08 16:03:48 822773	INFO [input.cpp->run:196]	Not enough points
2020/03/08 16:03:48 861487	INFO [input.cpp->run:173]	
frame_id 35
2020/03/08 16:03:48 893685	INFO [input.cpp->run:196]	Not enough points
2020/03/08 16:03:48 928514	INFO [input.cpp->run:173]	
frame_id 36
2020/03/08 16:03:48 954928	INFO [input.cpp->run:196]	Not enough points
2020/03/08 16:03:48 995210	INFO [input.cpp->run:173]	
frame_id 37
2020/03/08 16:03:49 030756	INFO [input.cpp->run:196]	Not enough points
2020/03/08 16:03:49 061792	INFO [input.cpp->run:173]	
frame_id 38
2020/03/08 16:03:49 088480	INFO [input.cpp->run:196]	Not enough points
2020/03/08 16:03:49 128548	INFO [input.cpp->run:173]	
frame_id 39
2020/03/08 16:03:49 158526	INFO [input.cpp->run:196]	Not enough points
2020/03/08 16:03:49 194782	INFO [input.cpp->run:173]	
frame_id 40
2020/03/08 16:03:49 222813	INFO [input.cpp->run:196]	Not enough points
2020/03/08 16:03:49 261668	INFO [input.cpp->run:173]	
frame_id 41
2020/03/08 16:03:49 292795	INFO [input.cpp->run:196]	Not enough points
2020/03/08 16:03:49 328442	INFO [input.cpp->run:173]	
frame_id 42
2020/03/08 16:03:49 359901	INFO [input.cpp->run:196]	Not enough points
2020/03/08 16:03:49 394962	INFO [input.cpp->run:173]	
frame_id 43
2020/03/08 16:03:49 423506	INFO [input.cpp->run:196]	Not enough points
2020/03/08 16:03:49 461687	INFO [input.cpp->run:173]	
frame_id 44
2020/03/08 16:03:49 488682	INFO [input.cpp->run:196]	Not enough points
2020/03/08 16:03:49 528510	INFO [input.cpp->run:173]	
frame_id 45
2020/03/08 16:03:49 558724	INFO [input.cpp->run:196]	Not enough points
2020/03/08 16:03:49 594932	INFO [input.cpp->run:173]	
frame_id 46
2020/03/08 16:03:49 623030	INFO [input.cpp->run:196]	Not enough points
2020/03/08 16:03:49 661640	INFO [input.cpp->run:173]	
frame_id 47
2020/03/08 16:03:49 692024	INFO [input.cpp->run:196]	Not enough points
2020/03/08 16:03:49 728101	INFO [input.cpp->run:173]	
frame_id 48
2020/03/08 16:03:49 756489	INFO [input.cpp->run:196]	Not enough points
2020/03/08 16:03:49 795328	INFO [input.cpp->run:173]	
frame_id 49
2020/03/08 16:03:49 829109	INFO [input.cpp->run:196]	Not enough points
2020/03/08 16:03:49 861691	INFO [input.cpp->run:173]	
frame_id 50
2020/03/08 16:03:49 888718	INFO [input.cpp->run:196]	Not enough points
2020/03/08 16:03:49 928753	INFO [input.cpp->run:173]	
frame_id 51
2020/03/08 16:03:49 961707	INFO [input.cpp->run:196]	Not enough points
2020/03/08 16:03:49 995048	INFO [input.cpp->run:173]	
frame_id 52
2020/03/08 16:03:50 022222	INFO [input.cpp->run:196]	Not enough points
2020/03/08 16:03:50 062044	INFO [input.cpp->run:173]	
frame_id 53
2020/03/08 16:03:50 101872	INFO [input.cpp->run:196]	Not enough points
2020/03/08 16:03:50 128580	INFO [input.cpp->run:173]	
frame_id 54
2020/03/08 16:03:50 154792	INFO [input.cpp->run:196]	Not enough points
2020/03/08 16:03:50 195139	INFO [input.cpp->run:173]	
frame_id 55
2020/03/08 16:03:50 234241	INFO [input.cpp->run:196]	Not enough points
2020/03/08 16:03:50 261454	INFO [input.cpp->run:173]	
frame_id 56
2020/03/08 16:03:50 288840	INFO [input.cpp->run:196]	Not enough points
2020/03/08 16:03:50 328612	INFO [input.cpp->run:173]	
frame_id 57
2020/03/08 16:03:50 363946	INFO [input.cpp->run:196]	Not enough points
2020/03/08 16:03:50 395015	INFO [input.cpp->run:173]	
frame_id 58
2020/03/08 16:03:50 421590	INFO [input.cpp->run:196]	Not enough points
2020/03/08 16:03:50 462133	INFO [input.cpp->run:173]	
frame_id 59
2020/03/08 16:03:50 500871	INFO [input.cpp->run:196]	Not enough points
2020/03/08 16:03:50 528257	INFO [input.cpp->run:173]	
frame_id 60
2020/03/08 16:03:50 555297	INFO [input.cpp->run:196]	Not enough points
2020/03/08 16:03:50 595441	INFO [input.cpp->run:173]	
frame_id 61
2020/03/08 16:03:50 631164	INFO [input.cpp->run:196]	Not enough points
2020/03/08 16:03:50 661667	INFO [input.cpp->run:173]	
frame_id 62
2020/03/08 16:03:50 688491	INFO [input.cpp->run:196]	Not enough points
2020/03/08 16:03:50 728847	INFO [input.cpp->run:173]	
frame_id 63
2020/03/08 16:03:50 761522	INFO [input.cpp->run:196]	Not enough points
2020/03/08 16:03:50 795213	INFO [input.cpp->run:173]	
frame_id 64
2020/03/08 16:03:50 823355	INFO [input.cpp->run:196]	Not enough points
2020/03/08 16:03:50 862111	INFO [input.cpp->run:173]	
frame_id 65
2020/03/08 16:03:50 897272	INFO [input.cpp->run:196]	Not enough points
2020/03/08 16:03:50 928601	INFO [input.cpp->run:173]	
frame_id 66
2020/03/08 16:03:50 956168	INFO [input.cpp->run:196]	Not enough points
2020/03/08 16:03:50 995265	INFO [input.cpp->run:173]	
frame_id 67
2020/03/08 16:03:51 026387	INFO [input.cpp->run:196]	Not enough points
2020/03/08 16:03:51 061617	INFO [input.cpp->run:173]	
frame_id 68
2020/03/08 16:03:51 093804	INFO [input.cpp->run:196]	Not enough points
2020/03/08 16:03:51 128601	INFO [input.cpp->run:173]	
frame_id 69
2020/03/08 16:03:51 157080	INFO [input.cpp->run:196]	Not enough points
2020/03/08 16:03:51 195394	INFO [input.cpp->run:173]	
frame_id 70
2020/03/08 16:03:51 222666	INFO [input.cpp->run:196]	Not enough points
2020/03/08 16:03:51 261955	INFO [input.cpp->run:173]	
frame_id 71
2020/03/08 16:03:51 293062	INFO [input.cpp->run:196]	Not enough points
2020/03/08 16:03:51 328727	INFO [input.cpp->run:173]	
frame_id 72
2020/03/08 16:03:51 358870	INFO [input.cpp->run:196]	Not enough points
2020/03/08 16:03:51 395082	INFO [input.cpp->run:173]	
frame_id 73
2020/03/08 16:03:51 428512	INFO [input.cpp->run:196]	Not enough points
2020/03/08 16:03:51 461760	INFO [input.cpp->run:173]	
frame_id 74
2020/03/08 16:03:51 492907	INFO [input.cpp->run:196]	Not enough points
2020/03/08 16:03:51 528842	INFO [input.cpp->run:173]	
frame_id 75
2020/03/08 16:03:51 564636	INFO [input.cpp->run:196]	Not enough points
2020/03/08 16:03:51 594973	INFO [input.cpp->run:173]	
frame_id 76
2020/03/08 16:03:51 622183	INFO [input.cpp->run:196]	Not enough points
2020/03/08 16:03:51 661641	INFO [input.cpp->run:173]	
frame_id 77
2020/03/08 16:03:51 692235	INFO [input.cpp->run:196]	Not enough points
2020/03/08 16:03:51 728921	INFO [input.cpp->run:173]	
frame_id 78
2020/03/08 16:03:51 759615	INFO [input.cpp->run:196]	Not enough points
2020/03/08 16:03:51 795214	INFO [input.cpp->run:173]	
frame_id 79
2020/03/08 16:03:51 822642	INFO [input.cpp->run:196]	Not enough points
2020/03/08 16:03:51 861672	INFO [input.cpp->run:173]	
frame_id 80
2020/03/08 16:03:51 890987	INFO [input.cpp->run:196]	Not enough points
2020/03/08 16:03:51 928701	INFO [input.cpp->run:173]	
frame_id 81
2020/03/08 16:03:51 959247	INFO [input.cpp->run:196]	Not enough points
2020/03/08 16:03:51 994896	INFO [input.cpp->run:173]	
frame_id 82
2020/03/08 16:03:52 021331	INFO [input.cpp->run:196]	Not enough points
2020/03/08 16:03:52 062076	INFO [input.cpp->run:173]	
frame_id 83
2020/03/08 16:03:52 097441	INFO [input.cpp->run:196]	Not enough points
2020/03/08 16:03:52 128300	INFO [input.cpp->run:173]	
frame_id 84
2020/03/08 16:03:52 154823	INFO [input.cpp->run:196]	Not enough points
2020/03/08 16:03:52 195294	INFO [input.cpp->run:173]	
frame_id 85
2020/03/08 16:03:52 227851	INFO [input.cpp->run:196]	Not enough points
2020/03/08 16:03:52 261880	INFO [input.cpp->run:173]	
frame_id 86
2020/03/08 16:03:52 288629	INFO [input.cpp->run:196]	Not enough points
2020/03/08 16:03:52 328715	INFO [input.cpp->run:173]	
frame_id 87
2020/03/08 16:03:52 361619	INFO [input.cpp->run:196]	Not enough points
2020/03/08 16:03:52 395123	INFO [input.cpp->run:173]	
frame_id 88
2020/03/08 16:03:52 423547	INFO [input.cpp->run:196]	Not enough points
2020/03/08 16:03:52 461822	INFO [input.cpp->run:173]	
frame_id 89
2020/03/08 16:03:52 491998	INFO [input.cpp->run:196]	Not enough points
2020/03/08 16:03:52 528348	INFO [input.cpp->run:173]	
frame_id 90
2020/03/08 16:03:52 558977	INFO [input.cpp->run:196]	Not enough points
2020/03/08 16:03:52 595189	INFO [input.cpp->run:173]	
frame_id 91
2020/03/08 16:03:52 625450	INFO [input.cpp->run:196]	Not enough points
2020/03/08 16:03:52 661727	INFO [input.cpp->run:173]	
frame_id 92
2020/03/08 16:03:52 693435	INFO [input.cpp->run:196]	Not enough points
2020/03/08 16:03:52 728811	INFO [input.cpp->run:173]	
frame_id 93
2020/03/08 16:03:52 761802	INFO [input.cpp->run:196]	Not enough points
2020/03/08 16:03:52 795439	INFO [input.cpp->run:173]	
frame_id 94
2020/03/08 16:03:52 826860	INFO [input.cpp->run:196]	Not enough points
2020/03/08 16:03:52 861799	INFO [input.cpp->run:173]	
frame_id 95
2020/03/08 16:03:52 891471	INFO [input.cpp->run:196]	Not enough points
2020/03/08 16:03:52 928589	INFO [input.cpp->run:173]	
frame_id 96
2020/03/08 16:03:52 956888	INFO [input.cpp->run:196]	Not enough points
2020/03/08 16:03:52 995949	INFO [input.cpp->run:173]	
frame_id 97
2020/03/08 16:03:53 030911	INFO [input.cpp->run:196]	Not enough points
2020/03/08 16:03:53 061970	INFO [input.cpp->run:173]	
frame_id 98
2020/03/08 16:03:53 088991	INFO [input.cpp->run:196]	Not enough points
2020/03/08 16:03:53 128555	INFO [input.cpp->run:173]	
frame_id 99
2020/03/08 16:03:53 155544	INFO [input.cpp->run:196]	Not enough points
2020/03/08 16:03:53 195299	INFO [input.cpp->run:173]	
frame_id 100
2020/03/08 16:03:53 225821	INFO [input.cpp->run:196]	Not enough points
2020/03/08 16:03:53 261782	INFO [input.cpp->run:173]	
frame_id 101
2020/03/08 16:03:53 292725	INFO [input.cpp->run:196]	Not enough points
2020/03/08 16:03:53 328780	INFO [input.cpp->run:173]	
frame_id 102
2020/03/08 16:03:53 362711	INFO [input.cpp->run:196]	Not enough points
2020/03/08 16:03:53 395153	INFO [input.cpp->run:173]	
frame_id 103
2020/03/08 16:03:53 423918	INFO [input.cpp->run:196]	Not enough points
2020/03/08 16:03:53 462685	INFO [input.cpp->run:173]	
frame_id 104
2020/03/08 16:03:53 503866	INFO [input.cpp->run:196]	Not enough points
2020/03/08 16:03:53 528760	INFO [input.cpp->run:173]	
frame_id 105
2020/03/08 16:03:53 553775	INFO [input.cpp->run:196]	Not enough points
2020/03/08 16:03:53 595497	INFO [input.cpp->run:173]	
frame_id 106
2020/03/08 16:03:53 631187	INFO [input.cpp->run:196]	Not enough points
2020/03/08 16:03:53 661570	INFO [input.cpp->run:173]	
frame_id 107
2020/03/08 16:03:53 687633	INFO [input.cpp->run:196]	Not enough points
2020/03/08 16:03:53 728579	INFO [input.cpp->run:173]	
frame_id 108
2020/03/08 16:03:53 811168	INFO [input.cpp->run:235]	rotation: 
[-0.9104714563959888, -0.3472550498341704, 0.2246233680026072;
 0.3429867872427783, -0.3305209205576758, 0.8792701432725801;
 -0.2310882750488307, 0.8775932152417624, 0.420033757805943]
2020/03/08 16:03:53 811214	INFO [input.cpp->run:256]	frame times (ms): 92.606
2020/03/08 16:03:53 811218	INFO [input.cpp->run:257]	FPS: 10.7984
2020/03/08 16:03:53 823180	INFO [input.cpp->run:173]	
frame_id 109
2020/03/08 16:03:53 850858	INFO [input.cpp->run:196]	Not enough points
2020/03/08 16:03:53 862997	INFO [input.cpp->run:173]	
frame_id 110
2020/03/08 16:03:53 890059	INFO [input.cpp->run:196]	Not enough points
2020/03/08 16:03:53 928810	INFO [input.cpp->run:173]	
frame_id 111
2020/03/08 16:03:53 954830	INFO [input.cpp->run:196]	Not enough points
2020/03/08 16:03:53 995764	INFO [input.cpp->run:173]	
frame_id 112
2020/03/08 16:03:54 024369	INFO [input.cpp->run:196]	Not enough points
2020/03/08 16:03:54 062547	INFO [input.cpp->run:173]	
frame_id 113
2020/03/08 16:03:54 090468	INFO [input.cpp->run:196]	Not enough points
2020/03/08 16:03:54 128776	INFO [input.cpp->run:173]	
frame_id 114
2020/03/08 16:03:54 158385	INFO [input.cpp->run:196]	Not enough points
2020/03/08 16:03:54 196622	INFO [input.cpp->run:173]	
frame_id 115
2020/03/08 16:03:54 240920	INFO [input.cpp->run:196]	Not enough points
2020/03/08 16:03:54 261968	INFO [input.cpp->run:173]	
frame_id 116
2020/03/08 16:03:54 287849	INFO [input.cpp->run:196]	Not enough points
2020/03/08 16:03:54 329231	INFO [input.cpp->run:173]	
frame_id 117
2020/03/08 16:03:54 363156	INFO [input.cpp->run:196]	Not enough points
2020/03/08 16:03:54 395762	INFO [input.cpp->run:173]	
frame_id 118
2020/03/08 16:03:54 423987	INFO [input.cpp->run:196]	Not enough points
2020/03/08 16:03:54 462272	INFO [input.cpp->run:173]	
frame_id 119
2020/03/08 16:03:54 502349	INFO [input.cpp->run:196]	Not enough points
2020/03/08 16:03:54 528833	INFO [input.cpp->run:173]	
frame_id 120
2020/03/08 16:03:54 558541	INFO [input.cpp->run:235]	rotation: 
[0.9999946099926703, 0.0009763284136746487, -0.003134767684514505;
 -0.0009184867289437146, 0.9998302767190277, 0.0184003841829808;
 0.003152200459358376, -0.01839740576225863, 0.9998257843711987]
2020/03/08 16:03:54 558574	INFO [input.cpp->run:256]	frame times (ms): 42.631
2020/03/08 16:03:54 558577	INFO [input.cpp->run:257]	FPS: 23.4571
2020/03/08 16:03:54 595098	INFO [input.cpp->run:173]	
frame_id 121
2020/03/08 16:03:54 624278	INFO [input.cpp->run:235]	rotation: 
[0.9999694689472727, -0.007559144752842635, -0.001980026240971082;
 0.007602688963033601, 0.999706688068841, 0.02299428083155287;
 0.001805628378357374, -0.02300863231560113, 0.9997336357976182]
2020/03/08 16:03:54 624309	INFO [input.cpp->run:256]	frame times (ms): 42.789
2020/03/08 16:03:54 624312	INFO [input.cpp->run:257]	FPS: 23.3705
2020/03/08 16:03:54 662210	INFO [input.cpp->run:173]	
frame_id 122
2020/03/08 16:03:54 689309	INFO [input.cpp->run:196]	Not enough points
2020/03/08 16:03:54 729028	INFO [input.cpp->run:173]	
frame_id 123
2020/03/08 16:03:54 764414	INFO [input.cpp->run:196]	Not enough points
2020/03/08 16:03:54 795879	INFO [input.cpp->run:173]	
frame_id 124
2020/03/08 16:03:54 822919	INFO [input.cpp->run:196]	Not enough points
2020/03/08 16:03:54 862416	INFO [input.cpp->run:173]	
frame_id 125
2020/03/08 16:03:54 898512	INFO [input.cpp->run:196]	Not enough points
2020/03/08 16:03:54 928540	INFO [input.cpp->run:173]	
frame_id 126
2020/03/08 16:03:54 956678	INFO [input.cpp->run:235]	rotation: 
[0.999964338768793, -0.002832390307186694, -0.007956051523104798;
 0.0029718290357778, 0.9998412309427379, 0.01756932380863642;
 0.007905025165845538, -0.01759234128984443, 0.9998139927531866]
2020/03/08 16:03:54 956703	INFO [input.cpp->run:256]	frame times (ms): 42.53
2020/03/08 16:03:54 956706	INFO [input.cpp->run:257]	FPS: 23.5128
2020/03/08 16:03:54 995367	INFO [input.cpp->run:173]	
frame_id 127
2020/03/08 16:03:55 025232	INFO [input.cpp->run:196]	Not enough points
2020/03/08 16:03:55 062098	INFO [input.cpp->run:173]	
frame_id 128
2020/03/08 16:03:55 093607	INFO [input.cpp->run:196]	Not enough points
2020/03/08 16:03:55 128505	INFO [input.cpp->run:173]	
frame_id 129
2020/03/08 16:03:55 156536	INFO [input.cpp->run:196]	Not enough points
2020/03/08 16:03:55 195370	INFO [input.cpp->run:173]	
frame_id 130
2020/03/08 16:03:55 227162	INFO [input.cpp->run:196]	Not enough points
2020/03/08 16:03:55 262123	INFO [input.cpp->run:173]	
frame_id 131
2020/03/08 16:03:55 293853	INFO [input.cpp->run:196]	Not enough points
2020/03/08 16:03:55 328678	INFO [input.cpp->run:173]	
frame_id 132
2020/03/08 16:03:55 355706	INFO [input.cpp->run:196]	Not enough points
2020/03/08 16:03:55 396429	INFO [input.cpp->run:173]	
frame_id 133
2020/03/08 16:03:55 431822	INFO [input.cpp->run:196]	Not enough points
2020/03/08 16:03:55 462240	INFO [input.cpp->run:173]	
frame_id 134
2020/03/08 16:03:55 489564	INFO [input.cpp->run:196]	Not enough points
2020/03/08 16:03:55 529016	INFO [input.cpp->run:173]	
frame_id 135
2020/03/08 16:03:55 565160	INFO [input.cpp->run:196]	Not enough points
2020/03/08 16:03:55 595446	INFO [input.cpp->run:173]	
frame_id 136
2020/03/08 16:03:55 625773	INFO [input.cpp->run:235]	rotation: 
[0.9999981932199091, 0.001636583369092146, -0.0009670324676039186;
 -0.001639195806035719, 0.9999949928249214, -0.002706910082524139;
 0.0009625975414803597, 0.002708490347298091, 0.9999958687344722]
2020/03/08 16:03:55 625801	INFO [input.cpp->run:256]	frame times (ms): 44.087
2020/03/08 16:03:55 625804	INFO [input.cpp->run:257]	FPS: 22.6824
2020/03/08 16:03:55 661778	INFO [input.cpp->run:173]	
frame_id 137
2020/03/08 16:03:55 689405	INFO [input.cpp->run:196]	Not enough points
2020/03/08 16:03:55 728903	INFO [input.cpp->run:173]	
frame_id 138
2020/03/08 16:03:55 759602	INFO [input.cpp->run:196]	Not enough points
2020/03/08 16:03:55 795476	INFO [input.cpp->run:173]	
frame_id 139
2020/03/08 16:03:55 824601	INFO [input.cpp->run:196]	Not enough points
2020/03/08 16:03:55 862351	INFO [input.cpp->run:173]	
frame_id 140
2020/03/08 16:03:55 896301	INFO [input.cpp->run:196]	Not enough points
2020/03/08 16:03:55 928779	INFO [input.cpp->run:173]	
frame_id 141
2020/03/08 16:03:55 956487	INFO [input.cpp->run:196]	Not enough points
2020/03/08 16:03:55 995402	INFO [input.cpp->run:173]	
frame_id 142
2020/03/08 16:03:56 026348	INFO [input.cpp->run:196]	Not enough points
2020/03/08 16:03:56 062592	INFO [input.cpp->run:173]	
frame_id 143
2020/03/08 16:03:56 092708	INFO [input.cpp->run:196]	Not enough points
2020/03/08 16:03:56 128984	INFO [input.cpp->run:173]	
frame_id 144
2020/03/08 16:03:56 162355	INFO [input.cpp->run:235]	rotation: 
[0.9999990415423893, -0.0009987322170154954, 0.0009588786478946155;
 0.001003974388416269, 0.9999844688900734, -0.005482154144606254;
 -0.0009533885514820655, 0.005483111579797976, 0.9999845131489155]
2020/03/08 16:03:56 162376	INFO [input.cpp->run:256]	frame times (ms): 48.131
2020/03/08 16:03:56 162380	INFO [input.cpp->run:257]	FPS: 20.7766
2020/03/08 16:03:56 195099	INFO [input.cpp->run:173]	
frame_id 145
2020/03/08 16:03:56 224668	INFO [input.cpp->run:235]	rotation: 
[0.9998487295445704, -0.01362062616684777, -0.01081649531647975;
 0.01378205396933406, 0.9997926165615793, 0.01499262676575523;
 0.01061004319005393, -0.01513943234648706, 0.9998290976820645]
2020/03/08 16:03:56 224696	INFO [input.cpp->run:256]	frame times (ms): 43.127
2020/03/08 16:03:56 224699	INFO [input.cpp->run:257]	FPS: 23.1873
2020/03/08 16:03:56 262655	INFO [input.cpp->run:173]	
frame_id 146
2020/03/08 16:03:56 293423	INFO [input.cpp->run:196]	Not enough points
2020/03/08 16:03:56 329425	INFO [input.cpp->run:173]	
frame_id 147
2020/03/08 16:03:56 361354	INFO [input.cpp->run:235]	rotation: 
[0.999878913100165, -0.002009254952654796, -0.0154312031989762;
 0.002118623362599944, 0.9999727317058791, 0.007074410203639128;
 0.01541656812264996, -0.007106246492849785, 0.9998559049623613]
2020/03/08 16:03:56 361379	INFO [input.cpp->run:256]	frame times (ms): 45.382
2020/03/08 16:03:56 361381	INFO [input.cpp->run:257]	FPS: 22.0352
2020/03/08 16:03:56 396114	INFO [input.cpp->run:173]	
frame_id 148
2020/03/08 16:03:56 423465	INFO [input.cpp->run:196]	Not enough points
2020/03/08 16:03:56 462512	INFO [input.cpp->run:173]	
frame_id 149
2020/03/08 16:03:56 497801	INFO [input.cpp->run:235]	rotation: 
[0.999905861096947, -0.001802701374709694, -0.01360217672751315;
 0.001898659778217898, 0.9999733810146594, 0.007045023290062683;
 0.01358911457820038, -0.007070185985146915, 0.9998826673340807]
2020/03/08 16:03:56 497824	INFO [input.cpp->run:256]	frame times (ms): 50.983
2020/03/08 16:03:56 497826	INFO [input.cpp->run:257]	FPS: 19.6144
2020/03/08 16:03:56 528834	INFO [input.cpp->run:173]	
frame_id 150
2020/03/08 16:03:56 556756	INFO [input.cpp->run:196]	Not enough points
2020/03/08 16:03:56 595608	INFO [input.cpp->run:173]	
frame_id 151
2020/03/08 16:03:56 629106	INFO [input.cpp->run:196]	Not enough points
2020/03/08 16:03:56 662070	INFO [input.cpp->run:173]	
frame_id 152
2020/03/08 16:03:56 689102	INFO [input.cpp->run:196]	Not enough points
2020/03/08 16:03:56 729141	INFO [input.cpp->run:173]	
frame_id 153
2020/03/08 16:03:56 759667	INFO [input.cpp->run:196]	Not enough points
2020/03/08 16:03:56 795457	INFO [input.cpp->run:173]	
frame_id 154
2020/03/08 16:03:56 845601	INFO [input.cpp->run:235]	rotation: 
[0.9999950631690382, -0.00294864440116689, 0.001085879250540522;
 0.002948569688373655, 0.9999956504809675, 7.039843369746641e-05;
 -0.001086082107435428, -6.719629550892157e-05, 0.9999994079549817]
2020/03/08 16:03:56 845634	INFO [input.cpp->run:256]	frame times (ms): 64.322
2020/03/08 16:03:56 845638	INFO [input.cpp->run:257]	FPS: 15.5468
2020/03/08 16:03:56 862002	INFO [input.cpp->run:173]	
frame_id 155
2020/03/08 16:03:56 889145	INFO [input.cpp->run:196]	Not enough points
2020/03/08 16:03:56 928878	INFO [input.cpp->run:173]	
frame_id 156
2020/03/08 16:03:56 968358	INFO [input.cpp->run:196]	Not enough points
2020/03/08 16:03:56 995693	INFO [input.cpp->run:173]	
frame_id 157
2020/03/08 16:03:57 025617	INFO [input.cpp->run:235]	rotation: 
[0.9998377068859929, -0.007965779667376875, -0.01615878223289182;
 0.008183482509416948, 0.9998760342459576, 0.01345164505161466;
 0.01604962625662299, -0.01358169705402706, 0.9997789490693207]
2020/03/08 16:03:57 025645	INFO [input.cpp->run:256]	frame times (ms): 44.041
2020/03/08 16:03:57 025648	INFO [input.cpp->run:257]	FPS: 22.7061
2020/03/08 16:03:57 062538	INFO [input.cpp->run:173]	
frame_id 158
2020/03/08 16:03:57 092299	INFO [input.cpp->run:235]	rotation: 
[0.999974443410549, -0.00296685945914164, -0.006504634556417654;
 0.003161901810768216, 0.9995393943434849, 0.03018280193087506;
 0.006412090353535389, -0.03020259757717995, 0.9995232304438396]
2020/03/08 16:03:57 092331	INFO [input.cpp->run:256]	frame times (ms): 44.015
2020/03/08 16:03:57 092335	INFO [input.cpp->run:257]	FPS: 22.7195
2020/03/08 16:03:57 128750	INFO [input.cpp->run:173]	
frame_id 159
2020/03/08 16:03:57 157004	INFO [input.cpp->run:235]	rotation: 
[0.9990611321509478, -0.03157494917370234, -0.0296627175077473;
 0.03209238472882502, 0.9993380535906493, 0.01713281903452039;
 0.02910211448818424, -0.01806868092392633, 0.9994131226384743]
2020/03/08 16:03:57 157035	INFO [input.cpp->run:256]	frame times (ms): 42.395
2020/03/08 16:03:57 157038	INFO [input.cpp->run:257]	FPS: 23.5877
2020/03/08 16:03:57 195633	INFO [input.cpp->run:173]	
frame_id 160
2020/03/08 16:03:57 226213	INFO [input.cpp->run:235]	rotation: 
[0.9995785349529405, -0.009614361374099033, -0.02739190604360154;
 0.009677793751493568, 0.9999507837928608, 0.002184101679572582;
 0.02736955917505458, -0.002448274374205684, 0.9996223852951432]
2020/03/08 16:03:57 226243	INFO [input.cpp->run:256]	frame times (ms): 44.929
2020/03/08 16:03:57 226245	INFO [input.cpp->run:257]	FPS: 22.2573
2020/03/08 16:03:57 262012	INFO [input.cpp->run:173]	
frame_id 161
2020/03/08 16:03:57 290943	INFO [input.cpp->run:235]	rotation: 
[0.9987575369854018, -0.02735213838417082, -0.0416562461182833;
 0.02767468589405382, 0.9995911523470135, 0.007186091443563071;
 0.04144266009221997, -0.008329986517573813, 0.9991061591488153]
2020/03/08 16:03:57 290969	INFO [input.cpp->run:256]	frame times (ms): 42.869
2020/03/08 16:03:57 290971	INFO [input.cpp->run:257]	FPS: 23.3269
2020/03/08 16:03:57 328821	INFO [input.cpp->run:173]	
frame_id 162
2020/03/08 16:03:57 354591	INFO [input.cpp->run:235]	rotation: 
[0.9993322914931876, -0.0008821231491096045, -0.03652660725723852;
 0.0008797904077003529, 0.999999609789352, -7.993736495361792e-05;
 0.03652666351876754, 4.774823140426965e-05, 0.9993326776265715]
2020/03/08 16:03:57 354614	INFO [input.cpp->run:256]	frame times (ms): 38.556
2020/03/08 16:03:57 354618	INFO [input.cpp->run:257]	FPS: 25.9363
2020/03/08 16:03:57 395788	INFO [input.cpp->run:173]	
frame_id 163
2020/03/08 16:03:57 429160	INFO [input.cpp->run:196]	Not enough points
2020/03/08 16:03:57 462776	INFO [input.cpp->run:173]	
frame_id 164
2020/03/08 16:03:57 497341	INFO [input.cpp->run:235]	rotation: 
[0.9995929957582644, -0.01371574661495998, -0.02501441835846898;
 0.01395426044872708, 0.9998585850612542, 0.009385547114355124;
 0.02488215115996579, -0.009730784865616068, 0.9996430314765125]
2020/03/08 16:03:57 497365	INFO [input.cpp->run:256]	frame times (ms): 50.544
2020/03/08 16:03:57 497368	INFO [input.cpp->run:257]	FPS: 19.7847
2020/03/08 16:03:57 528851	INFO [input.cpp->run:173]	
frame_id 165
2020/03/08 16:03:57 556614	INFO [input.cpp->run:235]	rotation: 
[0.9997678904002308, -0.003173212259473119, -0.02130952952620606;
 0.003160366130778682, 0.9999948034730466, -0.000636484738551401;
 0.02131143849183685, 0.0005689910889560267, 0.9997727235919919]
2020/03/08 16:03:57 556637	INFO [input.cpp->run:256]	frame times (ms): 41.782
2020/03/08 16:03:57 556639	INFO [input.cpp->run:257]	FPS: 23.9338
2020/03/08 16:03:57 595343	INFO [input.cpp->run:173]	
frame_id 166
2020/03/08 16:03:57 624468	INFO [input.cpp->run:235]	rotation: 
[0.9998375827116655, -0.002294647731032327, -0.01787575981837178;
 0.002300221915880619, 0.9999973120654756, 0.0002912747182726042;
 0.01787504339662842, -0.0003323456247199388, 0.9998401734127081]
2020/03/08 16:03:57 624498	INFO [input.cpp->run:256]	frame times (ms): 42.38
2020/03/08 16:03:57 624500	INFO [input.cpp->run:257]	FPS: 23.596
2020/03/08 16:03:57 662379	INFO [input.cpp->run:173]	
frame_id 167
2020/03/08 16:03:57 695140	INFO [input.cpp->run:235]	rotation: 
[0.9999702589204172, -0.002279567505840883, -0.007367825094288926;
 0.002350574648419871, 0.9999507403843256, 0.009643215421280641;
 0.007345479797530251, -0.00966024724452399, 0.9999263590633656]
2020/03/08 16:03:57 695165	INFO [input.cpp->run:256]	frame times (ms): 47.679
2020/03/08 16:03:57 695167	INFO [input.cpp->run:257]	FPS: 20.9736
2020/03/08 16:03:57 728779	INFO [input.cpp->run:173]	
frame_id 168
2020/03/08 16:03:57 757764	INFO [input.cpp->run:235]	rotation: 
[0.9999911876225299, -0.001271840303559389, -0.004000887342139576;
 0.001298648848435049, 0.9999766766057425, 0.006705203628726245;
 0.003992266079648129, -0.006710340287680443, 0.9999695161077525]
2020/03/08 16:03:57 757787	INFO [input.cpp->run:256]	frame times (ms): 42.664
2020/03/08 16:03:57 757789	INFO [input.cpp->run:257]	FPS: 23.439
2020/03/08 16:03:57 796350	INFO [input.cpp->run:173]	
frame_id 169
2020/03/08 16:03:57 832452	INFO [input.cpp->run:235]	rotation: 
[0.9999910493094841, -0.004155554167142971, -0.0007954058592535935;
 0.004164138116960362, 0.999929578490136, 0.01111296604340653;
 0.0007491693132210338, -0.01111617875454373, 0.9999379327314457]
2020/03/08 16:03:57 832475	INFO [input.cpp->run:256]	frame times (ms): 52.295
2020/03/08 16:03:57 832477	INFO [input.cpp->run:257]	FPS: 19.1223
2020/03/08 16:03:57 862313	INFO [input.cpp->run:173]	
frame_id 170
2020/03/08 16:03:57 890914	INFO [input.cpp->run:235]	rotation: 
[0.9999924315225897, -0.00305034958780323, -0.002415008267275193;
 0.003070593877715864, 0.9999598043163822, 0.008423847385890226;
 0.00238921551496568, -0.008431199139791705, 0.9999616025279612]
2020/03/08 16:03:57 890938	INFO [input.cpp->run:256]	frame times (ms): 42.742
2020/03/08 16:03:57 890940	INFO [input.cpp->run:257]	FPS: 23.3962
2020/03/08 16:03:57 929067	INFO [input.cpp->run:173]	
frame_id 171
2020/03/08 16:03:57 960274	INFO [input.cpp->run:235]	rotation: 
[0.9999609835971398, -0.008021730833920467, 0.003699069865354025;
 0.007961858397532327, 0.9998414729660078, 0.01592600854016883;
 -0.003826237616547693, -0.01589593569413314, 0.9998663306333051]
2020/03/08 16:03:57 960300	INFO [input.cpp->run:256]	frame times (ms): 45.165
2020/03/08 16:03:57 960303	INFO [input.cpp->run:257]	FPS: 22.141
2020/03/08 16:03:57 995660	INFO [input.cpp->run:173]	
frame_id 172
2020/03/08 16:03:58 025766	INFO [input.cpp->run:235]	rotation: 
[0.9999909170092882, -0.004065310520856948, 0.001280292658681754;
 0.004058455894381794, 0.9999776566167055, 0.005311798482207446;
 -0.001301858162866542, -0.005306554223904009, 0.9999850727123843]
2020/03/08 16:03:58 025788	INFO [input.cpp->run:256]	frame times (ms): 43.54
2020/03/08 16:03:58 025790	INFO [input.cpp->run:257]	FPS: 22.9674
2020/03/08 16:03:58 062243	INFO [input.cpp->run:173]	
frame_id 173
2020/03/08 16:03:58 092048	INFO [input.cpp->run:235]	rotation: 
[0.9999483421418406, -0.009993560042569957, -0.001855210354644913;
 0.01001873802141298, 0.9998504205990885, 0.01409827352140173;
 0.001714040910458798, -0.01411613210130567, 0.9998988933278483]
2020/03/08 16:03:58 092076	INFO [input.cpp->run:256]	frame times (ms): 43.618
2020/03/08 16:03:58 092080	INFO [input.cpp->run:257]	FPS: 22.9263
2020/03/08 16:03:58 129028	INFO [input.cpp->run:173]	
frame_id 174
2020/03/08 16:03:58 160186	INFO [input.cpp->run:235]	rotation: 
[0.9999570189624553, -0.008163625533190895, -0.004394934114823004;
 0.00821164981806485, 0.9999055337806315, 0.01102235556203144;
 0.004304536558710694, -0.01105797146967759, 0.9999295936374674]
2020/03/08 16:03:58 160215	INFO [input.cpp->run:256]	frame times (ms): 45.291
2020/03/08 16:03:58 160219	INFO [input.cpp->run:257]	FPS: 22.0794
2020/03/08 16:03:58 195647	INFO [input.cpp->run:173]	
frame_id 175
2020/03/08 16:03:58 227173	INFO [input.cpp->run:235]	rotation: 
[0.9999748316393114, -0.00617392683253757, -0.003495527913945232;
 0.006217860086835855, 0.9999000160205131, 0.01270024323066605;
 0.003416768044692426, -0.01272165828986212, 0.9999132387894886]
2020/03/08 16:03:58 227200	INFO [input.cpp->run:256]	frame times (ms): 46.236
2020/03/08 16:03:58 227203	INFO [input.cpp->run:257]	FPS: 21.6282
2020/03/08 16:03:58 262256	INFO [input.cpp->run:173]	
frame_id 176
2020/03/08 16:03:58 292064	INFO [input.cpp->run:235]	rotation: 
[0.9999849457849359, -0.005101441370160788, -0.002020767043883119;
 0.005123885168054339, 0.9999234577784841, 0.01126163332312698;
 0.001963161807754233, -0.0112718179663612, 0.9999345439154754]
2020/03/08 16:03:58 292089	INFO [input.cpp->run:256]	frame times (ms): 43.843
2020/03/08 16:03:58 292091	INFO [input.cpp->run:257]	FPS: 22.8087
2020/03/08 16:03:58 328681	INFO [input.cpp->run:173]	
frame_id 177
2020/03/08 16:03:58 360199	INFO [input.cpp->run:235]	rotation: 
[0.999993714785304, -0.003280534065755974, -0.001344799662254462;
 0.003287205864324772, 0.9999821501031282, 0.00498936396050241;
 0.001328407879280295, -0.004993753234614825, 0.9999866487914416]
2020/03/08 16:03:58 360224	INFO [input.cpp->run:256]	frame times (ms): 45.685
2020/03/08 16:03:58 360226	INFO [input.cpp->run:257]	FPS: 21.889
2020/03/08 16:03:58 395838	INFO [input.cpp->run:173]	
frame_id 178
2020/03/08 16:03:58 429257	INFO [input.cpp->run:235]	rotation: 
[0.9999357145642246, -0.0112703499426847, 0.001243362820331775;
 0.01124611329489457, 0.9997742352523875, 0.01802785237520344;
 -0.001446262317822054, -0.01801271044771329, 0.9998367119623258]
2020/03/08 16:03:58 429280	INFO [input.cpp->run:256]	frame times (ms): 48.898
2020/03/08 16:03:58 429283	INFO [input.cpp->run:257]	FPS: 20.4507
2020/03/08 16:03:58 462255	INFO [input.cpp->run:173]	
frame_id 179
2020/03/08 16:03:58 510766	INFO [input.cpp->run:235]	rotation: 
[0.9998539403996454, -0.01345615867456599, -0.01053706130888872;
 0.01350108883551289, 0.9999000161836779, 0.004204549456989211;
 0.01047943068863793, -0.004346197142972405, 0.9999356439805696]
2020/03/08 16:03:58 510798	INFO [input.cpp->run:256]	frame times (ms): 62.117
2020/03/08 16:03:58 510801	INFO [input.cpp->run:257]	FPS: 16.0987
2020/03/08 16:03:58 529054	INFO [input.cpp->run:173]	
frame_id 180
2020/03/08 16:03:58 554580	INFO [input.cpp->run:196]	Not enough points
2020/03/08 16:03:58 595851	INFO [input.cpp->run:173]	
frame_id 181
2020/03/08 16:03:58 623447	INFO [input.cpp->run:196]	Not enough points
2020/03/08 16:03:58 663222	INFO [input.cpp->run:173]	
frame_id 182
2020/03/08 16:03:58 705559	INFO [input.cpp->run:196]	Not enough points
2020/03/08 16:03:58 729395	INFO [input.cpp->run:173]	
frame_id 183
2020/03/08 16:03:58 756805	INFO [input.cpp->run:196]	Not enough points
2020/03/08 16:03:58 796069	INFO [input.cpp->run:173]	
frame_id 184
2020/03/08 16:03:58 828010	INFO [input.cpp->run:196]	Not enough points
2020/03/08 16:03:58 862253	INFO [input.cpp->run:173]	
frame_id 185
2020/03/08 16:03:58 888980	INFO [input.cpp->run:196]	Not enough points
2020/03/08 16:03:58 929441	INFO [input.cpp->run:173]	
frame_id 186
2020/03/08 16:03:58 963143	INFO [input.cpp->run:235]	rotation: 
[0.999954391263595, -0.001231189093946782, -0.00947098548558117;
 0.00132202280979695, 0.9999531365577583, 0.009590461093789112;
 0.009458733971495301, -0.009602544543820276, 0.9999091576188011]
2020/03/08 16:03:58 963166	INFO [input.cpp->run:256]	frame times (ms): 48.953
2020/03/08 16:03:58 963168	INFO [input.cpp->run:257]	FPS: 20.4278
2020/03/08 16:03:58 995676	INFO [input.cpp->run:173]	
frame_id 187
2020/03/08 16:03:59 026230	INFO [input.cpp->run:235]	rotation: 
[0.9995603963288194, 0.02776968541470527, -0.01038550253679407;
 -0.02795076627036105, 0.9994522747964698, -0.0177173663127869;
 0.009887808446420151, 0.01799986044751832, 0.9997890958937273]
2020/03/08 16:03:59 026254	INFO [input.cpp->run:256]	frame times (ms): 44.159
2020/03/08 16:03:59 026256	INFO [input.cpp->run:257]	FPS: 22.6454
2020/03/08 16:03:59 062450	INFO [input.cpp->run:173]	
frame_id 188
2020/03/08 16:03:59 093317	INFO [input.cpp->run:235]	rotation: 
[0.9999249344548971, 0.01220227465293105, 0.001109030506475661;
 -0.01220277909278235, 0.999925442410424, 0.0004492245880397697;
 -0.001103466258030221, -0.0004627241210288739, 0.9999992841240464]
2020/03/08 16:03:59 093343	INFO [input.cpp->run:256]	frame times (ms): 45.067
2020/03/08 16:03:59 093346	INFO [input.cpp->run:257]	FPS: 22.1892
2020/03/08 16:03:59 128780	INFO [input.cpp->run:173]	
frame_id 189
2020/03/08 16:03:59 163160	INFO [input.cpp->run:235]	rotation: 
[0.9999981206446703, 0.001414824126087776, -0.001325511154124945;
 -0.001413911309335573, 0.9999987628340252, 0.0006893368032745101;
 0.001326484804587919, -0.0006874613525542472, 0.9999988839168531]
2020/03/08 16:03:59 163185	INFO [input.cpp->run:256]	frame times (ms): 48.711
2020/03/08 16:03:59 163186	INFO [input.cpp->run:257]	FPS: 20.5292
2020/03/08 16:03:59 195800	INFO [input.cpp->run:173]	
frame_id 190
2020/03/08 16:03:59 228101	INFO [input.cpp->run:235]	rotation: 
[0.9999755656089167, -0.004859077042086374, -0.00502568954734009;
 0.00492078139993055, 0.9999117614009028, 0.01233917835830788;
 0.004965289069255871, -0.0123636071776446, 0.9999112396218054]
2020/03/08 16:03:59 228124	INFO [input.cpp->run:256]	frame times (ms): 46.606
2020/03/08 16:03:59 228127	INFO [input.cpp->run:257]	FPS: 21.4565
2020/03/08 16:03:59 262081	INFO [input.cpp->run:173]	
frame_id 191
2020/03/08 16:03:59 294181	INFO [input.cpp->run:235]	rotation: 
[0.9999893066447155, 0.003720282438967872, -0.002747015616154524;
 -0.003721187989713519, 0.9999930236693462, -0.0003246114348854245;
 0.002745788805844582, 0.0003348301252184116, 0.9999961742589923]
2020/03/08 16:03:59 294203	INFO [input.cpp->run:256]	frame times (ms): 47.275
2020/03/08 16:03:59 294205	INFO [input.cpp->run:257]	FPS: 21.1528
2020/03/08 16:03:59 328788	INFO [input.cpp->run:173]	
frame_id 192
2020/03/08 16:03:59 360613	INFO [input.cpp->run:235]	rotation: 
[0.99998921346559, 0.002222715920328443, 0.004078294546522235;
