		g3log created log at: Sun Mar 08 15:45:24 2020
		LOG format: [YYYY/MM/DD hh:mm:ss uuu* LEVEL FILE->FUNCTION:LINE] message		(uuu*: microseconds fractions of the seconds value)

2020/03/08 15:45:24 362265	INFO [g3logger.h->logBanner:29]	Starting log.
2020/03/08 15:45:24 365724	DEBUG [main.cpp->main:49]	Filepath: /home/mitchell/KITTI/data_odometry_gray/dataset/sequences/00/
2020/03/08 15:45:24 365727	DEBUG [main.cpp->main:53]	Calibration Filepath: /home/mitchell/visual_odom_ws/src/visual_odom/calibration/old/zed.yaml
2020/03/08 15:45:24 365803	INFO [main.cpp->main:67]	P_left: 
[718.85602, 0, 607.19281, 0;
 0, 718.85602, 185.2157, 0;
 0, 0, 1, 0]
2020/03/08 15:45:24 365810	INFO [main.cpp->main:68]	P_right: 
[718.85602, 0, 607.19281, -386.14481;
 0, 718.85602, 185.2157, 0;
 0, 0, 1, 0]
2020/03/08 15:45:24 425720	INFO [input.cpp->Input:22]	frame_pose [1, 0, 0, 0;
 0, 1, 0, 0;
 0, 0, 1, 0;
 0, 0, 0, 1]
2020/03/08 15:45:24 737343	INFO [input.cpp->run:173]	
frame_id 1
2020/03/08 15:45:24 788698	WARNING [visualOdometry.cpp->trackingFrame2Frame:179]	The Estimated Rotation and translation matrices(using getTransformation function) are : 
    0.999996 -0.000124991   0.00283161   -0.0425768
 0.000112087     0.999989   0.00458332   0.00673604
 -0.00283206  -0.00458307     0.999985    0.0136933
           0            0            0            1
2020/03/08 15:45:24 820688	INFO [input.cpp->run:235]	rotation: 
[0.9999960064888, -0.0001249909400939941, 0.002831608057022095;
 0.0001120865345001221, 0.9999894499778748, 0.004583321511745453;
 -0.00283205509185791, -0.004583068192005157, 0.9999853372573853]
2020/03/08 15:45:24 820734	INFO [input.cpp->run:256]	frame times (ms): 103.074
2020/03/08 15:45:24 820740	INFO [input.cpp->run:257]	FPS: 9.70177
2020/03/08 15:45:24 834019	INFO [input.cpp->run:173]	
frame_id 2
2020/03/08 15:45:24 857445	WARNING [visualOdometry.cpp->trackingFrame2Frame:179]	The Estimated Rotation and translation matrices(using getTransformation function) are : 
    0.999991  0.000331014  -0.00417008   -0.0079546
-0.000313118     0.999991   0.00429635   -0.0102686
  0.00417147  -0.00429496     0.999982  -0.00348234
           0            0            0            1
2020/03/08 15:45:24 859330	INFO [input.cpp->run:235]	rotation: 
[0.999991238117218, 0.0003310143947601318, -0.004170075058937073;
 -0.0003131181001663208, 0.9999907612800598, 0.004296349361538887;
 0.004171468317508698, -0.004294957034289837, 0.9999822378158569]
2020/03/08 15:45:24 859375	INFO [input.cpp->run:256]	frame times (ms): 42.643
2020/03/08 15:45:24 859380	INFO [input.cpp->run:257]	FPS: 23.4505
2020/03/08 15:45:24 864019	INFO [input.cpp->run:173]	
frame_id 3
2020/03/08 15:45:24 885728	WARNING [visualOdometry.cpp->trackingFrame2Frame:179]	The Estimated Rotation and translation matrices(using getTransformation function) are : 
    0.999991   0.00427395 -9.45292e-05  -0.00809574
 -0.00427403     0.999991 -0.000861454   0.00966191
  9.0871e-05  0.000861885            1  -0.00539255
           0            0            0            1
2020/03/08 15:45:24 887752	INFO [input.cpp->run:235]	rotation: 
[0.9999910593032837, 0.004273953847587109, -9.452924132347107e-05;
 -0.004274032078683376, 0.999990701675415, -0.000861454289406538;
 9.087100625038147e-05, 0.0008618852589279413, 0.9999995827674866]
2020/03/08 15:45:24 887781	INFO [input.cpp->run:256]	frame times (ms): 39.886
2020/03/08 15:45:24 887784	INFO [input.cpp->run:257]	FPS: 25.0715
2020/03/08 15:45:24 928206	INFO [input.cpp->run:173]	
frame_id 4
2020/03/08 15:45:24 948672	WARNING [visualOdometry.cpp->trackingFrame2Frame:179]	The Estimated Rotation and translation matrices(using getTransformation function) are : 
           1 -1.30832e-05 -0.000451073  -0.00768709
 1.35601e-05     0.999999   0.00125754  -0.00659084
 0.000450969  -0.00125743     0.999999 -0.000110626
           0            0            0            1
2020/03/08 15:45:24 949992	INFO [input.cpp->run:235]	rotation: 
[0.9999998807907104, -1.308321952819824e-05, -0.0004510730504989624;
 1.356005668640137e-05, 0.9999992847442627, 0.001257535070180893;
 0.0004509687423706055, -0.001257430762052536, 0.9999991655349731]
2020/03/08 15:45:24 950020	INFO [input.cpp->run:256]	frame times (ms): 39.045
2020/03/08 15:45:24 950022	INFO [input.cpp->run:257]	FPS: 25.6115
2020/03/08 15:45:24 994846	INFO [input.cpp->run:173]	
frame_id 5
2020/03/08 15:45:25 015746	WARNING [visualOdometry.cpp->trackingFrame2Frame:179]	The Estimated Rotation and translation matrices(using getTransformation function) are : 
    0.999999  0.000933349 -0.000910766   0.00763559
-0.000929333      0.99999   0.00446101   -0.0242167
 0.000914916  -0.00446024      0.99999    0.0118608
           0            0            0            1
2020/03/08 15:45:25 017022	INFO [input.cpp->run:235]	rotation: 
[0.999998927116394, 0.0009333491325378418, -0.0009107664227485657;
 -0.0009293332695960999, 0.9999896287918091, 0.004461007192730904;
 0.0009149163961410522, -0.004460240714251995, 0.9999895095825195]
2020/03/08 15:45:25 017047	INFO [input.cpp->run:256]	frame times (ms): 39.473
2020/03/08 15:45:25 017049	INFO [input.cpp->run:257]	FPS: 25.3338
2020/03/08 15:45:25 061993	INFO [input.cpp->run:173]	
frame_id 6
2020/03/08 15:45:25 084697	WARNING [visualOdometry.cpp->trackingFrame2Frame:179]	The Estimated Rotation and translation matrices(using getTransformation function) are : 
    0.999992   0.00379493 -0.000772696    0.0031513
  -0.0037948     0.999993  0.000196079   -0.0071857
 0.000773434 -0.000193144            1  -0.00150013
           0            0            0            1
2020/03/08 15:45:25 086000	INFO [input.cpp->run:235]	rotation: 
[0.9999923706054688, 0.00379493460059166, -0.0007726964540779591;
 -0.003794796764850616, 0.999992847442627, 0.0001960790395969525;
 0.0007734340615570545, -0.000193143991054967, 0.9999997615814209]
2020/03/08 15:45:25 086028	INFO [input.cpp->run:256]	frame times (ms): 42.04
2020/03/08 15:45:25 086031	INFO [input.cpp->run:257]	FPS: 23.7869
2020/03/08 15:45:25 128662	INFO [input.cpp->run:173]	
frame_id 7
2020/03/08 15:45:25 149134	WARNING [visualOdometry.cpp->trackingFrame2Frame:179]	The Estimated Rotation and translation matrices(using getTransformation function) are : 
    0.999994   0.00351194 -0.000227399   0.00617921
  -0.0035107     0.999981   0.00497601   -0.0288721
 0.000244886  -0.00497518     0.999988  0.000685215
           0            0            0            1
2020/03/08 15:45:25 150406	INFO [input.cpp->run:235]	rotation: 
[0.9999938011169434, 0.003511935472488403, -0.0002273991703987122;
 -0.003510698676109314, 0.9999812841415405, 0.004976008087396622;
 0.0002448856830596924, -0.004975183866918087, 0.9999875426292419]
2020/03/08 15:45:25 150432	INFO [input.cpp->run:256]	frame times (ms): 39.558
2020/03/08 15:45:25 150435	INFO [input.cpp->run:257]	FPS: 25.2793
2020/03/08 15:45:25 195378	INFO [input.cpp->run:173]	
frame_id 8
2020/03/08 15:45:25 227163	WARNING [visualOdometry.cpp->trackingFrame2Frame:179]	The Estimated Rotation and translation matrices(using getTransformation function) are : 
    0.999998    0.0003043   0.00190172   0.00211978
-0.000306016     0.999999   0.00089621   0.00832963
 -0.00190145 -0.000896827     0.999998   0.00739479
           0            0            0            1
2020/03/08 15:45:25 228792	INFO [input.cpp->run:235]	rotation: 
[0.9999980926513672, 0.0003043003380298615, 0.001901715993881226;
 -0.0003060158342123032, 0.9999993443489075, 0.0008962104911915958;
 -0.001901449635624886, -0.0008968274341896176, 0.9999977350234985]
2020/03/08 15:45:25 228816	INFO [input.cpp->run:256]	frame times (ms): 58.755
2020/03/08 15:45:25 228819	INFO [input.cpp->run:257]	FPS: 17.0198
2020/03/08 15:45:25 261635	INFO [input.cpp->run:173]	
frame_id 9
2020/03/08 15:45:25 283794	WARNING [visualOdometry.cpp->trackingFrame2Frame:179]	The Estimated Rotation and translation matrices(using getTransformation function) are : 
    0.999999  -0.00142216  0.000976875   -0.0135404
   0.0014225     0.999999 -0.000342311   0.00579453
-0.000976397  0.000343715     0.999999   0.00309992
           0            0            0            1
2020/03/08 15:45:25 285136	INFO [input.cpp->run:235]	rotation: 
[0.9999985694885254, -0.001422159373760223, 0.0009768754243850708;
 0.001422502100467682, 0.999998927116394, -0.0003423109883442521;
 -0.0009763967245817184, 0.0003437149571254849, 0.9999993443489075]
2020/03/08 15:45:25 285166	INFO [input.cpp->run:256]	frame times (ms): 41.873
2020/03/08 15:45:25 285170	INFO [input.cpp->run:257]	FPS: 23.8817
2020/03/08 15:45:25 328324	INFO [input.cpp->run:173]	
frame_id 10
2020/03/08 15:45:25 353424	WARNING [visualOdometry.cpp->trackingFrame2Frame:179]	The Estimated Rotation and translation matrices(using getTransformation function) are : 
    0.999997 -0.000771016  -0.00257224    0.0139046
 0.000767477     0.999999  -0.00138072   0.00648332
   0.0025733   0.00137875     0.999996  -0.00569105
           0            0            0            1
2020/03/08 15:45:25 354774	INFO [input.cpp->run:235]	rotation: 
[0.999996542930603, -0.0007710158824920654, -0.002572236582636833;
 0.0007674768567085266, 0.9999987483024597, -0.001380724948830903;
 0.002573303878307343, 0.001378752407617867, 0.9999957680702209]
2020/03/08 15:45:25 354796	INFO [input.cpp->run:256]	frame times (ms): 46.803
2020/03/08 15:45:25 354799	INFO [input.cpp->run:257]	FPS: 21.3662
2020/03/08 15:45:25 395051	INFO [input.cpp->run:173]	
frame_id 11
2020/03/08 15:45:25 419016	WARNING [visualOdometry.cpp->trackingFrame2Frame:179]	The Estimated Rotation and translation matrices(using getTransformation function) are : 
    0.999999   0.00108451  0.000753075  -0.00297809
 -0.00108332     0.999998  -0.00154766   0.00407887
-0.000754745   0.00154688     0.999998  -0.00179911
           0            0            0            1
2020/03/08 15:45:25 421102	INFO [input.cpp->run:235]	rotation: 
[0.9999989867210388, 0.001084513962268829, 0.0007530748844146729;
 -0.001083321869373322, 0.9999982118606567, -0.001547664520330727;
 -0.0007547447457909584, 0.001546881161630154, 0.9999983906745911]
2020/03/08 15:45:25 421126	INFO [input.cpp->run:256]	frame times (ms): 46.387
2020/03/08 15:45:25 421129	INFO [input.cpp->run:257]	FPS: 21.5578
2020/03/08 15:45:25 461777	INFO [input.cpp->run:173]	
frame_id 12
2020/03/08 15:45:25 485492	WARNING [visualOdometry.cpp->trackingFrame2Frame:179]	The Estimated Rotation and translation matrices(using getTransformation function) are : 
    0.999999  0.000874951 -0.000245525     0.013433
-0.000876397     0.999984  -0.00558548    0.0314631
 0.000240641   0.00558569     0.999984   -0.0120726
           0            0            0            1
2020/03/08 15:45:25 486729	INFO [input.cpp->run:235]	rotation: 
[0.9999994039535522, 0.0008749514818191528, -0.0002455245703458786;
 -0.0008763968944549561, 0.9999840259552002, -0.005585479084402323;
 0.000240640714764595, 0.005585692822933197, 0.9999843239784241]
2020/03/08 15:45:25 486751	INFO [input.cpp->run:256]	frame times (ms): 45.23
2020/03/08 15:45:25 486753	INFO [input.cpp->run:257]	FPS: 22.1092
2020/03/08 15:45:25 528441	INFO [input.cpp->run:173]	
frame_id 13
2020/03/08 15:45:25 554539	WARNING [visualOdometry.cpp->trackingFrame2Frame:179]	The Estimated Rotation and translation matrices(using getTransformation function) are : 
    0.999998  -0.00129245  -0.00143337   0.00635052
  0.00129169     0.999999 -0.000495247   0.00337934
  0.00143401  0.000493388     0.999999  -0.00101805
           0            0            0            1
2020/03/08 15:45:25 555981	INFO [input.cpp->run:235]	rotation: 
[0.9999980926513672, -0.001292452216148376, -0.001433366909623146;
 0.00129169225692749, 0.9999989867210388, -0.0004952466115355492;
 0.001434009522199631, 0.0004933879245072603, 0.999998927116394]
2020/03/08 15:45:25 556010	INFO [input.cpp->run:256]	frame times (ms): 48.348
2020/03/08 15:45:25 556012	INFO [input.cpp->run:257]	FPS: 20.6834
2020/03/08 15:45:25 595037	INFO [input.cpp->run:173]	
frame_id 14
2020/03/08 15:45:25 619855	WARNING [visualOdometry.cpp->trackingFrame2Frame:179]	The Estimated Rotation and translation matrices(using getTransformation function) are : 
           1 -0.000157282 -0.000821881   0.00480521
 0.000152759     0.999985  -0.00548077    0.0339293
  0.00082273   0.00548064     0.999985   -0.0121927
           0            0            0            1
2020/03/08 15:45:25 621145	INFO [input.cpp->run:235]	rotation: 
[0.9999997019767761, -0.000157281756401062, -0.0008218809962272644;
 0.0001527592539787292, 0.9999850392341614, -0.005480769090354443;
 0.0008227303624153137, 0.005480644758790731, 0.9999847412109375]
2020/03/08 15:45:25 621168	INFO [input.cpp->run:256]	frame times (ms): 47.097
2020/03/08 15:45:25 621170	INFO [input.cpp->run:257]	FPS: 21.2328
2020/03/08 15:45:25 661756	INFO [input.cpp->run:173]	
frame_id 15
2020/03/08 15:45:25 687952	WARNING [visualOdometry.cpp->trackingFrame2Frame:179]	The Estimated Rotation and translation matrices(using getTransformation function) are : 
           1 -0.000454418 -0.000351652  0.000970364
 0.000455592     0.999995   0.00328947   -0.0213168
 0.000350154  -0.00328962     0.999995   0.00124979
           0            0            0            1
2020/03/08 15:45:25 690242	INFO [input.cpp->run:235]	rotation: 
[1.00000011920929, -0.0004544183611869812, -0.0003516518045216799;
 0.0004555918276309967, 0.9999945759773254, 0.00328946765512228;
 0.0003501541214063764, -0.003289622021839023, 0.9999946355819702]
2020/03/08 15:45:25 690267	INFO [input.cpp->run:256]	frame times (ms): 50.879
2020/03/08 15:45:25 690269	INFO [input.cpp->run:257]	FPS: 19.6545
2020/03/08 15:45:25 728384	INFO [input.cpp->run:173]	
frame_id 16
2020/03/08 15:45:25 752805	WARNING [visualOdometry.cpp->trackingFrame2Frame:179]	The Estimated Rotation and translation matrices(using getTransformation function) are : 
    0.999998  -0.00019905  -0.00186408    0.0182037
 0.000197768            1 -0.000744473    0.0102339
  0.00186415  0.000744242     0.999998   0.00323343
           0            0            0            1
2020/03/08 15:45:25 754188	INFO [input.cpp->run:235]	rotation: 
[0.9999984502792358, -0.000199049711227417, -0.001864075660705566;
 0.0001977682113647461, 0.9999997615814209, -0.0007444731891155243;
 0.001864150166511536, 0.0007442422211170197, 0.9999982118606567]
2020/03/08 15:45:25 754215	INFO [input.cpp->run:256]	frame times (ms): 46.578
2020/03/08 15:45:25 754218	INFO [input.cpp->run:257]	FPS: 21.4694
2020/03/08 15:45:25 795099	INFO [input.cpp->run:173]	
frame_id 17
2020/03/08 15:45:25 818805	WARNING [visualOdometry.cpp->trackingFrame2Frame:179]	The Estimated Rotation and translation matrices(using getTransformation function) are : 
           1  0.000259973  0.000703901  -0.00435424
-0.000260971     0.999999   0.00129488  -0.00688815
-0.000703603  -0.00129493     0.999999   0.00324249
           0            0            0            1
2020/03/08 15:45:25 820897	INFO [input.cpp->run:235]	rotation: 
[0.9999997615814209, 0.0002599731087684631, 0.0007039010524749756;
 -0.0002609714865684509, 0.9999994039535522, 0.001294877380132675;
 -0.0007036030292510986, -0.001294933259487152, 0.9999991655349731]
2020/03/08 15:45:25 820921	INFO [input.cpp->run:256]	frame times (ms): 45.944
2020/03/08 15:45:25 820923	INFO [input.cpp->run:257]	FPS: 21.7656
2020/03/08 15:45:25 862386	INFO [input.cpp->run:173]	
frame_id 18
2020/03/08 15:45:25 885898	WARNING [visualOdometry.cpp->trackingFrame2Frame:179]	The Estimated Rotation and translation matrices(using getTransformation function) are : 
    0.999995  0.000469983    0.0029512   -0.0159638
-0.000484675     0.999987   0.00498516   -0.0261707
 -0.00294882  -0.00498656     0.999983    0.0139079
           0            0            0            1
2020/03/08 15:45:25 888011	INFO [input.cpp->run:235]	rotation: 
[0.9999954700469971, 0.0004699826240539551, 0.002951201982796192;
 -0.0004846751689910889, 0.9999874234199524, 0.004985163919627666;
 -0.002948824316263199, -0.004986562300473452, 0.9999831318855286]
2020/03/08 15:45:25 888033	INFO [input.cpp->run:256]	frame times (ms): 45.594
2020/03/08 15:45:25 888035	INFO [input.cpp->run:257]	FPS: 21.9327
2020/03/08 15:45:25 929020	INFO [input.cpp->run:173]	
frame_id 19
2020/03/08 15:45:25 957012	WARNING [visualOdometry.cpp->trackingFrame2Frame:179]	The Estimated Rotation and translation matrices(using getTransformation function) are : 
           1  0.000665188 -0.000558957  0.000411034
-0.000662617     0.999989   0.00450615   -0.0288782
 0.000561953   -0.0045058      0.99999   0.00200748
           0            0            0            1
2020/03/08 15:45:25 959693	INFO [input.cpp->run:235]	rotation: 
[0.9999995231628418, 0.0006651878356933594, -0.0005589574575424194;
 -0.0006626173853874207, 0.9999892711639404, 0.004506153985857964;
 0.0005619525909423828, -0.004505801014602184, 0.9999896287918091]
2020/03/08 15:45:25 959721	INFO [input.cpp->run:256]	frame times (ms): 54.973
2020/03/08 15:45:25 959723	INFO [input.cpp->run:257]	FPS: 18.1907
2020/03/08 15:45:25 995041	INFO [input.cpp->run:173]	
frame_id 20
2020/03/08 15:45:26 017809	WARNING [visualOdometry.cpp->trackingFrame2Frame:179]	The Estimated Rotation and translation matrices(using getTransformation function) are : 
           1 -0.000306513 -0.000603303    0.0143924
 0.000304118     0.999992  -0.00400324    0.0239131
   0.0006046   0.00400305     0.999992  -0.00925636
           0            0            0            1
2020/03/08 15:45:26 019151	INFO [input.cpp->run:235]	rotation: 
[0.9999999403953552, -0.0003065131604671478, -0.0006033033132553101;
 0.0003041177988052368, 0.9999918341636658, -0.004003237932920456;
 0.0006045997142791748, 0.004003051202744246, 0.9999915957450867]
2020/03/08 15:45:26 019174	INFO [input.cpp->run:256]	frame times (ms): 42.698
2020/03/08 15:45:26 019177	INFO [input.cpp->run:257]	FPS: 23.4203
2020/03/08 15:45:26 061855	INFO [input.cpp->run:173]	
frame_id 21
2020/03/08 15:45:26 089994	WARNING [visualOdometry.cpp->trackingFrame2Frame:179]	The Estimated Rotation and translation matrices(using getTransformation function) are : 
   0.999998  0.00197414  0.00127328  -0.0216963
-0.00197551    0.999998  0.00110682 -0.00984669
-0.00127109 -0.00110931    0.999999  0.00138044
          0           0           0           1
2020/03/08 15:45:26 091474	INFO [input.cpp->run:235]	rotation: 
[0.9999975562095642, 0.001974135637283325, 0.001273281872272491;
 -0.001975506544113159, 0.999997615814209, 0.001106822863221169;
 -0.001271091401576996, -0.001109309494495392, 0.9999988079071045]
2020/03/08 15:45:26 091501	INFO [input.cpp->run:256]	frame times (ms): 53.382
2020/03/08 15:45:26 091504	INFO [input.cpp->run:257]	FPS: 18.7329
2020/03/08 15:45:26 128324	INFO [input.cpp->run:173]	
frame_id 22
2020/03/08 15:45:26 152326	WARNING [visualOdometry.cpp->trackingFrame2Frame:179]	The Estimated Rotation and translation matrices(using getTransformation function) are : 
    0.999999   0.00124843  0.000334933  -0.00711346
 -0.00124785     0.999998  -0.00184553    0.0121496
-0.000337273   0.00184511     0.999998   0.00221062
           0            0            0            1
2020/03/08 15:45:26 153622	INFO [input.cpp->run:235]	rotation: 
[0.9999991655349731, 0.00124843418598175, 0.0003349334001541138;
 -0.00124785304069519, 0.9999976754188538, -0.001845525577664375;
 -0.0003372728824615479, 0.001845108345150948, 0.9999982118606567]
2020/03/08 15:45:26 153644	INFO [input.cpp->run:256]	frame times (ms): 45.647
2020/03/08 15:45:26 153647	INFO [input.cpp->run:257]	FPS: 21.9072
2020/03/08 15:45:26 195139	INFO [input.cpp->run:173]	
frame_id 23
2020/03/08 15:45:26 219043	WARNING [visualOdometry.cpp->trackingFrame2Frame:179]	The Estimated Rotation and translation matrices(using getTransformation function) are : 
           1  0.000816368  0.000323933   0.00180054
-0.000817113     0.999997   0.00223795   -0.0137112
-0.000322111  -0.00223819     0.999997   0.00978661
           0            0            0            1
2020/03/08 15:45:26 220344	INFO [input.cpp->run:235]	rotation: 
[0.9999995827674866, 0.0008163675665855408, 0.0003239326179027557;
 -0.0008171126246452332, 0.9999972581863403, 0.002237946726381779;
 -0.0003221109509468079, -0.002238192828372121, 0.9999972581863403]
2020/03/08 15:45:26 220368	INFO [input.cpp->run:256]	frame times (ms): 45.33
2020/03/08 15:45:26 220370	INFO [input.cpp->run:257]	FPS: 22.0604
2020/03/08 15:45:26 261737	INFO [input.cpp->run:173]	
frame_id 24
2020/03/08 15:45:26 285717	WARNING [visualOdometry.cpp->trackingFrame2Frame:179]	The Estimated Rotation and translation matrices(using getTransformation function) are : 
   0.999972 -0.00264332 -0.00707598   0.0589697
 0.00265303    0.999995  0.00137765  -0.0134463
 0.00707231 -0.00139638    0.999974  0.00617075
          0           0           0           1
2020/03/08 15:45:26 287829	INFO [input.cpp->run:235]	rotation: 
[0.9999715685844421, -0.002643316984176636, -0.007075981236994267;
 0.002653032541275024, 0.9999954700469971, 0.001377646462060511;
 0.007072309032082558, -0.001396383624523878, 0.9999739527702332]
2020/03/08 15:45:26 287853	INFO [input.cpp->run:256]	frame times (ms): 46.606
2020/03/08 15:45:26 287855	INFO [input.cpp->run:257]	FPS: 21.4565
2020/03/08 15:45:26 328425	INFO [input.cpp->run:173]	
frame_id 25
2020/03/08 15:45:26 354601	WARNING [visualOdometry.cpp->trackingFrame2Frame:179]	The Estimated Rotation and translation matrices(using getTransformation function) are : 
   0.999991 -0.00187322 -0.00402395   0.0356736
 0.00181283    0.999887  -0.0149554   0.0731641
 0.00405148   0.0149479     0.99988  -0.0434837
          0           0           0           1
2020/03/08 15:45:26 356857	INFO [input.cpp->run:235]	rotation: 
[0.9999905824661255, -0.001873224973678589, -0.004023954272270203;
 0.001812830567359924, 0.9998868703842163, -0.01495536044239998;
 0.004051476716995239, 0.01494794059544802, 0.9998804330825806]
2020/03/08 15:45:26 356881	INFO [input.cpp->run:256]	frame times (ms): 50.344
2020/03/08 15:45:26 356883	INFO [input.cpp->run:257]	FPS: 19.8633
2020/03/08 15:45:26 394977	INFO [input.cpp->run:173]	
frame_id 26
2020/03/08 15:45:26 417143	WARNING [visualOdometry.cpp->trackingFrame2Frame:179]	The Estimated Rotation and translation matrices(using getTransformation function) are : 
    0.999999   0.00149269  0.000140175    0.0109019
 -0.00149241     0.999997  -0.00196477   0.00562835
-0.000143096    0.0019645     0.999998  -0.00387287
           0            0            0            1
2020/03/08 15:45:26 418525	INFO [input.cpp->run:235]	rotation: 
[0.9999988675117493, 0.001492688432335854, 0.0001401752233505249;
 -0.00149240717291832, 0.9999969601631165, -0.00196477142162621;
 -0.000143095850944519, 0.001964502036571503, 0.9999979734420776]
2020/03/08 15:45:26 418551	INFO [input.cpp->run:256]	frame times (ms): 42.249
2020/03/08 15:45:26 418553	INFO [input.cpp->run:257]	FPS: 23.6692
2020/03/08 15:45:26 461903	INFO [input.cpp->run:173]	
frame_id 27
2020/03/08 15:45:26 490074	WARNING [visualOdometry.cpp->trackingFrame2Frame:179]	The Estimated Rotation and translation matrices(using getTransformation function) are : 
    0.999997   0.00237982  0.000795126  -0.00893593
 -0.00238355     0.999986   0.00477371   -0.0343103
-0.000783652  -0.00477563     0.999988    0.0133924
           0            0            0            1
2020/03/08 15:45:26 492450	INFO [input.cpp->run:235]	rotation: 
[0.9999969601631165, 0.002379819750785828, 0.0007951259613037109;
 -0.00238354504108429, 0.9999858140945435, 0.004773713648319244;
 -0.0007836520671844482, -0.004775632172822952, 0.9999881982803345]
2020/03/08 15:45:26 492475	INFO [input.cpp->run:256]	frame times (ms): 54.37
2020/03/08 15:45:26 492479	INFO [input.cpp->run:257]	FPS: 18.3925
2020/03/08 15:45:26 528588	INFO [input.cpp->run:173]	
frame_id 28
2020/03/08 15:45:26 549256	WARNING [visualOdometry.cpp->trackingFrame2Frame:179]	The Estimated Rotation and translation matrices(using getTransformation function) are : 
   0.999995 1.27852e-05 -0.00312148   0.0116704
1.72555e-05    0.999954  0.00958039  -0.0562481
 0.00312146 -0.00958051    0.999949  0.00807333
          0           0           0           1
2020/03/08 15:45:26 550527	INFO [input.cpp->run:235]	rotation: 
[0.999995231628418, 1.278519630432129e-05, -0.003121480345726013;
 1.725554466247559e-05, 0.9999541640281677, 0.009580393321812153;
 0.003121461719274521, -0.009580508805811405, 0.9999492168426514]
2020/03/08 15:45:26 550554	INFO [input.cpp->run:256]	frame times (ms): 39.38
2020/03/08 15:45:26 550556	INFO [input.cpp->run:257]	FPS: 25.3936
2020/03/08 15:45:26 595251	INFO [input.cpp->run:173]	
frame_id 29
2020/03/08 15:45:26 620928	WARNING [visualOdometry.cpp->trackingFrame2Frame:179]	The Estimated Rotation and translation matrices(using getTransformation function) are : 
    0.999999   0.00108895 -0.000458889  -0.00727034
 -0.00108907     0.999999 -0.000212805  0.000677824
 0.000458688  0.000213293            1  -0.00335121
           0            0            0            1
2020/03/08 15:45:26 622335	INFO [input.cpp->run:235]	rotation: 
[0.999999463558197, 0.001088947057723999, -0.0004588887095451355;
 -0.00108906626701355, 0.999999463558197, -0.0002128053456544876;
 0.0004586875438690186, 0.0002132933586835861, 0.9999999403953552]
2020/03/08 15:45:26 622365	INFO [input.cpp->run:256]	frame times (ms): 48.839
2020/03/08 15:45:26 622367	INFO [input.cpp->run:257]	FPS: 20.4754
2020/03/08 15:45:26 662252	INFO [input.cpp->run:173]	
frame_id 30
2020/03/08 15:45:26 686007	WARNING [visualOdometry.cpp->trackingFrame2Frame:179]	The Estimated Rotation and translation matrices(using getTransformation function) are : 
   0.999985 -0.00221619 -0.00494751    0.041595
 0.00219172    0.999985 -0.00495558   0.0250589
 0.00495845  0.00494462    0.999975  -0.0221505
          0           0           0           1
2020/03/08 15:45:26 687303	INFO [input.cpp->run:235]	rotation: 
[0.9999852180480957, -0.002216190099716187, -0.004947513341903687;
 0.002191722393035889, 0.9999854564666748, -0.004955580458045006;
 0.004958450794219971, 0.004944624379277229, 0.9999753832817078]
2020/03/08 15:45:26 687326	INFO [input.cpp->run:256]	frame times (ms): 44.799
2020/03/08 15:45:26 687328	INFO [input.cpp->run:257]	FPS: 22.3219
2020/03/08 15:45:26 729149	INFO [input.cpp->run:173]	
frame_id 31
2020/03/08 15:45:26 751666	WARNING [visualOdometry.cpp->trackingFrame2Frame:179]	The Estimated Rotation and translation matrices(using getTransformation function) are : 
    0.999994  0.000782758   0.00329822  -0.00517631
-0.000791058     0.999997   0.00253213   -0.0051192
 -0.00329625  -0.00253471     0.999992    0.0150776
           0            0            0            1
2020/03/08 15:45:26 752990	INFO [input.cpp->run:235]	rotation: 
[0.9999943375587463, 0.0007827579975128174, 0.003298215568065643;
 -0.0007910579442977905, 0.999996542930603, 0.002532133832573891;
 -0.003296248614788055, -0.002534711733460426, 0.9999915361404419]
2020/03/08 15:45:26 753015	INFO [input.cpp->run:256]	frame times (ms): 42.234
2020/03/08 15:45:26 753018	INFO [input.cpp->run:257]	FPS: 23.6776
2020/03/08 15:45:26 795343	INFO [input.cpp->run:173]	
frame_id 32
2020/03/08 15:45:26 820983	WARNING [visualOdometry.cpp->trackingFrame2Frame:179]	The Estimated Rotation and translation matrices(using getTransformation function) are : 
    0.999999  -0.00185367 -0.000345521   0.00951433
  0.00185373     0.999998  0.000316365 -0.000556231
 0.000344932 -0.000316971            1   0.00022459
           0            0            0            1
2020/03/08 15:45:26 823201	INFO [input.cpp->run:235]	rotation: 
[0.9999985098838806, -0.001853674650192261, -0.0003455206751823425;
 0.001853726804256439, 0.9999982714653015, 0.0003163646906614304;
 0.0003449320793151855, -0.0003169714473187923, 1]
2020/03/08 15:45:26 823225	INFO [input.cpp->run:256]	frame times (ms): 48.626
2020/03/08 15:45:26 823229	INFO [input.cpp->run:257]	FPS: 20.5651
2020/03/08 15:45:26 861785	INFO [input.cpp->run:173]	
frame_id 33
2020/03/08 15:45:26 884158	WARNING [visualOdometry.cpp->trackingFrame2Frame:179]	The Estimated Rotation and translation matrices(using getTransformation function) are : 
    0.999993 -2.29478e-05   0.00383715   -0.0274408
 2.23219e-05            1  0.000175331  0.000724077
 -0.00383719 -0.000175291     0.999993   0.00935268
           0            0            0            1
2020/03/08 15:45:26 885590	INFO [input.cpp->run:235]	rotation: 
[0.9999927282333374, -2.294778823852539e-05, 0.003837153315544128;
 2.232193946838379e-05, 1, 0.00017533078789711;
 -0.003837190568447113, -0.0001752907410264015, 0.9999925494194031]
2020/03/08 15:45:26 885621	INFO [input.cpp->run:256]	frame times (ms): 42.628
2020/03/08 15:45:26 885624	INFO [input.cpp->run:257]	FPS: 23.4588
2020/03/08 15:45:26 928769	INFO [input.cpp->run:173]	
frame_id 34
2020/03/08 15:45:26 954727	WARNING [visualOdometry.cpp->trackingFrame2Frame:179]	The Estimated Rotation and translation matrices(using getTransformation function) are : 
    0.999999 -0.000294067  -0.00163578   0.00433207
 0.000295393            1  0.000814354   -0.0069437
  0.00163554 -0.000814845     0.999998  -0.00273275
           0            0            0            1
2020/03/08 15:45:26 957010	INFO [input.cpp->run:235]	rotation: 
[0.9999986290931702, -0.0002940669655799866, -0.001635779161006212;
 0.000295393168926239, 0.9999996423721313, 0.0008143539889715612;
 0.001635537948459387, -0.0008148452034220099, 0.9999982714653015]
2020/03/08 15:45:26 957035	INFO [input.cpp->run:256]	frame times (ms): 49.737
2020/03/08 15:45:26 957038	INFO [input.cpp->run:257]	FPS: 20.1058
2020/03/08 15:45:26 994940	INFO [input.cpp->run:173]	
frame_id 35
2020/03/08 15:45:27 015853	WARNING [visualOdometry.cpp->trackingFrame2Frame:179]	The Estimated Rotation and translation matrices(using getTransformation function) are : 
   0.999998 -0.00061179 -0.00205536   0.0164008
0.000619262    0.999993  0.00365218  -0.0260158
 0.00205314 -0.00365333    0.999991  0.00610209
          0           0           0           1
2020/03/08 15:45:27 017075	INFO [input.cpp->run:235]	rotation: 
[0.9999975562095642, -0.0006117895245552063, -0.002055361866950989;
 0.0006192624568939209, 0.9999929666519165, 0.003652183338999748;
 0.002053141593933105, -0.003653330728411674, 0.9999911785125732]
2020/03/08 15:45:27 017108	INFO [input.cpp->run:256]	frame times (ms): 39.341
2020/03/08 15:45:27 017110	INFO [input.cpp->run:257]	FPS: 25.4188
2020/03/08 15:45:27 061850	INFO [input.cpp->run:173]	
frame_id 36
2020/03/08 15:45:27 092897	WARNING [visualOdometry.cpp->trackingFrame2Frame:179]	The Estimated Rotation and translation matrices(using getTransformation function) are : 
           1  0.000745967  0.000599887   0.00442743
-0.000748798     0.999989   0.00469201   -0.0323223
-0.000596359  -0.00469251     0.999989    0.0122051
           0            0            0            1
2020/03/08 15:45:27 095625	INFO [input.cpp->run:235]	rotation: 
[0.9999995231628418, 0.0007459670305252075, 0.0005998872220516205;
 -0.0007487982511520386, 0.9999887347221375, 0.004692007321864367;
 -0.0005963593721389771, -0.004692511167377234, 0.9999887347221375]
2020/03/08 15:45:27 095654	INFO [input.cpp->run:256]	frame times (ms): 60.514
2020/03/08 15:45:27 095659	INFO [input.cpp->run:257]	FPS: 16.5251
2020/03/08 15:45:27 128393	INFO [input.cpp->run:173]	
frame_id 37
2020/03/08 15:45:27 151265	WARNING [visualOdometry.cpp->trackingFrame2Frame:179]	The Estimated Rotation and translation matrices(using getTransformation function) are : 
    0.999994    0.0008066    0.0032516    -0.028044
  -0.0008066            1 -2.22512e-05   -0.0142794
 -0.00325164  1.96323e-05     0.999995   0.00358582
           0            0            0            1
2020/03/08 15:45:27 152530	INFO [input.cpp->run:235]	rotation: 
[0.9999942183494568, 0.0008065998554229736, 0.003251604735851288;
 -0.0008065998554229736, 0.9999997019767761, -2.225115895271301e-05;
 -0.003251641988754272, 1.963227987289429e-05, 0.999994695186615]
2020/03/08 15:45:27 152559	INFO [input.cpp->run:256]	frame times (ms): 42.168
2020/03/08 15:45:27 152562	INFO [input.cpp->run:257]	FPS: 23.7147
2020/03/08 15:45:27 195277	INFO [input.cpp->run:173]	
frame_id 38
2020/03/08 15:45:27 220874	WARNING [visualOdometry.cpp->trackingFrame2Frame:179]	The Estimated Rotation and translation matrices(using getTransformation function) are : 
   0.999995  0.00277536 -0.00163021   0.0101485
-0.00278923     0.99996 -0.00857209   0.0461866
 0.00160639  0.00857661    0.999962  -0.0218911
          0           0           0           1
2020/03/08 15:45:27 223287	INFO [input.cpp->run:235]	rotation: 
[0.9999949932098389, 0.002775361761450768, -0.001630209386348724;
 -0.002789231017231941, 0.9999597668647766, -0.008572093211114407;
 0.001606389880180359, 0.008576609194278717, 0.9999622702598572]
2020/03/08 15:45:27 223314	INFO [input.cpp->run:256]	frame times (ms): 49.818
2020/03/08 15:45:27 223317	INFO [input.cpp->run:257]	FPS: 20.0731
2020/03/08 15:45:27 261669	INFO [input.cpp->run:173]	
frame_id 39
2020/03/08 15:45:27 284022	WARNING [visualOdometry.cpp->trackingFrame2Frame:179]	The Estimated Rotation and translation matrices(using getTransformation function) are : 
   0.999961 -0.00485327 -0.00739991   0.0535605
 0.00491859    0.999949  0.00882954  -0.0639205
 0.00735669 -0.00886559    0.999933 -0.00425482
          0           0           0           1
2020/03/08 15:45:27 285339	INFO [input.cpp->run:235]	rotation: 
[0.9999606013298035, -0.004853270947933197, -0.007399909198284149;
 0.004918590188026428, 0.9999489784240723, 0.008829537779092789;
 0.007356688380241394, -0.008865587413311005, 0.9999334216117859]
2020/03/08 15:45:27 285366	INFO [input.cpp->run:256]	frame times (ms): 41.759
2020/03/08 15:45:27 285370	INFO [input.cpp->run:257]	FPS: 23.9469
2020/03/08 15:45:27 328579	INFO [input.cpp->run:173]	
frame_id 40
2020/03/08 15:45:27 356970	WARNING [visualOdometry.cpp->trackingFrame2Frame:179]	The Estimated Rotation and translation matrices(using getTransformation function) are : 
    0.999999   0.00019227   0.00159037   -0.0124079
-0.000193915            1   0.00103334  -0.00619173
 -0.00159017  -0.00103365     0.999998 -0.000391006
           0            0            0            1
2020/03/08 15:45:27 359506	INFO [input.cpp->run:235]	rotation: 
[0.9999990463256836, 0.0001922696828842163, 0.001590373343788087;
 -0.0001939153298735619, 0.9999997019767761, 0.00103333976585418;
 -0.001590173691511154, -0.001033646636642516, 0.9999983906745911]
2020/03/08 15:45:27 359533	INFO [input.cpp->run:256]	frame times (ms): 54.676
2020/03/08 15:45:27 359538	INFO [input.cpp->run:257]	FPS: 18.2896
2020/03/08 15:45:27 395117	INFO [input.cpp->run:173]	
frame_id 41
2020/03/08 15:45:27 417558	WARNING [visualOdometry.cpp->trackingFrame2Frame:179]	The Estimated Rotation and translation matrices(using getTransformation function) are : 
    0.999998  0.000495538   0.00200608   -0.0122882
-0.000507116     0.999983   0.00578561    -0.030694
 -0.00200318  -0.00578666     0.999981    0.0185714
           0            0            0            1
2020/03/08 15:45:27 418848	INFO [input.cpp->run:235]	rotation: 
[0.9999977946281433, 0.0004955381155014038, 0.002006083726882935;
 -0.0005071163177490234, 0.9999830722808838, 0.005785606801509857;
 -0.002003178000450134, -0.005786661058664322, 0.9999812245368958]
2020/03/08 15:45:27 418876	INFO [input.cpp->run:256]	frame times (ms): 41.718
2020/03/08 15:45:27 418879	INFO [input.cpp->run:257]	FPS: 23.9705
2020/03/08 15:45:27 462222	INFO [input.cpp->run:173]	
frame_id 42
2020/03/08 15:45:27 489238	WARNING [visualOdometry.cpp->trackingFrame2Frame:179]	The Estimated Rotation and translation matrices(using getTransformation function) are : 
   0.999996 0.000497639 -0.00271879   0.0205777
-0.00049752           1 4.71193e-05 0.000279784
 0.00271882 -4.5687e-05    0.999996 -0.00503445
          0           0           0           1
2020/03/08 15:45:27 490811	INFO [input.cpp->run:235]	rotation: 
[0.9999962449073792, 0.0004976391792297363, -0.002718791365623474;
 -0.0004975199699401855, 1, 4.711933434009552e-05;
 0.002718821167945862, -4.568696022033691e-05, 0.9999964237213135]
2020/03/08 15:45:27 490836	INFO [input.cpp->run:256]	frame times (ms): 56.773
2020/03/08 15:45:27 490838	INFO [input.cpp->run:257]	FPS: 17.614
2020/03/08 15:45:27 529307	INFO [input.cpp->run:173]	
frame_id 43
2020/03/08 15:45:27 562611	WARNING [visualOdometry.cpp->trackingFrame2Frame:179]	The Estimated Rotation and translation matrices(using getTransformation function) are : 
    0.999999   0.00118262    0.0011463  -0.00901282
 -0.00117962     0.999996  -0.00260996    0.0159545
 -0.00114937   0.00260866     0.999996 -0.000195503
           0            0            0            1
2020/03/08 15:45:27 564249	INFO [input.cpp->run:235]	rotation: 
[0.9999988079071045, 0.001182617619633675, 0.001146301627159119;
 -0.001179622486233711, 0.9999959468841553, -0.002609962597489357;
 -0.001149371266365051, 0.002608657348901033, 0.9999958872795105]
2020/03/08 15:45:27 564274	INFO [input.cpp->run:256]	frame times (ms): 61.548
2020/03/08 15:45:27 564277	INFO [input.cpp->run:257]	FPS: 16.2475
2020/03/08 15:45:27 595077	INFO [input.cpp->run:173]	
frame_id 44
2020/03/08 15:45:27 618010	WARNING [visualOdometry.cpp->trackingFrame2Frame:179]	The Estimated Rotation and translation matrices(using getTransformation function) are : 
    0.999999  -3.6031e-05  -0.00130678   0.00924981
 3.62545e-05            1  0.000182072  -0.00134921
  0.00130678 -0.000182155     0.999999  -0.00219584
           0            0            0            1
2020/03/08 15:45:27 620365	INFO [input.cpp->run:235]	rotation: 
[0.9999991655349731, -3.603100776672363e-05, -0.001306775957345963;
 3.625452518463135e-05, 0.9999998211860657, 0.0001820721663534641;
 0.001306779682636261, -0.0001821545884013176, 0.9999992251396179]
2020/03/08 15:45:27 620394	INFO [input.cpp->run:256]	frame times (ms): 43.697
2020/03/08 15:45:27 620396	INFO [input.cpp->run:257]	FPS: 22.8849
2020/03/08 15:45:27 661684	INFO [input.cpp->run:173]	
frame_id 45
2020/03/08 15:45:27 685803	WARNING [visualOdometry.cpp->trackingFrame2Frame:179]	The Estimated Rotation and translation matrices(using getTransformation function) are : 
           1  7.19726e-06   0.00118434  -0.00350833
-6.02007e-06     0.999999   -0.0010537   0.00683713
 -0.00118433   0.00105369     0.999999   0.00125265
           0            0            0            1
2020/03/08 15:45:27 687160	INFO [input.cpp->run:235]	rotation: 
[0.9999996423721313, 7.197260856628418e-06, 0.001184336841106415;
 -6.020069122314453e-06, 0.999999463558197, -0.00105369882658124;
 -0.001184329390525818, 0.001053689047694206, 0.9999987483024597]
2020/03/08 15:45:27 687187	INFO [input.cpp->run:256]	frame times (ms): 45.248
2020/03/08 15:45:27 687189	INFO [input.cpp->run:257]	FPS: 22.1004
2020/03/08 15:45:27 728384	INFO [input.cpp->run:173]	
frame_id 46
2020/03/08 15:45:27 754702	WARNING [visualOdometry.cpp->trackingFrame2Frame:179]	The Estimated Rotation and translation matrices(using getTransformation function) are : 
   0.999991 -0.00154637 -0.00400644   0.0390247
 0.00155322    0.999997  0.00173398  -0.0161917
  0.0040037 -0.00174017     0.99999 -0.00634432
          0           0           0           1
2020/03/08 15:45:27 756981	INFO [input.cpp->run:235]	rotation: 
[0.9999908804893494, -0.001546368002891541, -0.004006437957286835;
 0.00155322253704071, 0.9999971389770508, 0.001733982935547829;
 0.004003703594207764, -0.001740174368023872, 0.9999903440475464]
2020/03/08 15:45:27 757006	INFO [input.cpp->run:256]	frame times (ms): 49.781
2020/03/08 15:45:27 757008	INFO [input.cpp->run:257]	FPS: 20.088
2020/03/08 15:45:27 795121	INFO [input.cpp->run:173]	
frame_id 47
