		g3log created log at: Sun Mar 08 15:47:58 2020
		LOG format: [YYYY/MM/DD hh:mm:ss uuu* LEVEL FILE->FUNCTION:LINE] message		(uuu*: microseconds fractions of the seconds value)

2020/03/08 15:47:58 902751	INFO [g3logger.h->logBanner:29]	Starting log.
2020/03/08 15:47:58 908534	DEBUG [main.cpp->main:49]	Filepath: /home/mitchell/KITTI/data_odometry_gray/dataset/sequences/00/
2020/03/08 15:47:58 908539	DEBUG [main.cpp->main:53]	Calibration Filepath: /home/mitchell/visual_odom_ws/src/visual_odom/calibration/old/zed.yaml
2020/03/08 15:47:58 908631	INFO [main.cpp->main:67]	P_left: 
[718.85602, 0, 607.19281, 0;
 0, 718.85602, 185.2157, 0;
 0, 0, 1, 0]
2020/03/08 15:47:58 908640	INFO [main.cpp->main:68]	P_right: 
[718.85602, 0, 607.19281, -386.14481;
 0, 718.85602, 185.2157, 0;
 0, 0, 1, 0]
2020/03/08 15:47:58 980797	INFO [input.cpp->Input:22]	frame_pose [1, 0, 0, 0;
 0, 1, 0, 0;
 0, 0, 1, 0;
 0, 0, 0, 1]
2020/03/08 15:47:59 246271	INFO [input.cpp->run:173]	
frame_id 1
2020/03/08 15:47:59 299732	INFO [input.cpp->run:196]	Not enough points
2020/03/08 15:47:59 305159	INFO [input.cpp->run:173]	
frame_id 2
2020/03/08 15:47:59 323659	INFO [input.cpp->run:196]	Not enough points
2020/03/08 15:47:59 371826	INFO [input.cpp->run:173]	
frame_id 3
2020/03/08 15:47:59 455423	INFO [input.cpp->run:235]	rotation: 
[0.9999634484764567, 0.006447140332913178, 0.005615700544053502;
 -0.006464722856573308, 0.999974240971734, 0.003118453365368754;
 -0.005595450782596277, -0.003154643328809965, 0.9999793693651923]
2020/03/08 15:47:59 455469	INFO [input.cpp->run:256]	frame times (ms): 100.747
2020/03/08 15:47:59 455471	INFO [input.cpp->run:257]	FPS: 9.92585
2020/03/08 15:47:59 461074	INFO [input.cpp->run:173]	
frame_id 4
2020/03/08 15:47:59 489135	INFO [input.cpp->run:235]	rotation: 
[0.9999972964402736, -0.0008872005695850849, -0.002149415570074763;
 0.0008824526789132793, 0.9999971710945943, -0.002208863979093819;
 0.002151369194961826, 0.002206961249770214, 0.9999952504550355]
2020/03/08 15:47:59 489176	INFO [input.cpp->run:256]	frame times (ms): 40.084
2020/03/08 15:47:59 489179	INFO [input.cpp->run:257]	FPS: 24.9476
2020/03/08 15:47:59 504844	INFO [input.cpp->run:173]	
frame_id 5
2020/03/08 15:47:59 546431	INFO [input.cpp->run:235]	rotation: 
[0.999973849321891, -0.005529271360769691, 0.00466131210915818;
 0.005500480462927549, 0.9999658563093641, 0.006166922259702384;
 -0.004695251541394233, -0.006141121534315415, 0.9999701201732298]
2020/03/08 15:47:59 546461	INFO [input.cpp->run:256]	frame times (ms): 54.123
2020/03/08 15:47:59 546465	INFO [input.cpp->run:257]	FPS: 18.4764
2020/03/08 15:47:59 571738	INFO [input.cpp->run:173]	
frame_id 6
2020/03/08 15:47:59 605650	INFO [input.cpp->run:235]	rotation: 
[0.9999665399157791, 0.007972973733980284, -0.001830502308581;
 -0.007973623531195996, 0.9999681496186306, -0.0003479598752215657;
 0.001827669731438753, 0.0003625439687364454, 0.999998264091105]
2020/03/08 15:47:59 605681	INFO [input.cpp->run:256]	frame times (ms): 46.249
2020/03/08 15:47:59 605684	INFO [input.cpp->run:257]	FPS: 21.6221
2020/03/08 15:47:59 638252	INFO [input.cpp->run:173]	
frame_id 7
2020/03/08 15:47:59 680595	INFO [input.cpp->run:235]	rotation: 
[0.9999240694864711, 0.01150123543919073, -0.004424572859307654;
 -0.01149617849305069, 0.999933236158786, 0.001166664079031701;
 0.004437695536079226, -0.001115709814282956, 0.9999895309701694]
2020/03/08 15:47:59 680624	INFO [input.cpp->run:256]	frame times (ms): 54.716
2020/03/08 15:47:59 680627	INFO [input.cpp->run:257]	FPS: 18.2762
2020/03/08 15:47:59 704880	INFO [input.cpp->run:173]	
frame_id 8
2020/03/08 15:47:59 732081	INFO [input.cpp->run:235]	rotation: 
[0.9999861076067984, 0.00508778913385141, -0.001378040323781901;
 -0.005089682006889444, 0.9999861040950492, -0.001373591596610506;
 0.001371032630264959, 0.001380586301176668, 0.9999981071237044]
2020/03/08 15:47:59 732111	INFO [input.cpp->run:256]	frame times (ms): 40.265
2020/03/08 15:47:59 732114	INFO [input.cpp->run:257]	FPS: 24.8355
2020/03/08 15:47:59 771248	INFO [input.cpp->run:173]	
frame_id 9
2020/03/08 15:47:59 803257	INFO [input.cpp->run:235]	rotation: 
[0.9999703510335142, -0.004228649023210908, 0.006435493869861325;
 0.004195887633296142, 0.9999782136928341, 0.005095749862127368;
 -0.006456901801892124, -0.00506859616926778, 0.9999663083084318]
2020/03/08 15:47:59 803289	INFO [input.cpp->run:256]	frame times (ms): 50.245
2020/03/08 15:47:59 803293	INFO [input.cpp->run:257]	FPS: 19.9025
2020/03/08 15:47:59 837795	INFO [input.cpp->run:173]	
frame_id 10
2020/03/08 15:47:59 861794	INFO [input.cpp->run:235]	rotation: 
[0.9999543200299409, 0.008803283931846867, -0.00372290820109031;
 -0.008782603650333206, 0.9999461122062726, 0.005535210626673893;
 0.00377143561255029, -0.005502260951261444, 0.9999777504514011]
2020/03/08 15:47:59 861823	INFO [input.cpp->run:256]	frame times (ms): 37.838
2020/03/08 15:47:59 861826	INFO [input.cpp->run:257]	FPS: 26.4285
2020/03/08 15:47:59 904720	INFO [input.cpp->run:173]	
frame_id 11
2020/03/08 15:47:59 943918	INFO [input.cpp->run:235]	rotation: 
[0.9999531612568486, 0.006970249813375339, 0.006714976543073527;
 -0.006974376585817506, 0.9999755038931091, 0.0005913416625712632;
 -0.00671069025317718, -0.000638146740047341, 0.9999772794444202]
2020/03/08 15:47:59 943948	INFO [input.cpp->run:256]	frame times (ms): 56.67
2020/03/08 15:47:59 943950	INFO [input.cpp->run:257]	FPS: 17.646
2020/03/08 15:47:59 971196	INFO [input.cpp->run:173]	
frame_id 12
2020/03/08 15:47:59 998958	INFO [input.cpp->run:235]	rotation: 
[0.999997580336066, 0.001537477984225845, -0.001573366918850072;
 -0.001531993413346805, 0.9999927672000904, 0.003481169873349157;
 0.001578707761041588, -0.00347875106233151, 0.9999927029598024]
2020/03/08 15:47:59 998986	INFO [input.cpp->run:256]	frame times (ms): 40.784
2020/03/08 15:47:59 998988	INFO [input.cpp->run:257]	FPS: 24.5194
2020/03/08 15:48:00 038138	INFO [input.cpp->run:173]	
frame_id 13
2020/03/08 15:48:00 069337	INFO [input.cpp->run:235]	rotation: 
[0.9999898039902004, 0.004353894388542092, 0.001198131584545047;
 -0.004354894039715856, 0.999990170454874, 0.0008330015214509314;
 -0.001194493006806678, -0.0008382107642555862, 0.9999989352940188]
2020/03/08 15:48:00 069376	INFO [input.cpp->run:256]	frame times (ms): 45.52
2020/03/08 15:48:00 069378	INFO [input.cpp->run:257]	FPS: 21.9684
2020/03/08 15:48:00 104433	INFO [input.cpp->run:173]	
frame_id 14
2020/03/08 15:48:00 128752	INFO [input.cpp->run:235]	rotation: 
[0.9999720008831254, 0.007424277362088743, 0.0009367792960125695;
 -0.007426286576480157, 0.9999700921498658, 0.002159878115290334;
 -0.0009207157447615546, -0.002166774432121652, 0.9999972286816987]
2020/03/08 15:48:00 128784	INFO [input.cpp->run:256]	frame times (ms): 37.733
2020/03/08 15:48:00 128787	INFO [input.cpp->run:257]	FPS: 26.502
2020/03/08 15:48:00 171692	INFO [input.cpp->run:173]	
frame_id 15
2020/03/08 15:48:00 219711	INFO [input.cpp->run:235]	rotation: 
[0.9999896072921731, 0.003656179781849492, -0.002723537598102735;
 -0.00365184405918649, 0.9999920596212977, 0.001595220775469797;
 0.002729348386129655, -0.001585258262208755, 0.9999950187944084]
2020/03/08 15:48:00 219739	INFO [input.cpp->run:256]	frame times (ms): 64.946
2020/03/08 15:48:00 219741	INFO [input.cpp->run:257]	FPS: 15.3974
2020/03/08 15:48:00 237857	INFO [input.cpp->run:173]	
frame_id 16
2020/03/08 15:48:00 271341	INFO [input.cpp->run:235]	rotation: 
[0.999999039205568, 0.0006783422820824, -0.001208900198226016;
 -0.0006724247091890468, 0.9999878241175714, 0.004888707560863325;
 0.001212201695842604, -0.004887889969456089, 0.9999873194689496]
2020/03/08 15:48:00 271371	INFO [input.cpp->run:256]	frame times (ms): 47.66
2020/03/08 15:48:00 271373	INFO [input.cpp->run:257]	FPS: 20.982
2020/03/08 15:48:00 304455	INFO [input.cpp->run:173]	
frame_id 17
2020/03/08 15:48:00 345359	INFO [input.cpp->run:235]	rotation: 
[0.9999294456615101, 0.008900026110619703, -0.007867225323791483;
 -0.008879663479345483, 0.999957144141275, 0.002619438359424207;
 0.007890201236888486, -0.00254939523329209, 0.9999656220632717]
2020/03/08 15:48:00 345388	INFO [input.cpp->run:256]	frame times (ms): 54.576
2020/03/08 15:48:00 345391	INFO [input.cpp->run:257]	FPS: 18.3231
2020/03/08 15:48:00 371738	INFO [input.cpp->run:173]	
frame_id 18
2020/03/08 15:48:00 397314	INFO [input.cpp->run:235]	rotation: 
[0.9999852440233507, 0.0006255024283427113, -0.005396339710580413;
 -0.0006195426771494238, 0.999999196457158, 0.001106007192405585;
 0.005397027184574879, -0.001102647609438179, 0.9999848280178146]
2020/03/08 15:48:00 397345	INFO [input.cpp->run:256]	frame times (ms): 37.95
2020/03/08 15:48:00 397348	INFO [input.cpp->run:257]	FPS: 26.3505
2020/03/08 15:48:00 438605	INFO [input.cpp->run:173]	
frame_id 19
2020/03/08 15:48:00 481301	INFO [input.cpp->run:235]	rotation: 
[0.9999429943391496, -0.003001269339135548, -0.0102469729388494;
 0.002996616933411183, 0.9999953999878548, -0.0004693507054482602;
 0.010248334450531, 0.0004386176971763633, 0.9999473882437544]
2020/03/08 15:48:00 481330	INFO [input.cpp->run:256]	frame times (ms): 59.958
2020/03/08 15:48:00 481332	INFO [input.cpp->run:257]	FPS: 16.6783
2020/03/08 15:48:00 504930	INFO [input.cpp->run:173]	
frame_id 20
2020/03/08 15:48:00 538725	INFO [input.cpp->run:235]	rotation: 
[0.9999668364063372, 0.008143753516046161, -7.325415719417757e-05;
 -0.008143763770594389, 0.9999668290941739, -0.0001407941474044412;
 7.210513445446426e-05, 0.0001413860427159499, 0.9999999874054182]
2020/03/08 15:48:00 538758	INFO [input.cpp->run:256]	frame times (ms): 46.872
2020/03/08 15:48:00 538762	INFO [input.cpp->run:257]	FPS: 21.3347
2020/03/08 15:48:00 571834	INFO [input.cpp->run:173]	
frame_id 21
2020/03/08 15:48:00 604601	INFO [input.cpp->run:235]	rotation: 
[0.9999989676988383, 0.001422742797043879, -0.0002010079377635774;
 -0.001421864915778494, 0.9999897353051483, 0.004302044223457716;
 0.0002071265769099222, -0.004301753976317968, 0.9999907259626503]
2020/03/08 15:48:00 604630	INFO [input.cpp->run:256]	frame times (ms): 45.853
2020/03/08 15:48:00 604632	INFO [input.cpp->run:257]	FPS: 21.8088
2020/03/08 15:48:00 638310	INFO [input.cpp->run:173]	
frame_id 22
2020/03/08 15:48:00 659985	INFO [input.cpp->run:235]	rotation: 
[0.9999974861789427, 0.002141939211856344, -0.0006631230715607876;
 -0.002141735092606984, 0.9999976589359257, 0.0003083722765307408;
 0.0006637820338181386, -0.0003069512673849394, 0.9999997325871297]
2020/03/08 15:48:00 660018	INFO [input.cpp->run:256]	frame times (ms): 34.42
2020/03/08 15:48:00 660021	INFO [input.cpp->run:257]	FPS: 29.0529
2020/03/08 15:48:00 704740	INFO [input.cpp->run:173]	
frame_id 23
2020/03/08 15:48:00 737347	INFO [input.cpp->run:235]	rotation: 
[0.9999953163186871, 0.002549043409425586, 0.001694024316737476;
 -0.002549163218683137, 0.9999967485272869, 6.856922498837358e-05;
 -0.001693844022732589, -7.288724831175788e-05, 0.9999985627889051]
2020/03/08 15:48:00 737376	INFO [input.cpp->run:256]	frame times (ms): 49.897
2020/03/08 15:48:00 737379	INFO [input.cpp->run:257]	FPS: 20.0413
2020/03/08 15:48:00 771271	INFO [input.cpp->run:173]	
frame_id 24
2020/03/08 15:48:00 794830	INFO [input.cpp->run:235]	rotation: 
[0.9999969656140997, 0.001935764950708028, -0.00152367209355646;
 -0.001935332223283275, 0.9999980865087109, 0.0002854261766901547;
 0.001524221696012033, -0.0002824764988966112, 0.9999987984769027]
2020/03/08 15:48:00 794862	INFO [input.cpp->run:256]	frame times (ms): 36.15
2020/03/08 15:48:00 794865	INFO [input.cpp->run:257]	FPS: 27.6625
2020/03/08 15:48:00 838517	INFO [input.cpp->run:173]	
frame_id 25
2020/03/08 15:48:00 884963	INFO [input.cpp->run:235]	rotation: 
[0.9999849621513628, 0.002538171844625905, -0.004861394329263695;
 -0.002528956854146764, 0.999994995741581, 0.001900754856704046;
 0.004866194444051016, -0.001888432016930513, 0.9999863768952806]
2020/03/08 15:48:00 884999	INFO [input.cpp->run:256]	frame times (ms): 66.424
2020/03/08 15:48:00 885003	INFO [input.cpp->run:257]	FPS: 15.0548
2020/03/08 15:48:00 904951	INFO [input.cpp->run:173]	
frame_id 26
2020/03/08 15:48:00 927182	INFO [input.cpp->run:235]	rotation: 
[0.9999982289425785, 0.00112146629479773, -0.001511431459258298;
 -0.001122343832903336, 0.9999992020428246, -0.0005798776034067074;
 0.001510779940013391, 0.000581572922187329, 0.999998689657596]
2020/03/08 15:48:00 927213	INFO [input.cpp->run:256]	frame times (ms): 34.851
2020/03/08 15:48:00 927214	INFO [input.cpp->run:257]	FPS: 28.6936
2020/03/08 15:48:00 971719	INFO [input.cpp->run:173]	
frame_id 27
2020/03/08 15:48:01 001139	INFO [input.cpp->run:235]	rotation: 
[0.9999936136079235, 0.003530102053575343, -0.0005577838814353551;
 -0.003529516074177651, 0.9999932220159278, 0.001048064160952668;
 0.0005614798742319487, -0.001046088760428572, 0.9999992952190797]
2020/03/08 15:48:01 001170	INFO [input.cpp->run:256]	frame times (ms): 45.569
2020/03/08 15:48:01 001172	INFO [input.cpp->run:257]	FPS: 21.9447
2020/03/08 15:48:01 037868	INFO [input.cpp->run:173]	
frame_id 28
2020/03/08 15:48:01 079232	INFO [input.cpp->run:235]	rotation: 
[0.9999992092585558, 0.001156157116042901, -0.0004947554812375198;
 -0.001156046230679197, 0.9999993066121087, 0.0002243488677429696;
 0.0004950145207199771, -0.0002237767301318294, 0.9999998524422887]
2020/03/08 15:48:01 079261	INFO [input.cpp->run:256]	frame times (ms): 55.29
2020/03/08 15:48:01 079263	INFO [input.cpp->run:257]	FPS: 18.0865
2020/03/08 15:48:01 104437	INFO [input.cpp->run:173]	
frame_id 29
2020/03/08 15:48:01 130116	INFO [input.cpp->run:235]	rotation: 
[0.9999985245990524, 0.001563211704266364, -0.00071215790810243;
 -0.001563097295566678, 0.9999987653733223, 0.0001611790176555548;
 0.0007124089857801592, -0.000160065607751708, 0.9999997334261835]
2020/03/08 15:48:01 130147	INFO [input.cpp->run:256]	frame times (ms): 39.013
2020/03/08 15:48:01 130149	INFO [input.cpp->run:257]	FPS: 25.6325
2020/03/08 15:48:01 171488	INFO [input.cpp->run:173]	
frame_id 30
2020/03/08 15:48:01 206762	INFO [input.cpp->run:235]	rotation: 
[0.9999949550513784, 0.002806463838328461, 0.001487828120414152;
 -0.002814408555563951, 0.9999816484063224, 0.00536488164421606;
 -0.001472744470065619, -0.005369041934855105, 0.9999845020861211]
2020/03/08 15:48:01 206790	INFO [input.cpp->run:256]	frame times (ms): 52.263
2020/03/08 15:48:01 206792	INFO [input.cpp->run:257]	FPS: 19.134
2020/03/08 15:48:01 237800	INFO [input.cpp->run:173]	
frame_id 31
2020/03/08 15:48:01 266993	INFO [input.cpp->run:235]	rotation: 
[0.9999949902937583, 0.002849728034075242, 0.001377837986913168;
 -0.00285023567761816, 0.9999958708676764, 0.0003666117558017854;
 -0.00137678755383967, -0.0003705370821728615, 0.9999989835786346]
2020/03/08 15:48:01 267021	INFO [input.cpp->run:256]	frame times (ms): 42.479
2020/03/08 15:48:01 267023	INFO [input.cpp->run:257]	FPS: 23.541
2020/03/08 15:48:01 304562	INFO [input.cpp->run:173]	
frame_id 32
2020/03/08 15:48:01 345489	INFO [input.cpp->run:235]	rotation: 
[0.9999223960321221, 0.0113107130447325, 0.005222038280183713;
 -0.01129782592716689, 0.9999330753519288, -0.002490772280501336;
 -0.005249861207634121, 0.002431581307214771, 0.9999832630447607]
2020/03/08 15:48:01 345518	INFO [input.cpp->run:256]	frame times (ms): 54.954
2020/03/08 15:48:01 345520	INFO [input.cpp->run:257]	FPS: 18.197
2020/03/08 15:48:01 371318	INFO [input.cpp->run:173]	
frame_id 33
2020/03/08 15:48:01 400544	INFO [input.cpp->run:235]	rotation: 
[0.9999761994489765, 0.006590406500787476, 0.002041342140636565;
 -0.006592619645641134, 0.9999776859502673, 0.001079336720660688;
 -0.002034183322286137, -0.001092768824151833, 0.9999973339737003]
2020/03/08 15:48:01 400575	INFO [input.cpp->run:256]	frame times (ms): 42.616
2020/03/08 15:48:01 400579	INFO [input.cpp->run:257]	FPS: 23.4654
2020/03/08 15:48:01 437989	INFO [input.cpp->run:173]	
frame_id 34
2020/03/08 15:48:01 475094	INFO [input.cpp->run:235]	rotation: 
[0.9999772178199113, 0.006725689614775855, 0.0005735332207207214;
 -0.006726986703056041, 0.9999747504071389, 0.002290458049659255;
 -0.0005581138293227329, -0.002294264018381031, 0.9999972124268984]
2020/03/08 15:48:01 475126	INFO [input.cpp->run:256]	frame times (ms): 51.312
2020/03/08 15:48:01 475128	INFO [input.cpp->run:257]	FPS: 19.4886
2020/03/08 15:48:01 504661	INFO [input.cpp->run:173]	
frame_id 35
2020/03/08 15:48:01 527129	INFO [input.cpp->run:235]	rotation: 
[0.9998457979989273, 0.01680864008254644, 0.005084274035074501;
 -0.01681385234430416, 0.9998581528290391, 0.0009841700288739305;
 -0.005067010285390865, -0.001069504500789804, 0.9999865906935406]
2020/03/08 15:48:01 527162	INFO [input.cpp->run:256]	frame times (ms): 35.352
2020/03/08 15:48:01 527164	INFO [input.cpp->run:257]	FPS: 28.2869
2020/03/08 15:48:01 571331	INFO [input.cpp->run:173]	
frame_id 36
2020/03/08 15:48:01 616490	INFO [input.cpp->run:235]	rotation: 
[0.9998538369432566, 0.01645612885900597, 0.004636871016487013;
 -0.01639426659545148, 0.9997800772337646, -0.01307765993001152;
 -0.00485105891996892, 0.01299973035964809, 0.9999037324852486]
2020/03/08 15:48:01 616520	INFO [input.cpp->run:256]	frame times (ms): 62.369
2020/03/08 15:48:01 616522	INFO [input.cpp->run:257]	FPS: 16.0336
2020/03/08 15:48:01 638485	INFO [input.cpp->run:173]	
frame_id 37
2020/03/08 15:48:01 657244	INFO [input.cpp->run:196]	Not enough points
2020/03/08 15:48:01 705497	INFO [input.cpp->run:173]	
frame_id 38
2020/03/08 15:48:01 737202	INFO [input.cpp->run:196]	Not enough points
2020/03/08 15:48:01 771831	INFO [input.cpp->run:173]	
frame_id 39
2020/03/08 15:48:01 809720	INFO [input.cpp->run:235]	rotation: 
[0.9998232667281932, 0.01790398691477016, 0.00573433182855606;
 -0.01782518217362796, 0.999749827976974, -0.0135108971015219;
 -0.005974796184074263, 0.01340629376698406, 0.9998922807472773]
2020/03/08 15:48:01 809749	INFO [input.cpp->run:256]	frame times (ms): 57.185
2020/03/08 15:48:01 809753	INFO [input.cpp->run:257]	FPS: 17.4871
2020/03/08 15:48:01 838042	INFO [input.cpp->run:173]	
frame_id 40
2020/03/08 15:48:01 856878	INFO [input.cpp->run:196]	Not enough points
2020/03/08 15:48:01 905117	INFO [input.cpp->run:173]	
frame_id 41
2020/03/08 15:48:01 936924	INFO [input.cpp->run:196]	Not enough points
2020/03/08 15:48:01 972645	INFO [input.cpp->run:173]	
frame_id 42
2020/03/08 15:48:02 010506	INFO [input.cpp->run:235]	rotation: 
[0.9999823743027797, 0.005438189636548339, 0.002382682784663709;
 -0.005432120211658617, 0.9999820037545288, -0.002546416518082509;
 -0.002396487801238409, 0.002533428616403422, 0.9999939192743444]
2020/03/08 15:48:02 010535	INFO [input.cpp->run:256]	frame times (ms): 59.04
2020/03/08 15:48:02 010537	INFO [input.cpp->run:257]	FPS: 16.9377
2020/03/08 15:48:02 038005	INFO [input.cpp->run:173]	
frame_id 43
2020/03/08 15:48:02 065502	INFO [input.cpp->run:235]	rotation: 
[0.9999480815885637, -0.005073981605003631, 0.008836788897735853;
 0.005096747790326529, 0.9999837456872644, -0.002555684493463676;
 -0.008823677765697504, 0.00260059069067276, 0.9999576889242598]
2020/03/08 15:48:02 065531	INFO [input.cpp->run:256]	frame times (ms): 41.638
2020/03/08 15:48:02 065534	INFO [input.cpp->run:257]	FPS: 24.0165
2020/03/08 15:48:02 104387	INFO [input.cpp->run:173]	
frame_id 44
2020/03/08 15:48:02 131462	INFO [input.cpp->run:235]	rotation: 
[0.9999915245976011, 0.003179101352157204, 0.00261611306292383;
 -0.003175971224560069, 0.9999942368674902, -0.001199766054991255;
 -0.002619912163805283, 0.001191447186683112, 0.9999958582483506]
2020/03/08 15:48:02 131488	INFO [input.cpp->run:256]	frame times (ms): 43.046
2020/03/08 15:48:02 131489	INFO [input.cpp->run:257]	FPS: 23.231
2020/03/08 15:48:02 171592	INFO [input.cpp->run:173]	
frame_id 45
2020/03/08 15:48:02 221589	INFO [input.cpp->run:235]	rotation: 
[0.9999804872898858, 0.003018717284388325, -0.00546922164841827;
 -0.003020463944671087, 0.9999953899872013, -0.000311130043743541;
 0.00546825722159573, 0.0003276435595476516, 0.9999849952937576]
2020/03/08 15:48:02 221620	INFO [input.cpp->run:256]	frame times (ms): 67.393
2020/03/08 15:48:02 221622	INFO [input.cpp->run:257]	FPS: 14.8383
2020/03/08 15:48:02 238158	INFO [input.cpp->run:173]	
frame_id 46
2020/03/08 15:48:02 275489	INFO [input.cpp->run:235]	rotation: 
[0.9999648164422228, 0.00120702181943389, 0.008301143053767343;
 -0.001219954176238728, 0.9999980499283447, 0.00155301362380195;
 -0.008299252344613759, -0.001563085997393387, 0.9999643389504873]
2020/03/08 15:48:02 275521	INFO [input.cpp->run:256]	frame times (ms): 52.223
2020/03/08 15:48:02 275524	INFO [input.cpp->run:257]	FPS: 19.1487
2020/03/08 15:48:02 304338	INFO [input.cpp->run:173]	
frame_id 47
2020/03/08 15:48:02 346181	INFO [input.cpp->run:235]	rotation: 
[0.9999963681035406, -0.002558374445527847, -0.0008476437485220669;
 0.00256059034670348, 0.99999328029128, 0.002623499449582531;
 0.0008409261586533102, -0.002625660389704078, 0.9999961993681344]
2020/03/08 15:48:02 346210	INFO [input.cpp->run:256]	frame times (ms): 55.975
2020/03/08 15:48:02 346212	INFO [input.cpp->run:257]	FPS: 17.8651
2020/03/08 15:48:02 371145	INFO [input.cpp->run:173]	
frame_id 48
2020/03/08 15:48:02 404584	INFO [input.cpp->run:235]	rotation: 
[0.9999964765269975, 0.001537460188483284, -0.002164058631118892;
 -0.001538450407719189, 0.9999987126232748, -0.0004559847980553509;
 0.002163354786686615, 0.0004593124882885985, 0.9999975544610622]
2020/03/08 15:48:02 404615	INFO [input.cpp->run:256]	frame times (ms): 47.099
2020/03/08 15:48:02 404617	INFO [input.cpp->run:257]	FPS: 21.2319
2020/03/08 15:48:02 438122	INFO [input.cpp->run:173]	
frame_id 49
2020/03/08 15:48:02 478941	INFO [input.cpp->run:235]	rotation: 
[0.9999996346707757, 0.0003643577365699161, -0.0007732410717212768;
 -0.0003577470992520905, 0.9999635357444967, 0.008532244627162093;
 0.0007763216654014855, -0.00853196488533335, 0.9999633007765172]
2020/03/08 15:48:02 478972	INFO [input.cpp->run:256]	frame times (ms): 55.312
2020/03/08 15:48:02 478975	INFO [input.cpp->run:257]	FPS: 18.0793
2020/03/08 15:48:02 504903	INFO [input.cpp->run:173]	
frame_id 50
2020/03/08 15:48:02 534463	INFO [input.cpp->run:235]	rotation: 
[0.9999925799394386, 0.003150725604472614, -0.002216527516378106;
 -0.003144962257003711, 0.999991677515324, 0.002598867539963861;
 0.002224697387862614, -0.002591877360828704, 0.9999941664296241]
2020/03/08 15:48:02 534492	INFO [input.cpp->run:256]	frame times (ms): 44.174
2020/03/08 15:48:02 534495	INFO [input.cpp->run:257]	FPS: 22.6378
2020/03/08 15:48:02 571906	INFO [input.cpp->run:173]	
frame_id 51
2020/03/08 15:48:02 614351	INFO [input.cpp->run:235]	rotation: 
[0.9999658122882368, 0.00171629334443717, 0.008088794216853077;
 -0.001738610641950769, 0.9999946996067919, 0.002752815169570703;
 -0.008084026704709146, -0.00276678432082512, 0.9999634960421103]
2020/03/08 15:48:02 614381	INFO [input.cpp->run:256]	frame times (ms): 56.218
2020/03/08 15:48:02 614382	INFO [input.cpp->run:257]	FPS: 17.7879
2020/03/08 15:48:02 638336	INFO [input.cpp->run:173]	
frame_id 52
2020/03/08 15:48:02 674091	INFO [input.cpp->run:235]	rotation: 
[0.9999539549499313, 0.00495210038910843, 0.008219773824562708;
 -0.005027002918869292, 0.9999458035634755, 0.009116971945168506;
 -0.008174180181795219, -0.009157872980747337, 0.999924655231995]
2020/03/08 15:48:02 674120	INFO [input.cpp->run:256]	frame times (ms): 49.098
2020/03/08 15:48:02 674122	INFO [input.cpp->run:257]	FPS: 20.3674
2020/03/08 15:48:02 704774	INFO [input.cpp->run:173]	
frame_id 53
2020/03/08 15:48:02 746061	INFO [input.cpp->run:235]	rotation: 
[0.9999735359788577, -0.00161918115189097, 0.007092643677597548;
 0.001614303564641698, 0.9999984566315054, 0.0006933675852479242;
 -0.007093755418760118, -0.0006818995559820097, 0.9999746065011123]
2020/03/08 15:48:02 746092	INFO [input.cpp->run:256]	frame times (ms): 55.485
2020/03/08 15:48:02 746095	INFO [input.cpp->run:257]	FPS: 18.0229
2020/03/08 15:48:02 771378	INFO [input.cpp->run:173]	
frame_id 54
2020/03/08 15:48:02 813405	INFO [input.cpp->run:235]	rotation: 
[0.999986766266202, 0.0006454780373397747, -0.005103983793832668;
 -0.000648417684074328, 0.999999624856811, -0.0005743176335637159;
 0.005103611169688989, 0.0005776195465481876, 0.9999868096673517]
2020/03/08 15:48:02 813435	INFO [input.cpp->run:256]	frame times (ms): 56.204
2020/03/08 15:48:02 813437	INFO [input.cpp->run:257]	FPS: 17.7923
2020/03/08 15:48:02 838427	INFO [input.cpp->run:173]	
frame_id 55
2020/03/08 15:48:02 864815	INFO [input.cpp->run:235]	rotation: 
[0.999996246114371, 0.002330696158741726, 0.001440698643693845;
 -0.002333107136750307, 0.9999958770432892, 0.001674069147739237;
 -0.0014367909572236, -0.00167742416776263, 0.9999975609369788]
2020/03/08 15:48:02 864844	INFO [input.cpp->run:256]	frame times (ms): 39.92
2020/03/08 15:48:02 864846	INFO [input.cpp->run:257]	FPS: 25.0501
2020/03/08 15:48:02 904468	INFO [input.cpp->run:173]	
frame_id 56
2020/03/08 15:48:02 948525	INFO [input.cpp->run:235]	rotation: 
[0.9999868002426344, 0.003212851962776164, -0.00400960381620305;
 -0.003162808704553152, 0.9999177997278057, 0.01242539450489267;
 0.00404919517880128, -0.01241254888284834, 0.9999147626916181]
2020/03/08 15:48:02 948572	INFO [input.cpp->run:256]	frame times (ms): 59.446
2020/03/08 15:48:02 948577	INFO [input.cpp->run:257]	FPS: 16.822
2020/03/08 15:48:02 971346	INFO [input.cpp->run:173]	
frame_id 57
2020/03/08 15:48:03 012922	INFO [input.cpp->run:235]	rotation: 
[0.9999736504134459, 0.006057204095113744, -0.00400109451996195;
 -0.006015202986555327, 0.9999275414938179, 0.01042732444875523;
 0.004063965038982019, -0.01040298229736118, 0.9999376291286786]
2020/03/08 15:48:03 012953	INFO [input.cpp->run:256]	frame times (ms): 55.419
2020/03/08 15:48:03 012955	INFO [input.cpp->run:257]	FPS: 18.0444
2020/03/08 15:48:03 038305	INFO [input.cpp->run:173]	
frame_id 58
2020/03/08 15:48:03 069280	INFO [input.cpp->run:235]	rotation: 
[0.9999810650330128, 0.00150499776840322, 0.005966955434615382;
 -0.001514309019071033, 0.9999976424609929, 0.001556258542438887;
 -0.005964599201651763, -0.001565264889165796, 0.99998098657034]
2020/03/08 15:48:03 069318	INFO [input.cpp->run:256]	frame times (ms): 44.575
2020/03/08 15:48:03 069320	INFO [input.cpp->run:257]	FPS: 22.4341
2020/03/08 15:48:03 104788	INFO [input.cpp->run:173]	
frame_id 59
2020/03/08 15:48:03 145734	INFO [input.cpp->run:235]	rotation: 
[0.9999986793727365, 0.001210068996388911, -0.00108488976720503;
 -0.001208190790511819, 0.9999977732900482, 0.001730228296786397;
 0.001086981047088805, -0.001728915257974278, 0.9999979146599427]
2020/03/08 15:48:03 145763	INFO [input.cpp->run:256]	frame times (ms): 55.409
2020/03/08 15:48:03 145765	INFO [input.cpp->run:257]	FPS: 18.0476
2020/03/08 15:48:03 171422	INFO [input.cpp->run:173]	
frame_id 60
2020/03/08 15:48:03 205226	INFO [input.cpp->run:235]	rotation: 
[0.9999969564756945, 0.002299049042179197, 0.0008952166495311573;
 -0.002300791704682528, 0.9999954509467595, 0.001950498223268743;
 -0.0008907282860709785, -0.001952551993921128, 0.999997697069264]
2020/03/08 15:48:03 205258	INFO [input.cpp->run:256]	frame times (ms): 47.982
2020/03/08 15:48:03 205262	INFO [input.cpp->run:257]	FPS: 20.8412
2020/03/08 15:48:03 238353	INFO [input.cpp->run:173]	
frame_id 61
2020/03/08 15:48:03 270476	INFO [input.cpp->run:235]	rotation: 
[0.9999918599690093, -0.001721881795724837, -0.003648988737013585;
 0.001726599236911873, 0.9999976773074761, 0.001290052219116019;
 0.003646758944103096, -0.001296342059219803, 0.9999925102951868]
2020/03/08 15:48:03 270514	INFO [input.cpp->run:256]	frame times (ms): 45.847
2020/03/08 15:48:03 270518	INFO [input.cpp->run:257]	FPS: 21.8117
2020/03/08 15:48:03 304937	INFO [input.cpp->run:173]	
frame_id 62
2020/03/08 15:48:03 337842	INFO [input.cpp->run:235]	rotation: 
[0.9999867943625492, -0.00141188188459196, -0.004941425913295486;
 0.001433835722797472, 0.9999891058930195, 0.00444209527133211;
 0.004935100367029725, -0.004449121803628476, 0.9999779248061148]
2020/03/08 15:48:03 337869	INFO [input.cpp->run:256]	frame times (ms): 47.558
2020/03/08 15:48:03 337871	INFO [input.cpp->run:257]	FPS: 21.027
2020/03/08 15:48:03 371247	INFO [input.cpp->run:173]	
frame_id 63
2020/03/08 15:48:03 413065	INFO [input.cpp->run:235]	rotation: 
[0.9999592417757771, 0.009000584786491949, 0.0007101131699112004;
 -0.009003005268068806, 0.9999534083619657, 0.003482384446188243;
 -0.0006787365881083464, -0.003488635662991791, 0.9999936843489837]
2020/03/08 15:48:03 413095	INFO [input.cpp->run:256]	frame times (ms): 56.296
2020/03/08 15:48:03 413097	INFO [input.cpp->run:257]	FPS: 17.7633
2020/03/08 15:48:03 437903	INFO [input.cpp->run:173]	
frame_id 64
2020/03/08 15:48:03 478578	INFO [input.cpp->run:235]	rotation: 
[0.9999994973067139, 0.0009839634255163147, 0.0001928789693800046;
 -0.0009858219929645381, 0.9999506553992552, 0.009885085816429681;
 -0.0001831428889428115, -0.009885270991593404, 0.9999511227435594]
2020/03/08 15:48:03 478608	INFO [input.cpp->run:256]	frame times (ms): 54.49
2020/03/08 15:48:03 478610	INFO [input.cpp->run:257]	FPS: 18.352
2020/03/08 15:48:03 504821	INFO [input.cpp->run:173]	
frame_id 65
2020/03/08 15:48:03 544407	INFO [input.cpp->run:235]	rotation: 
[0.9999911771926543, -0.002832753831847221, -0.003101780549566123;
 0.00283492062450843, 0.9999957405144095, 0.0006943904452323398;
 0.003099800300382038, -0.0007031776204118829, 0.9999949483769065]
2020/03/08 15:48:03 544439	INFO [input.cpp->run:256]	frame times (ms): 54.149
2020/03/08 15:48:03 544441	INFO [input.cpp->run:257]	FPS: 18.4676
2020/03/08 15:48:03 571663	INFO [input.cpp->run:173]	
frame_id 66
2020/03/08 15:48:03 609465	INFO [input.cpp->run:235]	rotation: 
[0.9999854112009182, 0.003297247919071489, 0.004278497574005794;
 -0.003306491199643624, 0.9999922112320313, 0.002155131369328123;
 -0.004271358247358093, -0.002169246743125728, 0.9999885248678058]
2020/03/08 15:48:03 609494	INFO [input.cpp->run:256]	frame times (ms): 52.142
2020/03/08 15:48:03 609497	INFO [input.cpp->run:257]	FPS: 19.1784
2020/03/08 15:48:03 637886	INFO [input.cpp->run:173]	
frame_id 67
2020/03/08 15:48:03 674846	INFO [input.cpp->run:235]	rotation: 
[0.9999982390630473, -0.00180909021288511, 0.0004990625273391697;
 0.001808668440396267, 0.99999800794423, 0.0008442902607493429;
 -0.0005005889304263383, -0.0008433861353644411, 0.999999519055159]
2020/03/08 15:48:03 674875	INFO [input.cpp->run:256]	frame times (ms): 51.035
2020/03/08 15:48:03 674877	INFO [input.cpp->run:257]	FPS: 19.5944
2020/03/08 15:48:03 704538	INFO [input.cpp->run:173]	
frame_id 68
2020/03/08 15:48:03 746338	INFO [input.cpp->run:235]	rotation: 
[0.9999446593982567, 0.005070329188907307, 0.009217912064047448;
 -0.005088313979318974, 0.9999851945456011, 0.001928665456804242;
 -0.009207996619909458, -0.001975462354112926, 0.9999556541900921]
2020/03/08 15:48:03 746368	INFO [input.cpp->run:256]	frame times (ms): 55.827
2020/03/08 15:48:03 746370	INFO [input.cpp->run:257]	FPS: 17.9125
2020/03/08 15:48:03 771223	INFO [input.cpp->run:173]	
frame_id 69
2020/03/08 15:48:03 802225	INFO [input.cpp->run:235]	rotation: 
[0.999971904768475, 0.002237349595854103, 0.007154295247890213;
 -0.002291270350268983, 0.9999689672775159, 0.007537543507016107;
 -0.007137209110712061, -0.007553724162564708, 0.9999459992906546]
2020/03/08 15:48:03 802254	INFO [input.cpp->run:256]	frame times (ms): 45.067
2020/03/08 15:48:03 802256	INFO [input.cpp->run:257]	FPS: 22.1892
2020/03/08 15:48:03 837631	INFO [input.cpp->run:173]	
frame_id 70
2020/03/08 15:48:03 871305	INFO [input.cpp->run:235]	rotation: 
[0.9999991231061212, 0.001083057017234502, -0.0007620856160972366;
 -0.001076379239611934, 0.9999614964357511, 0.008709021397720526;
 0.0007714886398228007, -0.008708193467696997, 0.9999617853557243]
2020/03/08 15:48:03 871335	INFO [input.cpp->run:256]	frame times (ms): 48.223
2020/03/08 15:48:03 871338	INFO [input.cpp->run:257]	FPS: 20.737
2020/03/08 15:48:03 904291	INFO [input.cpp->run:173]	
frame_id 71
2020/03/08 15:48:03 947092	INFO [input.cpp->run:235]	rotation: 
[0.9999988031160628, 0.0008211549462268781, -0.001311286008514479;
 -0.0008180878019702491, 0.9999969325641682, 0.002337861117076856;
 0.00131320173244867, -0.002336785571839977, 0.9999964074607474]
2020/03/08 15:48:03 947121	INFO [input.cpp->run:256]	frame times (ms): 56.864
2020/03/08 15:48:03 947123	INFO [input.cpp->run:257]	FPS: 17.5858
2020/03/08 15:48:03 971538	INFO [input.cpp->run:173]	
frame_id 72
2020/03/08 15:48:04 012415	INFO [input.cpp->run:235]	rotation: 
[0.999995297150112, -0.003019398587057662, 0.0005375033317080469;
 0.003021438054806176, 0.9999880823632982, -0.003834845949262164;
 -0.0005259179974978276, 0.003836451947578329, 0.9999925024952506]
2020/03/08 15:48:04 012445	INFO [input.cpp->run:256]	frame times (ms): 54.248
2020/03/08 15:48:04 012447	INFO [input.cpp->run:257]	FPS: 18.4339
2020/03/08 15:48:04 038000	INFO [input.cpp->run:173]	
frame_id 73
2020/03/08 15:48:04 077513	INFO [input.cpp->run:235]	rotation: 
[0.9999985430668522, 0.001442002830988305, 0.0009135053411586247;
 -0.00144696204387514, 0.9999840931916495, 0.005451574498981855;
 -0.0009056296243433603, -0.005452888363957794, 0.9999847228050405]
2020/03/08 15:48:04 077544	INFO [input.cpp->run:256]	frame times (ms): 53.516
2020/03/08 15:48:04 077546	INFO [input.cpp->run:257]	FPS: 18.686
2020/03/08 15:48:04 104642	INFO [input.cpp->run:173]	
frame_id 74
2020/03/08 15:48:04 133466	INFO [input.cpp->run:235]	rotation: 
[0.9999946429918103, 0.0006896919448739861, 0.003199736348985707;
 -0.0006939714841198093, 0.9999988660198184, 0.001336548785730996;
 -0.00319881091361665, -0.001338762151611103, 0.999993987644246]
2020/03/08 15:48:04 133498	INFO [input.cpp->run:256]	frame times (ms): 42.542
2020/03/08 15:48:04 133500	INFO [input.cpp->run:257]	FPS: 23.5062
2020/03/08 15:48:04 171343	INFO [input.cpp->run:173]	
frame_id 75
2020/03/08 15:48:04 218609	INFO [input.cpp->run:235]	rotation: 
[0.9999911382613097, -0.002662778043273205, -0.003260829946878343;
 0.002707629617898416, 0.9999007176005809, 0.01382836518521661;
 0.003223684336667561, -0.01383707176160093, 0.9998990665584011]
2020/03/08 15:48:04 218638	INFO [input.cpp->run:256]	frame times (ms): 64.683
2020/03/08 15:48:04 218640	INFO [input.cpp->run:257]	FPS: 15.46
2020/03/08 15:48:04 237933	INFO [input.cpp->run:173]	
frame_id 76
2020/03/08 15:48:04 265085	INFO [input.cpp->run:235]	rotation: 
[0.9999936244360271, 0.003515137498085194, -0.0006284072465186678;
 -0.003510383983648983, 0.9999663700299934, 0.007411883250934626;
 0.0006544399019486054, -0.007409630045265412, 0.9999723341628043]
2020/03/08 15:48:04 265119	INFO [input.cpp->run:256]	frame times (ms): 41.302
2020/03/08 15:48:04 265121	INFO [input.cpp->run:257]	FPS: 24.2119
2020/03/08 15:48:04 304471	INFO [input.cpp->run:173]	
frame_id 77
2020/03/08 15:48:04 335514	INFO [input.cpp->run:235]	rotation: 
[0.9999997421008225, 0.0007159059937632365, -5.724418301380489e-05;
 -0.0007153571827019047, 0.9999585880458464, 0.009072511088917563;
 6.373687748736187e-05, -0.009072467799086929, 0.9999588422858438]
2020/03/08 15:48:04 335543	INFO [input.cpp->run:256]	frame times (ms): 44.99
2020/03/08 15:48:04 335546	INFO [input.cpp->run:257]	FPS: 22.2272
2020/03/08 15:48:04 371425	INFO [input.cpp->run:173]	
frame_id 78
2020/03/08 15:48:04 413640	INFO [input.cpp->run:235]	rotation: 
[0.9999885079982701, -0.001268186463752935, 0.004623372631180204;
 0.0012674272366071, 0.9999991828456732, 0.0001671412147408044;
 -0.004623580819397325, -0.0001612795055559338, 0.9999892981873993]
2020/03/08 15:48:04 413669	INFO [input.cpp->run:256]	frame times (ms): 56.144
2020/03/08 15:48:04 413671	INFO [input.cpp->run:257]	FPS: 17.8113
2020/03/08 15:48:04 437879	INFO [input.cpp->run:173]	
frame_id 79
2020/03/08 15:48:04 475174	INFO [input.cpp->run:235]	rotation: 
[0.9999698682740813, 0.001669801412342649, 0.007581181119056843;
 -0.001680547734628531, 0.999997591921317, 0.001411350728508376;
 -0.007578806187536423, -0.001424048738830489, 0.9999702664489386]
2020/03/08 15:48:04 475204	INFO [input.cpp->run:256]	frame times (ms): 51.707
2020/03/08 15:48:04 475206	INFO [input.cpp->run:257]	FPS: 19.3397
2020/03/08 15:48:04 504397	INFO [input.cpp->run:173]	
frame_id 80
2020/03/08 15:48:04 534785	INFO [input.cpp->run:235]	rotation: 
[0.9999941654213758, 0.001711518779249783, 0.002956319785540167;
 -0.001716180594350338, 0.9999972869171113, 0.001575081770596381;
 -0.002953615982770314, -0.001580146159304589, 0.9999943896296326]
2020/03/08 15:48:04 534816	INFO [input.cpp->run:256]	frame times (ms): 44.716
2020/03/08 15:48:04 534820	INFO [input.cpp->run:257]	FPS: 22.3634
2020/03/08 15:48:04 571298	INFO [input.cpp->run:173]	
frame_id 81
2020/03/08 15:48:04 604821	INFO [input.cpp->run:235]	rotation: 
[0.9999999952691904, -7.788346182868284e-05, -5.827337024969653e-05;
 7.79618224164096e-05, 0.9999990912170873, 0.001345914913234498;
 5.816849277908383e-05, -0.001345919449965374, 0.9999990925582186]
2020/03/08 15:48:04 604846	INFO [input.cpp->run:256]	frame times (ms): 48.885
2020/03/08 15:48:04 604849	INFO [input.cpp->run:257]	FPS: 20.4562
2020/03/08 15:48:04 637686	INFO [input.cpp->run:173]	
frame_id 82
2020/03/08 15:48:04 678386	INFO [input.cpp->run:235]	rotation: 
[0.9999948193755296, 0.001803901426164591, 0.002665926057989186;
 -0.001819012430724663, 0.9999822330450653, 0.005676688117344549;
 -0.002655638506810285, -0.005681508061194052, 0.9999803338317568]
2020/03/08 15:48:04 678415	INFO [input.cpp->run:256]	frame times (ms): 54.186
2020/03/08 15:48:04 678417	INFO [input.cpp->run:257]	FPS: 18.455
2020/03/08 15:48:04 704383	INFO [input.cpp->run:173]	
frame_id 83
2020/03/08 15:48:04 747885	INFO [input.cpp->run:235]	rotation: 
[0.9999846802876089, 0.0008393460956453489, -0.005471260204051661;
 -0.0008429428270693252, 0.999999430136723, -0.0006551134402574616;
 0.005470707219273107, 0.0006597153636520085, 0.9999848179538328]
2020/03/08 15:48:04 747916	INFO [input.cpp->run:256]	frame times (ms): 58.082
2020/03/08 15:48:04 747919	INFO [input.cpp->run:257]	FPS: 17.217
2020/03/08 15:48:04 771922	INFO [input.cpp->run:173]	
frame_id 84
2020/03/08 15:48:04 804612	INFO [input.cpp->run:235]	rotation: 
[0.9999988387898672, -0.001082265682884596, -0.00107290256258504;
 0.001083423200334006, 0.9999988311141268, 0.001078871887202055;
 0.001071733682464644, -0.00108003304193309, 0.9999988424571011]
2020/03/08 15:48:04 804643	INFO [input.cpp->run:256]	frame times (ms): 46.258
2020/03/08 15:48:04 804645	INFO [input.cpp->run:257]	FPS: 21.6179
2020/03/08 15:48:04 838061	INFO [input.cpp->run:173]	
frame_id 85
2020/03/08 15:48:04 878604	INFO [input.cpp->run:235]	rotation: 
[0.9999871546922997, 0.0048537700347857, -0.001459920151295184;
 -0.004849484936036632, 0.9999839647214844, 0.002924516328590206;
 0.0014740916707909, -0.002917398901496568, 0.9999946579044289]
2020/03/08 15:48:04 878634	INFO [input.cpp->run:256]	frame times (ms): 54.35
2020/03/08 15:48:04 878637	INFO [input.cpp->run:257]	FPS: 18.3993
2020/03/08 15:48:04 904471	INFO [input.cpp->run:173]	
frame_id 86
2020/03/08 15:48:04 937351	INFO [input.cpp->run:235]	rotation: 
[0.9999956751909331, -0.000635771754239378, 0.002871479358492469;
 0.0006333221731874752, 0.9999994348773988, 0.0008539015797346818;
 -0.002872020622259881, -0.0008520793152258041, 0.9999955127191251]
2020/03/08 15:48:04 937382	INFO [input.cpp->run:256]	frame times (ms): 46.761
2020/03/08 15:48:04 937383	INFO [input.cpp->run:257]	FPS: 21.3853
2020/03/08 15:48:04 971203	INFO [input.cpp->run:173]	
frame_id 87
2020/03/08 15:48:05 007602	INFO [input.cpp->run:235]	rotation: 
[0.9999989723119251, 0.0008766016194290062, 0.001134435848473331;
 -0.0008789041240121274, 0.9999975518026024, 0.00203074280554311;
 -0.001132652918718457, -0.002031737778918596, 0.999997294565822]
2020/03/08 15:48:05 007632	INFO [input.cpp->run:256]	frame times (ms): 50.562
2020/03/08 15:48:05 007634	INFO [input.cpp->run:257]	FPS: 19.7777
2020/03/08 15:48:05 037794	INFO [input.cpp->run:173]	
frame_id 88
