		g3log created log at: Mon Mar 09 13:00:35 2020
		LOG format: [YYYY/MM/DD hh:mm:ss uuu* LEVEL FILE->FUNCTION:LINE] message		(uuu*: microseconds fractions of the seconds value)

2020/03/09 13:00:35 375645	INFO [g3logger.h->logBanner:29]	Starting log.
2020/03/09 13:00:35 379264	DEBUG [main.cpp->main:48]	Filepath: /home/mitchell/KITTI/data_odometry_gray/dataset/sequences/00/
2020/03/09 13:00:35 379282	DEBUG [main.cpp->main:52]	Calibration Filepath: /home/mitchell/visual_odom_catkin_ws/tank_downsized.yaml
2020/03/09 13:00:35 379411	INFO [main.cpp->main:66]	P_left: 
[409.41, 0, 251.22, 0;
 0, 408.72, 191.78999, 0;
 0, 0, 1, 0]
2020/03/09 13:00:35 379425	INFO [main.cpp->main:67]	P_right: 
[409.41, 0, 251.22, -73.940002;
 0, 408.72, 191.78999, 0;
 0, 0, 1, 0]
2020/03/09 13:00:35 525716	INFO [input.cpp->Input:22]	frame_pose [1, 0, 0, 0;
 0, 1, 0, 0;
 0, 0, 1, 0;
 0, 0, 0, 1]
2020/03/09 13:00:35 870256	INFO [input.cpp->run:173]	
frame_id 1
2020/03/09 13:00:35 983471	INFO [input.cpp->run:235]	rotation: 
[-0.9999846107744362, -0.004380806623713167, 0.003403931201560172;
 0.004336515782674384, -0.9999072345462318, -0.01291189114628939;
 0.003460179932595992, -0.01289693124090538, 0.9999108441853208]
2020/03/09 13:00:35 983588	INFO [input.cpp->run:256]	frame times (ms): 184.018
2020/03/09 13:00:35 983596	INFO [input.cpp->run:257]	FPS: 5.43425
2020/03/09 13:00:36 003540	INFO [input.cpp->run:173]	
frame_id 2
2020/03/09 13:00:36 060320	INFO [input.cpp->run:235]	rotation: 
[-0.9221419824834897, -0.011703596377793, -0.3866745271843559;
 -0.02781035149570461, -0.9949505308593429, 0.09643663978176072;
 -0.3858506815998966, 0.09968182870783131, 0.9171601738706048]
2020/03/09 13:00:36 060388	INFO [input.cpp->run:256]	frame times (ms): 170.454
2020/03/09 13:00:36 060393	INFO [input.cpp->run:257]	FPS: 5.86669
2020/03/09 13:00:36 135242	INFO [input.cpp->run:173]	
frame_id 3
2020/03/09 13:00:36 179734	INFO [input.cpp->run:235]	rotation: 
[-0.9999770739372255, -0.003756047737138783, 0.005634155246450064;
 0.003675578815925752, -0.9998920591291736, -0.01422533693060466;
 0.005686978135414624, -0.01420430201796771, 0.9998829411905523]
2020/03/09 13:00:36 179799	INFO [input.cpp->run:256]	frame times (ms): 153.69
2020/03/09 13:00:36 179803	INFO [input.cpp->run:257]	FPS: 6.5066
2020/03/09 13:00:36 268536	INFO [input.cpp->run:173]	
frame_id 4
2020/03/09 13:00:36 313088	INFO [input.cpp->run:235]	rotation: 
[-0.9998969200728486, -0.007966386445142365, -0.01194512100559013;
 0.008118199292895647, -0.9998862049646621, -0.01271502896601304;
 -0.01184246887571875, -0.01281069117465463, 0.9998478094803008]
2020/03/09 13:00:36 313162	INFO [input.cpp->run:256]	frame times (ms): 154.55
2020/03/09 13:00:36 313167	INFO [input.cpp->run:257]	FPS: 6.4704
2020/03/09 13:00:36 401271	INFO [input.cpp->run:173]	
frame_id 5
2020/03/09 13:00:36 443926	INFO [input.cpp->run:235]	rotation: 
[-0.9998681383415059, 0.009696306761475629, 0.01302641795270659;
 -0.00966019094662666, -0.9999493273353365, 0.002832573473500207;
 0.01305322337072139, 0.002706362280890474, 0.999911140533417]
2020/03/09 13:00:36 443985	INFO [input.cpp->run:256]	frame times (ms): 154.188
2020/03/09 13:00:36 443990	INFO [input.cpp->run:257]	FPS: 6.48559
2020/03/09 13:00:36 536313	INFO [input.cpp->run:173]	
frame_id 6
2020/03/09 13:00:36 580081	INFO [input.cpp->run:235]	rotation: 
[-0.6128380684947414, -0.1100392188807895, 0.7825093431466108;
 0.3447973306037188, -0.9282533796926996, 0.1395007666560678;
 0.711016387020851, 0.3552985130804611, 0.6068102372164048]
2020/03/09 13:00:36 580143	INFO [input.cpp->run:256]	frame times (ms): 153.529
2020/03/09 13:00:36 580145	INFO [input.cpp->run:257]	FPS: 6.51343
2020/03/09 13:00:36 669454	INFO [input.cpp->run:173]	
frame_id 7
2020/03/09 13:00:36 710776	INFO [input.cpp->run:235]	rotation: 
[0.9999174442642313, -0.01225566512141178, 0.003860482938642422;
 0.01231649997397588, 0.9997937222044728, -0.01614982566210762;
 -0.003661759751648195, 0.01619604003938087, 0.9998621303972683]
2020/03/09 13:00:36 710836	INFO [input.cpp->run:256]	frame times (ms): 151.39
2020/03/09 13:00:36 710853	INFO [input.cpp->run:257]	FPS: 6.60546
2020/03/09 13:00:36 802760	INFO [input.cpp->run:173]	
frame_id 8
2020/03/09 13:00:36 845056	INFO [input.cpp->run:235]	rotation: 
[0.9999791204265618, -0.001262935868624008, -0.006337484036389855;
 0.001197732012870761, 0.9999464228383257, -0.0102818719531908;
 0.006350129836869312, 0.01027406666457883, 0.9999270570422758]
2020/03/09 13:00:36 845115	INFO [input.cpp->run:256]	frame times (ms): 153.998
2020/03/09 13:00:36 845121	INFO [input.cpp->run:257]	FPS: 6.49359
2020/03/09 13:00:36 934390	INFO [input.cpp->run:173]	
frame_id 9
2020/03/09 13:00:36 977838	INFO [input.cpp->run:235]	rotation: 
[-0.8256672364565494, -0.4176438689814128, -0.3792719516975137;
 -0.3925810733104691, -0.05746552033561692, 0.917920375005892;
 -0.4051588768873326, 0.9067917691922407, -0.1165116809792131]
2020/03/09 13:00:36 977893	INFO [input.cpp->run:256]	frame times (ms): 157.781
2020/03/09 13:00:36 977898	INFO [input.cpp->run:257]	FPS: 6.3379
2020/03/09 13:00:37 068830	INFO [input.cpp->run:173]	
frame_id 10
2020/03/09 13:00:37 111347	INFO [input.cpp->run:235]	rotation: 
[-0.9999545684134933, -0.008803273057095464, -0.003655611093465212;
 0.009513700680328644, -0.8978905651643385, -0.4401159193760546;
 0.0005921219043095169, -0.4401307026013374, 0.8979335242763258]
2020/03/09 13:00:37 111393	INFO [input.cpp->run:256]	frame times (ms): 156.36
2020/03/09 13:00:37 111404	INFO [input.cpp->run:257]	FPS: 6.3955
2020/03/09 13:00:37 206037	INFO [input.cpp->run:173]	
frame_id 11
2020/03/09 13:00:37 248015	INFO [input.cpp->run:235]	rotation: 
[-0.999820257308831, 0.006144506711630964, 0.01793594469699717;
 -0.006251729290596004, -0.9999628857855989, -0.005928147452148093;
 0.01789885347669294, -0.006039212581788125, 0.9998215635580243]
2020/03/09 13:00:37 248058	INFO [input.cpp->run:256]	frame times (ms): 160.383
2020/03/09 13:00:37 248060	INFO [input.cpp->run:257]	FPS: 6.23507
2020/03/09 13:00:37 335276	INFO [input.cpp->run:173]	
frame_id 12
2020/03/09 13:00:37 377706	INFO [input.cpp->run:235]	rotation: 
[-0.9999753520248167, -0.006875783362443211, 0.001420896194865567;
 0.006840364381818566, -0.9996983997938496, -0.02358641271453591;
 0.001582642716402602, -0.02357611190949904, 0.9997207921161102]
2020/03/09 13:00:37 377749	INFO [input.cpp->run:256]	frame times (ms): 164.912
2020/03/09 13:00:37 377752	INFO [input.cpp->run:257]	FPS: 6.06384
2020/03/09 13:00:37 470937	INFO [input.cpp->run:173]	
frame_id 13
2020/03/09 13:00:37 514108	INFO [input.cpp->run:235]	rotation: 
[-0.9992401998675082, -0.01442543236128233, -0.03620676552707153;
 0.01428966689477408, -0.9998898737526659, 0.004005719275520612;
 -0.03626056244432323, 0.003485293110765305, 0.9993362919173669]
2020/03/09 13:00:37 514154	INFO [input.cpp->run:256]	frame times (ms): 162.975
2020/03/09 13:00:37 514159	INFO [input.cpp->run:257]	FPS: 6.13591
2020/03/09 13:00:37 602375	INFO [input.cpp->run:173]	
frame_id 14
2020/03/09 13:00:37 644967	INFO [input.cpp->run:235]	rotation: 
[-0.999700395453071, 0.01425383919824664, 0.01989842705049679;
 -0.01415372466536959, -0.9998865008786372, 0.00516308423057766;
 0.01996976236889971, 0.004879900489319328, 0.9997886752519971]
2020/03/09 13:00:37 645012	INFO [input.cpp->run:256]	frame times (ms): 158.298
2020/03/09 13:00:37 645014	INFO [input.cpp->run:257]	FPS: 6.3172
2020/03/09 13:00:37 736515	INFO [input.cpp->run:173]	
frame_id 15
2020/03/09 13:00:37 780616	INFO [input.cpp->run:235]	rotation: 
[-0.9699057899917684, 0.008950379818571349, -0.2433159453088658;
 0.006916838594551528, -0.9979079343062845, -0.06427995015882486;
 -0.2433822423355915, -0.06402847296060866, 0.9678147750298252]
2020/03/09 13:00:37 780668	INFO [input.cpp->run:256]	frame times (ms): 156.452
2020/03/09 13:00:37 780673	INFO [input.cpp->run:257]	FPS: 6.39174
2020/03/09 13:00:37 870314	INFO [input.cpp->run:173]	
frame_id 16
2020/03/09 13:00:37 912112	INFO [input.cpp->run:235]	rotation: 
[-0.9756822824490553, 0.0293350772237808, -0.2172177178760442;
 0.009321573291001077, -0.9845539469844091, -0.1748331597518094;
 -0.2189913057324021, -0.1726064272317113, 0.9603383931156357]
2020/03/09 13:00:37 912163	INFO [input.cpp->run:256]	frame times (ms): 152.147
2020/03/09 13:00:37 912168	INFO [input.cpp->run:257]	FPS: 6.57259
2020/03/09 13:00:38 002477	INFO [input.cpp->run:173]	
frame_id 17
2020/03/09 13:00:38 045044	INFO [input.cpp->run:235]	rotation: 
[-0.9642414683503812, 0.1918515927967299, 0.1828424377841715;
 0.1498460527412964, -0.1743855070671556, 0.9732090502059586;
 0.2185967776325934, 0.9658067411580274, 0.1394015335007397]
2020/03/09 13:00:38 045108	INFO [input.cpp->run:256]	frame times (ms): 158.825
2020/03/09 13:00:38 045112	INFO [input.cpp->run:257]	FPS: 6.29624
2020/03/09 13:00:38 135990	INFO [input.cpp->run:173]	
frame_id 18
2020/03/09 13:00:38 177795	INFO [input.cpp->run:235]	rotation: 
[-0.9997000063327707, 0.005746950922650078, 0.02380902966000467;
 -0.005873652948031638, -0.9999689416628301, -0.005255084277679827;
 0.02377808947969558, -0.005393353762928026, 0.9997027129081346]
2020/03/09 13:00:38 177857	INFO [input.cpp->run:256]	frame times (ms): 154.282
2020/03/09 13:00:38 177860	INFO [input.cpp->run:257]	FPS: 6.48164
2020/03/09 13:00:38 269663	INFO [input.cpp->run:173]	
frame_id 19
2020/03/09 13:00:38 313810	INFO [input.cpp->run:235]	rotation: 
[-0.9999247395774038, -0.0002585018802832967, 0.01226573918844814;
 0.0001549383171448359, -0.9999643408519538, -0.008443519327592134;
 0.01226748446826092, -0.008440983431770945, 0.9998891231649261]
2020/03/09 13:00:38 313874	INFO [input.cpp->run:256]	frame times (ms): 156.504
2020/03/09 13:00:38 313877	INFO [input.cpp->run:257]	FPS: 6.38961
2020/03/09 13:00:38 401808	INFO [input.cpp->run:173]	
frame_id 20
2020/03/09 13:00:38 445006	INFO [input.cpp->run:235]	rotation: 
[-0.9999292622230274, -0.003204014471561822, 0.01145446818400054;
 0.003207729232853127, -0.9999948084205935, 0.0003059493898360388;
 0.0114534284509468, 0.0003426705800969402, 0.9999343486217447]
2020/03/09 13:00:38 445060	INFO [input.cpp->run:256]	frame times (ms): 154.125
2020/03/09 13:00:38 445064	INFO [input.cpp->run:257]	FPS: 6.48824
2020/03/09 13:00:38 536918	INFO [input.cpp->run:173]	
frame_id 21
2020/03/09 13:00:38 579339	INFO [input.cpp->run:235]	rotation: 
[-0.9210907463053633, 0.06698782341869533, -0.3835420036765915;
 -0.2297186497450821, -0.8888585766804389, 0.3964338187149534;
 -0.3143583608398625, 0.4532582731459514, 0.8341077620996131]
2020/03/09 13:00:38 579400	INFO [input.cpp->run:256]	frame times (ms): 153.606
2020/03/09 13:00:38 579406	INFO [input.cpp->run:257]	FPS: 6.51016
2020/03/09 13:00:38 668498	INFO [input.cpp->run:173]	
frame_id 22
2020/03/09 13:00:38 710289	INFO [input.cpp->run:235]	rotation: 
[-0.9999867777133322, -0.003987883339707029, 0.003246719109443196;
 0.00395498071202123, -0.9999413919320227, -0.01007823539200189;
 0.003286719652522337, -0.01006526142322923, 0.9999439424219774]
2020/03/09 13:00:38 710345	INFO [input.cpp->run:256]	frame times (ms): 147.306
2020/03/09 13:00:38 710348	INFO [input.cpp->run:257]	FPS: 6.78859
2020/03/09 13:00:38 804810	INFO [input.cpp->run:173]	
frame_id 23
2020/03/09 13:00:38 847807	INFO [input.cpp->run:235]	rotation: 
[-0.9999449496332836, -0.006074075151900241, 0.00855589352077727;
 0.005920747893484389, -0.9998234415064322, -0.01783341130057992;
 0.008662704385560584, -0.017781772276208, 0.9998043639269858]
2020/03/09 13:00:38 847895	INFO [input.cpp->run:256]	frame times (ms): 148.089
2020/03/09 13:00:38 847900	INFO [input.cpp->run:257]	FPS: 6.7527
2020/03/09 13:00:38 936269	INFO [input.cpp->run:173]	
frame_id 24
2020/03/09 13:00:38 978874	INFO [input.cpp->run:235]	rotation: 
[-0.9999904294125088, 0.003668178473293075, 0.002384439152966903;
 -0.003677970805592224, -0.9999847677428627, -0.004115435943620312;
 0.002369306679039992, -0.004124166454072872, 0.9999886887544882]
2020/03/09 13:00:38 978936	INFO [input.cpp->run:256]	frame times (ms): 153.712
2020/03/09 13:00:38 978939	INFO [input.cpp->run:257]	FPS: 6.50567
2020/03/09 13:00:39 068811	INFO [input.cpp->run:173]	
frame_id 25
2020/03/09 13:00:39 117549	INFO [input.cpp->run:235]	rotation: 
[-0.1075252114674684, 0.3093349250203058, -0.9448546094831513;
 -0.9157650657738036, 0.3391739215082986, 0.2152565801014784;
 0.3870564212194104, 0.8884103528951949, 0.2468083703229247]
2020/03/09 13:00:39 117614	INFO [input.cpp->run:256]	frame times (ms): 162.137
2020/03/09 13:00:39 117619	INFO [input.cpp->run:257]	FPS: 6.16762
2020/03/09 13:00:39 204872	INFO [input.cpp->run:173]	
frame_id 26
2020/03/09 13:00:39 251771	INFO [input.cpp->run:235]	rotation: 
[-0.7725843081315437, -0.3960450523657396, -0.4962477237484546;
 0.6222843448799075, -0.6274461966590306, -0.4680528436143739;
 -0.1259987339074812, -0.6704174720237651, 0.7312077216899289]
2020/03/09 13:00:39 251835	INFO [input.cpp->run:256]	frame times (ms): 156.747
2020/03/09 13:00:39 251840	INFO [input.cpp->run:257]	FPS: 6.37971
2020/03/09 13:00:39 335400	INFO [input.cpp->run:173]	
frame_id 27
2020/03/09 13:00:39 380537	INFO [input.cpp->run:235]	rotation: 
[-0.8710860960924648, 0.02640068892424039, -0.4904202451150592;
 0.009585444869759143, -0.9974500632658415, -0.07072121702585157;
 -0.4910367933679085, -0.06630516507252115, 0.8686118193092167]
2020/03/09 13:00:39 380601	INFO [input.cpp->run:256]	frame times (ms): 157.75
2020/03/09 13:00:39 380605	INFO [input.cpp->run:257]	FPS: 6.33914
2020/03/09 13:00:39 469438	INFO [input.cpp->run:173]	
frame_id 28
2020/03/09 13:00:39 513017	INFO [input.cpp->run:235]	rotation: 
[-0.9871247048088235, -0.08801942941605666, -0.1335567190423783;
 0.09185007220800427, -0.9955121377777143, -0.02278481451821663;
 -0.1309518285152114, -0.03475864759332498, 0.9907792160849993]
2020/03/09 13:00:39 513087	INFO [input.cpp->run:256]	frame times (ms): 154.422
2020/03/09 13:00:39 513092	INFO [input.cpp->run:257]	FPS: 6.47576
2020/03/09 13:00:39 602977	INFO [input.cpp->run:173]	
frame_id 29
2020/03/09 13:00:39 651302	INFO [input.cpp->run:235]	rotation: 
[-0.9998241227780307, 0.003057518959006003, 0.01850338047375892;
 -0.003265924304465582, -0.9999314577384287, -0.011243378653162;
 0.01846773536681921, -0.01130183183896295, 0.9997655781969608]
2020/03/09 13:00:39 651362	INFO [input.cpp->run:256]	frame times (ms): 160.985
2020/03/09 13:00:39 651367	INFO [input.cpp->run:257]	FPS: 6.21176
2020/03/09 13:00:39 736125	INFO [input.cpp->run:173]	
frame_id 30
2020/03/09 13:00:39 778522	INFO [input.cpp->run:235]	rotation: 
[-0.9999416916026002, -0.0004559030525901651, 0.01078914025013238;
 0.0003426768470823789, -0.9999448779257594, -0.0104939831625847;
 0.01079332976930017, -0.01048967408668051, 0.9998867289698603]
2020/03/09 13:00:39 778587	INFO [input.cpp->run:256]	frame times (ms): 153.157
2020/03/09 13:00:39 778593	INFO [input.cpp->run:257]	FPS: 6.52925
2020/03/09 13:00:39 870201	INFO [input.cpp->run:173]	
frame_id 31
2020/03/09 13:00:39 914328	INFO [input.cpp->run:235]	rotation: 
[-0.9644681829551366, 0.03158156292969963, -0.2623046491203209;
 0.03321071485351873, -0.9704621880841902, -0.2389564602971935;
 -0.2621033622182964, -0.2391772279749127, 0.9349310568871378]
2020/03/09 13:00:39 914411	INFO [input.cpp->run:256]	frame times (ms): 156.09
2020/03/09 13:00:39 914415	INFO [input.cpp->run:257]	FPS: 6.40656
2020/03/09 13:00:40 003875	INFO [input.cpp->run:173]	
frame_id 32
2020/03/09 13:00:40 048432	INFO [input.cpp->run:235]	rotation: 
[-0.9999995127153437, -0.0001827434629489753, -0.0009701411762691127;
 0.0001906628303186729, -0.9999666125226504, -0.008169301540559819;
 -0.0009686158992491679, -0.008169482529647002, 0.9999661600966496]
2020/03/09 13:00:40 048498	INFO [input.cpp->run:256]	frame times (ms): 151.673
2020/03/09 13:00:40 048500	INFO [input.cpp->run:257]	FPS: 6.59313
2020/03/09 13:00:40 136595	INFO [input.cpp->run:173]	
frame_id 33
2020/03/09 13:00:40 183510	INFO [input.cpp->run:235]	rotation: 
[-0.9994965895901882, 0.001983987128335097, -0.03166435208017965;
 -0.03061805635111492, 0.20118175311376, 0.9790752968180509;
 0.008312762649259743, 0.9795519210379555, -0.2010197302952828]
2020/03/09 13:00:40 183575	INFO [input.cpp->run:256]	frame times (ms): 164.666
2020/03/09 13:00:40 183580	INFO [input.cpp->run:257]	FPS: 6.0729
2020/03/09 13:00:40 270599	INFO [input.cpp->run:173]	
frame_id 34
2020/03/09 13:00:40 314390	INFO [input.cpp->run:235]	rotation: 
[-0.5505613646848841, 0.2211682167895871, 0.8049638523551429;
 0.6577116309925479, -0.4789096548208078, 0.5814300929402754;
 0.5140988175180338, 0.8495470336606026, 0.1182042445305179]
2020/03/09 13:00:40 314450	INFO [input.cpp->run:256]	frame times (ms): 157.128
2020/03/09 13:00:40 314454	INFO [input.cpp->run:257]	FPS: 6.36424
2020/03/09 13:00:40 402389	INFO [input.cpp->run:173]	
frame_id 35
2020/03/09 13:00:40 444939	INFO [input.cpp->run:235]	rotation: 
[-0.4025961402543266, 0.1604375072428342, 0.9012081635904239;
 0.7366545236256665, -0.5276331090298814, 0.4230170387553008;
 0.5433750644574711, 0.8341840975019645, 0.09423603769616129]
2020/03/09 13:00:40 445000	INFO [input.cpp->run:256]	frame times (ms): 141.949
2020/03/09 13:00:40 445002	INFO [input.cpp->run:257]	FPS: 7.04478
2020/03/09 13:00:40 535982	INFO [input.cpp->run:173]	
frame_id 36
2020/03/09 13:00:40 581131	INFO [input.cpp->run:235]	rotation: 
[-0.9213702251520537, 0.07085553842614026, -0.3821732602859542;
 0.03473639820686928, -0.9642990539107184, -0.2625275552518387;
 -0.3871308446027876, -0.2551603952443153, 0.8860151702176987]
2020/03/09 13:00:40 581191	INFO [input.cpp->run:256]	frame times (ms): 152.432
2020/03/09 13:00:40 581195	INFO [input.cpp->run:257]	FPS: 6.5603
2020/03/09 13:00:40 672165	INFO [input.cpp->run:173]	
frame_id 37
2020/03/09 13:00:40 718319	INFO [input.cpp->run:235]	rotation: 
[-0.9638484267670367, 0.0242275490071569, -0.2653473875654593;
 0.03432686102617288, -0.9762682083209785, -0.2138271545754572;
 -0.2642307265077211, -0.2152055094342439, 0.9401429209850755]
2020/03/09 13:00:40 718376	INFO [input.cpp->run:256]	frame times (ms): 145.013
2020/03/09 13:00:40 718381	INFO [input.cpp->run:257]	FPS: 6.89593
2020/03/09 13:00:40 804345	INFO [input.cpp->run:173]	
frame_id 38
2020/03/09 13:00:40 846924	INFO [input.cpp->run:235]	rotation: 
[-0.9575558147832842, -0.002140530469868961, -0.2882399689564726;
 0.05578617990024094, -0.9824424324812759, -0.178030247408724;
 -0.2827980970707877, -0.186553705376176, 0.9408628759301541]
2020/03/09 13:00:40 846986	INFO [input.cpp->run:256]	frame times (ms): 153.243
2020/03/09 13:00:40 846991	INFO [input.cpp->run:257]	FPS: 6.52558
2020/03/09 13:00:40 935922	INFO [input.cpp->run:173]	
frame_id 39
2020/03/09 13:00:40 982219	INFO [input.cpp->run:235]	rotation: 
[-0.9999704276862528, -0.002285203882038673, 0.007343132586996227;
 0.002202186738532495, -0.9999337993980809, -0.01129367942200874;
 0.007368454827256672, -0.01127717449257514, 0.999909261487723]
2020/03/09 13:00:40 982277	INFO [input.cpp->run:256]	frame times (ms): 156.745
2020/03/09 13:00:40 982282	INFO [input.cpp->run:257]	FPS: 6.37979
2020/03/09 13:00:41 069964	INFO [input.cpp->run:173]	
frame_id 40
2020/03/09 13:00:41 115189	INFO [input.cpp->run:235]	rotation: 
[-0.999938981164509, -0.001807318221409935, 0.01089805251089652;
 0.001686649918493523, -0.999937286493305, -0.01107150813838532;
 0.01091737879420441, -0.01105245136847235, 0.9998793197976501]
2020/03/09 13:00:41 115258	INFO [input.cpp->run:256]	frame times (ms): 154.585
2020/03/09 13:00:41 115263	INFO [input.cpp->run:257]	FPS: 6.46893
2020/03/09 13:00:41 203600	INFO [input.cpp->run:173]	
frame_id 41
2020/03/09 13:00:41 249445	INFO [input.cpp->run:235]	rotation: 
[-0.9674329781423074, 0.114804413533453, 0.2255956104093019;
 0.1347226124014335, -0.5209872630572634, 0.8428654041066314;
 0.2142971080309736, 0.8458086180486349, 0.4885535089672562]
2020/03/09 13:00:41 249503	INFO [input.cpp->run:256]	frame times (ms): 155.056
2020/03/09 13:00:41 249508	INFO [input.cpp->run:257]	FPS: 6.44928
2020/03/09 13:00:41 337526	INFO [input.cpp->run:173]	
frame_id 42
2020/03/09 13:00:41 380597	INFO [input.cpp->run:235]	rotation: 
[0.9999921469540138, -0.003091235837190774, 0.002479978084774641;
 0.00308648689480677, 0.9999934003673958, 0.001916460357406035;
 -0.002485885948767784, -0.001908790887496652, 0.999995088432137]
2020/03/09 13:00:41 380661	INFO [input.cpp->run:256]	frame times (ms): 150.05
2020/03/09 13:00:41 380666	INFO [input.cpp->run:257]	FPS: 6.66444
2020/03/09 13:00:41 469804	INFO [input.cpp->run:173]	
frame_id 43
2020/03/09 13:00:41 515493	INFO [input.cpp->run:235]	rotation: 
[-0.999997125533417, 0.0008454857371987177, -0.002243675282126723;
 -0.0008239894820457465, -0.9999539194965206, -0.00956451383392978;
 -0.002251658552469906, -0.009562637576220782, 0.9999517418337496]
2020/03/09 13:00:41 515555	INFO [input.cpp->run:256]	frame times (ms): 148.489
2020/03/09 13:00:41 515560	INFO [input.cpp->run:257]	FPS: 6.73451
2020/03/09 13:00:41 603857	INFO [input.cpp->run:173]	
frame_id 44
2020/03/09 13:00:41 646546	INFO [input.cpp->run:235]	rotation: 
[-0.5501053719788495, 0.5439972875566048, 0.6336016341922328;
 0.501353798108721, -0.3916351142232156, 0.7715350325353532;
 0.6678536133330202, 0.7420841518577426, -0.05729452608760499]
2020/03/09 13:00:41 646607	INFO [input.cpp->run:256]	frame times (ms): 156.852
2020/03/09 13:00:41 646612	INFO [input.cpp->run:257]	FPS: 6.37544
2020/03/09 13:00:41 737196	INFO [input.cpp->run:173]	
frame_id 45
2020/03/09 13:00:41 780370	INFO [input.cpp->run:235]	rotation: 
[-0.9999636692331726, -0.001602035500197522, 0.008372197799044506;
 0.001813390371187673, -0.9996782960299202, 0.0252985387340232;
 0.008328975272619232, 0.02531280168158585, 0.9996448820665949]
2020/03/09 13:00:41 780430	INFO [input.cpp->run:256]	frame times (ms): 153.46
2020/03/09 13:00:41 780445	INFO [input.cpp->run:257]	FPS: 6.51636
2020/03/09 13:00:41 870917	INFO [input.cpp->run:173]	
frame_id 46
2020/03/09 13:00:41 913922	INFO [input.cpp->run:235]	rotation: 
[-0.9708527095655828, 0.1803716819986552, 0.1578324195535952;
 0.1443179587256588, -0.08582344968957123, 0.9858025473048041;
 0.1913565862948677, 0.9798471267582293, 0.05729105571742577]
2020/03/09 13:00:41 913984	INFO [input.cpp->run:256]	frame times (ms): 153.677
2020/03/09 13:00:41 913989	INFO [input.cpp->run:257]	FPS: 6.50715
2020/03/09 13:00:42 004261	INFO [input.cpp->run:173]	
frame_id 47
2020/03/09 13:00:42 045406	INFO [input.cpp->run:235]	rotation: 
[0.3380634548603008, -0.1725400798426822, -0.9251718874543251;
 -0.7376685701428816, 0.5618864363755308, -0.3743376994647524;
 0.5844297914303087, 0.809020119320334, 0.06267587593036456]
2020/03/09 13:00:42 045469	INFO [input.cpp->run:256]	frame times (ms): 155.894
2020/03/09 13:00:42 045474	INFO [input.cpp->run:257]	FPS: 6.41462
2020/03/09 13:00:42 138791	INFO [input.cpp->run:173]	
frame_id 48
2020/03/09 13:00:42 181390	INFO [input.cpp->run:235]	rotation: 
[-0.9999738221045995, 0.005145995516117707, 0.005086633038354721;
 -0.005154267637219091, -0.9999854133869732, -0.001614477750924695;
 0.00507825074633985, -0.001640653355347006, 0.9999857597115696]
2020/03/09 13:00:42 181450	INFO [input.cpp->run:256]	frame times (ms): 156.229
2020/03/09 13:00:42 181454	INFO [input.cpp->run:257]	FPS: 6.40086
2020/03/09 13:00:42 271569	INFO [input.cpp->run:173]	
frame_id 49
2020/03/09 13:00:42 314109	INFO [input.cpp->run:235]	rotation: 
[-0.2803001238876096, 0.1937865010296476, 0.9401481971302594;
 0.7524820508800822, -0.5637358407462106, 0.3405475957358506;
 0.5959887613469703, 0.802900176782176, 0.01219436227338422]
2020/03/09 13:00:42 314170	INFO [input.cpp->run:256]	frame times (ms): 154.299
2020/03/09 13:00:42 314175	INFO [input.cpp->run:257]	FPS: 6.48092
2020/03/09 13:00:42 403358	INFO [input.cpp->run:173]	
frame_id 50
2020/03/09 13:00:42 445196	INFO [input.cpp->run:235]	rotation: 
[0.9999564860369577, -0.003693596234576566, 0.008566409952565001;
 0.003863970539576065, 0.9997933502102138, -0.01995812133208527;
 -0.008490922463947668, 0.01999035323081788, 0.9997641171863583]
2020/03/09 13:00:42 445262	INFO [input.cpp->run:256]	frame times (ms): 149.282
2020/03/09 13:00:42 445267	INFO [input.cpp->run:257]	FPS: 6.69873
2020/03/09 13:00:42 539444	INFO [input.cpp->run:173]	
frame_id 51
2020/03/09 13:00:42 583306	INFO [input.cpp->run:235]	rotation: 
[-0.9993323700023541, -0.03641039927185181, -0.003016138316179205;
 0.03640974965163921, -0.9993369087623492, 0.0002700289194038164;
 -0.003023970202060643, 0.0001600317989901891, 0.999995414986509]
2020/03/09 13:00:42 583365	INFO [input.cpp->run:256]	frame times (ms): 149.268
2020/03/09 13:00:42 583369	INFO [input.cpp->run:257]	FPS: 6.69936
2020/03/09 13:00:42 670385	INFO [input.cpp->run:173]	
frame_id 52
2020/03/09 13:00:42 712821	INFO [input.cpp->run:235]	rotation: 
[-0.9832995774605606, 0.09571697388464241, -0.1547908326621754;
 -0.1073298269317867, 0.3818912615290498, 0.9179539054977345;
 0.1469770363583224, 0.9192373606844521, -0.3652402298559223]
2020/03/09 13:00:42 712894	INFO [input.cpp->run:256]	frame times (ms): 148.373
2020/03/09 13:00:42 712904	INFO [input.cpp->run:257]	FPS: 6.73977
2020/03/09 13:00:42 804277	INFO [input.cpp->run:173]	
frame_id 53
2020/03/09 13:00:42 848159	INFO [input.cpp->run:235]	rotation: 
[-0.9998177966123483, -0.01776170518065843, 0.006992525030660743;
 0.01788596294533559, -0.9996756845361463, 0.01812782603362758;
 0.006668276145086358, 0.01824959112590622, 0.9998112254405782]
2020/03/09 13:00:42 848222	INFO [input.cpp->run:256]	frame times (ms): 158.301
2020/03/09 13:00:42 848226	INFO [input.cpp->run:257]	FPS: 6.31708
2020/03/09 13:00:42 937074	INFO [input.cpp->run:173]	
frame_id 54
2020/03/09 13:00:42 980104	INFO [input.cpp->run:235]	rotation: 
[-0.9073266056859698, -0.006517852299376981, -0.4203759605588553;
 -0.02964221021475353, -0.9963997984249761, 0.07942783562613005;
 -0.4193802212646194, 0.08452786108775424, 0.903866843463111]
2020/03/09 13:00:42 980179	INFO [input.cpp->run:256]	frame times (ms): 148.142
2020/03/09 13:00:42 980184	INFO [input.cpp->run:257]	FPS: 6.75028
2020/03/09 13:00:43 070045	INFO [input.cpp->run:173]	
frame_id 55
2020/03/09 13:00:43 112686	INFO [input.cpp->run:235]	rotation: 
[-0.999860696281809, -0.002254265243022969, 0.01653802645633337;
 0.002030502720583905, -0.9999063425273482, -0.01353452002410912;
 0.01656698794464417, -0.01349905410743316, 0.9997716291477003]
2020/03/09 13:00:43 112758	INFO [input.cpp->run:256]	frame times (ms): 153.203
2020/03/09 13:00:43 112763	INFO [input.cpp->run:257]	FPS: 6.52729
2020/03/09 13:00:43 203320	INFO [input.cpp->run:173]	
frame_id 56
2020/03/09 13:00:43 245752	INFO [input.cpp->run:235]	rotation: 
[-0.9998884219064148, 0.007911138941080222, 0.01267113326243675;
 -0.00785830116698031, -0.999960242563939, 0.004214308275063768;
 0.01270396946897083, 0.004114264469277485, 0.9999108370187852]
2020/03/09 13:00:43 245812	INFO [input.cpp->run:256]	frame times (ms): 161.072
2020/03/09 13:00:43 245817	INFO [input.cpp->run:257]	FPS: 6.2084
2020/03/09 13:00:43 337039	INFO [input.cpp->run:173]	
frame_id 57
2020/03/09 13:00:43 378318	INFO [input.cpp->run:235]	rotation: 
[-0.9976743232038426, 0.06813612667200875, 0.001847447398602015;
 0.005468578290994758, 0.05299738765529693, 0.9985796771180504;
 0.06794144148625259, 0.9962674064446004, -0.05324674060372048]
2020/03/09 13:00:43 378381	INFO [input.cpp->run:256]	frame times (ms): 147.606
2020/03/09 13:00:43 378386	INFO [input.cpp->run:257]	FPS: 6.77479
2020/03/09 13:00:43 470536	INFO [input.cpp->run:173]	
frame_id 58
2020/03/09 13:00:43 513275	INFO [input.cpp->run:235]	rotation: 
[-0.5723723025907369, 0.5220384853968882, 0.6323494026181259;
 0.4934655076455445, -0.3966032283010491, 0.7740785955349178;
 0.6548906320837876, 0.755103767084835, -0.03060328320929573]
2020/03/09 13:00:43 513344	INFO [input.cpp->run:256]	frame times (ms): 152.911
2020/03/09 13:00:43 513350	INFO [input.cpp->run:257]	FPS: 6.53975
2020/03/09 13:00:43 603703	INFO [input.cpp->run:173]	
frame_id 59
2020/03/09 13:00:43 646471	INFO [input.cpp->run:235]	rotation: 
[-0.9999597751099211, -0.002852525857781401, -0.008503602668673413;
 0.002996909996637606, -0.9998507419099699, -0.01701506487072029;
 -0.008453797524665152, -0.01703986497345137, 0.9998190717870402]
2020/03/09 13:00:43 646553	INFO [input.cpp->run:256]	frame times (ms): 152.548
2020/03/09 13:00:43 646558	INFO [input.cpp->run:257]	FPS: 6.55531
2020/03/09 13:00:43 737230	INFO [input.cpp->run:173]	
frame_id 60
2020/03/09 13:00:43 780690	INFO [input.cpp->run:235]	rotation: 
[-0.999857660847517, -0.008531045879002217, -0.01455607435890571;
 0.007969722464786879, -0.9992385424461739, 0.03819448669481065;
 -0.01487082944444944, 0.03807304225112772, 0.9991643017469034]
2020/03/09 13:00:43 780748	INFO [input.cpp->run:256]	frame times (ms): 145.518
2020/03/09 13:00:43 780750	INFO [input.cpp->run:257]	FPS: 6.872
2020/03/09 13:00:43 870746	INFO [input.cpp->run:173]	
frame_id 61
2020/03/09 13:00:43 913211	INFO [input.cpp->run:235]	rotation: 
[-0.9847637039979074, 0.1014922538109018, -0.1412082494215736;
 -0.09414023841260376, 0.3716038235829831, 0.9236060923413861;
 0.1462123893517235, 0.92282713479551, -0.3563874527605727]
2020/03/09 13:00:43 913277	INFO [input.cpp->run:256]	frame times (ms): 155.668
2020/03/09 13:00:43 913282	INFO [input.cpp->run:257]	FPS: 6.42393
2020/03/09 13:00:44 005029	INFO [input.cpp->run:173]	
frame_id 62
2020/03/09 13:00:44 046795	INFO [input.cpp->run:235]	rotation: 
[-0.9991053875777014, 0.02252739752270727, 0.03579023433934102;
 -0.02226696160227782, -0.9997227242309045, 0.007658790853754312;
 0.03595284320069426, 0.006854999430546124, 0.999329976558591]
2020/03/09 13:00:44 046855	INFO [input.cpp->run:256]	frame times (ms): 143.576
2020/03/09 13:00:44 046860	INFO [input.cpp->run:257]	FPS: 6.96495
2020/03/09 13:00:44 138795	INFO [input.cpp->run:173]	
frame_id 63
2020/03/09 13:00:44 180767	INFO [input.cpp->run:235]	rotation: 
[-0.9999882570685834, -0.003503557504889507, 0.003348254731444288;
 0.003612766905646513, -0.9994426175682777, 0.03318737867857256;
 0.003230114583443127, 0.03319908542534628, 0.9994435387187706]
2020/03/09 13:00:44 180830	INFO [input.cpp->run:256]	frame times (ms): 150.492
2020/03/09 13:00:44 180834	INFO [input.cpp->run:257]	FPS: 6.64487
2020/03/09 13:00:44 270110	INFO [input.cpp->run:173]	
frame_id 64
2020/03/09 13:00:44 313065	INFO [input.cpp->run:235]	rotation: 
[-0.9999185052192507, 0.007209906984451972, 0.01053566141135985;
 -0.007191343776220067, -0.9999725241342081, 0.00179876384022083;
 0.01054834085491587, 0.001722851687237107, 0.9999428805123187]
2020/03/09 13:00:44 313147	INFO [input.cpp->run:256]	frame times (ms): 151.426
2020/03/09 13:00:44 313152	INFO [input.cpp->run:257]	FPS: 6.60389
2020/03/09 13:00:44 403712	INFO [input.cpp->run:173]	
frame_id 65
2020/03/09 13:00:44 446071	INFO [input.cpp->run:235]	rotation: 
[-0.9997293844129411, -0.02070280675807638, -0.01060904018559916;
 0.02034978758620079, -0.9992688449791897, 0.03236760107194681;
 -0.0112713835228165, 0.03214295018031062, 0.999419724974041]
2020/03/09 13:00:44 446140	INFO [input.cpp->run:256]	frame times (ms): 149.224
2020/03/09 13:00:44 446144	INFO [input.cpp->run:257]	FPS: 6.70133
2020/03/09 13:00:44 537360	INFO [input.cpp->run:173]	
frame_id 66
2020/03/09 13:00:44 581802	INFO [input.cpp->run:235]	rotation: 
[-0.9822701767389376, 0.09682485984074207, -0.1605311384313864;
 -0.1860066475906305, -0.3965491549938122, 0.8989717986265134;
 0.02338433110763097, 0.9128930464137156, 0.4075284761438573]
2020/03/09 13:00:44 581864	INFO [input.cpp->run:256]	frame times (ms): 164.531
2020/03/09 13:00:44 581869	INFO [input.cpp->run:257]	FPS: 6.07788
2020/03/09 13:00:44 671103	INFO [input.cpp->run:173]	
frame_id 67
2020/03/09 13:00:44 716420	INFO [input.cpp->run:235]	rotation: 
[-0.5775635013574073, 0.5179213605555744, 0.6310133645019214;
 0.4957808089860311, -0.3915574278013737, 0.7751671885307894;
 0.648553614854569, 0.7605525918789802, -0.03062619214392726]
2020/03/09 13:00:44 716483	INFO [input.cpp->run:256]	frame times (ms): 155.738
2020/03/09 13:00:44 716487	INFO [input.cpp->run:257]	FPS: 6.42104
2020/03/09 13:00:44 805084	INFO [input.cpp->run:173]	
frame_id 68
2020/03/09 13:00:44 847913	INFO [input.cpp->run:235]	rotation: 
[-0.9537682900636023, 0.0173829577726079, -0.3000398001069658;
 0.009777962712455927, -0.9960027148201461, -0.0887861673690927;
 -0.3003838216588006, -0.08761520901061898, 0.9497858362997837]
2020/03/09 13:00:44 847968	INFO [input.cpp->run:256]	frame times (ms): 151.707
2020/03/09 13:00:44 847971	INFO [input.cpp->run:257]	FPS: 6.59165
2020/03/09 13:00:44 936593	INFO [input.cpp->run:173]	
frame_id 69
2020/03/09 13:00:44 979361	INFO [input.cpp->run:235]	rotation: 
[-0.9736190450568316, 0.1620909310928418, 0.1606003896635338;
 0.1251455873650276, -0.2092093186226408, 0.9698299041401603;
 0.1907997302557985, 0.9643432952319968, 0.1834052122362082]
2020/03/09 13:00:44 979424	INFO [input.cpp->run:256]	frame times (ms): 149.757
2020/03/09 13:00:44 979427	INFO [input.cpp->run:257]	FPS: 6.67748
2020/03/09 13:00:45 070859	INFO [input.cpp->run:173]	
frame_id 70
2020/03/09 13:00:45 116295	INFO [input.cpp->run:235]	rotation: 
[-0.9992269455809623, 0.02198084399463302, 0.03259376815012644;
 -0.02187131113312866, -0.9997538982235397, 0.003713318752018069;
 0.03266736864607362, 0.002997579710335051, 0.999461783932543]
2020/03/09 13:00:45 116357	INFO [input.cpp->run:256]	frame times (ms): 157.033
2020/03/09 13:00:45 116361	INFO [input.cpp->run:257]	FPS: 6.36809
2020/03/09 13:00:45 203207	INFO [input.cpp->run:173]	
frame_id 71
2020/03/09 13:00:45 247422	INFO [input.cpp->run:235]	rotation: 
[-0.4887454918173324, 0.5641258848730293, 0.6654996846313721;
 0.5299606783137585, -0.4139693073518019, 0.7401155936824263;
 0.6930148076841178, 0.7144168241208287, -0.09663890388272289]
2020/03/09 13:00:45 247490	INFO [input.cpp->run:256]	frame times (ms): 149.818
2020/03/09 13:00:45 247493	INFO [input.cpp->run:257]	FPS: 6.67477
2020/03/09 13:00:45 336683	INFO [input.cpp->run:173]	
frame_id 72
2020/03/09 13:00:45 383757	INFO [input.cpp->run:235]	rotation: 
[-0.9999282435651804, -0.00929478747123854, 0.00755742327236434;
 0.009472420754670398, -0.9996714184308053, 0.02381865692242829;
 0.007333550688422123, 0.02388853487358232, 0.9996877297115805]
2020/03/09 13:00:45 383821	INFO [input.cpp->run:256]	frame times (ms): 156.434
2020/03/09 13:00:45 383824	INFO [input.cpp->run:257]	FPS: 6.39247
2020/03/09 13:00:45 470291	INFO [input.cpp->run:173]	
frame_id 73
2020/03/09 13:00:45 512348	INFO [input.cpp->run:235]	rotation: 
[-0.927199481656282, 0.1492763708833954, 0.343537023204494;
 0.1469289476457968, -0.6987011198863102, 0.7001632876788917;
 0.344547537445881, 0.6996665707074325, 0.6259022961089691]
2020/03/09 13:00:45 512423	INFO [input.cpp->run:256]	frame times (ms): 150.655
2020/03/09 13:00:45 512430	INFO [input.cpp->run:257]	FPS: 6.63768
2020/03/09 13:00:45 603657	INFO [input.cpp->run:173]	
frame_id 74
2020/03/09 13:00:45 645242	INFO [input.cpp->run:235]	rotation: 
[-0.1796769689142496, 0.1173569403512293, 0.9767003303947354;
 0.177140163452058, -0.9727690012377678, 0.1494718459210761;
 0.9676453634126324, 0.1998695043829192, 0.1539955580000932]
2020/03/09 13:00:45 645306	INFO [input.cpp->run:256]	frame times (ms): 153.638
2020/03/09 13:00:45 645309	INFO [input.cpp->run:257]	FPS: 6.50881
2020/03/09 13:00:45 736785	INFO [input.cpp->run:173]	
frame_id 75
2020/03/09 13:00:45 778278	INFO [input.cpp->run:235]	rotation: 
[-0.9999593278777894, -0.007106372613303578, 0.005553562683592288;
 0.007009714912746287, -0.9998269034807141, -0.01723447048820589;
 0.005675075950304297, -0.01719484063455391, 0.9998360520447895]
2020/03/09 13:00:45 778340	INFO [input.cpp->run:256]	frame times (ms): 148.927
2020/03/09 13:00:45 778344	INFO [input.cpp->run:257]	FPS: 6.7147
2020/03/09 13:00:45 872724	INFO [input.cpp->run:173]	
frame_id 76
2020/03/09 13:00:45 916651	INFO [input.cpp->run:235]	rotation: 
[0.9999535344745727, 0.0001657039427961547, -0.009638538997843601;
 -0.0003338018381875045, 0.9998478351396913, -0.01744119098013384;
 0.009634182276790946, 0.01744359792806579, 0.9998014319969648]
2020/03/09 13:00:45 916714	INFO [input.cpp->run:256]	frame times (ms): 148.736
2020/03/09 13:00:45 916717	INFO [input.cpp->run:257]	FPS: 6.72332
2020/03/09 13:00:46 005101	INFO [input.cpp->run:173]	
frame_id 77
2020/03/09 13:00:46 046678	INFO [input.cpp->run:235]	rotation: 
[-0.9995552706257801, 0.005037202300359363, 0.02939196416044145;
 -0.005551299892149459, -0.9998325741273214, -0.01743579030161188;
 0.02929921558217629, -0.01759119970097594, 0.9994158822328918]
2020/03/09 13:00:46 046738	INFO [input.cpp->run:256]	frame times (ms): 149.257
2020/03/09 13:00:46 046743	INFO [input.cpp->run:257]	FPS: 6.69985
2020/03/09 13:00:46 137921	INFO [input.cpp->run:173]	
frame_id 78
2020/03/09 13:00:46 181323	INFO [input.cpp->run:235]	rotation: 
[-0.9532981402937404, 0.1143180642361406, 0.2795604333624443;
 0.09920933222510679, -0.7557227369239113, 0.6473334946499223;
 0.2852720878598963, 0.6448368205100685, 0.709087660873126]
2020/03/09 13:00:46 181403	INFO [input.cpp->run:256]	frame times (ms): 151.428
2020/03/09 13:00:46 181408	INFO [input.cpp->run:257]	FPS: 6.6038
2020/03/09 13:00:46 271803	INFO [input.cpp->run:173]	
frame_id 79
2020/03/09 13:00:46 314283	INFO [input.cpp->run:235]	rotation: 
[-0.7732949371355342, 0.10890888041866, -0.6246229230235664;
 0.1055675291633782, -0.9492711721654027, -0.2962089439602757;
 -0.6251963187566681, -0.2949967753411493, 0.7225693499944714]
2020/03/09 13:00:46 314341	INFO [input.cpp->run:256]	frame times (ms): 151.408
2020/03/09 13:00:46 314344	INFO [input.cpp->run:257]	FPS: 6.60467
2020/03/09 13:00:46 404203	INFO [input.cpp->run:173]	
frame_id 80
2020/03/09 13:00:46 444830	INFO [input.cpp->run:235]	rotation: 
[-0.9999568441873588, -0.004879515012572616, 0.007905700228346847;
 0.005018911422663619, -0.9998305765497761, 0.01770956589737896;
 0.007817946724675319, 0.01774847963585134, 0.9998119179023757]
2020/03/09 13:00:46 444897	INFO [input.cpp->run:256]	frame times (ms): 142.936
2020/03/09 13:00:46 444901	INFO [input.cpp->run:257]	FPS: 6.99614
2020/03/09 13:00:46 537502	INFO [input.cpp->run:173]	
frame_id 81
2020/03/09 13:00:46 579025	INFO [input.cpp->run:235]	rotation: 
[-0.9027152876653638, 0.02967389402545656, -0.4292138970590369;
 0.02322432927318934, -0.9928033021232628, -0.117482908641878;
 -0.4296111496982475, -0.1160218225443444, 0.8955295621856596]
2020/03/09 13:00:46 579093	INFO [input.cpp->run:256]	frame times (ms): 152.446
2020/03/09 13:00:46 579097	INFO [input.cpp->run:257]	FPS: 6.5597
2020/03/09 13:00:46 670125	INFO [input.cpp->run:173]	
frame_id 82
2020/03/09 13:00:46 712676	INFO [input.cpp->run:235]	rotation: 
[-0.9998449810349239, -0.001751654985386853, 0.01751986312973867;
 0.001500490109118311, -0.9998960669513105, -0.01433889203295552;
 0.01754315902866543, -0.01431038085141296, 0.9997436924388079]
2020/03/09 13:00:46 712750	INFO [input.cpp->run:256]	frame times (ms): 152.478
2020/03/09 13:00:46 712754	INFO [input.cpp->run:257]	FPS: 6.55832
2020/03/09 13:00:46 805239	INFO [input.cpp->run:173]	
frame_id 83
2020/03/09 13:00:46 847671	INFO [input.cpp->run:235]	rotation: 
[-0.9995012107357393, -0.01628999528294577, -0.02705486631777779;
 0.01641061996005736, -0.9998563361712873, -0.004242472233998517;
 -0.0269818696594174, -0.004684343263605482, 0.9996249474867419]
2020/03/09 13:00:46 847734	INFO [input.cpp->run:256]	frame times (ms): 150.64
2020/03/09 13:00:46 847737	INFO [input.cpp->run:257]	FPS: 6.63834
2020/03/09 13:00:46 936985	INFO [input.cpp->run:173]	
frame_id 84
2020/03/09 13:00:46 978476	INFO [input.cpp->run:235]	rotation: 
[-0.9997434371733764, -0.02097433527965021, -0.008552022470737542;
 0.02068422287080898, -0.9992509379514333, 0.03270666487753705;
 -0.009231617030286843, 0.03252138162436573, 0.9994284051317772]
