		g3log created log at: Sun Mar 08 15:38:08 2020
		LOG format: [YYYY/MM/DD hh:mm:ss uuu* LEVEL FILE->FUNCTION:LINE] message		(uuu*: microseconds fractions of the seconds value)

2020/03/08 15:38:08 953182	INFO [g3logger.h->logBanner:29]	Starting log.
2020/03/08 15:38:08 955464	DEBUG [main.cpp->main:49]	Filepath: /home/mitchell/KITTI/data_odometry_gray/dataset/sequences/00/
2020/03/08 15:38:08 955468	DEBUG [main.cpp->main:53]	Calibration Filepath: /home/mitchell/visual_odom_ws/src/visual_odom/calibration/old/kitti00.yaml
2020/03/08 15:38:08 955540	INFO [main.cpp->main:67]	P_left: 
[718.85602, 0, 607.19281, 0;
 0, 718.85602, 185.2157, 0;
 0, 0, 1, 0]
2020/03/08 15:38:08 955546	INFO [main.cpp->main:68]	P_right: 
[718.85602, 0, 607.19281, -386.14481;
 0, 718.85602, 185.2157, 0;
 0, 0, 1, 0]
2020/03/08 15:38:09 026778	INFO [input.cpp->Input:22]	frame_pose [1, 0, 0, 0;
 0, 1, 0, 0;
 0, 0, 1, 0;
 0, 0, 0, 1]
2020/03/08 15:38:10 725684	INFO [input.cpp->run:173]	
frame_id 1
2020/03/08 15:38:10 794115	INFO [input.cpp->run:235]	rotation: 
[0.9999893510838415, -0.002064169169107603, 0.00412758095728708;
 0.002056493109559052, 0.9999961498779306, 0.001863079548907653;
 -0.004131410776960994, -0.001854571367331932, 0.9999897459524449]
2020/03/08 15:38:10 794158	INFO [input.cpp->run:256]	frame times (ms): 94.03
2020/03/08 15:38:10 794162	INFO [input.cpp->run:257]	FPS: 10.6349
2020/03/08 15:38:10 833874	INFO [input.cpp->run:173]	
frame_id 2
2020/03/08 15:38:10 853791	INFO [input.cpp->run:235]	rotation: 
[0.9999912331902034, -0.0005904951310071344, 0.004145462367012951;
 0.0005847792994476728, 0.9999988769634232, 0.001379893134778129;
 -0.004146272531684481, -0.001377456856938609, 0.9999904554728012]
2020/03/08 15:38:10 853820	INFO [input.cpp->run:256]	frame times (ms): 33.699
2020/03/08 15:38:10 853822	INFO [input.cpp->run:257]	FPS: 29.6745
2020/03/08 15:38:10 943629	INFO [input.cpp->run:173]	
frame_id 3
2020/03/08 15:38:10 964318	INFO [input.cpp->run:235]	rotation: 
[0.9999871043492077, -0.001559601567361937, 0.004833091995601971;
 0.001556691906275596, 0.9999986048983832, 0.0006057322810223918;
 -0.004834029953962398, -0.0005982008345185832, 0.9999881370847185]
2020/03/08 15:38:10 964346	INFO [input.cpp->run:256]	frame times (ms): 37.716
2020/03/08 15:38:10 964349	INFO [input.cpp->run:257]	FPS: 26.5139
2020/03/08 15:38:11 069379	INFO [input.cpp->run:173]	
frame_id 4
2020/03/08 15:38:11 112729	INFO [input.cpp->run:235]	rotation: 
[0.9999911290356918, 0.0002865613377119094, 0.004202348453222155;
 -0.0002894469101260287, 0.9999997227676136, 0.0006860649984375538;
 -0.004202150688491355, -0.0006872752691544976, 0.9999909347500584]
2020/03/08 15:38:11 112759	INFO [input.cpp->run:256]	frame times (ms): 79.38
2020/03/08 15:38:11 112761	INFO [input.cpp->run:257]	FPS: 12.5976
2020/03/08 15:38:11 206467	INFO [input.cpp->run:173]	
frame_id 5
2020/03/08 15:38:11 233113	INFO [input.cpp->run:235]	rotation: 
[0.999987382669372, -0.002052464609277284, 0.004584963586169147;
 0.002046577060854766, 0.9999970757410217, 0.001288422189809579;
 -0.004587594619494607, -0.001279022452060514, 0.9999886589742777]
2020/03/08 15:38:11 233135	INFO [input.cpp->run:256]	frame times (ms): 48.378
2020/03/08 15:38:11 233137	INFO [input.cpp->run:257]	FPS: 20.6706
2020/03/08 15:38:11 332618	INFO [input.cpp->run:173]	
frame_id 6
2020/03/08 15:38:11 367954	INFO [input.cpp->run:235]	rotation: 
[0.9999829896104451, -0.003331986597402501, 0.004787311883634491;
 0.003327100264537532, 0.9999939364977319, 0.00102828575783728;
 -0.00479070909012144, -0.001012340399661502, 0.9999880120648093]
2020/03/08 15:38:11 367982	INFO [input.cpp->run:256]	frame times (ms): 56.649
2020/03/08 15:38:11 367985	INFO [input.cpp->run:257]	FPS: 17.6526
2020/03/08 15:38:11 471091	INFO [input.cpp->run:173]	
frame_id 7
2020/03/08 15:38:11 499230	INFO [input.cpp->run:235]	rotation: 
[0.9999890216386417, -0.0006073346536349954, 0.004646261595171046;
 0.0006132948585588831, 0.9999989908404856, -0.001281478609608114;
 -0.004645478619984443, 0.001284314069420702, 0.9999883849654266]
2020/03/08 15:38:11 499252	INFO [input.cpp->run:256]	frame times (ms): 49.627
2020/03/08 15:38:11 499255	INFO [input.cpp->run:257]	FPS: 20.1503
2020/03/08 15:38:11 589721	INFO [input.cpp->run:173]	
frame_id 8
2020/03/08 15:38:11 630292	INFO [input.cpp->run:235]	rotation: 
[0.999989055325356, 0.0006795679681735464, 0.004628975791558874;
 -0.0006675931646790943, 0.999996428340819, -0.002587977003704987;
 -0.004630717964709078, 0.002584858406540786, 0.9999859373801961]
2020/03/08 15:38:11 630321	INFO [input.cpp->run:256]	frame times (ms): 77.211
2020/03/08 15:38:11 630324	INFO [input.cpp->run:257]	FPS: 12.9515
2020/03/08 15:38:11 712059	INFO [input.cpp->run:173]	
frame_id 9
2020/03/08 15:38:11 761823	INFO [input.cpp->run:235]	rotation: 
[0.9999938006658792, 0.0007906978600574401, 0.003431242734627035;
 -0.0007809555304941777, 0.999995663062214, -0.002839712172435979;
 -0.00343347320787869, 0.00283701492012134, 0.9999900812548461]
2020/03/08 15:38:11 761857	INFO [input.cpp->run:256]	frame times (ms): 92.139
2020/03/08 15:38:11 761859	INFO [input.cpp->run:257]	FPS: 10.8532
2020/03/08 15:38:11 850126	INFO [input.cpp->run:173]	
frame_id 10
2020/03/08 15:38:11 884938	INFO [input.cpp->run:235]	rotation: 
[0.999995738362471, -0.001989361819882671, 0.00213674903675448;
 0.001987505042901977, 0.9999976458105997, 0.0008707450618958047;
 -0.002138476233423533, -0.0008664945516100053, 0.9999973380497525]
2020/03/08 15:38:11 884967	INFO [input.cpp->run:256]	frame times (ms): 61.15
2020/03/08 15:38:11 884969	INFO [input.cpp->run:257]	FPS: 16.3532
2020/03/08 15:38:11 988748	INFO [input.cpp->run:173]	
frame_id 11
2020/03/08 15:38:12 021626	INFO [input.cpp->run:235]	rotation: 
[0.9999980368592261, 0.0001958054693297636, 0.001971785463036922;
 -0.0001966133641362046, 0.9999998968092478, 0.000409542035470272;
 -0.001971705068996432, -0.0004099289108548461, 0.9999979721666484]
2020/03/08 15:38:12 021647	INFO [input.cpp->run:256]	frame times (ms): 55.537
2020/03/08 15:38:12 021649	INFO [input.cpp->run:257]	FPS: 18.006
2020/03/08 15:38:12 125444	INFO [input.cpp->run:173]	
frame_id 12
2020/03/08 15:38:12 155154	INFO [input.cpp->run:235]	rotation: 
[0.9999947652303873, 0.00280859248336392, 0.001606648712379672;
 -0.002809695690729089, 0.9999958183161693, 0.0006848067613311288;
 -0.001604718650760299, -0.0006893173704891925, 0.9999984748586443]
2020/03/08 15:38:12 155175	INFO [input.cpp->run:256]	frame times (ms): 52.559
2020/03/08 15:38:12 155177	INFO [input.cpp->run:257]	FPS: 19.0262
2020/03/08 15:38:12 245857	INFO [input.cpp->run:173]	
frame_id 13
2020/03/08 15:38:12 279173	INFO [input.cpp->run:235]	rotation: 
[0.9999982202907288, -0.0002632717642584729, 0.001868181830837433;
 0.000265274641252354, 0.9999993902945215, -0.001071932810459943;
 -0.00186789848215456, 0.001072426483996152, 0.9999976804256582]
2020/03/08 15:38:12 279199	INFO [input.cpp->run:256]	frame times (ms): 59.03
2020/03/08 15:38:12 279201	INFO [input.cpp->run:257]	FPS: 16.9405
2020/03/08 15:38:12 363216	INFO [input.cpp->run:173]	
frame_id 14
2020/03/08 15:38:12 392849	INFO [input.cpp->run:235]	rotation: 
[0.9999975808295355, 0.001397345646312508, 0.001698752548614216;
 -0.001398777539290241, 0.9999986672169997, 0.0008420128382519053;
 -0.001697573701572027, -0.00084438697818913, 0.9999982026254641]
2020/03/08 15:38:12 392875	INFO [input.cpp->run:256]	frame times (ms): 51.916
2020/03/08 15:38:12 392877	INFO [input.cpp->run:257]	FPS: 19.2619
2020/03/08 15:38:12 483693	INFO [input.cpp->run:173]	
frame_id 15
2020/03/08 15:38:12 514413	INFO [input.cpp->run:235]	rotation: 
[0.9999949218731343, -0.002594943887885619, 0.001849998422369771;
 0.002591495738974585, 0.999994905125382, 0.001863832909112494;
 -0.001854825538675307, -0.001859029181303844, 0.999996551810417]
2020/03/08 15:38:12 514437	INFO [input.cpp->run:256]	frame times (ms): 53.024
2020/03/08 15:38:12 514439	INFO [input.cpp->run:257]	FPS: 18.8594
2020/03/08 15:38:12 620040	INFO [input.cpp->run:173]	
frame_id 16
2020/03/08 15:38:12 660172	INFO [input.cpp->run:235]	rotation: 
[0.999997920145982, -0.001613435787843517, 0.001247609181102701;
 0.00160993356324846, 0.9999947754254375, 0.002803076122909361;
 -0.001252125246208261, -0.00280106172502575, 0.9999952931067128]
2020/03/08 15:38:12 660197	INFO [input.cpp->run:256]	frame times (ms): 67.394
2020/03/08 15:38:12 660200	INFO [input.cpp->run:257]	FPS: 14.8381
2020/03/08 15:38:12 738827	INFO [input.cpp->run:173]	
frame_id 17
2020/03/08 15:38:12 777456	INFO [input.cpp->run:235]	rotation: 
[0.9999886296308536, -0.004590138525353948, 0.00129276344533679;
 0.004588706833278285, 0.999988857698629, 0.001108263591954505;
 -0.001297836124386558, -0.001102318878132924, 0.9999985502561917]
2020/03/08 15:38:12 777484	INFO [input.cpp->run:256]	frame times (ms): 63.987
2020/03/08 15:38:12 777486	INFO [input.cpp->run:257]	FPS: 15.6282
2020/03/08 15:38:12 854132	INFO [input.cpp->run:173]	
frame_id 18
2020/03/08 15:38:12 885260	INFO [input.cpp->run:235]	rotation: 
[0.9999988808190207, -0.0008211799382136773, 0.001250609537454016;
 0.0008211717951467437, 0.999999662813711, 7.024747459889921e-06;
 -0.001250614884347313, -5.997774319027425e-06, 0.9999992179629131]
2020/03/08 15:38:12 885284	INFO [input.cpp->run:256]	frame times (ms): 55.124
2020/03/08 15:38:12 885286	INFO [input.cpp->run:257]	FPS: 18.1409
2020/03/08 15:38:12 976155	INFO [input.cpp->run:173]	
frame_id 19
2020/03/08 15:38:13 010112	INFO [input.cpp->run:235]	rotation: 
[0.9999988812594569, 0.001019156184386005, 0.001094897486734583;
 -0.001017854849153133, 0.9999987757833364, -0.001188445764229744;
 -0.001096107358193256, 0.001187329987951086, 0.9999986943972272]
2020/03/08 15:38:13 010132	INFO [input.cpp->run:256]	frame times (ms): 56.013
2020/03/08 15:38:13 010134	INFO [input.cpp->run:257]	FPS: 17.853
2020/03/08 15:38:13 093388	INFO [input.cpp->run:173]	
frame_id 20
2020/03/08 15:38:13 138204	INFO [input.cpp->run:235]	rotation: 
[0.9999984668636237, -0.001017439281681339, 0.001425162345220719;
 0.001019182349379824, 0.9999987329221564, -0.001222874245566571;
 -0.001423916339135092, 0.001224324871040831, 0.9999982367438801]
2020/03/08 15:38:13 138231	INFO [input.cpp->run:256]	frame times (ms): 81.089
2020/03/08 15:38:13 138233	INFO [input.cpp->run:257]	FPS: 12.3321
2020/03/08 15:38:13 209297	INFO [input.cpp->run:173]	
frame_id 21
2020/03/08 15:38:13 249811	INFO [input.cpp->run:235]	rotation: 
[0.9999995241768276, -6.912440932818951e-05, 0.0009730713923318029;
 6.86720313940578e-05, 0.9999998895655128, 0.0004649226970620764;
 -0.0009731034223779804, -0.0004648556530518809, 0.9999994184893065]
2020/03/08 15:38:13 249831	INFO [input.cpp->run:256]	frame times (ms): 67.272
2020/03/08 15:38:13 249833	INFO [input.cpp->run:257]	FPS: 14.865
2020/03/08 15:38:13 346219	INFO [input.cpp->run:173]	
frame_id 22
2020/03/08 15:38:13 375653	INFO [input.cpp->run:235]	rotation: 
[0.9999978739912817, -9.765673782351805e-06, 0.002062017834156486;
 7.13353393522326e-06, 0.9999991852596811, 0.001276490926991644;
 -0.002062028619941397, -0.001276473503686609, 0.9999970593223587]
2020/03/08 15:38:13 375676	INFO [input.cpp->run:256]	frame times (ms): 51.555
2020/03/08 15:38:13 375678	INFO [input.cpp->run:257]	FPS: 19.3968
2020/03/08 15:38:13 475686	INFO [input.cpp->run:173]	
frame_id 23
2020/03/08 15:38:13 523500	INFO [input.cpp->run:235]	rotation: 
[0.999999498685082, 0.0004265545978344902, 0.0009059143225670456;
 -0.0004271840956019721, 0.9999996673861977, 0.0006947958278053603;
 -0.0009056176528925318, -0.0006951824716844256, 0.9999993482887866]
2020/03/08 15:38:13 523521	INFO [input.cpp->run:256]	frame times (ms): 75.123
2020/03/08 15:38:13 523523	INFO [input.cpp->run:257]	FPS: 13.3115
2020/03/08 15:38:13 586000	INFO [input.cpp->run:173]	
frame_id 24
2020/03/08 15:38:13 615452	INFO [input.cpp->run:235]	rotation: 
[0.9999997900563076, 0.0002096981641793166, 0.0006131182763409465;
 -0.0002085946022704227, 0.9999983592738476, -0.001799427104566222;
 -0.0006134946069421581, 0.001799298833624854, 0.9999981930724048]
2020/03/08 15:38:13 615480	INFO [input.cpp->run:256]	frame times (ms): 51.41
2020/03/08 15:38:13 615482	INFO [input.cpp->run:257]	FPS: 19.4515
2020/03/08 15:38:13 716667	INFO [input.cpp->run:173]	
frame_id 25
2020/03/08 15:38:13 747611	INFO [input.cpp->run:235]	rotation: 
[0.9999980509170646, -0.001956277043875029, -0.0002667249508545587;
 0.001955296709362486, 0.9999915091253337, -0.003627463578867633;
 0.0002738190098532621, 0.003626934982221562, 0.9999933851610142]
2020/03/08 15:38:13 747639	INFO [input.cpp->run:256]	frame times (ms): 49.684
2020/03/08 15:38:13 747640	INFO [input.cpp->run:257]	FPS: 20.1272
2020/03/08 15:38:13 830730	INFO [input.cpp->run:173]	
frame_id 26
2020/03/08 15:38:13 861430	INFO [input.cpp->run:235]	rotation: 
[0.9999989273013358, -0.001095391543669543, -0.0009723752073321344;
 0.001091700459171865, 0.9999922280929749, -0.003788395934297114;
 0.0009765174269929306, 0.003787330328029524, 0.9999923512420988]
2020/03/08 15:38:13 861464	INFO [input.cpp->run:256]	frame times (ms): 55.45
2020/03/08 15:38:13 861468	INFO [input.cpp->run:257]	FPS: 18.0343
2020/03/08 15:38:13 958415	INFO [input.cpp->run:173]	
frame_id 27
2020/03/08 15:38:13 996101	INFO [input.cpp->run:235]	rotation: 
[0.9999966816408691, 0.002055381848172535, -0.001553097778183636;
 -0.002059876816446173, 0.9999936787689196, -0.002898159709866917;
 0.001547131135832925, 0.002901349282839135, 0.9999945942641828]
2020/03/08 15:38:13 996136	INFO [input.cpp->run:256]	frame times (ms): 69.44
2020/03/08 15:38:13 996138	INFO [input.cpp->run:257]	FPS: 14.4009
2020/03/08 15:38:14 072331	INFO [input.cpp->run:173]	
frame_id 28
2020/03/08 15:38:14 103739	INFO [input.cpp->run:235]	rotation: 
[0.9999983706492459, -0.0007787275726190832, -0.001628582887362614;
 0.0007778302502117711, 0.999999545389343, -0.0005515443854492021;
 0.00162901164981195, 0.0005502767257551739, 0.9999985217571923]
2020/03/08 15:38:14 103765	INFO [input.cpp->run:256]	frame times (ms): 56.098
2020/03/08 15:38:14 103767	INFO [input.cpp->run:257]	FPS: 17.8259
2020/03/08 15:38:14 209598	INFO [input.cpp->run:173]	
frame_id 29
2020/03/08 15:38:14 244613	INFO [input.cpp->run:235]	rotation: 
[0.9999986623977432, -0.0004526639655551475, -0.001571718186822939;
 0.0004566766079922721, 0.9999966352565285, 0.002553609621136313;
 0.001570556971336848, -0.002554323972352599, 0.9999955043798168]
2020/03/08 15:38:14 244644	INFO [input.cpp->run:256]	frame times (ms): 63.959
2020/03/08 15:38:14 244646	INFO [input.cpp->run:257]	FPS: 15.635
2020/03/08 15:38:14 347583	INFO [input.cpp->run:173]	
frame_id 30
2020/03/08 15:38:14 378130	INFO [input.cpp->run:235]	rotation: 
[0.9999976927816299, -0.001874202173301841, -0.001049665485077914;
 0.001879618967704343, 0.9999847990332301, 0.005183506053495913;
 0.001039934590836971, -0.005185467065171021, 0.9999860146358862]
2020/03/08 15:38:14 378155	INFO [input.cpp->run:256]	frame times (ms): 51.863
2020/03/08 15:38:14 378157	INFO [input.cpp->run:257]	FPS: 19.2816
2020/03/08 15:38:14 484398	INFO [input.cpp->run:173]	
frame_id 31
2020/03/08 15:38:14 521666	INFO [input.cpp->run:235]	rotation: 
[0.999999094512334, -0.0002120317385721303, -0.00132891574372783;
 0.0002159275346789029, 0.999995678066217, 0.002932102349285736;
 0.001328288301483192, -0.002932386643803563, 0.9999948183659551]
2020/03/08 15:38:14 521696	INFO [input.cpp->run:256]	frame times (ms): 66.16
2020/03/08 15:38:14 521699	INFO [input.cpp->run:257]	FPS: 15.1149
2020/03/08 15:38:14 616690	INFO [input.cpp->run:173]	
frame_id 32
2020/03/08 15:38:14 649895	INFO [input.cpp->run:235]	rotation: 
[0.9999974466579691, 0.002179215495191934, -0.0005980780616932065;
 -0.002179943627297281, 0.9999968803110942, -0.001219513780520954;
 0.0005954186125486012, 0.001220814443144376, 0.9999990775439601]
2020/03/08 15:38:14 649920	INFO [input.cpp->run:256]	frame times (ms): 54.49
2020/03/08 15:38:14 649924	INFO [input.cpp->run:257]	FPS: 18.352
2020/03/08 15:38:14 751542	INFO [input.cpp->run:173]	
frame_id 33
2020/03/08 15:38:14 782164	INFO [input.cpp->run:235]	rotation: 
[0.9999989600183388, 0.001377671197387866, 0.0004265961940242237;
 -0.001375656833367978, 0.9999880707856119, -0.004686774450178459;
 -0.0004330479392354323, 0.004686182726049583, 0.9999889260191537]
2020/03/08 15:38:14 782186	INFO [input.cpp->run:256]	frame times (ms): 50.01
2020/03/08 15:38:14 782188	INFO [input.cpp->run:257]	FPS: 19.996
2020/03/08 15:38:14 889649	INFO [input.cpp->run:173]	
frame_id 34
2020/03/08 15:38:14 932979	INFO [input.cpp->run:235]	rotation: 
[0.9999946886090205, 0.003223397184642567, 0.0004821455570283035;
 -0.003221832346302741, 0.9999896517542379, -0.003211881188696008;
 -0.0004924937364486355, 0.003210310736987975, 0.9999947256635364]
2020/03/08 15:38:14 933006	INFO [input.cpp->run:256]	frame times (ms): 77.952
2020/03/08 15:38:14 933009	INFO [input.cpp->run:257]	FPS: 12.8284
2020/03/08 15:38:15 006795	INFO [input.cpp->run:173]	
frame_id 35
2020/03/08 15:38:15 039408	INFO [input.cpp->run:235]	rotation: 
[0.9999778169614371, 0.006544169642424745, 0.001240737171989071;
 -0.006545004391586708, 0.9999783568265045, 0.0006699224419723004;
 -0.001236326232391661, -0.0006780282112964092, 0.9999990058871018]
2020/03/08 15:38:15 039429	INFO [input.cpp->run:256]	frame times (ms): 56.106
2020/03/08 15:38:15 039430	INFO [input.cpp->run:257]	FPS: 17.8234
2020/03/08 15:38:15 127460	INFO [input.cpp->run:173]	
frame_id 36
2020/03/08 15:38:15 159374	INFO [input.cpp->run:235]	rotation: 
[0.9999981972833851, 0.001250802666938781, 0.001428608647729051;
 -0.001256471162006759, 0.9999913148132319, 0.003973861890262688;
 -0.001423625722945739, -0.003975649732083498, 0.9999910837097543]
2020/03/08 15:38:15 159397	INFO [input.cpp->run:256]	frame times (ms): 55.462
2020/03/08 15:38:15 159399	INFO [input.cpp->run:257]	FPS: 18.0304
2020/03/08 15:38:15 264408	INFO [input.cpp->run:173]	
frame_id 37
2020/03/08 15:38:15 300422	INFO [input.cpp->run:235]	rotation: 
[0.9999982629257759, -0.0005044458582755849, 0.001794346623984685;
 0.0004964936788327373, 0.99999006653014, 0.004429484741270509;
 -0.001796563235128605, -0.004428586165170296, 0.9999885799273509]
2020/03/08 15:38:15 300452	INFO [input.cpp->run:256]	frame times (ms): 64.921
2020/03/08 15:38:15 300455	INFO [input.cpp->run:257]	FPS: 15.4033
2020/03/08 15:38:15 402979	INFO [input.cpp->run:173]	
frame_id 38
2020/03/08 15:38:15 446566	INFO [input.cpp->run:235]	rotation: 
[0.9999948121604264, -0.002211545993329422, 0.002341947171239746;
 0.002210100539041428, 0.9999973657659738, 0.00061961013602122;
 -0.002343311298316564, -0.0006144309828776726, 0.9999970656790581]
2020/03/08 15:38:15 446594	INFO [input.cpp->run:256]	frame times (ms): 78.471
2020/03/08 15:38:15 446597	INFO [input.cpp->run:257]	FPS: 12.7436
2020/03/08 15:38:15 520725	INFO [input.cpp->run:173]	
frame_id 39
2020/03/08 15:38:15 565156	INFO [input.cpp->run:235]	rotation: 
[0.999999878341122, -0.0003589968530681178, 0.0003382883393996965;
 0.0003594954595541623, 0.9999988475632384, -0.001475003460912854;
 -0.0003377584279430458, 0.001475124894587623, 0.9999988549622393]
2020/03/08 15:38:15 565186	INFO [input.cpp->run:256]	frame times (ms): 78.919
2020/03/08 15:38:15 565188	INFO [input.cpp->run:257]	FPS: 12.6712
2020/03/08 15:38:15 634830	INFO [input.cpp->run:173]	
frame_id 40
2020/03/08 15:38:15 672555	INFO [input.cpp->run:235]	rotation: 
[0.9999916974598727, -0.00375556543159551, 0.001581372698452191;
 0.003759842080011272, 0.9999892592581234, -0.00271015791477692;
 -0.001571177537957325, 0.002716081125197903, 0.9999950771401155]
2020/03/08 15:38:15 672587	INFO [input.cpp->run:256]	frame times (ms): 68.271
2020/03/08 15:38:15 672589	INFO [input.cpp->run:257]	FPS: 14.6475
2020/03/08 15:38:15 763577	INFO [input.cpp->run:173]	
frame_id 41
2020/03/08 15:38:15 798044	INFO [input.cpp->run:235]	rotation: 
[0.9999993546439149, -0.0005583286754033211, 0.0009894346082760354;
 0.0005594643815587205, 0.9999991846293634, -0.001147928662453685;
 -0.0009887928800305437, 0.001148481475052149, 0.9999988516388115]
2020/03/08 15:38:15 798070	INFO [input.cpp->run:256]	frame times (ms): 59.018
2020/03/08 15:38:15 798072	INFO [input.cpp->run:257]	FPS: 16.944
2020/03/08 15:38:15 899783	INFO [input.cpp->run:173]	
frame_id 42
2020/03/08 15:38:15 932862	INFO [input.cpp->run:235]	rotation: 
[0.9999976633371268, -0.001686418890606861, 0.001352520466302701;
 0.001689439326086641, 0.9999960749071135, -0.002235165571051012;
 -0.001348745732091585, 0.002237445349487715, 0.999996587355806]
2020/03/08 15:38:15 932883	INFO [input.cpp->run:256]	frame times (ms): 52.964
2020/03/08 15:38:15 932885	INFO [input.cpp->run:257]	FPS: 18.8807
2020/03/08 15:38:16 038657	INFO [input.cpp->run:173]	
frame_id 43
2020/03/08 15:38:16 068763	INFO [input.cpp->run:235]	rotation: 
[0.9999999587269442, 0.0002535778372267368, -0.0001350717963062987;
 -0.0002540175824698649, 0.9999946355400293, -0.003265634123968397;
 0.0001342429792807245, 0.003265668299796856, 0.9999946586804243]
2020/03/08 15:38:16 068788	INFO [input.cpp->run:256]	frame times (ms): 52.02
2020/03/08 15:38:16 068791	INFO [input.cpp->run:257]	FPS: 19.2234
2020/03/08 15:38:16 155606	INFO [input.cpp->run:173]	
frame_id 44
2020/03/08 15:38:16 193941	INFO [input.cpp->run:235]	rotation: 
[0.999981052103452, -0.006143042345003222, 0.0003980764006661412;
 0.006144121454125913, 0.9999772915282762, -0.00276879022857279;
 -0.0003810585653408989, 0.00277118359557569, 0.9999960876602715]
2020/03/08 15:38:16 193962	INFO [input.cpp->run:256]	frame times (ms): 63.061
2020/03/08 15:38:16 193964	INFO [input.cpp->run:257]	FPS: 15.8577
2020/03/08 15:38:16 272919	INFO [input.cpp->run:173]	
frame_id 45
2020/03/08 15:38:16 313415	INFO [input.cpp->run:235]	rotation: 
[0.9999999045962032, 0.0004271634379386698, 9.131802452424363e-05;
 -0.0004271900595799618, 0.9999998662080549, 0.0002917062311022181;
 -9.119340607008175e-05, -0.0002917452134246734, 0.9999999532842455]
2020/03/08 15:38:16 313443	INFO [input.cpp->run:256]	frame times (ms): 72.98
2020/03/08 15:38:16 313446	INFO [input.cpp->run:257]	FPS: 13.7024
2020/03/08 15:38:16 396448	INFO [input.cpp->run:173]	
frame_id 46
2020/03/08 15:38:16 436261	INFO [input.cpp->run:235]	rotation: 
[0.9999999988054445, 4.589593093313202e-05, 1.681292162773537e-05;
 -4.593003754402381e-05, 0.9999979298709759, 0.002034242904463639;
 -1.671952335097385e-05, -0.002034243674251745, 0.9999979307844248]
2020/03/08 15:38:16 436281	INFO [input.cpp->run:256]	frame times (ms): 61.066
2020/03/08 15:38:16 436283	INFO [input.cpp->run:257]	FPS: 16.3757
2020/03/08 15:38:16 529159	INFO [input.cpp->run:173]	
frame_id 47
2020/03/08 15:38:16 555809	INFO [input.cpp->run:235]	rotation: 
[0.9999959785259213, -0.00280298421502974, -0.0004315222770546802;
 0.002803903164369091, 0.9999937709257791, 0.002143883552167728;
 0.0004255103173148004, -0.002145084877273724, 0.9999976087730605]
2020/03/08 15:38:16 555830	INFO [input.cpp->run:256]	frame times (ms): 45.247
2020/03/08 15:38:16 555832	INFO [input.cpp->run:257]	FPS: 22.1009
2020/03/08 15:38:16 641305	INFO [input.cpp->run:173]	
frame_id 48
2020/03/08 15:38:16 658131	INFO [input.cpp->run:235]	rotation: 
[0.9999985818317195, -0.0006089704630733134, 0.001570187735576103;
 0.0006089568513291751, 0.9999998145439262, 9.146938186112288e-06;
 -0.001570193014590433, -8.190748634762578e-06, 0.9999987672126444]
2020/03/08 15:38:16 658149	INFO [input.cpp->run:256]	frame times (ms): 32.801
2020/03/08 15:38:16 658151	INFO [input.cpp->run:257]	FPS: 30.4869
2020/03/08 15:38:16 758478	INFO [input.cpp->run:173]	
frame_id 49
2020/03/08 15:38:16 798531	INFO [input.cpp->run:235]	rotation: 
[0.9999977783770174, 0.001710434884641905, 0.001231930815816136;
 -0.001708956997597315, 0.9999978200830735, -0.001199706247948804;
 -0.001233980149727113, 0.001197598265865587, 0.9999985215245989]
2020/03/08 15:38:16 798564	INFO [input.cpp->run:256]	frame times (ms): 70.59
2020/03/08 15:38:16 798567	INFO [input.cpp->run:257]	FPS: 14.1663
2020/03/08 15:38:16 882208	INFO [input.cpp->run:173]	
frame_id 50
2020/03/08 15:38:16 916046	INFO [input.cpp->run:235]	rotation: 
[0.9999994389337997, -0.0008469259615835716, 0.0006362770632730697;
 0.0008476383879532383, 0.9999990132791909, -0.001120245422993219;
 -0.000635327670513173, 0.001120784127325581, 0.9999991701005011]
2020/03/08 15:38:16 916075	INFO [input.cpp->run:256]	frame times (ms): 56.365
2020/03/08 15:38:16 916077	INFO [input.cpp->run:257]	FPS: 17.7415
2020/03/08 15:38:16 993705	INFO [input.cpp->run:173]	
frame_id 51
2020/03/08 15:38:17 019352	INFO [input.cpp->run:235]	rotation: 
[0.9999944511294946, -0.003293780092658348, 0.0004987212868599654;
 0.003291944452927844, 0.9999879645677464, 0.003637831960698434;
 -0.0005106975030262889, -0.003636170012066129, 0.9999932587051293]
2020/03/08 15:38:17 019374	INFO [input.cpp->run:256]	frame times (ms): 47.413
2020/03/08 15:38:17 019377	INFO [input.cpp->run:257]	FPS: 21.0913
2020/03/08 15:38:17 129867	INFO [input.cpp->run:173]	
frame_id 52
2020/03/08 15:38:17 165005	INFO [input.cpp->run:235]	rotation: 
[0.9999987058950036, -0.001264247019955259, 0.0009949310481760147;
 0.001260018799310892, 0.9999902216689726, 0.004238976181174826;
 -0.001000280432415588, -0.00423771706366985, 0.9999905205516424]
2020/03/08 15:38:17 165036	INFO [input.cpp->run:256]	frame times (ms): 64.718
2020/03/08 15:38:17 165039	INFO [input.cpp->run:257]	FPS: 15.4517
2020/03/08 15:38:17 254549	INFO [input.cpp->run:173]	
frame_id 53
2020/03/08 15:38:17 278464	INFO [input.cpp->run:235]	rotation: 
[0.9999983779530333, -0.00173351800959114, 0.0004888830256808149;
 0.001732696996645072, 0.9999970963691077, 0.001674817742732098;
 -0.0004917849328647676, -0.00167396793994875, 0.9999984779882997]
2020/03/08 15:38:17 278489	INFO [input.cpp->run:256]	frame times (ms): 39.54
2020/03/08 15:38:17 278491	INFO [input.cpp->run:257]	FPS: 25.2908
2020/03/08 15:38:17 364724	INFO [input.cpp->run:173]	
frame_id 54
2020/03/08 15:38:17 399682	INFO [input.cpp->run:235]	rotation: 
[0.9999990943707322, 0.001182464868570364, 0.0006426776408522014;
 -0.001180167392685262, 0.9999929541372925, -0.003563548890663838;
 -0.0006468868840044216, 0.003562787196213924, 0.9999934440208864]
2020/03/08 15:38:17 399708	INFO [input.cpp->run:256]	frame times (ms): 57.499
2020/03/08 15:38:17 399710	INFO [input.cpp->run:257]	FPS: 17.3916
2020/03/08 15:38:17 503073	INFO [input.cpp->run:173]	
frame_id 55
2020/03/08 15:38:17 533952	INFO [input.cpp->run:235]	rotation: 
[0.9999963593551451, 0.002676217071441168, 0.0003451646593839474;
 -0.002675070368402959, 0.9999910396967193, -0.003280933525459821;
 -0.0003539420569150167, 0.003279998240993525, 0.9999945581534728]
2020/03/08 15:38:17 533973	INFO [input.cpp->run:256]	frame times (ms): 52.007
2020/03/08 15:38:17 533975	INFO [input.cpp->run:257]	FPS: 19.2282
2020/03/08 15:38:17 623912	INFO [input.cpp->run:173]	
frame_id 56
2020/03/08 15:38:17 668257	INFO [input.cpp->run:235]	rotation: 
[0.9999979510293093, 0.001979661711770861, 0.0004229381632847455;
 -0.001979295849501817, 0.999997668182217, -0.0008637233750842942;
 -0.0004246470571652312, 0.0008628844855892283, 0.9999995375525138]
2020/03/08 15:38:17 668282	INFO [input.cpp->run:256]	frame times (ms): 65.979
2020/03/08 15:38:17 668284	INFO [input.cpp->run:257]	FPS: 15.1563
2020/03/08 15:38:17 735665	INFO [input.cpp->run:173]	
frame_id 57
2020/03/08 15:38:17 771827	INFO [input.cpp->run:235]	rotation: 
[0.9999950469753515, 0.003081342574263348, 0.0006413678387677101;
 -0.003082035791949854, 0.9999946644206907, 0.001082675171675898;
 -0.0006380283235981571, -0.001084646527793974, 0.9999992082305705]
2020/03/08 15:38:17 771854	INFO [input.cpp->run:256]	frame times (ms): 56.978
2020/03/08 15:38:17 771856	INFO [input.cpp->run:257]	FPS: 17.5506
2020/03/08 15:38:17 852737	INFO [input.cpp->run:173]	
frame_id 58
2020/03/08 15:38:17 889676	INFO [input.cpp->run:235]	rotation: 
[0.9999957970779898, 0.002764919919351778, 0.0008723784703395191;
 -0.002766182549918889, 0.9999951236220403, 0.001449471021048109;
 -0.0008683665449937547, -0.001451878087136029, 0.9999985689937579]
2020/03/08 15:38:17 889699	INFO [input.cpp->run:256]	frame times (ms): 62.175
2020/03/08 15:38:17 889701	INFO [input.cpp->run:257]	FPS: 16.0836
2020/03/08 15:38:17 970110	INFO [input.cpp->run:173]	
frame_id 59
2020/03/08 15:38:18 002120	INFO [input.cpp->run:235]	rotation: 
[0.9999983845512928, 0.001366814272348794, 0.001167353224038557;
 -0.001365478081374245, 0.9999984126057569, -0.001144663957512366;
 -0.00116891591402294, 0.00114306811312581, 0.9999986635145443]
2020/03/08 15:38:18 002145	INFO [input.cpp->run:256]	frame times (ms): 54.412
2020/03/08 15:38:18 002147	INFO [input.cpp->run:257]	FPS: 18.3783
2020/03/08 15:38:18 088205	INFO [input.cpp->run:173]	
frame_id 60
2020/03/08 15:38:18 126147	INFO [input.cpp->run:235]	rotation: 
[0.9999924734699378, 0.003568154707922912, 0.00152357325259126;
 -0.003561450247959424, 0.9999840624122203, -0.004380752638984597;
 -0.001539180173661847, 0.00437529353677994, 0.9999892438075821]
2020/03/08 15:38:18 126173	INFO [input.cpp->run:256]	frame times (ms): 63.965
2020/03/08 15:38:18 126175	INFO [input.cpp->run:257]	FPS: 15.6335
2020/03/08 15:38:18 224783	INFO [input.cpp->run:173]	
frame_id 61
2020/03/08 15:38:18 255703	INFO [input.cpp->run:235]	rotation: 
[0.9999990923451486, 0.001236892219063481, 0.0005342345153430889;
 -0.001234170454704931, 0.9999864095305878, -0.005065330928204438;
 -0.0005404925232573268, 0.005064666994177527, 0.9999870284239043]
2020/03/08 15:38:18 255723	INFO [input.cpp->run:256]	frame times (ms): 51.222
2020/03/08 15:38:18 255725	INFO [input.cpp->run:257]	FPS: 19.5229
2020/03/08 15:38:18 363453	INFO [input.cpp->run:173]	
frame_id 62
2020/03/08 15:38:18 393705	INFO [input.cpp->run:235]	rotation: 
[0.9999971052002282, -0.002392068226104874, 0.0002600014717234179;
 0.00239255092079872, 0.9999953850331981, -0.001872328068805361;
 -0.0002555215353430238, 0.001872944715551076, 0.9999982133918227]
2020/03/08 15:38:18 393725	INFO [input.cpp->run:256]	frame times (ms): 51.719
2020/03/08 15:38:18 393727	INFO [input.cpp->run:257]	FPS: 19.3353
2020/03/08 15:38:18 484602	INFO [input.cpp->run:173]	
frame_id 63
2020/03/08 15:38:18 519066	INFO [input.cpp->run:235]	rotation: 
[0.9999974256388796, -0.001722417880892015, 0.001477156815343753;
 0.001716922933853711, 0.9999916321873739, 0.003713183387766248;
 -0.001483540108234423, -0.00371063766427814, 0.9999920151065566]
2020/03/08 15:38:18 519089	INFO [input.cpp->run:256]	frame times (ms): 57.19
2020/03/08 15:38:18 519091	INFO [input.cpp->run:257]	FPS: 17.4856
2020/03/08 15:38:18 602136	INFO [input.cpp->run:173]	
frame_id 64
2020/03/08 15:38:18 634910	INFO [input.cpp->run:235]	rotation: 
[0.9999967948069977, -0.002108754055342893, 0.001401260884135536;
 0.002097474247948302, 0.9999657753228034, 0.008003048471920073;
 -0.001418089387354375, -0.00800008371198598, 0.9999669932968241]
2020/03/08 15:38:18 634934	INFO [input.cpp->run:256]	frame times (ms): 54.605
2020/03/08 15:38:18 634936	INFO [input.cpp->run:257]	FPS: 18.3133
2020/03/08 15:38:18 736925	INFO [input.cpp->run:173]	
frame_id 65
2020/03/08 15:38:18 762829	INFO [input.cpp->run:235]	rotation: 
[0.9999930211645429, -0.003620027053251466, 0.0009235942527556233;
 0.003614980690046564, 0.9999788413367543, 0.005408215363029017;
 -0.0009431525966598288, -0.005404838844594732, 0.9999849489768551]
2020/03/08 15:38:18 762853	INFO [input.cpp->run:256]	frame times (ms): 45.289
2020/03/08 15:38:18 762855	INFO [input.cpp->run:257]	FPS: 22.0804
2020/03/08 15:38:18 857791	INFO [input.cpp->run:173]	
frame_id 66
2020/03/08 15:38:18 891357	INFO [input.cpp->run:235]	rotation: 
[0.9999917741177872, -0.003863841322818073, 0.001233866683503521;
 0.003864952788178201, 0.9999921263194953, -0.0008996882569828627;
 -0.001230380715766485, 0.0009044496927318797, 0.999998834066344]
2020/03/08 15:38:18 891384	INFO [input.cpp->run:256]	frame times (ms): 57.942
2020/03/08 15:38:18 891387	INFO [input.cpp->run:257]	FPS: 17.2586
2020/03/08 15:38:18 974518	INFO [input.cpp->run:173]	
frame_id 67
2020/03/08 15:38:19 004495	INFO [input.cpp->run:235]	rotation: 
[0.9999964231503791, -0.002510068701259728, 0.0009237107572277565;
 0.002512050513035268, 0.9999945322023462, -0.002150620289767118;
 -0.0009183075018866069, 0.00215293300540334, 0.9999972607916515]
2020/03/08 15:38:19 004516	INFO [input.cpp->run:256]	frame times (ms): 55.776
2020/03/08 15:38:19 004518	INFO [input.cpp->run:257]	FPS: 17.9289
2020/03/08 15:38:19 086023	INFO [input.cpp->run:173]	
frame_id 68
2020/03/08 15:38:19 107459	INFO [input.cpp->run:235]	rotation: 
[0.9999956188940442, -0.002749525888711163, 0.001096494461825811;
 0.00275084385197034, 0.999995493671058, -0.001202287685691909;
 -0.001093183799543594, 0.001205298703391202, 0.9999986761012316]
2020/03/08 15:38:19 107480	INFO [input.cpp->run:256]	frame times (ms): 40.219
2020/03/08 15:38:19 107482	INFO [input.cpp->run:257]	FPS: 24.8639
2020/03/08 15:38:19 223671	INFO [input.cpp->run:173]	
frame_id 69
2020/03/08 15:38:19 249196	INFO [input.cpp->run:235]	rotation: 
[0.999998589445577, -0.001164060556919938, 0.001210813724862433;
 0.001163351785195361, 0.9999991516619902, 0.0005859077777203857;
 -0.001211494729817164, -0.0005844983489572206, 0.9999990953206906]
2020/03/08 15:38:19 249218	INFO [input.cpp->run:256]	frame times (ms): 48.448
2020/03/08 15:38:19 249219	INFO [input.cpp->run:257]	FPS: 20.6407
2020/03/08 15:38:19 348148	INFO [input.cpp->run:173]	
frame_id 70
2020/03/08 15:38:19 381208	INFO [input.cpp->run:235]	rotation: 
[0.9999970536116295, -0.001933731473884248, 0.001467464018855878;
 0.001935011861156825, 0.9999977480192892, -0.0008715993616722701;
 -0.00146577527503693, 0.000874436353884354, 0.9999985434308922]
2020/03/08 15:38:19 381233	INFO [input.cpp->run:256]	frame times (ms): 58.623
2020/03/08 15:38:19 381235	INFO [input.cpp->run:257]	FPS: 17.0582
2020/03/08 15:38:19 467498	INFO [input.cpp->run:173]	
frame_id 71
2020/03/08 15:38:19 496540	INFO [input.cpp->run:235]	rotation: 
[0.9999978838465884, -0.00126326923542595, 0.001623715856875384;
 0.001264610121691843, 0.9999988600244482, -0.0008250521464341065;
 -0.001622671742884791, 0.0008271037680045482, 0.9999983414165105]
2020/03/08 15:38:19 496566	INFO [input.cpp->run:256]	frame times (ms): 52.503
2020/03/08 15:38:19 496568	INFO [input.cpp->run:257]	FPS: 19.0465
2020/03/08 15:38:19 591620	INFO [input.cpp->run:173]	
frame_id 72
2020/03/08 15:38:19 623884	INFO [input.cpp->run:235]	rotation: 
[0.9999983062364922, -0.0006306427335313636, 0.001729107830437689;
 0.0006319378716700966, 0.9999995201433635, -0.0007485770295772909;
 -0.00172863491604963, 0.0007496684503870904, 0.9999982249076953]
2020/03/08 15:38:19 623909	INFO [input.cpp->run:256]	frame times (ms): 56.203
2020/03/08 15:38:19 623911	INFO [input.cpp->run:257]	FPS: 17.7926
2020/03/08 15:38:19 723736	INFO [input.cpp->run:173]	
frame_id 73
2020/03/08 15:38:19 751208	INFO [input.cpp->run:235]	rotation: 
[0.9999990408136199, -0.0004672980121573812, 0.001303842171454106;
 0.0004673527305346627, 0.9999998899228179, -4.166266358416348e-05;
 -0.00130382255905096, 4.227197782091933e-05, 0.9999991491295452]
2020/03/08 15:38:19 751231	INFO [input.cpp->run:256]	frame times (ms): 46.859
2020/03/08 15:38:19 751233	INFO [input.cpp->run:257]	FPS: 21.3406
2020/03/08 15:38:19 844731	INFO [input.cpp->run:173]	
frame_id 74
2020/03/08 15:38:19 876652	INFO [input.cpp->run:235]	rotation: 
[0.9999951567552269, -0.002776826491357313, 0.001405596217337815;
 0.002780365307467611, 0.9999929545165804, -0.002522000388043798;
 -0.001398583156744238, 0.002525896244337595, 0.9999958318979717]
2020/03/08 15:38:19 876682	INFO [input.cpp->run:256]	frame times (ms): 53.362
2020/03/08 15:38:19 876684	INFO [input.cpp->run:257]	FPS: 18.7399
2020/03/08 15:38:19 962365	INFO [input.cpp->run:173]	
frame_id 75
2020/03/08 15:38:19 992206	INFO [input.cpp->run:235]	rotation: 
[0.9999987477728803, -0.001161026204152457, 0.00107539333482311;
 0.001165579781554738, 0.9999903173026754, -0.004243433122765132;
 -0.001070456185063845, 0.004244681265751384, 0.9999904183563501]
2020/03/08 15:38:19 992228	INFO [input.cpp->run:256]	frame times (ms): 53.329
2020/03/08 15:38:19 992230	INFO [input.cpp->run:257]	FPS: 18.7515
2020/03/08 15:38:20 083470	INFO [input.cpp->run:173]	
frame_id 76
2020/03/08 15:38:20 115620	INFO [input.cpp->run:235]	rotation: 
[0.9999906832635233, -0.003652235738493028, 0.002300991147849173;
 0.003654798055524916, 0.9999927047581648, -0.001110352026720627;
 -0.002296919094207991, 0.001118751339836337, 0.9999967362737312]
2020/03/08 15:38:20 115644	INFO [input.cpp->run:256]	frame times (ms): 54.522
2020/03/08 15:38:20 115646	INFO [input.cpp->run:257]	FPS: 18.3412
2020/03/08 15:38:20 203966	INFO [input.cpp->run:173]	
frame_id 77
2020/03/08 15:38:20 233677	INFO [input.cpp->run:235]	rotation: 
[0.9999902837595751, -0.004185192242346832, 0.001384396019584679;
 0.004180337039144438, 0.9999851666887998, 0.00349158769223425;
 -0.001398988450130709, -0.003485766525171254, 0.9999929461066455]
2020/03/08 15:38:20 233704	INFO [input.cpp->run:256]	frame times (ms): 53.079
2020/03/08 15:38:20 233706	INFO [input.cpp->run:257]	FPS: 18.8398
2020/03/08 15:38:20 324609	INFO [input.cpp->run:173]	
frame_id 78
2020/03/08 15:38:20 353308	INFO [input.cpp->run:235]	rotation: 
[0.9999982479009948, -0.001564240517056888, 0.001028273575196341;
 0.001556570020736111, 0.9999712707964208, 0.007418535675044927;
 -0.001039848407795601, -0.007416922097215685, 0.999971953597646]
2020/03/08 15:38:20 353331	INFO [input.cpp->run:256]	frame times (ms): 53.245
2020/03/08 15:38:20 353334	INFO [input.cpp->run:257]	FPS: 18.7811
2020/03/08 15:38:20 449313	INFO [input.cpp->run:173]	
frame_id 79
2020/03/08 15:38:20 482890	INFO [input.cpp->run:235]	rotation: 
[0.9999989024678048, 0.0001321350939710928, 0.001475670526498053;
 -0.0001403065979736144, 0.9999846511334016, 0.005538755425873983;
 -0.001474916012659318, -0.005538956393222884, 0.9999835721574778]
2020/03/08 15:38:20 482915	INFO [input.cpp->run:256]	frame times (ms): 56.85
2020/03/08 15:38:20 482917	INFO [input.cpp->run:257]	FPS: 17.5902
2020/03/08 15:38:20 569658	INFO [input.cpp->run:173]	
frame_id 80
2020/03/08 15:38:20 602670	INFO [input.cpp->run:235]	rotation: 
[0.9999989138789835, -0.001397039299755136, 0.000469597751453866;
 0.001396313926932561, 0.9999978370967252, 0.001541463359565527;
 -0.0004717502206517972, -0.001540805979469364, 0.9999987016834887]
2020/03/08 15:38:20 602697	INFO [input.cpp->run:256]	frame times (ms): 57.31
2020/03/08 15:38:20 602699	INFO [input.cpp->run:257]	FPS: 17.449
2020/03/08 15:38:20 687073	INFO [input.cpp->run:173]	
frame_id 81
2020/03/08 15:38:20 716983	INFO [input.cpp->run:235]	rotation: 
[0.9999969410814786, -0.002341480776934914, 0.0007970542371120836;
 0.002344299842672647, 0.99999093489213, -0.003554488966281707;
 -0.0007887242441430701, 0.003556346627512237, 0.9999933651343551]
2020/03/08 15:38:20 717006	INFO [input.cpp->run:256]	frame times (ms): 51.356
2020/03/08 15:38:20 717009	INFO [input.cpp->run:257]	FPS: 19.4719
2020/03/08 15:38:20 808503	INFO [input.cpp->run:173]	
frame_id 82
2020/03/08 15:38:20 842213	INFO [input.cpp->run:235]	rotation: 
[0.9999994949889355, -0.0003434948754602427, 0.000944475062939315;
 0.0003455885979557769, 0.9999974815349943, -0.002217541925113298;
 -0.0009437109700245255, 0.002217867205042896, 0.9999970952331141]
2020/03/08 15:38:20 842242	INFO [input.cpp->run:256]	frame times (ms): 57.809
2020/03/08 15:38:20 842244	INFO [input.cpp->run:257]	FPS: 17.2983
2020/03/08 15:38:20 926469	INFO [input.cpp->run:173]	
frame_id 83
2020/03/08 15:38:20 957844	INFO [input.cpp->run:235]	rotation: 
[0.9999961863424419, 0.002458181908017887, 0.001258825754138015;
 -0.002462643319974953, 0.9999906489730768, 0.003554905664464655;
 -0.001250075378035399, -0.00355799214610624, 0.9999928889764355]
