		g3log created log at: Mon Mar 09 15:43:43 2020
		LOG format: [YYYY/MM/DD hh:mm:ss uuu* LEVEL FILE->FUNCTION:LINE] message		(uuu*: microseconds fractions of the seconds value)

2020/03/09 15:43:43 158943	INFO [g3logger.h->logBanner:29]	Starting log.
2020/03/09 15:43:43 163054	DEBUG [main.cpp->main:48]	Filepath: /home/mitchell/KITTI/data_odometry_gray/dataset/sequences/00/
2020/03/09 15:43:43 163061	DEBUG [main.cpp->main:52]	Calibration Filepath: /home/mitchell/visual_odom_catkin_ws/tank_downsized.yaml
2020/03/09 15:43:43 163176	INFO [main.cpp->main:66]	P_left: 
[409.41, 0, 251.22, 0;
 0, 408.72, 191.78999, 0;
 0, 0, 1, 0]
2020/03/09 15:43:43 163193	INFO [main.cpp->main:67]	P_right: 
[409.41, 0, 251.22, -73.940002;
 0, 408.72, 191.78999, 0;
 0, 0, 1, 0]
2020/03/09 15:43:43 288366	INFO [input.cpp->Input:22]	frame_pose [1, 0, 0, 0;
 0, 1, 0, 0;
 0, 0, 1, 0;
 0, 0, 0, 1]
2020/03/09 15:43:45 862901	INFO [input.cpp->run:173]	
frame_id 1
2020/03/09 15:43:45 948967	WARNING [visualOdometry.cpp->trackingFrame2Frame:179]	The Estimated Rotation and translation matrices(using getTransformation function) are : 
    0.999976  -0.00693744 -0.000677685   0.00650901
  0.00693925     0.999972   0.00278238    0.0049203
 0.000658363  -0.00278704     0.999996 -0.000144541
           0            0            0            1
2020/03/09 15:43:45 953387	INFO [input.cpp->run:235]	rotation: 
[0.9999759793281555, -0.006937436759471893, -0.0006776847876608372;
 0.006939254701137543, 0.999971866607666, 0.002782384632155299;
 0.000658362521789968, -0.002787037752568722, 0.9999960064888]
2020/03/09 15:43:45 953490	INFO [input.cpp->run:256]	frame times (ms): 195.678
2020/03/09 15:43:45 953496	INFO [input.cpp->run:257]	FPS: 5.11044
2020/03/09 15:43:45 998245	INFO [input.cpp->run:173]	
frame_id 2
2020/03/09 15:43:46 027574	WARNING [visualOdometry.cpp->trackingFrame2Frame:179]	The Estimated Rotation and translation matrices(using getTransformation function) are : 
    0.999983  -0.00559309  -0.00166708   0.00615036
  0.00559397     0.999984   0.00049204   0.00239959
   0.0016643 -0.000501338     0.999998  6.26445e-05
           0            0            0            1
2020/03/09 15:43:46 029319	INFO [input.cpp->run:235]	rotation: 
[0.9999829530715942, -0.005593091249465942, -0.00166708417236805;
 0.005593970417976379, 0.9999840259552002, 0.0004920396022498608;
 0.001664295792579651, -0.0005013379268348217, 0.9999984502792358]
2020/03/09 15:43:46 029394	INFO [input.cpp->run:256]	frame times (ms): 151.762
2020/03/09 15:43:46 029400	INFO [input.cpp->run:257]	FPS: 6.58926
2020/03/09 15:43:46 126970	INFO [input.cpp->run:173]	
frame_id 3
2020/03/09 15:43:46 168156	WARNING [visualOdometry.cpp->trackingFrame2Frame:179]	The Estimated Rotation and translation matrices(using getTransformation function) are : 
    0.999977  -0.00633374  -0.00265167   0.00594649
  0.00633529      0.99998  0.000498801    0.0024056
  0.00264845 -0.000515567     0.999997   0.00102752
           0            0            0            1
2020/03/09 15:43:46 170514	INFO [input.cpp->run:235]	rotation: 
[0.999976634979248, -0.006333738565444946, -0.002651669085025787;
 0.006335288286209106, 0.9999797940254211, 0.0004988014698028564;
 0.002648446708917618, -0.0005155671387910843, 0.999996542930603]
2020/03/09 15:43:46 170588	INFO [input.cpp->run:256]	frame times (ms): 171.319
2020/03/09 15:43:46 170595	INFO [input.cpp->run:257]	FPS: 5.83706
2020/03/09 15:43:46 262550	INFO [input.cpp->run:173]	
frame_id 4
2020/03/09 15:43:46 324378	WARNING [visualOdometry.cpp->trackingFrame2Frame:179]	The Estimated Rotation and translation matrices(using getTransformation function) are : 
   0.999988 -0.00392511 -0.00284793  0.00563821
 0.00391564    0.999987  -0.0032654  -0.0012154
 0.00286071  0.00325421    0.999991  0.00108451
          0           0           0           1
2020/03/09 15:43:46 325700	INFO [input.cpp->run:235]	rotation: 
[0.9999881982803345, -0.003925114870071411, -0.002847932279109955;
 0.003915637731552124, 0.9999868869781494, -0.003265395760536194;
 0.002860713750123978, 0.003254208713769913, 0.9999905824661255]
2020/03/09 15:43:46 325758	INFO [input.cpp->run:256]	frame times (ms): 179.481
2020/03/09 15:43:46 325762	INFO [input.cpp->run:257]	FPS: 5.57162
2020/03/09 15:43:46 395564	INFO [input.cpp->run:173]	
frame_id 5
2020/03/09 15:43:46 423461	WARNING [visualOdometry.cpp->trackingFrame2Frame:179]	The Estimated Rotation and translation matrices(using getTransformation function) are : 
   0.999948 -0.00992331 -0.00249382  0.00622043
 0.00993502    0.999939  0.00474533  0.00812659
 0.00244658 -0.00476988    0.999986  0.00087285
          0           0           0           1
2020/03/09 15:43:46 424957	INFO [input.cpp->run:235]	rotation: 
[0.9999476671218872, -0.009923309087753296, -0.002493821084499359;
 0.00993502140045166, 0.9999394416809082, 0.004745326936244965;
 0.002446580678224564, -0.004769876599311829, 0.9999857544898987]
2020/03/09 15:43:46 425016	INFO [input.cpp->run:256]	frame times (ms): 155.921
2020/03/09 15:43:46 425022	INFO [input.cpp->run:257]	FPS: 6.4135
2020/03/09 15:43:46 528073	INFO [input.cpp->run:173]	
frame_id 6
2020/03/09 15:43:46 557217	WARNING [visualOdometry.cpp->trackingFrame2Frame:179]	The Estimated Rotation and translation matrices(using getTransformation function) are : 
    0.999977  -0.00627074  -0.00282536   0.00508726
  0.00627053      0.99998 -5.76898e-05   0.00218792
  0.00282566  3.99724e-05     0.999996  0.000270128
           0            0            0            1
2020/03/09 15:43:46 558656	INFO [input.cpp->run:235]	rotation: 
[0.9999765753746033, -0.006270736455917358, -0.002825357019901276;
 0.006270527839660645, 0.9999803900718689, -5.76898455619812e-05;
 0.002825659699738026, 3.997236490249634e-05, 0.9999961256980896]
2020/03/09 15:43:46 558712	INFO [input.cpp->run:256]	frame times (ms): 171.116
2020/03/09 15:43:46 558725	INFO [input.cpp->run:257]	FPS: 5.84399
2020/03/09 15:43:46 662786	INFO [input.cpp->run:173]	
frame_id 7
2020/03/09 15:43:46 692498	WARNING [visualOdometry.cpp->trackingFrame2Frame:179]	The Estimated Rotation and translation matrices(using getTransformation function) are : 
   0.999937 -0.00980639 -0.00555358  0.00298771
 0.00982621    0.999945  0.00358214  0.00721744
 0.00551816 -0.00363647    0.999979  0.00185311
          0           0           0           1
2020/03/09 15:43:46 694073	INFO [input.cpp->run:235]	rotation: 
[0.9999367594718933, -0.009806394577026367, -0.005553577095270157;
 0.009826213121414185, 0.9999454021453857, 0.003582142293453217;
 0.005518157035112381, -0.003636471927165985, 0.9999785423278809]
2020/03/09 15:43:46 694134	INFO [input.cpp->run:256]	frame times (ms): 173.215
2020/03/09 15:43:46 694140	INFO [input.cpp->run:257]	FPS: 5.77317
2020/03/09 15:43:46 796726	INFO [input.cpp->run:173]	
frame_id 8
2020/03/09 15:43:46 824248	WARNING [visualOdometry.cpp->trackingFrame2Frame:179]	The Estimated Rotation and translation matrices(using getTransformation function) are : 
    0.999989  -0.00282824  -0.00384822   0.00445789
  0.00281951     0.999993  -0.00223139 -0.000919506
  0.00385451   0.00222055      0.99999   0.00095135
           0            0            0            1
2020/03/09 15:43:46 825717	INFO [input.cpp->run:235]	rotation: 
[0.9999886751174927, -0.002828240394592285, -0.00384821742773056;
 0.00281950831413269, 0.9999933838844299, -0.002231389284133911;
 0.003854513168334961, 0.002220548689365387, 0.9999901056289673]
2020/03/09 15:43:46 825777	INFO [input.cpp->run:256]	frame times (ms): 166.856
2020/03/09 15:43:46 825782	INFO [input.cpp->run:257]	FPS: 5.99319
2020/03/09 15:43:46 928530	INFO [input.cpp->run:173]	
frame_id 9
2020/03/09 15:43:46 956572	WARNING [visualOdometry.cpp->trackingFrame2Frame:179]	The Estimated Rotation and translation matrices(using getTransformation function) are : 
    0.999989  -0.00464961 -0.000729447   0.00655022
  0.00464883     0.999989 -0.000969231  0.000698414
 0.000733947  0.000965834     0.999999  -0.00052613
           0            0            0            1
2020/03/09 15:43:46 958423	INFO [input.cpp->run:235]	rotation: 
[0.9999890923500061, -0.004649609327316284, -0.0007294472306966782;
 0.004648834466934204, 0.9999887943267822, -0.000969231128692627;
 0.0007339473813772202, 0.0009658336639404297, 0.9999993443489075]
2020/03/09 15:43:46 958496	INFO [input.cpp->run:256]	frame times (ms): 166.32
2020/03/09 15:43:46 958502	INFO [input.cpp->run:257]	FPS: 6.01251
2020/03/09 15:43:47 061279	INFO [input.cpp->run:173]	
frame_id 10
2020/03/09 15:43:47 091314	WARNING [visualOdometry.cpp->trackingFrame2Frame:179]	The Estimated Rotation and translation matrices(using getTransformation function) are : 
    0.999974  -0.00377457  -0.00614136   0.00285906
  0.00375495     0.999988  -0.00320805 -0.000951115
  0.00615349   0.00318494     0.999976   0.00223875
           0            0            0            1
2020/03/09 15:43:47 092710	INFO [input.cpp->run:235]	rotation: 
[0.9999737739562988, -0.003774568671360612, -0.006141364574432373;
 0.003754948498681188, 0.9999878406524658, -0.003208045614883304;
 0.006153494119644165, 0.003184941131621599, 0.9999759793281555]
2020/03/09 15:43:47 092764	INFO [input.cpp->run:256]	frame times (ms): 175.887
2020/03/09 15:43:47 092769	INFO [input.cpp->run:257]	FPS: 5.68547
2020/03/09 15:43:47 195083	INFO [input.cpp->run:173]	
frame_id 11
2020/03/09 15:43:47 224638	WARNING [visualOdometry.cpp->trackingFrame2Frame:179]	The Estimated Rotation and translation matrices(using getTransformation function) are : 
    0.999992  -0.00293574  -0.00258076   0.00579354
  0.00293073     0.999994  -0.00189918 -0.000696129
  0.00258633   0.00189158     0.999995  0.000575364
           0            0            0            1
2020/03/09 15:43:47 226032	INFO [input.cpp->run:235]	rotation: 
[0.999992311000824, -0.002935737371444702, -0.002580758184194565;
 0.002930730581283569, 0.9999938011169434, -0.001899182796478271;
 0.002586327493190765, 0.001891575753688812, 0.9999945759773254]
2020/03/09 15:43:47 226091	INFO [input.cpp->run:256]	frame times (ms): 173.96
2020/03/09 15:43:47 226096	INFO [input.cpp->run:257]	FPS: 5.74845
2020/03/09 15:43:47 327427	INFO [input.cpp->run:173]	
frame_id 12
2020/03/09 15:43:47 355425	WARNING [visualOdometry.cpp->trackingFrame2Frame:179]	The Estimated Rotation and translation matrices(using getTransformation function) are : 
    0.99997 -0.00646988 -0.00436151   0.0045715
 0.00648582    0.999972  0.00372702  0.00511245
 0.00433729 -0.00375517    0.999984  0.00160545
          0           0           0           1
2020/03/09 15:43:47 356805	INFO [input.cpp->run:235]	rotation: 
[0.9999696016311646, -0.006469875574111938, -0.004361506551504135;
 0.006485819816589355, 0.9999719262123108, 0.0037270188331604;
 0.004337292164564133, -0.003755174577236176, 0.9999837875366211]
2020/03/09 15:43:47 356856	INFO [input.cpp->run:256]	frame times (ms): 163.512
2020/03/09 15:43:47 356867	INFO [input.cpp->run:257]	FPS: 6.11576
2020/03/09 15:43:47 462390	INFO [input.cpp->run:173]	
frame_id 13
2020/03/09 15:43:47 493718	WARNING [visualOdometry.cpp->trackingFrame2Frame:179]	The Estimated Rotation and translation matrices(using getTransformation function) are : 
    0.999991  -0.00389683  -0.00144102   0.00621188
  0.00389466     0.999991  -0.00167163 -0.000325026
   0.0014475   0.00166597     0.999997  0.000168622
           0            0            0            1
2020/03/09 15:43:47 495384	INFO [input.cpp->run:235]	rotation: 
[0.9999912977218628, -0.003896832466125488, -0.001441024243831635;
 0.003894656896591187, 0.9999908804893494, -0.001671630889177322;
 0.001447498798370361, 0.001665972173213959, 0.9999972581863403]
2020/03/09 15:43:47 495449	INFO [input.cpp->run:256]	frame times (ms): 179.696
2020/03/09 15:43:47 495455	INFO [input.cpp->run:257]	FPS: 5.56495
2020/03/09 15:43:47 594412	INFO [input.cpp->run:173]	
frame_id 14
2020/03/09 15:43:47 619974	WARNING [visualOdometry.cpp->trackingFrame2Frame:179]	The Estimated Rotation and translation matrices(using getTransformation function) are : 
    0.999989  -0.00301412  -0.00360849   0.00578827
  0.00301352     0.999995 -0.000171609   0.00035098
  0.00360897  0.000160739     0.999993   0.00167966
           0            0            0            1
2020/03/09 15:43:47 621351	INFO [input.cpp->run:235]	rotation: 
[0.9999886751174927, -0.003014117479324341, -0.003608487546443939;
 0.003013521432876587, 0.9999951124191284, -0.0001716092228889465;
 0.003608968108892441, 0.0001607388257980347, 0.9999932050704956]
2020/03/09 15:43:47 621391	INFO [input.cpp->run:256]	frame times (ms): 173.563
2020/03/09 15:43:47 621396	INFO [input.cpp->run:257]	FPS: 5.7616
2020/03/09 15:43:47 731417	INFO [input.cpp->run:173]	
frame_id 15
2020/03/09 15:43:47 759928	WARNING [visualOdometry.cpp->trackingFrame2Frame:179]	The Estimated Rotation and translation matrices(using getTransformation function) are : 
    0.999968  -0.00313932  -0.00737351   0.00224307
  0.00313267     0.999995 -0.000938065  0.000144054
  0.00737643  0.000914931     0.999972   0.00279301
           0            0            0            1
2020/03/09 15:43:47 761444	INFO [input.cpp->run:235]	rotation: 
[0.9999681115150452, -0.003139324486255646, -0.007373511791229248;
 0.003132671117782593, 0.9999948143959045, -0.0009380653500556946;
 0.007376432418823242, 0.0009149312973022461, 0.9999724626541138]
2020/03/09 15:43:47 761500	INFO [input.cpp->run:256]	frame times (ms): 172.036
2020/03/09 15:43:47 761504	INFO [input.cpp->run:257]	FPS: 5.81274
2020/03/09 15:43:47 862518	INFO [input.cpp->run:173]	
frame_id 16
2020/03/09 15:43:47 891351	WARNING [visualOdometry.cpp->trackingFrame2Frame:179]	The Estimated Rotation and translation matrices(using getTransformation function) are : 
    0.999982  -0.00486881  -0.00357395   0.00474781
  0.00486782     0.999988 -0.000338942   0.00167017
  0.00357556  0.000321545     0.999994   0.00127733
           0            0            0            1
2020/03/09 15:43:47 892765	INFO [input.cpp->run:235]	rotation: 
[0.9999817609786987, -0.004868805408477783, -0.003573954105377197;
 0.004867821931838989, 0.9999879598617554, -0.0003389418125152588;
 0.003575555980205536, 0.0003215447068214417, 0.9999935030937195]
2020/03/09 15:43:47 892808	INFO [input.cpp->run:256]	frame times (ms): 188.858
2020/03/09 15:43:47 892820	INFO [input.cpp->run:257]	FPS: 5.29498
2020/03/09 15:43:47 995454	INFO [input.cpp->run:173]	
frame_id 17
2020/03/09 15:43:48 025161	WARNING [visualOdometry.cpp->trackingFrame2Frame:179]	The Estimated Rotation and translation matrices(using getTransformation function) are : 
    0.999977   -0.0046522  -0.00505667   0.00384682
  0.00465083     0.999989 -0.000234492   0.00162415
  0.00505773  0.000210978     0.999987   0.00233859
           0            0            0            1
2020/03/09 15:43:48 026778	INFO [input.cpp->run:235]	rotation: 
[0.9999767541885376, -0.004652202129364014, -0.005056671798229218;
 0.00465083122253418, 0.99998939037323, -0.0002344921231269836;
 0.005057729780673981, 0.000210978090763092, 0.9999873042106628]
2020/03/09 15:43:48 026837	INFO [input.cpp->run:256]	frame times (ms): 195.992
2020/03/09 15:43:48 026842	INFO [input.cpp->run:257]	FPS: 5.10225
2020/03/09 15:43:48 128068	INFO [input.cpp->run:173]	
frame_id 18
2020/03/09 15:43:48 159640	WARNING [visualOdometry.cpp->trackingFrame2Frame:179]	The Estimated Rotation and translation matrices(using getTransformation function) are : 
    0.999978  -0.00398856  -0.00519493   0.00331616
  0.00398368     0.999992 -0.000933923   0.00103344
  0.00519864  0.000913225     0.999986    0.0018732
           0            0            0            1
2020/03/09 15:43:48 161053	INFO [input.cpp->run:235]	rotation: 
[0.9999784827232361, -0.003988564014434814, -0.005194932222366333;
 0.003983676433563232, 0.9999915957450867, -0.0009339228272438049;
 0.005198642611503601, 0.0009132251143455505, 0.9999861717224121]
2020/03/09 15:43:48 161094	INFO [input.cpp->run:256]	frame times (ms): 195.179
2020/03/09 15:43:48 161101	INFO [input.cpp->run:257]	FPS: 5.1235
2020/03/09 15:43:48 261649	INFO [input.cpp->run:173]	
frame_id 19
2020/03/09 15:43:48 295774	WARNING [visualOdometry.cpp->trackingFrame2Frame:179]	The Estimated Rotation and translation matrices(using getTransformation function) are : 
   0.999983 -0.00484261 -0.00331327  0.00493455
 0.00484651    0.999988  0.00121457  0.00273699
 0.00330736  -0.0012306    0.999994  0.00139588
          0           0           0           1
2020/03/09 15:43:48 297408	INFO [input.cpp->run:235]	rotation: 
[0.9999826550483704, -0.004842609167098999, -0.003313265740871429;
 0.004846513271331787, 0.9999875426292419, 0.001214571297168732;
 0.003307357430458069, -0.001230597496032715, 0.9999938011169434]
2020/03/09 15:43:48 297479	INFO [input.cpp->run:256]	frame times (ms): 199.643
2020/03/09 15:43:48 297484	INFO [input.cpp->run:257]	FPS: 5.00894
2020/03/09 15:43:48 393999	INFO [input.cpp->run:173]	
frame_id 20
2020/03/09 15:43:48 426443	WARNING [visualOdometry.cpp->trackingFrame2Frame:179]	The Estimated Rotation and translation matrices(using getTransformation function) are : 
   0.999967 -0.00214047 -0.00788203  -0.0400843
 0.00212615    0.999996 -0.00182009 -0.00216414
 0.00788587   0.0018033    0.999967  -0.0204967
          0           0           0           1
2020/03/09 15:43:48 428620	INFO [input.cpp->run:235]	rotation: 
[0.999966561794281, -0.00214046984910965, -0.007882028818130493;
 0.002126153558492661, 0.9999960064888, -0.001820087432861328;
 0.007885873317718506, 0.00180329941213131, 0.9999673366546631]
2020/03/09 15:43:48 428690	INFO [input.cpp->run:256]	frame times (ms): 200.003
2020/03/09 15:43:48 428696	INFO [input.cpp->run:257]	FPS: 4.99992
2020/03/09 15:43:48 531252	INFO [input.cpp->run:173]	
frame_id 21
2020/03/09 15:43:48 564098	WARNING [visualOdometry.cpp->trackingFrame2Frame:179]	The Estimated Rotation and translation matrices(using getTransformation function) are : 
    0.999993  -0.00376007 -0.000827737   0.00582641
  0.00375775      0.99999  -0.00256991 -0.000346165
 0.000837393   0.00256684     0.999996 -0.000497997
           0            0            0            1
2020/03/09 15:43:48 565516	INFO [input.cpp->run:235]	rotation: 
[0.9999929666519165, -0.003760069608688354, -0.0008277371525764465;
 0.003757745027542114, 0.9999898076057434, -0.002569913864135742;
 0.0008373931050300598, 0.00256684422492981, 0.9999963641166687]
2020/03/09 15:43:48 565578	INFO [input.cpp->run:256]	frame times (ms): 210.861
2020/03/09 15:43:48 565584	INFO [input.cpp->run:257]	FPS: 4.74246
2020/03/09 15:43:48 661982	INFO [input.cpp->run:173]	
frame_id 22
2020/03/09 15:43:48 697892	WARNING [visualOdometry.cpp->trackingFrame2Frame:179]	The Estimated Rotation and translation matrices(using getTransformation function) are : 
   0.999965  -0.0037401 -0.00753417  0.00209242
 0.00376126    0.999989   0.0028416  0.00252547
 0.00752345 -0.00286982    0.999967  0.00391716
          0           0           0           1
2020/03/09 15:43:48 699447	INFO [input.cpp->run:235]	rotation: 
[0.999964714050293, -0.003740102052688599, -0.007534168660640717;
 0.003761261701583862, 0.9999890327453613, 0.00284159928560257;
 0.007523447275161743, -0.002869822084903717, 0.9999674558639526]
2020/03/09 15:43:48 699508	INFO [input.cpp->run:256]	frame times (ms): 219.129
2020/03/09 15:43:48 699513	INFO [input.cpp->run:257]	FPS: 4.56352
2020/03/09 15:43:48 796757	INFO [input.cpp->run:173]	
frame_id 23
2020/03/09 15:43:48 825264	WARNING [visualOdometry.cpp->trackingFrame2Frame:179]	The Estimated Rotation and translation matrices(using getTransformation function) are : 
    0.99998 -0.00521445 -0.00368945  0.00325567
 0.00521937    0.999986  0.00131249  0.00204247
 0.00368255 -0.00133172    0.999993 0.000908315
          0           0           0           1
2020/03/09 15:43:48 826975	INFO [input.cpp->run:235]	rotation: 
[0.9999797344207764, -0.005214452743530273, -0.00368945300579071;
 0.005219370126724243, 0.9999855160713196, 0.001312486827373505;
 0.003682546317577362, -0.001331724226474762, 0.9999926090240479]
2020/03/09 15:43:48 827014	INFO [input.cpp->run:256]	frame times (ms): 202.172
2020/03/09 15:43:48 827018	INFO [input.cpp->run:257]	FPS: 4.94628
2020/03/09 15:43:48 928432	INFO [input.cpp->run:173]	
frame_id 24
2020/03/09 15:43:48 959669	WARNING [visualOdometry.cpp->trackingFrame2Frame:179]	The Estimated Rotation and translation matrices(using getTransformation function) are : 
     0.99999  -0.00346667  -0.00291491   0.00380236
  0.00346502     0.999994 -0.000583187  0.000333307
  0.00291684  0.000572968     0.999996  0.000940859
           0            0            0            1
2020/03/09 15:43:48 961285	INFO [input.cpp->run:235]	rotation: 
[0.9999899864196777, -0.003466665744781494, -0.002914905548095703;
 0.003465022891759872, 0.9999939799308777, -0.0005831867456436157;
 0.002916842699050903, 0.0005729682743549347, 0.9999957084655762]
2020/03/09 15:43:48 961326	INFO [input.cpp->run:256]	frame times (ms): 215.166
2020/03/09 15:43:48 961332	INFO [input.cpp->run:257]	FPS: 4.64757
2020/03/09 15:43:49 064129	INFO [input.cpp->run:173]	
frame_id 25
2020/03/09 15:43:49 094972	WARNING [visualOdometry.cpp->trackingFrame2Frame:179]	The Estimated Rotation and translation matrices(using getTransformation function) are : 
    0.999995  -0.00257644  -0.00208676   0.00456983
  0.00257477     0.999997 -0.000991248 -0.000375292
  0.00208926  0.000985824     0.999997  0.000547409
           0            0            0            1
2020/03/09 15:43:49 096538	INFO [input.cpp->run:235]	rotation: 
[0.9999947547912598, -0.002576440572738647, -0.002086758613586426;
 0.002574771642684937, 0.9999967217445374, -0.0009912475943565369;
 0.002089262008666992, 0.0009858235716819763, 0.9999973773956299]
2020/03/09 15:43:49 096578	INFO [input.cpp->run:256]	frame times (ms): 215.441
2020/03/09 15:43:49 096583	INFO [input.cpp->run:257]	FPS: 4.64164
2020/03/09 15:43:49 195127	INFO [input.cpp->run:173]	
frame_id 26
2020/03/09 15:43:49 224398	WARNING [visualOdometry.cpp->trackingFrame2Frame:179]	The Estimated Rotation and translation matrices(using getTransformation function) are : 
     0.99999  -0.00296006  -0.00325803   0.00398499
  0.00296247     0.999995  0.000707269  0.000771738
  0.00325591 -0.000716917     0.999994   0.00172508
           0            0            0            1
2020/03/09 15:43:49 225882	INFO [input.cpp->run:235]	rotation: 
[0.9999904632568359, -0.002960056066513062, -0.003258034586906433;
 0.002962470054626465, 0.9999953508377075, 0.0007072687149047852;
 0.00325591117143631, -0.0007169172167778015, 0.9999943375587463]
2020/03/09 15:43:49 225927	INFO [input.cpp->run:256]	frame times (ms): 227.161
2020/03/09 15:43:49 225932	INFO [input.cpp->run:257]	FPS: 4.40216
2020/03/09 15:43:49 329223	INFO [input.cpp->run:173]	
frame_id 27
2020/03/09 15:43:49 359725	WARNING [visualOdometry.cpp->trackingFrame2Frame:179]	The Estimated Rotation and translation matrices(using getTransformation function) are : 
   0.999982 -0.00518933 -0.00312273  0.00315875
 0.00519621    0.999984  0.00220834  0.00297111
 0.00311124 -0.00222455    0.999993 0.000895619
          0           0           0           1
2020/03/09 15:43:49 361204	INFO [input.cpp->run:235]	rotation: 
[0.9999818801879883, -0.005189329385757446, -0.003122732043266296;
 0.005196213722229004, 0.9999842643737793, 0.002208344638347626;
 0.003111235797405243, -0.002224553376436234, 0.999992847442627]
2020/03/09 15:43:49 361246	INFO [input.cpp->run:256]	frame times (ms): 225.302
2020/03/09 15:43:49 361251	INFO [input.cpp->run:257]	FPS: 4.43849
2020/03/09 15:43:49 462624	INFO [input.cpp->run:173]	
frame_id 28
2020/03/09 15:43:49 494903	WARNING [visualOdometry.cpp->trackingFrame2Frame:179]	The Estimated Rotation and translation matrices(using getTransformation function) are : 
    0.99999 -0.00355247 -0.00257189  0.00380054
 0.00355208    0.999994 -0.00017547  0.00075941
 0.00257248 0.000166372    0.999997 0.000830948
          0           0           0           1
2020/03/09 15:43:49 496388	INFO [input.cpp->run:235]	rotation: 
[0.9999904632568359, -0.003552466630935669, -0.002571886405348778;
 0.003552079200744629, 0.9999938011169434, -0.0001754704862833023;
 0.002572476863861084, 0.0001663723960518837, 0.9999970197677612]
2020/03/09 15:43:49 496427	INFO [input.cpp->run:256]	frame times (ms): 234.686
2020/03/09 15:43:49 496433	INFO [input.cpp->run:257]	FPS: 4.26101
2020/03/09 15:43:49 596072	INFO [input.cpp->run:173]	
frame_id 29
2020/03/09 15:43:49 627729	WARNING [visualOdometry.cpp->trackingFrame2Frame:179]	The Estimated Rotation and translation matrices(using getTransformation function) are : 
   0.999993 -0.00245909 -0.00262719  0.00341505
 0.00246167    0.999996  0.00101984 0.000621082
 0.00262454 -0.00102637    0.999996 0.000736058
          0           0           0           1
2020/03/09 15:43:49 629192	INFO [input.cpp->run:235]	rotation: 
[0.9999931454658508, -0.002459093928337097, -0.002627193927764893;
 0.002461671829223633, 0.9999964833259583, 0.001019835472106934;
 0.002624541521072388, -0.001026369631290436, 0.9999960660934448]
2020/03/09 15:43:49 629232	INFO [input.cpp->run:256]	frame times (ms): 246.3
2020/03/09 15:43:49 629235	INFO [input.cpp->run:257]	FPS: 4.06009
2020/03/09 15:43:49 730269	INFO [input.cpp->run:173]	
frame_id 30
2020/03/09 15:43:49 761141	WARNING [visualOdometry.cpp->trackingFrame2Frame:179]	The Estimated Rotation and translation matrices(using getTransformation function) are : 
   0.999982 -0.00396892    -0.00459  0.00227714
 0.00397715    0.999991  0.00178296  0.00240246
 0.00458286 -0.00180124    0.999988  0.00196445
          0           0           0           1
2020/03/09 15:43:49 762666	INFO [input.cpp->run:235]	rotation: 
[0.9999816417694092, -0.003968924283981323, -0.004589997231960297;
 0.003977149724960327, 0.999990701675415, 0.001782961189746857;
 0.004582863301038742, -0.001801237463951111, 0.9999880194664001]
2020/03/09 15:43:49 762714	INFO [input.cpp->run:256]	frame times (ms): 242.157
2020/03/09 15:43:49 762719	INFO [input.cpp->run:257]	FPS: 4.12955
2020/03/09 15:43:49 862448	INFO [input.cpp->run:173]	
frame_id 31
2020/03/09 15:43:49 893315	WARNING [visualOdometry.cpp->trackingFrame2Frame:179]	The Estimated Rotation and translation matrices(using getTransformation function) are : 
    0.999993  -0.00273064  -0.00271019    0.0031634
   0.0027304     0.999996 -0.000112876  0.000211945
  0.00271049  0.000105582     0.999996  0.000975847
           0            0            0            1
2020/03/09 15:43:49 894798	INFO [input.cpp->run:235]	rotation: 
[0.9999926090240479, -0.002730637788772583, -0.002710193395614624;
 0.002730399370193481, 0.9999960064888, -0.000112876296043396;
 0.002710491418838501, 0.0001055821776390076, 0.9999963641166687]
2020/03/09 15:43:49 894842	INFO [input.cpp->run:256]	frame times (ms): 249.583
2020/03/09 15:43:49 894846	INFO [input.cpp->run:257]	FPS: 4.00668
2020/03/09 15:43:49 998510	INFO [input.cpp->run:173]	
frame_id 32
2020/03/09 15:43:50 030010	WARNING [visualOdometry.cpp->trackingFrame2Frame:179]	The Estimated Rotation and translation matrices(using getTransformation function) are : 
    0.999629  -0.00172561    0.0271682    0.0405287
   0.0020139     0.999942   -0.0105908  -0.00636223
  -0.0271486    0.0106417     0.999575 -0.000944436
           0            0            0            1
2020/03/09 15:43:50 031772	INFO [input.cpp->run:235]	rotation: 
[0.9996292591094971, -0.001725610345602036, 0.02716824412345886;
 0.002013899385929108, 0.999941885471344, -0.0105908066034317;
 -0.02714860439300537, 0.01064165681600571, 0.9995746612548828]
2020/03/09 15:43:50 031837	INFO [input.cpp->run:256]	frame times (ms): 254.052
2020/03/09 15:43:50 031844	INFO [input.cpp->run:257]	FPS: 3.9362
2020/03/09 15:43:50 131616	INFO [input.cpp->run:173]	
frame_id 33
2020/03/09 15:43:50 167288	WARNING [visualOdometry.cpp->trackingFrame2Frame:179]	The Estimated Rotation and translation matrices(using getTransformation function) are : 
   0.999993 -0.00311509 -0.00190896  0.00340873
 0.00311711    0.999995  0.00105281  0.00141568
  0.0019057 -0.00105871    0.999998 0.000526845
          0           0           0           1
2020/03/09 15:43:50 168959	INFO [input.cpp->run:235]	rotation: 
[0.9999933242797852, -0.003115087747573853, -0.001908961683511734;
 0.003117114305496216, 0.9999945163726807, 0.001052811741828918;
 0.001905698329210281, -0.001058712601661682, 0.9999975562095642]
2020/03/09 15:43:50 169000	INFO [input.cpp->run:256]	frame times (ms): 265.758
2020/03/09 15:43:50 169005	INFO [input.cpp->run:257]	FPS: 3.76282
2020/03/09 15:43:50 263445	INFO [input.cpp->run:173]	
frame_id 34
2020/03/09 15:43:50 298195	WARNING [visualOdometry.cpp->trackingFrame2Frame:179]	The Estimated Rotation and translation matrices(using getTransformation function) are : 
    0.999992  -0.00284234  -0.00266647   0.00310168
  0.00284305     0.999996  0.000297938  0.000708308
  0.00266562 -0.000305507     0.999997   0.00112426
           0            0            0            1
2020/03/09 15:43:50 299825	INFO [input.cpp->run:235]	rotation: 
[0.9999924898147583, -0.002842336893081665, -0.002666473388671875;
 0.00284305214881897, 0.9999958872795105, 0.0002979375422000885;
 0.002665620297193527, -0.0003055073320865631, 0.999996542930603]
2020/03/09 15:43:50 299865	INFO [input.cpp->run:256]	frame times (ms): 264.534
2020/03/09 15:43:50 299867	INFO [input.cpp->run:257]	FPS: 3.78023
2020/03/09 15:43:50 395897	INFO [input.cpp->run:173]	
frame_id 35
2020/03/09 15:43:50 435291	WARNING [visualOdometry.cpp->trackingFrame2Frame:179]	The Estimated Rotation and translation matrices(using getTransformation function) are : 
    0.999995  -0.00320657 -0.000947356   0.00627565
  0.00320713     0.999995  0.000571057   0.00144159
 0.000945449  -0.00057416            1   0.00123882
           0            0            0            1
2020/03/09 15:43:50 437325	INFO [input.cpp->run:235]	rotation: 
[0.9999945163726807, -0.00320657342672348, -0.0009473562240600586;
 0.00320713222026825, 0.9999948143959045, 0.0005710572004318237;
 0.0009454488754272461, -0.0005741603672504425, 0.9999996423721313]
2020/03/09 15:43:50 437378	INFO [input.cpp->run:256]	frame times (ms): 285.398
2020/03/09 15:43:50 437384	INFO [input.cpp->run:257]	FPS: 3.50388
2020/03/09 15:43:50 529255	INFO [input.cpp->run:173]	
frame_id 36
2020/03/09 15:43:50 563776	WARNING [visualOdometry.cpp->trackingFrame2Frame:179]	The Estimated Rotation and translation matrices(using getTransformation function) are : 
   0.999997 -0.00123194 -0.00209334  0.00392669
 0.00123784    0.999996  0.00279436 0.000875216
 0.00208989 -0.00279696    0.999994 0.000747621
          0           0           0           1
2020/03/09 15:43:50 565276	INFO [input.cpp->run:235]	rotation: 
[0.9999971985816956, -0.001231938600540161, -0.002093344926834106;
 0.001237839460372925, 0.9999955296516418, 0.002794362604618073;
 0.002089887857437134, -0.002796955406665802, 0.9999940395355225]
2020/03/09 15:43:50 565317	INFO [input.cpp->run:256]	frame times (ms): 272.33
2020/03/09 15:43:50 565321	INFO [input.cpp->run:257]	FPS: 3.67202
2020/03/09 15:43:50 662854	INFO [input.cpp->run:173]	
frame_id 37
2020/03/09 15:43:50 697839	WARNING [visualOdometry.cpp->trackingFrame2Frame:179]	The Estimated Rotation and translation matrices(using getTransformation function) are : 
   0.999996 -0.00222272 -0.00176594  0.00355887
  0.0022247    0.999997  0.00108813 0.000759214
 0.00176346 -0.00109195    0.999998 0.000697374
          0           0           0           1
2020/03/09 15:43:50 699546	INFO [input.cpp->run:235]	rotation: 
[0.9999961256980896, -0.002222716808319092, -0.001765936613082886;
 0.002224698662757874, 0.9999967813491821, 0.001088134944438934;
 0.001763463020324707, -0.001091949641704559, 0.9999980926513672]
2020/03/09 15:43:50 699595	INFO [input.cpp->run:256]	frame times (ms): 282.34
2020/03/09 15:43:50 699602	INFO [input.cpp->run:257]	FPS: 3.54183
2020/03/09 15:43:50 795339	INFO [input.cpp->run:173]	
frame_id 38
2020/03/09 15:43:50 830334	WARNING [visualOdometry.cpp->trackingFrame2Frame:179]	The Estimated Rotation and translation matrices(using getTransformation function) are : 
   0.999995 -0.00286411  -0.0012221  0.00533181
 0.00286542    0.999995  0.00109059  0.00121243
   0.001219 -0.00109399    0.999999  0.00158799
          0           0           0           1
2020/03/09 15:43:50 831927	INFO [input.cpp->run:235]	rotation: 
[0.999995231628418, -0.002864107489585876, -0.001222103834152222;
 0.002865418791770935, 0.999995231628418, 0.001090593636035919;
 0.001219004392623901, -0.001093991100788116, 0.9999985098838806]
2020/03/09 15:43:50 831972	INFO [input.cpp->run:256]	frame times (ms): 303.746
2020/03/09 15:43:50 831975	INFO [input.cpp->run:257]	FPS: 3.29222
2020/03/09 15:43:50 931441	INFO [input.cpp->run:173]	
frame_id 39
2020/03/09 15:43:50 969048	WARNING [visualOdometry.cpp->trackingFrame2Frame:179]	The Estimated Rotation and translation matrices(using getTransformation function) are : 
    0.999996  -0.00230774  -0.00200549   0.00173032
  0.00230879     0.999997  0.000457481 -0.000522309
  0.00200477 -0.000461996     0.999998  0.000398934
           0            0            0            1
2020/03/09 15:43:50 971145	INFO [input.cpp->run:235]	rotation: 
[0.9999955296516418, -0.002307742834091187, -0.002005487680435181;
 0.002308785915374756, 0.999997079372406, 0.0004574805498123169;
 0.002004772424697876, -0.0004619956016540527, 0.9999977946281433]
2020/03/09 15:43:50 971199	INFO [input.cpp->run:256]	frame times (ms): 325.44
2020/03/09 15:43:50 971204	INFO [input.cpp->run:257]	FPS: 3.07276
2020/03/09 15:43:51 064037	INFO [input.cpp->run:173]	
frame_id 40
2020/03/09 15:43:51 100511	WARNING [visualOdometry.cpp->trackingFrame2Frame:179]	The Estimated Rotation and translation matrices(using getTransformation function) are : 
    0.999996  -0.00206678  -0.00162652   0.00341421
  0.00206824     0.999997  0.000948511  2.66377e-05
  0.00162441 -0.000951886     0.999998   0.00071007
           0            0            0            1
2020/03/09 15:43:51 102254	INFO [input.cpp->run:235]	rotation: 
[0.9999963045120239, -0.002066776156425476, -0.001626521348953247;
 0.002068236470222473, 0.9999973773956299, 0.0009485110640525818;
 0.001624405384063721, -0.0009518861770629883, 0.9999982118606567]
2020/03/09 15:43:51 102302	INFO [input.cpp->run:256]	frame times (ms): 328.418
2020/03/09 15:43:51 102307	INFO [input.cpp->run:257]	FPS: 3.0449
2020/03/09 15:43:51 196309	INFO [input.cpp->run:173]	
frame_id 41
2020/03/09 15:43:51 234736	WARNING [visualOdometry.cpp->trackingFrame2Frame:179]	The Estimated Rotation and translation matrices(using getTransformation function) are : 
   0.999996  -0.0025852 -0.00100201  0.00896388
 0.00258639    0.999996  0.00109194   0.0012319
0.000999421 -0.00109446    0.999999  0.00352693
          0           0           0           1
2020/03/09 15:43:51 236451	INFO [input.cpp->run:235]	rotation: 
[0.9999961853027344, -0.00258520245552063, -0.001002013683319092;
 0.002586394548416138, 0.9999957680702209, 0.001091942191123962;
 0.0009994208812713623, -0.001094460487365723, 0.999998927116394]
2020/03/09 15:43:51 236513	INFO [input.cpp->run:256]	frame times (ms): 310.38
2020/03/09 15:43:51 236517	INFO [input.cpp->run:257]	FPS: 3.22186
2020/03/09 15:43:51 330465	INFO [input.cpp->run:173]	
frame_id 42
2020/03/09 15:43:51 368033	WARNING [visualOdometry.cpp->trackingFrame2Frame:179]	The Estimated Rotation and translation matrices(using getTransformation function) are : 
   0.999995 -0.00305794 -0.00080353   0.0150217
 0.00306013    0.999992  0.00269751  0.00427753
0.000795186 -0.00269996    0.999996  0.00756758
          0           0           0           1
2020/03/09 15:43:51 369821	INFO [input.cpp->run:235]	rotation: 
[0.9999951124191284, -0.003057941794395447, -0.000803530216217041;
 0.003060132265090942, 0.9999918341636658, 0.002697505056858063;
 0.0007951855659484863, -0.002699963748455048, 0.9999963045120239]
2020/03/09 15:43:51 369869	INFO [input.cpp->run:256]	frame times (ms): 313.23
2020/03/09 15:43:51 369874	INFO [input.cpp->run:257]	FPS: 3.19254
2020/03/09 15:43:51 462099	INFO [input.cpp->run:173]	
frame_id 43
2020/03/09 15:43:51 503567	WARNING [visualOdometry.cpp->trackingFrame2Frame:179]	The Estimated Rotation and translation matrices(using getTransformation function) are : 
    0.999993 -0.000669375  -0.00353158   -0.0146647
 0.000676081     0.999998   0.00190464  -0.00242481
  0.00353014  -0.00190692     0.999992  -0.00836694
           0            0            0            1
2020/03/09 15:43:51 505386	INFO [input.cpp->run:235]	rotation: 
[0.9999933838844299, -0.0006693750619888306, -0.003531575202941895;
 0.000676080584526062, 0.9999976754188538, 0.00190463662147522;
 0.003530144691467285, -0.001906923949718475, 0.9999920129776001]
2020/03/09 15:43:51 505449	INFO [input.cpp->run:256]	frame times (ms): 340.39
2020/03/09 15:43:51 505455	INFO [input.cpp->run:257]	FPS: 2.93781
2020/03/09 15:43:51 596529	INFO [input.cpp->run:173]	
frame_id 44
2020/03/09 15:43:51 640643	WARNING [visualOdometry.cpp->trackingFrame2Frame:179]	The Estimated Rotation and translation matrices(using getTransformation function) are : 
    0.999996  -0.00238335  -0.00143123   0.00254369
  0.00238407     0.999997  0.000507675 -0.000198532
  0.00143009 -0.000511058     0.999999  0.000597298
           0            0            0            1
2020/03/09 15:43:51 642619	INFO [input.cpp->run:235]	rotation: 
[0.9999960660934448, -0.00238335132598877, -0.00143122673034668;
 0.002384066581726074, 0.9999970197677612, 0.0005076751112937927;
 0.001430094242095947, -0.0005110576748847961, 0.9999985694885254]
2020/03/09 15:43:51 642684	INFO [input.cpp->run:256]	frame times (ms): 401.561
2020/03/09 15:43:51 642690	INFO [input.cpp->run:257]	FPS: 2.49028
2020/03/09 15:43:51 730231	INFO [input.cpp->run:173]	
frame_id 45
2020/03/09 15:43:51 770719	WARNING [visualOdometry.cpp->trackingFrame2Frame:179]	The Estimated Rotation and translation matrices(using getTransformation function) are : 
    0.999997  -0.00263318 -0.000688612   0.00909138
  0.00263484     0.999994   0.00237931   0.00163416
 0.000682235  -0.00238106     0.999997   0.00361192
           0            0            0            1
2020/03/09 15:43:51 772358	INFO [input.cpp->run:235]	rotation: 
[0.9999967217445374, -0.002633184194564819, -0.0006886124610900879;
 0.002634838223457336, 0.9999939799308777, 0.00237930566072464;
 0.0006822347640991211, -0.002381063997745514, 0.9999973773956299]
2020/03/09 15:43:51 772414	INFO [input.cpp->run:256]	frame times (ms): 331.286
2020/03/09 15:43:51 772418	INFO [input.cpp->run:257]	FPS: 3.01854
2020/03/09 15:43:51 865112	INFO [input.cpp->run:173]	
frame_id 46
2020/03/09 15:43:51 902720	WARNING [visualOdometry.cpp->trackingFrame2Frame:179]	The Estimated Rotation and translation matrices(using getTransformation function) are : 
    0.999976  -0.00691591  0.000970662    0.0577999
  0.00692144      0.99996  -0.00568742   0.00493024
-0.000931233   0.00569391     0.999984    0.0294383
           0            0            0            1
2020/03/09 15:43:51 904268	INFO [input.cpp->run:235]	rotation: 
[0.9999761581420898, -0.00691591203212738, 0.0009706616401672363;
 0.006921440362930298, 0.9999601244926453, -0.005687423050403595;
 -0.0009312331676483154, 0.005693905055522919, 0.9999837279319763]
2020/03/09 15:43:51 904316	INFO [input.cpp->run:256]	frame times (ms): 318.649
2020/03/09 15:43:51 904320	INFO [input.cpp->run:257]	FPS: 3.13825
2020/03/09 15:43:51 994911	INFO [input.cpp->run:173]	
frame_id 47
2020/03/09 15:43:52 034925	WARNING [visualOdometry.cpp->trackingFrame2Frame:179]	The Estimated Rotation and translation matrices(using getTransformation function) are : 
    0.999992  -0.00404392   0.00011906    0.0566741
