		g3log created log at: Mon Mar 09 12:58:50 2020
		LOG format: [YYYY/MM/DD hh:mm:ss uuu* LEVEL FILE->FUNCTION:LINE] message		(uuu*: microseconds fractions of the seconds value)

2020/03/09 12:58:50 974021	INFO [g3logger.h->logBanner:29]	Starting log.
2020/03/09 12:58:50 980509	DEBUG [main.cpp->main:48]	Filepath: /home/mitchell/KITTI/data_odometry_gray/dataset/sequences/00/
2020/03/09 12:58:50 980517	DEBUG [main.cpp->main:52]	Calibration Filepath: /home/mitchell/visual_odom_catkin_ws/tank_downsized.yaml
2020/03/09 12:58:50 980642	INFO [main.cpp->main:66]	P_left: 
[409.41, 0, 251.22, 0;
 0, 408.72, 191.78999, 0;
 0, 0, 1, 0]
2020/03/09 12:58:50 980658	INFO [main.cpp->main:67]	P_right: 
[409.41, 0, 251.22, -73.940002;
 0, 408.72, 191.78999, 0;
 0, 0, 1, 0]
2020/03/09 12:58:51 107259	INFO [input.cpp->Input:22]	frame_pose [1, 0, 0, 0;
 0, 1, 0, 0;
 0, 0, 1, 0;
 0, 0, 0, 1]
2020/03/09 12:58:51 460161	INFO [input.cpp->run:173]	
frame_id 1
2020/03/09 12:58:51 536975	INFO [input.cpp->run:235]	rotation: 
[-0.9428556707105025, -0.06279136755047758, -0.3272314599334686;
 -0.06104973572194464, -0.932903142098229, 0.3549150000092025;
 -0.3275608553800792, 0.354611014527739, 0.8757596213563845]
2020/03/09 12:58:51 537061	INFO [input.cpp->run:256]	frame times (ms): 124.87
2020/03/09 12:58:51 537068	INFO [input.cpp->run:257]	FPS: 8.00833
2020/03/09 12:58:51 545515	INFO [input.cpp->run:173]	
frame_id 2
2020/03/09 12:58:51 589401	INFO [input.cpp->run:235]	rotation: 
[-0.7953826702117696, -0.1280270453194447, -0.592431838774359;
 -0.1072379445875327, -0.9322910218674068, 0.3454467741723286;
 -0.5965454141701505, 0.3382935503556037, 0.7277987651956846]
2020/03/09 12:58:51 589461	INFO [input.cpp->run:256]	frame times (ms): 95.01
2020/03/09 12:58:51 589466	INFO [input.cpp->run:257]	FPS: 10.5252
2020/03/09 12:58:51 594475	INFO [input.cpp->run:173]	
frame_id 3
2020/03/09 12:58:51 641322	INFO [input.cpp->run:235]	rotation: 
[-0.816243339853081, -0.1092002633074789, -0.5672936740693175;
 -0.102187682824656, -0.9391971500328576, 0.3278206687338145;
 -0.5685987052609383, 0.3255518635543885, 0.7554544966520814]
2020/03/09 12:58:51 641392	INFO [input.cpp->run:256]	frame times (ms): 145.107
2020/03/09 12:58:51 641401	INFO [input.cpp->run:257]	FPS: 6.89147
2020/03/09 12:58:51 653556	INFO [input.cpp->run:173]	
frame_id 4
2020/03/09 12:58:51 690306	INFO [input.cpp->run:235]	rotation: 
[-0.8729502753593766, -0.07028921304446208, -0.4827185963680898;
 -0.06566280451467597, -0.9636267303176616, 0.2590596856335624;
 -0.4833696441164422, 0.2578428807372485, 0.8365828327188296]
2020/03/09 12:58:51 690365	INFO [input.cpp->run:256]	frame times (ms): 85.884
2020/03/09 12:58:51 690370	INFO [input.cpp->run:257]	FPS: 11.6436
2020/03/09 12:58:51 720003	INFO [input.cpp->run:173]	
frame_id 5
2020/03/09 12:58:51 747183	INFO [input.cpp->run:235]	rotation: 
[-0.7679569419301331, -0.1563626111314023, -0.621122265887714;
 -0.1468188185307183, -0.900948288056264, 0.408333707613921;
 -0.6234471668606429, 0.4047751426269368, 0.6689325183041868]
2020/03/09 12:58:51 747234	INFO [input.cpp->run:256]	frame times (ms): 76.302
2020/03/09 12:58:51 747236	INFO [input.cpp->run:257]	FPS: 13.1058
2020/03/09 12:58:51 786428	INFO [input.cpp->run:173]	
frame_id 6
2020/03/09 12:58:51 826021	INFO [input.cpp->run:235]	rotation: 
[-0.7756545445709809, -0.1433788611205927, -0.6146564322205911;
 -0.1358623008596929, -0.9130960339774823, 0.3844438423745434;
 -0.6163614708038575, 0.3817042505898438, 0.6887673064178871]
2020/03/09 12:58:51 826079	INFO [input.cpp->run:256]	frame times (ms): 91.231
2020/03/09 12:58:51 826083	INFO [input.cpp->run:257]	FPS: 10.9612
2020/03/09 12:58:51 852594	INFO [input.cpp->run:173]	
frame_id 7
2020/03/09 12:58:51 888894	INFO [input.cpp->run:235]	rotation: 
[-0.9693348319495767, -0.008112458797693491, -0.2456097953696914;
 -0.005526285325449133, -0.9984826047476464, 0.05479003729563472;
 -0.2456815901523508, 0.05446720140241321, 0.9678191361156286]
2020/03/09 12:58:51 888951	INFO [input.cpp->run:256]	frame times (ms): 84.058
2020/03/09 12:58:51 888958	INFO [input.cpp->run:257]	FPS: 11.8965
2020/03/09 12:58:51 919902	INFO [input.cpp->run:173]	
frame_id 8
2020/03/09 12:58:51 952802	INFO [input.cpp->run:235]	rotation: 
[-0.9310763407292871, -0.04116336453046025, -0.3624947243129103;
 -0.04373515598154613, -0.9738548092673187, 0.2229216153677883;
 -0.3621934343212618, 0.2234108052164146, 0.9049328860457677]
2020/03/09 12:58:51 952854	INFO [input.cpp->run:256]	frame times (ms): 80.666
2020/03/09 12:58:51 952859	INFO [input.cpp->run:257]	FPS: 12.3968
2020/03/09 12:58:51 993594	INFO [input.cpp->run:173]	
frame_id 9
2020/03/09 12:58:52 030972	INFO [input.cpp->run:235]	rotation: 
[-0.9997899060596726, -0.002393135896616993, 0.02035722578770222;
 0.001422874847123468, -0.9988681606455261, -0.04754338098824018;
 0.02044796245009728, -0.04750442662746134, 0.9986617096306619]
2020/03/09 12:58:52 031022	INFO [input.cpp->run:256]	frame times (ms): 89.318
2020/03/09 12:58:52 031026	INFO [input.cpp->run:257]	FPS: 11.196
2020/03/09 12:58:52 061224	INFO [input.cpp->run:173]	
frame_id 10
2020/03/09 12:58:52 098777	INFO [input.cpp->run:235]	rotation: 
[-0.7667564841642962, -0.1736244120661277, -0.6180121823448944;
 -0.1570501882397718, -0.8827362299573493, 0.4428453304422863;
 -0.622430504045118, 0.4366134581702413, 0.6495759815285378]
2020/03/09 12:58:52 098819	INFO [input.cpp->run:256]	frame times (ms): 86.93
2020/03/09 12:58:52 098823	INFO [input.cpp->run:257]	FPS: 11.5035
2020/03/09 12:58:52 120918	INFO [input.cpp->run:173]	
frame_id 11
2020/03/09 12:58:52 155934	INFO [input.cpp->run:235]	rotation: 
[-0.7745707463035451, -0.1676672386736126, -0.6098588820754643;
 -0.1574064531561504, -0.8827850992291794, 0.442621369890484;
 -0.6125874365962544, 0.4388372883592436, 0.6573876077854959]
2020/03/09 12:58:52 155985	INFO [input.cpp->run:256]	frame times (ms): 87.608
2020/03/09 12:58:52 155990	INFO [input.cpp->run:257]	FPS: 11.4145
2020/03/09 12:58:52 192404	INFO [input.cpp->run:173]	
frame_id 12
2020/03/09 12:58:52 225124	INFO [input.cpp->run:235]	rotation: 
[-0.9999874162895352, -0.003674918185046186, 0.003415002037043483;
 0.003606895830906411, -0.9997991184632911, -0.01971580641239853;
 0.003486770001704191, -0.01970324075778911, 0.9997997923277417]
2020/03/09 12:58:52 225173	INFO [input.cpp->run:256]	frame times (ms): 83.23
2020/03/09 12:58:52 225177	INFO [input.cpp->run:257]	FPS: 12.0149
2020/03/09 12:58:52 257071	INFO [input.cpp->run:173]	
frame_id 13
2020/03/09 12:58:52 293686	INFO [input.cpp->run:235]	rotation: 
[-0.9125903943759991, -0.04478708730129666, -0.4064146760437232;
 -0.04415281094426958, -0.9773756875295532, 0.2068508997124569;
 -0.4064840727241081, 0.2067144945019563, 0.8899661883377492]
2020/03/09 12:58:52 293739	INFO [input.cpp->run:256]	frame times (ms): 84.974
2020/03/09 12:58:52 293746	INFO [input.cpp->run:257]	FPS: 11.7683
2020/03/09 12:58:52 320003	INFO [input.cpp->run:173]	
frame_id 14
2020/03/09 12:58:52 354932	INFO [input.cpp->run:235]	rotation: 
[-0.7735847540813825, -0.1592637656424348, -0.6133528195143793;
 -0.1472545006411523, -0.8962283178722209, 0.4184386625120272;
 -0.6163462827776055, 0.414016732991942, 0.6698562566020476]
2020/03/09 12:58:52 354988	INFO [input.cpp->run:256]	frame times (ms): 84.697
2020/03/09 12:58:52 354994	INFO [input.cpp->run:257]	FPS: 11.8068
2020/03/09 12:58:52 386677	INFO [input.cpp->run:173]	
frame_id 15
2020/03/09 12:58:52 417905	INFO [input.cpp->run:235]	rotation: 
[-0.7596882775511999, -0.1559058191275738, -0.6313217060369866;
 -0.1419418627758522, -0.9076697778219542, 0.3949532656155224;
 -0.6346071450456671, 0.3896523450343966, 0.6674165277142778]
2020/03/09 12:58:52 417949	INFO [input.cpp->run:256]	frame times (ms): 79.036
2020/03/09 12:58:52 417952	INFO [input.cpp->run:257]	FPS: 12.6525
2020/03/09 12:58:52 458703	INFO [input.cpp->run:173]	
frame_id 16
2020/03/09 12:58:52 495625	INFO [input.cpp->run:235]	rotation: 
[-0.7773857391902921, -0.1655309438479965, -0.6068532929237135;
 -0.153545880693565, -0.8856327489716139, 0.4382673801128938;
 -0.6099959631223805, 0.4338826345658162, 0.6630616746552506]
2020/03/09 12:58:52 495668	INFO [input.cpp->run:256]	frame times (ms): 84.997
2020/03/09 12:58:52 495678	INFO [input.cpp->run:257]	FPS: 11.7651
2020/03/09 12:58:52 524354	INFO [input.cpp->run:173]	
frame_id 17
2020/03/09 12:58:52 561365	INFO [input.cpp->run:235]	rotation: 
[-0.8735387090920504, -0.06338288570298686, -0.4826103329993632;
 -0.07388653284579111, -0.9627302366003231, 0.260175463484768;
 -0.4811142317390142, 0.2629317427307857, 0.8362989864173758]
2020/03/09 12:58:52 561414	INFO [input.cpp->run:256]	frame times (ms): 86.096
2020/03/09 12:58:52 561417	INFO [input.cpp->run:257]	FPS: 11.6149
2020/03/09 12:58:52 586534	INFO [input.cpp->run:173]	
frame_id 18
2020/03/09 12:58:52 620425	INFO [input.cpp->run:235]	rotation: 
[-0.985572696658492, -0.06180084934361409, -0.1575662229721713;
 -0.02544309675436073, -0.8662757355091323, 0.4989178277989874;
 -0.167329341207262, 0.4957287616111453, 0.8522053077062024]
2020/03/09 12:58:52 620459	INFO [input.cpp->run:256]	frame times (ms): 84.4
2020/03/09 12:58:52 620462	INFO [input.cpp->run:257]	FPS: 11.8483
2020/03/09 12:58:52 653456	INFO [input.cpp->run:173]	
frame_id 19
2020/03/09 12:58:52 688128	INFO [input.cpp->run:235]	rotation: 
[-0.7833817565756951, -0.1428224969932752, -0.6049088838965619;
 -0.130022335324122, -0.9140498233918674, 0.3841967109101244;
 -0.6077887920826115, 0.3796243600059169, 0.6974798416505368]
2020/03/09 12:58:52 688158	INFO [input.cpp->run:256]	frame times (ms): 87.813
2020/03/09 12:58:52 688160	INFO [input.cpp->run:257]	FPS: 11.3878
2020/03/09 12:58:52 720445	INFO [input.cpp->run:173]	
frame_id 20
2020/03/09 12:58:52 758819	INFO [input.cpp->run:235]	rotation: 
[-0.9394489479823095, -0.01099601104196713, -0.342512425871087;
 -0.01971355365318064, -0.9960958247292971, 0.08604931004502285;
 -0.3421213964915014, 0.08759107088069103, 0.9355644041778624]
2020/03/09 12:58:52 758856	INFO [input.cpp->run:256]	frame times (ms): 87.731
2020/03/09 12:58:52 758859	INFO [input.cpp->run:257]	FPS: 11.3985
2020/03/09 12:58:52 786634	INFO [input.cpp->run:173]	
frame_id 21
2020/03/09 12:58:52 823128	INFO [input.cpp->run:235]	rotation: 
[-0.8140038428117489, -0.1260505162616636, -0.5670176463196483;
 -0.1237674160586534, -0.916114110423533, 0.3813352375601591;
 -0.5675203702157923, 0.380586657718143, 0.7301194596482569]
2020/03/09 12:58:52 823165	INFO [input.cpp->run:256]	frame times (ms): 86.403
2020/03/09 12:58:52 823168	INFO [input.cpp->run:257]	FPS: 11.5737
2020/03/09 12:58:52 853470	INFO [input.cpp->run:173]	
frame_id 22
2020/03/09 12:58:52 886558	INFO [input.cpp->run:235]	rotation: 
[-0.9946474344198426, -0.01644261410098817, -0.1020103996833211;
 -0.005007416691831375, -0.9784268319518197, 0.2065329520798073;
 -0.1032056538184769, 0.2059382794874513, 0.9731074031481052]
2020/03/09 12:58:52 886593	INFO [input.cpp->run:256]	frame times (ms): 81.644
2020/03/09 12:58:52 886597	INFO [input.cpp->run:257]	FPS: 12.2483
2020/03/09 12:58:52 919894	INFO [input.cpp->run:173]	
frame_id 23
2020/03/09 12:58:52 952942	INFO [input.cpp->run:235]	rotation: 
[-0.9243089467817616, -0.01988300396990093, -0.3811267991788606;
 -0.02091729357797393, -0.994501630400811, 0.1026107887090911;
 -0.3810714338920769, 0.1028162111890036, 0.9188108559372679]
2020/03/09 12:58:52 952975	INFO [input.cpp->run:256]	frame times (ms): 83.531
2020/03/09 12:58:52 952979	INFO [input.cpp->run:257]	FPS: 11.9716
2020/03/09 12:58:52 986675	INFO [input.cpp->run:173]	
frame_id 24
2020/03/09 12:58:53 023212	INFO [input.cpp->run:235]	rotation: 
[-0.9103180877187516, -0.02401108049685608, -0.4132123512014723;
 -0.02622396077350452, -0.9929645562197332, 0.1154716154416227;
 -0.4130778171887533, 0.115951964643648, 0.903283930357367]
2020/03/09 12:58:53 023251	INFO [input.cpp->run:256]	frame times (ms): 86.818
2020/03/09 12:58:53 023257	INFO [input.cpp->run:257]	FPS: 11.5183
2020/03/09 12:58:53 052984	INFO [input.cpp->run:173]	
frame_id 25
2020/03/09 12:58:53 085870	INFO [input.cpp->run:235]	rotation: 
[-0.7626646412133666, -0.05649331892627769, -0.6443222407767565;
 -0.04757701633547821, -0.9885795285559111, 0.142992808339392;
 -0.6450419153508556, 0.1397104886430018, 0.7512668678995722]
2020/03/09 12:58:53 085904	INFO [input.cpp->run:256]	frame times (ms): 88.738
2020/03/09 12:58:53 085908	INFO [input.cpp->run:257]	FPS: 11.2691
2020/03/09 12:58:53 119586	INFO [input.cpp->run:173]	
frame_id 26
2020/03/09 12:58:53 152816	INFO [input.cpp->run:235]	rotation: 
[-0.9972037509826552, 0.0008007205771075401, -0.0747264201784079;
 -0.003401868075079568, -0.9993923950509395, 0.03468815371199069;
 -0.07465324051722287, 0.03484536641942994, 0.9966005689941052]
2020/03/09 12:58:53 152850	INFO [input.cpp->run:256]	frame times (ms): 87.267
2020/03/09 12:58:53 152858	INFO [input.cpp->run:257]	FPS: 11.4591
2020/03/09 12:58:53 186296	INFO [input.cpp->run:173]	
frame_id 27
2020/03/09 12:58:53 219347	INFO [input.cpp->run:235]	rotation: 
[-0.9957728522816343, -0.002785805746973679, -0.09180776625775577;
 -0.0005383048361069793, -0.9993457723143425, 0.03616265456729725;
 -0.09184844520623098, 0.03605921024912178, 0.9951198905003396]
2020/03/09 12:58:53 219403	INFO [input.cpp->run:256]	frame times (ms): 84.824
2020/03/09 12:58:53 219407	INFO [input.cpp->run:257]	FPS: 11.7891
2020/03/09 12:58:53 252950	INFO [input.cpp->run:173]	
frame_id 28
2020/03/09 12:58:53 286392	INFO [input.cpp->run:235]	rotation: 
[-0.996169642450087, 0.00667898820633678, 0.08718620634828303;
 -0.01780644549797259, -0.9916808201775591, -0.1274836514643798;
 0.08560942681500389, -0.1285478199290185, 0.9880012571003653]
2020/03/09 12:58:53 286440	INFO [input.cpp->run:256]	frame times (ms): 90.687
2020/03/09 12:58:53 286444	INFO [input.cpp->run:257]	FPS: 11.0269
2020/03/09 12:58:53 320580	INFO [input.cpp->run:173]	
frame_id 29
2020/03/09 12:58:53 358996	INFO [input.cpp->run:235]	rotation: 
[-0.99835010363993, 0.01836951014979531, 0.0544024968084879;
 -0.0140385159501402, -0.9967798310716574, 0.07894864431183023;
 0.05567755950163969, 0.07805465691177428, 0.9953931283178155]
2020/03/09 12:58:53 359033	INFO [input.cpp->run:256]	frame times (ms): 93.406
2020/03/09 12:58:53 359038	INFO [input.cpp->run:257]	FPS: 10.706
2020/03/09 12:58:53 387581	INFO [input.cpp->run:173]	
frame_id 30
2020/03/09 12:58:53 421941	INFO [input.cpp->run:235]	rotation: 
[-0.995466513252511, -0.001611036219924995, 0.09509903025365961;
 -0.01363515727039836, -0.9871117105576785, -0.159450786658785;
 0.0941302474186692, -0.1600246088643617, 0.9826146859673466]
2020/03/09 12:58:53 421977	INFO [input.cpp->run:256]	frame times (ms): 82.753
2020/03/09 12:58:53 421981	INFO [input.cpp->run:257]	FPS: 12.0842
2020/03/09 12:58:53 453604	INFO [input.cpp->run:173]	
frame_id 31
2020/03/09 12:58:53 487722	INFO [input.cpp->run:235]	rotation: 
[-0.8546697565387836, -0.05564124642038819, -0.5161818080431759;
 -0.05867867663331004, -0.9775169133529757, 0.2025277685094919;
 -0.5158453452019316, 0.2033832240025134, 0.8321891876417552]
2020/03/09 12:58:53 487764	INFO [input.cpp->run:256]	frame times (ms): 92.218
2020/03/09 12:58:53 487768	INFO [input.cpp->run:257]	FPS: 10.8439
2020/03/09 12:58:53 519881	INFO [input.cpp->run:173]	
frame_id 32
2020/03/09 12:58:53 554165	INFO [input.cpp->run:235]	rotation: 
[-0.9951428045255193, -0.00105889485871243, -0.09843615871600404;
 -0.003374100232342265, -0.9989877275497444, 0.04485683507136524;
 -0.09838401317646202, 0.04497109012105163, 0.994131876063039]
2020/03/09 12:58:53 554218	INFO [input.cpp->run:256]	frame times (ms): 84.751
2020/03/09 12:58:53 554222	INFO [input.cpp->run:257]	FPS: 11.7993
2020/03/09 12:58:53 587007	INFO [input.cpp->run:173]	
frame_id 33
2020/03/09 12:58:53 626575	INFO [input.cpp->run:235]	rotation: 
[-0.9999799501244735, -0.004369057613609372, -0.004583741334822518;
 0.004024931284050711, -0.9973550569750982, 0.07257196603618571;
 -0.004888688700896023, 0.07255206173340345, 0.9973526452870212]
2020/03/09 12:58:53 626611	INFO [input.cpp->run:256]	frame times (ms): 92.045
2020/03/09 12:58:53 626614	INFO [input.cpp->run:257]	FPS: 10.8643
2020/03/09 12:58:53 653711	INFO [input.cpp->run:173]	
frame_id 34
2020/03/09 12:58:53 691769	INFO [input.cpp->run:235]	rotation: 
[-0.9997395584170233, 0.002440627015984833, -0.02269049748031033;
 -0.00280647166341349, -0.9998663607249499, 0.01610541546954853;
 -0.0226481578265779, 0.0161649011878564, 0.9996128034977586]
2020/03/09 12:58:53 691822	INFO [input.cpp->run:256]	frame times (ms): 86.134
2020/03/09 12:58:53 691826	INFO [input.cpp->run:257]	FPS: 11.6098
2020/03/09 12:58:53 719949	INFO [input.cpp->run:173]	
frame_id 35
2020/03/09 12:58:53 759304	INFO [input.cpp->run:235]	rotation: 
[-0.9995427470539449, 0.004768582240266961, -0.02985895904534034;
 -0.005382863134096598, -0.9997748229647866, 0.02052627950236731;
 -0.02975435424157421, 0.02067762049046096, 0.9993433416071379]
2020/03/09 12:58:53 759355	INFO [input.cpp->run:256]	frame times (ms): 90.884
2020/03/09 12:58:53 759359	INFO [input.cpp->run:257]	FPS: 11.003
2020/03/09 12:58:53 786784	INFO [input.cpp->run:173]	
frame_id 36
2020/03/09 12:58:53 821571	INFO [input.cpp->run:235]	rotation: 
[-0.8580113430539693, -0.09483900523133433, -0.5047990672311654;
 -0.08591620654803413, -0.9424579576518259, 0.3230965854216733;
 -0.5063940566822632, 0.3205909561192892, 0.8004914104544787]
2020/03/09 12:58:53 821620	INFO [input.cpp->run:256]	frame times (ms): 88.72
2020/03/09 12:58:53 821624	INFO [input.cpp->run:257]	FPS: 11.2714
2020/03/09 12:58:53 853341	INFO [input.cpp->run:173]	
frame_id 37
2020/03/09 12:58:53 889845	INFO [input.cpp->run:235]	rotation: 
[-0.9983830946652531, 0.0009457555988741431, 0.05683574432502366;
 -0.002128319560383056, -0.9997824350521446, -0.02074976667466641;
 0.05680375465126537, -0.02083718089261126, 0.9981678943694623]
2020/03/09 12:58:53 889890	INFO [input.cpp->run:256]	frame times (ms): 89.968
2020/03/09 12:58:53 889894	INFO [input.cpp->run:257]	FPS: 11.1151
2020/03/09 12:58:53 920204	INFO [input.cpp->run:173]	
frame_id 38
2020/03/09 12:58:53 957949	INFO [input.cpp->run:235]	rotation: 
[-0.9472007717117304, -0.008189936695807989, -0.3205364612733175;
 -0.008147512289610231, -0.9987361922796594, 0.04959472022522032;
 -0.3205375424380005, 0.04958773202764858, 0.9459369644538489]
2020/03/09 12:58:53 958000	INFO [input.cpp->run:256]	frame times (ms): 90.411
2020/03/09 12:58:53 958003	INFO [input.cpp->run:257]	FPS: 11.0606
2020/03/09 12:58:53 987094	INFO [input.cpp->run:173]	
frame_id 39
2020/03/09 12:58:54 022129	INFO [input.cpp->run:235]	rotation: 
[-0.9993317877472628, 0.002951057877781002, -0.03643170673001139;
 -0.004133506078226208, -0.9994656551992084, 0.03242403745245646;
 -0.03631655442578272, 0.03255296199455617, 0.99880999821789]
2020/03/09 12:58:54 022159	INFO [input.cpp->run:256]	frame times (ms): 88.248
2020/03/09 12:58:54 022164	INFO [input.cpp->run:257]	FPS: 11.3317
2020/03/09 12:58:54 053673	INFO [input.cpp->run:173]	
frame_id 40
2020/03/09 12:58:54 089737	INFO [input.cpp->run:235]	rotation: 
[-0.6883495350393247, -0.09189357253144659, -0.7195349115495043;
 -0.08170973185865366, -0.9758070022673864, 0.2027910600729824;
 -0.7207624000533964, 0.1983841365970193, 0.664187697127794]
2020/03/09 12:58:54 089786	INFO [input.cpp->run:256]	frame times (ms): 85.28
2020/03/09 12:58:54 089791	INFO [input.cpp->run:257]	FPS: 11.7261
2020/03/09 12:58:54 120419	INFO [input.cpp->run:173]	
frame_id 41
2020/03/09 12:58:54 158122	INFO [input.cpp->run:235]	rotation: 
[-0.6882783508251644, -0.100106094732682, -0.7185065633539912;
 -0.0899619197174886, -0.9710102113587493, 0.2214633659045691;
 -0.719847042632069, 0.2170666700219271, 0.6593195704508216]
2020/03/09 12:58:54 158172	INFO [input.cpp->run:256]	frame times (ms): 92.78
2020/03/09 12:58:54 158177	INFO [input.cpp->run:257]	FPS: 10.7782
2020/03/09 12:58:54 187346	INFO [input.cpp->run:173]	
frame_id 42
2020/03/09 12:58:54 226309	INFO [input.cpp->run:235]	rotation: 
[-0.9279606890024318, -0.02246214261183811, -0.3720005535149343;
 -0.02489271143001756, -0.9922170001661511, 0.1220072846142633;
 -0.3718458182954246, 0.1224780663244216, 0.9201792274799711]
2020/03/09 12:58:54 226357	INFO [input.cpp->run:256]	frame times (ms): 94.35
2020/03/09 12:58:54 226360	INFO [input.cpp->run:257]	FPS: 10.5988
2020/03/09 12:58:54 253541	INFO [input.cpp->run:173]	
frame_id 43
2020/03/09 12:58:54 290311	INFO [input.cpp->run:235]	rotation: 
[-0.9260658543527992, -0.01435035278399047, -0.3770889825714814;
 -0.0168822120610593, -0.9967006767169854, 0.07938987308107281;
 -0.3769841167977047, 0.07988634681144485, 0.9227681980190781]
2020/03/09 12:58:54 290347	INFO [input.cpp->run:256]	frame times (ms): 86.937
2020/03/09 12:58:54 290349	INFO [input.cpp->run:257]	FPS: 11.5026
2020/03/09 12:58:54 320637	INFO [input.cpp->run:173]	
frame_id 44
2020/03/09 12:58:54 358633	INFO [input.cpp->run:235]	rotation: 
[-0.9531441368133668, 0.002331348526039161, -0.3025075524220046;
 -0.005101136017412739, -0.9999519902237449, 0.008366340831172879;
 -0.3024735242457323, 0.00951746088101396, 0.953110269102555]
2020/03/09 12:58:54 358663	INFO [input.cpp->run:256]	frame times (ms): 89.068
2020/03/09 12:58:54 358666	INFO [input.cpp->run:257]	FPS: 11.2274
2020/03/09 12:58:54 387437	INFO [input.cpp->run:173]	
frame_id 45
2020/03/09 12:58:54 424459	INFO [input.cpp->run:235]	rotation: 
[-0.9989565492929954, 0.002906111324097782, -0.04557814324435889;
 -0.004288321254463343, -0.9995329299757737, 0.03025776255547589;
 -0.04546892263348522, 0.03042164379215876, 0.9985024289722748]
2020/03/09 12:58:54 424502	INFO [input.cpp->run:256]	frame times (ms): 90.157
2020/03/09 12:58:54 424505	INFO [input.cpp->run:257]	FPS: 11.0918
2020/03/09 12:58:54 453230	INFO [input.cpp->run:173]	
frame_id 46
2020/03/09 12:58:54 489892	INFO [input.cpp->run:235]	rotation: 
[-0.8000370475940376, -0.08830013677261794, -0.5934170610312385;
 -0.1027407337061221, -0.9543342828910768, 0.2805181244345931;
 -0.5910880341493502, 0.2853929963133487, 0.7544307612635806]
2020/03/09 12:58:54 489942	INFO [input.cpp->run:256]	frame times (ms): 90.789
2020/03/09 12:58:54 489947	INFO [input.cpp->run:257]	FPS: 11.0146
2020/03/09 12:58:54 520897	INFO [input.cpp->run:173]	
frame_id 47
2020/03/09 12:58:54 557909	INFO [input.cpp->run:235]	rotation: 
[-0.8878846713908629, -0.03108716640361553, -0.4590145949685406;
 -0.0333312928020959, -0.9907459950068083, 0.1315727870728229;
 -0.4588570967406741, 0.1321210106794652, 0.8786320067626465]
2020/03/09 12:58:54 557957	INFO [input.cpp->run:256]	frame times (ms): 92.111
2020/03/09 12:58:54 557963	INFO [input.cpp->run:257]	FPS: 10.8565
2020/03/09 12:58:54 587384	INFO [input.cpp->run:173]	
frame_id 48
2020/03/09 12:58:54 628946	INFO [input.cpp->run:235]	rotation: 
[-0.9988900703403779, 0.003458917079167768, -0.04697513457175331;
 -0.005085016475279124, -0.9993903480683568, 0.03454091480049004;
 -0.04682702193008895, 0.03474144614790832, 0.9982986837298296]
2020/03/09 12:58:54 629001	INFO [input.cpp->run:256]	frame times (ms): 97.483
2020/03/09 12:58:54 629005	INFO [input.cpp->run:257]	FPS: 10.2582
2020/03/09 12:58:54 653595	INFO [input.cpp->run:173]	
frame_id 49
2020/03/09 12:58:54 692493	INFO [input.cpp->run:235]	rotation: 
[-0.8560589234617194, -0.07019712514184039, -0.5120893312532325;
 -0.05751675957258666, -0.9716446612229163, 0.2293435734553587;
 -0.5136681243077396, 0.225785331540437, 0.8277475715043467]
2020/03/09 12:58:54 692561	INFO [input.cpp->run:256]	frame times (ms): 87.958
2020/03/09 12:58:54 692566	INFO [input.cpp->run:257]	FPS: 11.3691
2020/03/09 12:58:54 720586	INFO [input.cpp->run:173]	
frame_id 50
2020/03/09 12:58:54 759167	INFO [input.cpp->run:235]	rotation: 
[-0.9217993596669087, 0.02104471494147064, -0.3870956735623758;
 0.01499772502886121, -0.9958420167199589, -0.08985402594811151;
 -0.3873770885863486, -0.08863293805441333, 0.9176509104938582]
2020/03/09 12:58:54 759236	INFO [input.cpp->run:256]	frame times (ms): 89.011
2020/03/09 12:58:54 759240	INFO [input.cpp->run:257]	FPS: 11.2346
2020/03/09 12:58:54 786840	INFO [input.cpp->run:173]	
frame_id 51
2020/03/09 12:58:54 826463	INFO [input.cpp->run:235]	rotation: 
[-0.9995893839695464, 0.001688649909640209, 0.0286044038019556;
 -0.001871001401145778, -0.9999780921251169, -0.006349379778220809;
 0.02859305526066724, -0.006400291500692833, 0.9995706445567348]
2020/03/09 12:58:54 826522	INFO [input.cpp->run:256]	frame times (ms): 89.33
2020/03/09 12:58:54 826527	INFO [input.cpp->run:257]	FPS: 11.1944
2020/03/09 12:58:54 853138	INFO [input.cpp->run:173]	
frame_id 52
2020/03/09 12:58:54 893857	INFO [input.cpp->run:235]	rotation: 
[-0.9969717911504508, -0.001289226779115955, -0.07775336355794532;
 -0.002972530183967077, -0.9985000207464486, 0.05467058289104999;
 -0.07770721790520757, 0.05473615316821025, 0.9954725218818345]
2020/03/09 12:58:54 893912	INFO [input.cpp->run:256]	frame times (ms): 93.044
2020/03/09 12:58:54 893918	INFO [input.cpp->run:257]	FPS: 10.7476
2020/03/09 12:58:54 919921	INFO [input.cpp->run:173]	
frame_id 53
2020/03/09 12:58:54 957680	INFO [input.cpp->run:235]	rotation: 
[-0.9991839161297513, -0.001236078362724317, 0.04037293471987446;
 0.0004835933168377721, -0.9998260908648067, -0.01864280460401032;
 0.04038895746510362, -0.01860806643046513, 0.9990107466782338]
2020/03/09 12:58:54 957733	INFO [input.cpp->run:256]	frame times (ms): 86.43
2020/03/09 12:58:54 957737	INFO [input.cpp->run:257]	FPS: 11.5701
2020/03/09 12:58:54 986805	INFO [input.cpp->run:173]	
frame_id 54
2020/03/09 12:58:55 023008	INFO [input.cpp->run:235]	rotation: 
[-0.9840507023141488, -0.0159954993845334, 0.1771676022145972;
 -0.03079293789329611, -0.9655970797351557, -0.258213234716656;
 0.1752027689590834, -0.2595504259414319, 0.9497039360467509]
2020/03/09 12:58:55 023065	INFO [input.cpp->run:256]	frame times (ms): 87.843
2020/03/09 12:58:55 023069	INFO [input.cpp->run:257]	FPS: 11.3839
2020/03/09 12:58:55 053024	INFO [input.cpp->run:173]	
frame_id 55
2020/03/09 12:58:55 086310	INFO [input.cpp->run:235]	rotation: 
[-0.9457089974562163, -0.1061890280159026, -0.3071780956699161;
 -0.0850425603492878, -0.8313458854137983, 0.5492101435104649;
 -0.3136913372402814, 0.5455161859510546, 0.7771806970105588]
2020/03/09 12:58:55 086343	INFO [input.cpp->run:256]	frame times (ms): 86.731
2020/03/09 12:58:55 086345	INFO [input.cpp->run:257]	FPS: 11.5299
2020/03/09 12:58:55 120320	INFO [input.cpp->run:173]	
frame_id 56
2020/03/09 12:58:55 154409	INFO [input.cpp->run:235]	rotation: 
[-0.9980267654781777, 0.001154348806933596, 0.06277931879208561;
 -0.002417813429592195, -0.9997959899143072, -0.02005324735523784;
 0.06274336273571944, -0.020165466275358, 0.9978259489522767]
2020/03/09 12:58:55 154462	INFO [input.cpp->run:256]	frame times (ms): 86.291
2020/03/09 12:58:55 154469	INFO [input.cpp->run:257]	FPS: 11.5887
2020/03/09 12:58:55 186871	INFO [input.cpp->run:173]	
frame_id 57
2020/03/09 12:58:55 219739	INFO [input.cpp->run:235]	rotation: 
[-0.933075710129461, -0.06111559056753406, -0.3544497196443856;
 -0.07167464506301895, -0.9341002459425453, 0.3497420131828126;
 -0.3524662599760327, 0.351740835160858, 0.8672058120532]
2020/03/09 12:58:55 219786	INFO [input.cpp->run:256]	frame times (ms): 83.961
2020/03/09 12:58:55 219791	INFO [input.cpp->run:257]	FPS: 11.9103
2020/03/09 12:58:55 255437	INFO [input.cpp->run:173]	
frame_id 58
2020/03/09 12:58:55 289328	INFO [input.cpp->run:235]	rotation: 
[-0.8480587604973578, 0.2692458482003537, -0.4564022479902538;
 0.1287804311992396, -0.7307523511479566, -0.6703854129020644;
 -0.5140155049060514, -0.6273019006177213, 0.5850473367152195]
2020/03/09 12:58:55 289376	INFO [input.cpp->run:256]	frame times (ms): 84.227
2020/03/09 12:58:55 289381	INFO [input.cpp->run:257]	FPS: 11.8727
2020/03/09 12:58:55 320278	INFO [input.cpp->run:173]	
frame_id 59
2020/03/09 12:58:55 354416	INFO [input.cpp->run:235]	rotation: 
[-0.499740130868096, 0.1065469561209837, -0.8595973172022419;
 0.0996746609038478, -0.9787390429277932, -0.1792619530812111;
 -0.8604212709909266, -0.1752644629984657, 0.4784951456767548]
2020/03/09 12:58:55 354461	INFO [input.cpp->run:256]	frame times (ms): 84.216
2020/03/09 12:58:55 354466	INFO [input.cpp->run:257]	FPS: 11.8742
2020/03/09 12:58:55 387874	INFO [input.cpp->run:173]	
frame_id 60
2020/03/09 12:58:55 420796	INFO [input.cpp->run:235]	rotation: 
[-0.6904216177435711, 0.179702412087334, -0.7007317838105703;
 0.2340778581810221, -0.8610467210007998, -0.4514488903111359;
 -0.6844892592741944, -0.4757158682908998, 0.5524209143348022]
2020/03/09 12:58:55 420832	INFO [input.cpp->run:256]	frame times (ms): 79.052
2020/03/09 12:58:55 420835	INFO [input.cpp->run:257]	FPS: 12.6499
2020/03/09 12:58:55 454145	INFO [input.cpp->run:173]	
frame_id 61
2020/03/09 12:58:55 494165	INFO [input.cpp->run:235]	rotation: 
[-0.8369012077765553, -0.08745450904589057, -0.5403221976466313;
 -0.09226117180867703, -0.9504894032779061, 0.2967452955531051;
 -0.5395222373532278, 0.2981972553595223, 0.7873970740975704]
2020/03/09 12:58:55 494215	INFO [input.cpp->run:256]	frame times (ms): 84.477
2020/03/09 12:58:55 494220	INFO [input.cpp->run:257]	FPS: 11.8375
2020/03/09 12:58:55 528310	INFO [input.cpp->run:173]	
frame_id 62
2020/03/09 12:58:55 565820	INFO [input.cpp->run:235]	rotation: 
[-0.9117504510859525, -0.07992308579877987, -0.4028938015171777;
 -0.07781616946882668, -0.929512230780608, 0.3604880810768322;
 -0.4033060360492525, 0.3600268228697117, 0.8412638873151405]
2020/03/09 12:58:55 565866	INFO [input.cpp->run:256]	frame times (ms): 87.456
2020/03/09 12:58:55 565871	INFO [input.cpp->run:257]	FPS: 11.4343
2020/03/09 12:58:55 586236	INFO [input.cpp->run:173]	
frame_id 63
2020/03/09 12:58:55 624653	INFO [input.cpp->run:235]	rotation: 
[-0.9465992654766987, -0.04679118627186538, -0.3189990838329258;
 -0.05455117373368598, -0.9519037843057266, 0.3015018322808566;
 -0.3177640634861841, 0.3028031874199942, 0.8985189088967682]
2020/03/09 12:58:55 624703	INFO [input.cpp->run:256]	frame times (ms): 86.412
2020/03/09 12:58:55 624707	INFO [input.cpp->run:257]	FPS: 11.5725
2020/03/09 12:58:55 659497	INFO [input.cpp->run:173]	
frame_id 64
2020/03/09 12:58:55 699438	INFO [input.cpp->run:235]	rotation: 
[-0.9999894425045174, 0.004577566768453181, 0.0004009513496791694;
 -0.004568690018702583, -0.9997918684824889, 0.01988332939441084;
 0.000491885166948376, 0.01988128765382131, 0.9998022266679589]
2020/03/09 12:58:55 699495	INFO [input.cpp->run:256]	frame times (ms): 95.986
2020/03/09 12:58:55 699500	INFO [input.cpp->run:257]	FPS: 10.4182
2020/03/09 12:58:55 720019	INFO [input.cpp->run:173]	
frame_id 65
2020/03/09 12:58:55 757069	INFO [input.cpp->run:235]	rotation: 
[-0.8650354828759679, -0.05818176146031805, -0.4983256926939607;
 -0.05991249585133946, -0.9741663294311425, 0.2177394209680877;
 -0.4981205739641802, 0.2182082611544062, 0.8392026266388628]
2020/03/09 12:58:55 757131	INFO [input.cpp->run:256]	frame times (ms): 88.681
2020/03/09 12:58:55 757138	INFO [input.cpp->run:257]	FPS: 11.2764
2020/03/09 12:58:55 788125	INFO [input.cpp->run:173]	
frame_id 66
2020/03/09 12:58:55 826329	INFO [input.cpp->run:235]	rotation: 
[-0.8131008957278242, -0.114728053970465, -0.5707051839599497;
 -0.1008025042336492, -0.9378260748528026, 0.332146215493133;
 -0.5733286915084881, 0.3275968970523617, 0.7509823463536467]
2020/03/09 12:58:55 826378	INFO [input.cpp->run:256]	frame times (ms): 90.537
2020/03/09 12:58:55 826383	INFO [input.cpp->run:257]	FPS: 11.0452
2020/03/09 12:58:55 854587	INFO [input.cpp->run:173]	
frame_id 67
2020/03/09 12:58:55 887187	INFO [input.cpp->run:235]	rotation: 
[-0.9863422351875151, -0.03727871089683115, 0.1604346994860129;
 -0.01194331673096513, -0.9552988239498007, -0.2954005994333653;
 0.1642752332847549, -0.2932822099514359, 0.9418063458350883]
2020/03/09 12:58:55 887249	INFO [input.cpp->run:256]	frame times (ms): 83.118
2020/03/09 12:58:55 887259	INFO [input.cpp->run:257]	FPS: 12.0311
2020/03/09 12:58:55 922426	INFO [input.cpp->run:173]	
frame_id 68
2020/03/09 12:58:55 956069	INFO [input.cpp->run:235]	rotation: 
[-0.9332531362425667, 0.1045186487444583, -0.3436778080674484;
 0.08789689808844264, -0.861209278761797, -0.5005923625875802;
 -0.3482997545216522, -0.4973876056348992, 0.7945393953486128]
2020/03/09 12:58:55 956120	INFO [input.cpp->run:256]	frame times (ms): 85.311
2020/03/09 12:58:55 956125	INFO [input.cpp->run:257]	FPS: 11.7218
2020/03/09 12:58:55 987263	INFO [input.cpp->run:173]	
frame_id 69
2020/03/09 12:58:56 021336	INFO [input.cpp->run:235]	rotation: 
[-0.9382445209861259, 0.05019084111870928, -0.3423128661141905;
 0.04406652287774653, -0.9640259550612686, -0.262129928717943;
 -0.3431550092902336, -0.2610265071520617, 0.9022803345762416]
2020/03/09 12:58:56 021386	INFO [input.cpp->run:256]	frame times (ms): 85.266
2020/03/09 12:58:56 021390	INFO [input.cpp->run:257]	FPS: 11.728
2020/03/09 12:58:56 053826	INFO [input.cpp->run:173]	
frame_id 70
2020/03/09 12:58:56 086908	INFO [input.cpp->run:235]	rotation: 
[-0.6088464575604779, 0.162781090665656, -0.7764073078209379;
 0.1554752926847505, -0.9352537602337697, -0.3180060334855074;
 -0.7779032230815401, -0.3143290003965493, 0.5441175011236612]
2020/03/09 12:58:56 086965	INFO [input.cpp->run:256]	frame times (ms): 80.316
2020/03/09 12:58:56 086970	INFO [input.cpp->run:257]	FPS: 12.4508
2020/03/09 12:58:56 120882	INFO [input.cpp->run:173]	
frame_id 71
2020/03/09 12:58:56 153968	INFO [input.cpp->run:235]	rotation: 
[-0.9044860368410792, -0.02293283522830818, -0.4258862456430227;
 -0.02327138926412689, -0.9944122398628632, 0.1029696054796799;
 -0.4258678804526532, 0.1030455349800014, 0.8988983068842936]
2020/03/09 12:58:56 154016	INFO [input.cpp->run:256]	frame times (ms): 81.456
2020/03/09 12:58:56 154021	INFO [input.cpp->run:257]	FPS: 12.2766
2020/03/09 12:58:56 187432	INFO [input.cpp->run:173]	
frame_id 72
2020/03/09 12:58:56 222283	INFO [input.cpp->run:235]	rotation: 
[-0.83060376018638, -0.1253428055908804, -0.5425740268855976;
 -0.07654956794484147, -0.9393885628593913, 0.3341994787794044;
 -0.5515773356581148, 0.3191211510626869, 0.7706647349741137]
2020/03/09 12:58:56 222336	INFO [input.cpp->run:256]	frame times (ms): 86.406
2020/03/09 12:58:56 222342	INFO [input.cpp->run:257]	FPS: 11.5733
2020/03/09 12:58:56 259825	INFO [input.cpp->run:173]	
frame_id 73
2020/03/09 12:58:56 299450	INFO [input.cpp->run:235]	rotation: 
[-0.7296390282456442, 0.0558448597616876, -0.6815484136134055;
 0.05627887857684363, -0.9883750199447353, -0.141235646263176;
 -0.6815127117573706, -0.1414078201070985, 0.7180141030130767]
2020/03/09 12:58:56 299511	INFO [input.cpp->run:256]	frame times (ms): 86.056
2020/03/09 12:58:56 299518	INFO [input.cpp->run:257]	FPS: 11.6203
2020/03/09 12:58:56 327149	INFO [input.cpp->run:173]	
frame_id 74
2020/03/09 12:58:56 364905	INFO [input.cpp->run:235]	rotation: 
[-0.7719441106255805, 0.1487803493301109, -0.6180345441184429;
 0.1509597006395737, -0.9015098616857182, -0.4055750708145257;
 -0.617505837100583, -0.4063795970968614, 0.6734553914032468]
2020/03/09 12:58:56 364934	INFO [input.cpp->run:256]	frame times (ms): 84.325
2020/03/09 12:58:56 364938	INFO [input.cpp->run:257]	FPS: 11.8589
2020/03/09 12:58:56 387503	INFO [input.cpp->run:173]	
frame_id 75
2020/03/09 12:58:56 421273	INFO [input.cpp->run:235]	rotation: 
[-0.8245701477748775, -0.07262248554724263, -0.5610793580158311;
 -0.08169400495154941, -0.9660502461319944, 0.2450979630745413;
 -0.5598304751918146, 0.2479372834836535, 0.7906433725171247]
2020/03/09 12:58:56 421304	INFO [input.cpp->run:256]	frame times (ms): 81.315
2020/03/09 12:58:56 421306	INFO [input.cpp->run:257]	FPS: 12.2979
2020/03/09 12:58:56 453950	INFO [input.cpp->run:173]	
frame_id 76
2020/03/09 12:58:56 487162	INFO [input.cpp->run:235]	rotation: 
[-0.8918086985525138, -0.08282605579199462, -0.4447663315360248;
 -0.08072399275949213, -0.9381904355954245, 0.3365744249794289;
 -0.4451526504234668, 0.3360633140335451, 0.8300003414347217]
2020/03/09 12:58:56 487188	INFO [input.cpp->run:256]	frame times (ms): 86.099
2020/03/09 12:58:56 487191	INFO [input.cpp->run:257]	FPS: 11.6145
2020/03/09 12:58:56 520594	INFO [input.cpp->run:173]	
frame_id 77
2020/03/09 12:58:56 558672	INFO [input.cpp->run:235]	rotation: 
[-0.710886581172405, 0.02685884887230303, -0.7027936190278511;
 0.0475404321517955, -0.9951498831266523, -0.08611978532155515;
 -0.7016980661365898, -0.09463251212065019, 0.7061618168875349]
2020/03/09 12:58:56 558697	INFO [input.cpp->run:256]	frame times (ms): 88.84
2020/03/09 12:58:56 558699	INFO [input.cpp->run:257]	FPS: 11.2562
2020/03/09 12:58:56 587587	INFO [input.cpp->run:173]	
frame_id 78
2020/03/09 12:58:56 620833	INFO [input.cpp->run:235]	rotation: 
[-0.9140565322836356, 0.1034552962589253, -0.3921704444059917;
 0.1067377044567169, -0.871478330957985, -0.4786779513597793;
 -0.3912898136125263, -0.4793980812922207, 0.7855378803192188]
2020/03/09 12:58:56 620857	INFO [input.cpp->run:256]	frame times (ms): 83.459
2020/03/09 12:58:56 620861	INFO [input.cpp->run:257]	FPS: 11.9819
2020/03/09 12:58:56 653617	INFO [input.cpp->run:173]	
frame_id 79
2020/03/09 12:58:56 691533	INFO [input.cpp->run:235]	rotation: 
[-0.8198859163485887, -0.1225681371120488, -0.5592531948394369;
 -0.1222424024981521, -0.916813533989821, 0.3801443658987662;
 -0.5593244847176949, 0.380039465921603, 0.7366994808857328]
2020/03/09 12:58:56 691586	INFO [input.cpp->run:256]	frame times (ms): 84.697
2020/03/09 12:58:56 691591	INFO [input.cpp->run:257]	FPS: 11.8068
2020/03/09 12:58:56 720764	INFO [input.cpp->run:173]	
frame_id 80
2020/03/09 12:58:56 754501	INFO [input.cpp->run:235]	rotation: 
[-0.9287468685735277, -0.08377587994636428, -0.3611244329231668;
 -0.08415390855518755, -0.9010554813737153, 0.4254610900673143;
 -0.3610365269467227, 0.4255356876051579, 0.829802388996714]
2020/03/09 12:58:56 754550	INFO [input.cpp->run:256]	frame times (ms): 82.635
2020/03/09 12:58:56 754556	INFO [input.cpp->run:257]	FPS: 12.1014
2020/03/09 12:58:56 787773	INFO [input.cpp->run:173]	
frame_id 81
2020/03/09 12:58:56 822360	INFO [input.cpp->run:235]	rotation: 
[-0.9463825870674217, -0.07121703978200412, -0.3151001938118451;
 -0.0644014567645093, -0.9142262956832118, 0.4000534122438674;
 -0.3165635027323632, 0.398896494752763, 0.8606213657653266]
2020/03/09 12:58:56 822419	INFO [input.cpp->run:256]	frame times (ms): 84.924
2020/03/09 12:58:56 822425	INFO [input.cpp->run:257]	FPS: 11.7752
2020/03/09 12:58:56 854076	INFO [input.cpp->run:173]	
frame_id 82
2020/03/09 12:58:56 894324	INFO [input.cpp->run:235]	rotation: 
[-0.9830827408326352, -0.03229516493483142, -0.1802923930697735;
 -0.03578515818537455, -0.9314978603325476, 0.3619822628935476;
 -0.1796322552623593, 0.3623103069438099, 0.9145837820296401]
2020/03/09 12:58:56 894379	INFO [input.cpp->run:256]	frame times (ms): 88.202
2020/03/09 12:58:56 894383	INFO [input.cpp->run:257]	FPS: 11.3376
2020/03/09 12:58:56 920902	INFO [input.cpp->run:173]	
frame_id 83
2020/03/09 12:58:56 954268	INFO [input.cpp->run:235]	rotation: 
[-0.8302593091831036, -0.08634497933886376, -0.5506487301880998;
 -0.1015664171135611, -0.9479506267065552, 0.3017844797887449;
 -0.548045383549127, 0.3064867923249229, 0.778275082281882]
2020/03/09 12:58:56 954315	INFO [input.cpp->run:256]	frame times (ms): 85.454
2020/03/09 12:58:56 954319	INFO [input.cpp->run:257]	FPS: 11.7022
2020/03/09 12:58:56 987665	INFO [input.cpp->run:173]	
frame_id 84
2020/03/09 12:58:57 022250	INFO [input.cpp->run:235]	rotation: 
[-0.8826882006683437, -0.0922404110214909, -0.4608180193693256;
 -0.09133081013000098, -0.9281860822249232, 0.3607343619409521;
 -0.4609991578320717, 0.3605028478924051, 0.8108745113391995]
2020/03/09 12:58:57 022295	INFO [input.cpp->run:256]	frame times (ms): 85.972
2020/03/09 12:58:57 022299	INFO [input.cpp->run:257]	FPS: 11.6317
2020/03/09 12:58:57 053825	INFO [input.cpp->run:173]	
frame_id 85
