		g3log created log at: Mon Mar 09 16:29:05 2020
		LOG format: [YYYY/MM/DD hh:mm:ss uuu* LEVEL FILE->FUNCTION:LINE] message		(uuu*: microseconds fractions of the seconds value)

2020/03/09 16:29:05 183397	INFO [g3logger.h->logBanner:29]	Starting log.
2020/03/09 16:29:05 187378	DEBUG [main.cpp->main:48]	Filepath: /home/mitchell/KITTI/data_odometry_gray/dataset/sequences/00/
2020/03/09 16:29:05 187385	DEBUG [main.cpp->main:52]	Calibration Filepath: /home/mitchell/visual_odom_catkin_ws/tank_downsized.yaml
2020/03/09 16:29:05 187493	INFO [main.cpp->main:66]	P_left: 
[409.41, 0, 251.22, 0;
 0, 408.72, 191.78999, 0;
 0, 0, 1, 0]
2020/03/09 16:29:05 187508	INFO [main.cpp->main:67]	P_right: 
[409.41, 0, 251.22, -73.940002;
 0, 408.72, 191.78999, 0;
 0, 0, 1, 0]
2020/03/09 16:29:05 332618	INFO [input.cpp->Input:22]	frame_pose [1, 0, 0, 0;
 0, 1, 0, 0;
 0, 0, 1, 0;
 0, 0, 0, 1]
2020/03/09 16:29:07 718411	INFO [input.cpp->run:173]	
frame_id 1
2020/03/09 16:29:07 879238	WARNING [visualOdometry.cpp->trackingFrame2Frame:280]	The Estimated Rotation and translation matrices(using getTransformation function) are : 
     0.99755   -0.0599352   -0.0360912   0.00437897
   0.0578942     0.996798    -0.055162 -0.000210391
   0.0392818    0.0529373     0.997825   0.00590365
           0            0            0            1
2020/03/09 16:29:07 883862	INFO [input.cpp->run:255]	rotation: 
[0.9975497722625732, -0.05993515998125076, -0.03609117865562439;
 0.05789420381188393, 0.9967978000640869, -0.05516195669770241;
 0.03928184509277344, 0.0529373325407505, 0.9978252053260803]
2020/03/09 16:29:07 884022	INFO [input.cpp->run:278]	frame times (ms): 476.351
2020/03/09 16:29:07 884029	INFO [input.cpp->run:279]	FPS: 2.09929
2020/03/09 16:29:07 891446	INFO [input.cpp->run:173]	
frame_id 2
2020/03/09 16:29:07 999657	WARNING [visualOdometry.cpp->trackingFrame2Frame:280]	The Estimated Rotation and translation matrices(using getTransformation function) are : 
    0.977117     -0.21176    0.0199991  -0.00031686
    0.211615     0.958316    -0.191962  0.000134779
   0.0214847     0.191801     0.981199 -0.000346385
           0            0            0            1
2020/03/09 16:29:08 000710	INFO [input.cpp->run:255]	rotation: 
[0.9771170616149902, -0.2117603421211243, 0.01999911665916443;
 0.2116148173809052, 0.9583160877227783, -0.1919619739055634;
 0.02148467302322388, 0.1918013840913773, 0.9811985492706299]
2020/03/09 16:29:08 000757	INFO [input.cpp->run:278]	frame times (ms): 303.655
2020/03/09 16:29:08 000768	INFO [input.cpp->run:279]	FPS: 3.29321
2020/03/09 16:29:08 073844	INFO [input.cpp->run:173]	
frame_id 3
2020/03/09 16:29:08 186317	WARNING [visualOdometry.cpp->trackingFrame2Frame:280]	The Estimated Rotation and translation matrices(using getTransformation function) are : 
   0.998483  -0.0458289  -0.0305268 0.000857733
  0.0458805    0.998947 0.000995457 0.000398897
  0.0304489 -0.00239456    0.999534   0.0014573
          0           0           0           1
2020/03/09 16:29:08 187440	INFO [input.cpp->run:255]	rotation: 
[0.9984829425811768, -0.04582893848419189, -0.03052675724029541;
 0.045880526304245, 0.9989467859268188, 0.0009954571723937988;
 0.03044885396957397, -0.002394556999206543, 0.9995335340499878]
2020/03/09 16:29:08 187494	INFO [input.cpp->run:278]	frame times (ms): 311.736
2020/03/09 16:29:08 187498	INFO [input.cpp->run:279]	FPS: 3.20784
2020/03/09 16:29:08 197075	INFO [input.cpp->run:173]	
frame_id 4
2020/03/09 16:29:08 289443	WARNING [visualOdometry.cpp->trackingFrame2Frame:280]	The Estimated Rotation and translation matrices(using getTransformation function) are : 
    0.997244     0.074178  -0.00149938   0.00387776
  -0.0740632     0.996489    0.0390345 -0.000610334
  0.00438938   -0.0388159     0.999237   0.00502865
           0            0            0            1
2020/03/09 16:29:08 290807	INFO [input.cpp->run:255]	rotation: 
[0.9972438812255859, 0.07417800277471542, -0.001499384641647339;
 -0.07406319677829742, 0.9964892864227295, 0.03903453797101974;
 0.004389375448226929, -0.03881590440869331, 0.9992366433143616]
2020/03/09 16:29:08 290874	INFO [input.cpp->run:278]	frame times (ms): 307.679
2020/03/09 16:29:08 290883	INFO [input.cpp->run:279]	FPS: 3.25014
2020/03/09 16:29:08 297806	INFO [input.cpp->run:173]	
frame_id 5
2020/03/09 16:29:08 395971	WARNING [visualOdometry.cpp->trackingFrame2Frame:280]	The Estimated Rotation and translation matrices(using getTransformation function) are : 
    0.999915   -0.0121299   0.00480062 -0.000317127
   0.0122472     0.999607   -0.0252082  0.000192274
 -0.00449276    0.0252649     0.999671  -0.00014931
           0            0            0            1
2020/03/09 16:29:08 397146	INFO [input.cpp->run:255]	rotation: 
[0.9999150037765503, -0.01212991122156382, 0.004800617694854736;
 0.01224719360470772, 0.9996073246002197, -0.02520823106169701;
 -0.004492759704589844, 0.02526486292481422, 0.9996708631515503]
2020/03/09 16:29:08 397194	INFO [input.cpp->run:278]	frame times (ms): 302.883
2020/03/09 16:29:08 397198	INFO [input.cpp->run:279]	FPS: 3.3016
2020/03/09 16:29:08 406770	INFO [input.cpp->run:173]	
frame_id 6
2020/03/09 16:29:08 507056	WARNING [visualOdometry.cpp->trackingFrame2Frame:280]	The Estimated Rotation and translation matrices(using getTransformation function) are : 
     0.99914    -0.024463   -0.0334715  -4.8954e-05
   0.0263831     0.997958    0.0581799 -0.000364484
   0.0319798    -0.059013     0.997745 -0.000131842
           0            0            0            1
2020/03/09 16:29:08 508592	INFO [input.cpp->run:255]	rotation: 
[0.9991403818130493, -0.02446301840245724, -0.03347146511077881;
 0.02638310007750988, 0.9979575872421265, 0.05817994102835655;
 0.0319797694683075, -0.0590129941701889, 0.9977447986602783]
2020/03/09 16:29:08 508659	INFO [input.cpp->run:278]	frame times (ms): 310.801
2020/03/09 16:29:08 508665	INFO [input.cpp->run:279]	FPS: 3.21749
2020/03/09 16:29:08 604801	INFO [input.cpp->run:173]	
frame_id 7
2020/03/09 16:29:08 693854	WARNING [visualOdometry.cpp->trackingFrame2Frame:280]	The Estimated Rotation and translation matrices(using getTransformation function) are : 
 0.000747263     0.873622     0.486605 -3.74988e-05
   -0.668555    -0.361434     0.649924 -5.52228e-05
    0.743663    -0.325808     0.583794  6.47455e-06
           0            0            0            1
2020/03/09 16:29:08 694964	INFO [input.cpp->run:255]	rotation: 
[0.0007472634315490723, 0.8736217021942139, 0.4866049885749817;
 -0.6685545444488525, -0.3614336848258972, 0.6499235033988953;
 0.7436628341674805, -0.3258076310157776, 0.5837936997413635]
2020/03/09 16:29:08 694998	INFO [input.cpp->run:278]	frame times (ms): 309.898
2020/03/09 16:29:08 695000	INFO [input.cpp->run:279]	FPS: 3.22687
2020/03/09 16:29:08 700439	INFO [input.cpp->run:173]	
frame_id 8
2020/03/09 16:29:08 796095	WARNING [visualOdometry.cpp->trackingFrame2Frame:280]	The Estimated Rotation and translation matrices(using getTransformation function) are : 
   0.999876   0.0124082 -0.00964102  0.00334939
 -0.0122964    0.999857   0.0115607 0.000743562
 0.00978312  -0.0114407    0.999887  0.00391978
          0           0           0           1
2020/03/09 16:29:08 797313	INFO [input.cpp->run:255]	rotation: 
[0.9998764991760254, 0.01240820437669754, -0.009641021490097046;
 -0.01229643076658249, 0.999857485294342, 0.01156070083379745;
 0.009783118963241577, -0.01144072413444519, 0.9998867511749268]
2020/03/09 16:29:08 797378	INFO [input.cpp->run:278]	frame times (ms): 313.455
2020/03/09 16:29:08 797384	INFO [input.cpp->run:279]	FPS: 3.19025
2020/03/09 16:29:08 802736	INFO [input.cpp->run:173]	
frame_id 9
2020/03/09 16:29:08 891395	WARNING [visualOdometry.cpp->trackingFrame2Frame:280]	The Estimated Rotation and translation matrices(using getTransformation function) are : 
  -0.386255   -0.327827    0.862169 0.000175485
   0.591776   -0.805059  -0.0409935 7.25361e-05
   0.707536    0.494377    0.504959 0.000322604
          0           0           0           1
2020/03/09 16:29:08 892606	INFO [input.cpp->run:255]	rotation: 
[-0.3862553238868713, -0.3278267383575439, 0.8621694445610046;
 0.5917760729789734, -0.8050594329833984, -0.04099348187446594;
 0.7075363397598267, 0.4943773448467255, 0.5049585103988647]
2020/03/09 16:29:08 892657	INFO [input.cpp->run:278]	frame times (ms): 301.93
2020/03/09 16:29:08 892661	INFO [input.cpp->run:279]	FPS: 3.31203
2020/03/09 16:29:08 915166	INFO [input.cpp->run:173]	
frame_id 10
2020/03/09 16:29:09 016063	WARNING [visualOdometry.cpp->trackingFrame2Frame:280]	The Estimated Rotation and translation matrices(using getTransformation function) are : 
    0.995854    0.0875167     0.024831  0.000284646
  -0.0885195      0.99516    0.0426594 -0.000131723
  -0.0209773   -0.0446805     0.998781  0.000304833
           0            0            0            1
2020/03/09 16:29:09 017303	INFO [input.cpp->run:255]	rotation: 
[0.9958535432815552, 0.08751668035984039, 0.02483099699020386;
 -0.08851948380470276, 0.9951604008674622, 0.04265942424535751;
 -0.02097731828689575, -0.04468054324388504, 0.9987810850143433]
2020/03/09 16:29:09 017384	INFO [input.cpp->run:278]	frame times (ms): 318.146
2020/03/09 16:29:09 017387	INFO [input.cpp->run:279]	FPS: 3.14321
2020/03/09 16:29:09 048506	INFO [input.cpp->run:173]	
frame_id 11
2020/03/09 16:29:09 151170	WARNING [visualOdometry.cpp->trackingFrame2Frame:280]	The Estimated Rotation and translation matrices(using getTransformation function) are : 
    0.999853   0.00902418    0.0145293 -2.27466e-05
 -0.00911957     0.999937   0.00650909 -0.000103911
  -0.0144693  -0.00664064     0.999873  5.86659e-05
           0            0            0            1
2020/03/09 16:29:09 152546	INFO [input.cpp->run:255]	rotation: 
[0.9998533725738525, 0.009024176746606827, 0.01452928781509399;
 -0.009119570255279541, 0.9999369382858276, 0.006509087979793549;
 -0.01446932554244995, -0.006640642881393433, 0.9998732209205627]
2020/03/09 16:29:09 152610	INFO [input.cpp->run:278]	frame times (ms): 329.934
2020/03/09 16:29:09 152613	INFO [input.cpp->run:279]	FPS: 3.03091
2020/03/09 16:29:09 182087	INFO [input.cpp->run:173]	
frame_id 12
2020/03/09 16:29:09 280237	WARNING [visualOdometry.cpp->trackingFrame2Frame:280]	The Estimated Rotation and translation matrices(using getTransformation function) are : 
   0.989844   -0.142088 -0.00441036  0.00059136
   0.141209    0.986353  -0.0846637 0.000595935
  0.0163799   0.0831811      0.9964   0.0011952
          0           0           0           1
2020/03/09 16:29:09 281453	INFO [input.cpp->run:255]	rotation: 
[0.9898443222045898, -0.1420878767967224, -0.004410356283187866;
 0.1412094533443451, 0.9863529205322266, -0.08466367423534393;
 0.01637986302375793, 0.08318109065294266, 0.9963998794555664]
2020/03/09 16:29:09 281499	INFO [input.cpp->run:278]	frame times (ms): 320.926
2020/03/09 16:29:09 281502	INFO [input.cpp->run:279]	FPS: 3.11598
2020/03/09 16:29:09 314144	INFO [input.cpp->run:173]	
frame_id 13
2020/03/09 16:29:09 403967	WARNING [visualOdometry.cpp->trackingFrame2Frame:280]	The Estimated Rotation and translation matrices(using getTransformation function) are : 
     0.99956    0.0204572   -0.0214633    0.0012632
  -0.0201163      0.99967    0.0159819 -0.000223549
   0.0217835   -0.0155431     0.999642   0.00161489
           0            0            0            1
2020/03/09 16:29:09 405303	INFO [input.cpp->run:255]	rotation: 
[0.9995604753494263, 0.02045715972781181, -0.0214633047580719;
 -0.02011625841259956, 0.999670147895813, 0.01598186790943146;
 0.02178347110748291, -0.01554309576749802, 0.999642014503479]
2020/03/09 16:29:09 405390	INFO [input.cpp->run:278]	frame times (ms): 307.653
2020/03/09 16:29:09 405395	INFO [input.cpp->run:279]	FPS: 3.25042
2020/03/09 16:29:09 449353	INFO [input.cpp->run:173]	
frame_id 14
2020/03/09 16:29:09 541429	WARNING [visualOdometry.cpp->trackingFrame2Frame:280]	The Estimated Rotation and translation matrices(using getTransformation function) are : 
    0.998041   -0.0437256   -0.0447489  0.000966746
   0.0435962     0.999042  -0.00386088 -7.69024e-05
   0.0448747   0.00190242     0.998991   0.00137893
           0            0            0            1
2020/03/09 16:29:09 542909	INFO [input.cpp->run:255]	rotation: 
[0.9980412721633911, -0.04372555017471313, -0.04474887251853943;
 0.04359623417258263, 0.9990419745445251, -0.003860884811729193;
 0.04487469792366028, 0.001902416348457336, 0.9989907741546631]
2020/03/09 16:29:09 542980	INFO [input.cpp->run:278]	frame times (ms): 317.25
2020/03/09 16:29:09 542988	INFO [input.cpp->run:279]	FPS: 3.15209
2020/03/09 16:29:09 581664	INFO [input.cpp->run:173]	
frame_id 15
2020/03/09 16:29:09 675636	WARNING [visualOdometry.cpp->trackingFrame2Frame:280]	The Estimated Rotation and translation matrices(using getTransformation function) are : 
      0.9975    0.0706663   0.00017488  2.89604e-05
  -0.0706438     0.997111    0.0279276   -9.223e-05
  0.00179923   -0.0278701      0.99961 -5.33462e-05
           0            0            0            1
2020/03/09 16:29:09 677110	INFO [input.cpp->run:255]	rotation: 
[0.9975001811981201, 0.07066625356674194, 0.0001748800277709961;
 -0.07064378261566162, 0.9971107840538025, 0.02792762592434883;
 0.001799225807189941, -0.02787009067833424, 0.9996101856231689]
2020/03/09 16:29:09 677184	INFO [input.cpp->run:278]	frame times (ms): 314.66
2020/03/09 16:29:09 677188	INFO [input.cpp->run:279]	FPS: 3.17803
2020/03/09 16:29:09 717800	INFO [input.cpp->run:173]	
frame_id 16
2020/03/09 16:29:09 820701	WARNING [visualOdometry.cpp->trackingFrame2Frame:280]	The Estimated Rotation and translation matrices(using getTransformation function) are : 
   0.999772   0.0211857  0.00265849 6.40824e-05
 -0.0211585    0.999727 -0.00991117 2.91006e-05
-0.00286764  0.00985268    0.999948 0.000131294
          0           0           0           1
2020/03/09 16:29:09 822155	INFO [input.cpp->run:255]	rotation: 
[0.999772310256958, 0.02118572220206261, 0.002658486366271973;
 -0.02115851268172264, 0.9997272491455078, -0.009911168366670609;
 -0.002867639064788818, 0.009852681308984756, 0.9999476671218872]
2020/03/09 16:29:09 822221	INFO [input.cpp->run:278]	frame times (ms): 314.622
2020/03/09 16:29:09 822224	INFO [input.cpp->run:279]	FPS: 3.17842
2020/03/09 16:29:09 849505	INFO [input.cpp->run:173]	
frame_id 17
2020/03/09 16:29:09 944518	WARNING [visualOdometry.cpp->trackingFrame2Frame:280]	The Estimated Rotation and translation matrices(using getTransformation function) are : 
    0.993597     0.112932  -0.00331095  0.000221565
   -0.112591     0.992182    0.0538343 -8.42214e-05
  0.00936484   -0.0531169     0.998544  0.000423752
           0            0            0            1
2020/03/09 16:29:09 945745	INFO [input.cpp->run:255]	rotation: 
[0.9935973286628723, 0.112931564450264, -0.003310948610305786;
 -0.1125913336873055, 0.9921818971633911, 0.05383430421352386;
 0.009364843368530273, -0.05311685055494308, 0.998544454574585]
2020/03/09 16:29:09 945786	INFO [input.cpp->run:278]	frame times (ms): 306.38
2020/03/09 16:29:09 945789	INFO [input.cpp->run:279]	FPS: 3.26392
2020/03/09 16:29:09 981822	INFO [input.cpp->run:173]	
frame_id 18
2020/03/09 16:29:10 087439	WARNING [visualOdometry.cpp->trackingFrame2Frame:280]	The Estimated Rotation and translation matrices(using getTransformation function) are : 
     0.99936    0.0355419   0.00396112 -0.000462942
   -0.035556     0.999362   0.00346792  4.92735e-05
  -0.0038355  -0.00360648     0.999986 -0.000785962
           0            0            0            1
2020/03/09 16:29:10 088642	INFO [input.cpp->run:255]	rotation: 
[0.9993602633476257, 0.03554193675518036, 0.003961116075515747;
 -0.03555595502257347, 0.9993615746498108, 0.003467917442321777;
 -0.003835499286651611, -0.003606483340263367, 0.9999859929084778]
2020/03/09 16:29:10 088694	INFO [input.cpp->run:278]	frame times (ms): 327.534
2020/03/09 16:29:10 088699	INFO [input.cpp->run:279]	FPS: 3.05312
2020/03/09 16:29:10 114602	INFO [input.cpp->run:173]	
frame_id 19
2020/03/09 16:29:10 211524	WARNING [visualOdometry.cpp->trackingFrame2Frame:280]	The Estimated Rotation and translation matrices(using getTransformation function) are : 
    0.999376   -0.0343374    0.0083141 -0.000861429
   0.0346294     0.998679   -0.0379744  0.000269438
 -0.00699914    0.0382385     0.999244  -0.00126638
           0            0            0            1
2020/03/09 16:29:10 212703	INFO [input.cpp->run:255]	rotation: 
[0.9993760585784912, -0.03433743491768837, 0.0083141028881073;
 0.03462941199541092, 0.9986788630485535, -0.03797435760498047;
 -0.00699913501739502, 0.0382385142147541, 0.9992444515228271]
2020/03/09 16:29:10 212767	INFO [input.cpp->run:278]	frame times (ms): 321.486
2020/03/09 16:29:10 212772	INFO [input.cpp->run:279]	FPS: 3.11056
2020/03/09 16:29:10 248219	INFO [input.cpp->run:173]	
frame_id 20
2020/03/09 16:29:10 343387	WARNING [visualOdometry.cpp->trackingFrame2Frame:280]	The Estimated Rotation and translation matrices(using getTransformation function) are : 
   0.997787   -0.066259   0.0055365 0.000104371
  0.0662328    0.997793  0.00481617 3.40967e-05
-0.00584346 -0.00443881    0.999973 0.000108011
          0           0           0           1
2020/03/09 16:29:10 344903	INFO [input.cpp->run:255]	rotation: 
[0.9977871179580688, -0.06625895947217941, 0.005536496639251709;
 0.06623278558254242, 0.9977928400039673, 0.004816167056560516;
 -0.005843460559844971, -0.004438810050487518, 0.9999731779098511]
2020/03/09 16:29:10 344979	INFO [input.cpp->run:278]	frame times (ms): 315.48
2020/03/09 16:29:10 344984	INFO [input.cpp->run:279]	FPS: 3.16977
2020/03/09 16:29:10 380775	INFO [input.cpp->run:173]	
frame_id 21
2020/03/09 16:29:10 475986	WARNING [visualOdometry.cpp->trackingFrame2Frame:280]	The Estimated Rotation and translation matrices(using getTransformation function) are : 
   0.997029   -0.073061   0.0244147 -0.00162956
  0.0748648    0.993675  -0.0836992 0.000691824
 -0.0181451   0.0852783    0.996192 -0.00241288
          0           0           0           1
2020/03/09 16:29:10 477285	INFO [input.cpp->run:255]	rotation: 
[0.9970285296440125, -0.07306097447872162, 0.02441468834877014;
 0.07486480474472046, 0.9936749339103699, -0.08369921892881393;
 -0.01814514398574829, 0.08527834713459015, 0.9961917400360107]
2020/03/09 16:29:10 477351	INFO [input.cpp->run:278]	frame times (ms): 315.667
2020/03/09 16:29:10 477359	INFO [input.cpp->run:279]	FPS: 3.1679
2020/03/09 16:29:10 517992	INFO [input.cpp->run:173]	
frame_id 22
2020/03/09 16:29:10 618973	WARNING [visualOdometry.cpp->trackingFrame2Frame:280]	The Estimated Rotation and translation matrices(using getTransformation function) are : 
     0.99983 -0.000518758   -0.0184258   0.00040067
 0.000327114     0.999946   -0.0103995 -5.35443e-05
   0.0184303    0.0103918     0.999776  0.000666238
           0            0            0            1
2020/03/09 16:29:10 620288	INFO [input.cpp->run:255]	rotation: 
[0.9998302459716797, -0.0005187578499317169, -0.01842582225799561;
 0.0003271140158176422, 0.9999459385871887, -0.01039951667189598;
 0.01843026280403137, 0.01039175689220428, 0.9997761249542236]
2020/03/09 16:29:10 620354	INFO [input.cpp->run:278]	frame times (ms): 322.082
2020/03/09 16:29:10 620358	INFO [input.cpp->run:279]	FPS: 3.1048
2020/03/09 16:29:10 649081	INFO [input.cpp->run:173]	
frame_id 23
2020/03/09 16:29:10 752362	WARNING [visualOdometry.cpp->trackingFrame2Frame:280]	The Estimated Rotation and translation matrices(using getTransformation function) are : 
    0.995257    0.0939918   -0.0250732   0.00131361
  -0.0914094     0.991784    0.0894898 -0.000239864
   0.0332785   -0.0867735     0.995672   0.00201849
           0            0            0            1
2020/03/09 16:29:10 754260	INFO [input.cpp->run:255]	rotation: 
[0.9952572584152222, 0.09399182349443436, -0.02507320046424866;
 -0.09140943735837936, 0.9917840957641602, 0.08948984742164612;
 0.03327852487564087, -0.08677345514297485, 0.9956719875335693]
2020/03/09 16:29:10 754334	INFO [input.cpp->run:278]	frame times (ms): 318.708
2020/03/09 16:29:10 754338	INFO [input.cpp->run:279]	FPS: 3.13767
2020/03/09 16:29:10 782504	INFO [input.cpp->run:173]	
frame_id 24
2020/03/09 16:29:10 880773	WARNING [visualOdometry.cpp->trackingFrame2Frame:280]	The Estimated Rotation and translation matrices(using getTransformation function) are : 
     0.97112    -0.237255   -0.0252172 -0.000259895
    0.232115     0.963926    -0.130271  0.000158493
   0.0552151     0.120655     0.991158 -0.000547651
           0            0            0            1
2020/03/09 16:29:10 881972	INFO [input.cpp->run:255]	rotation: 
[0.9711201190948486, -0.2372550070285797, -0.02521723508834839;
 0.2321145981550217, 0.9639256000518799, -0.1302708387374878;
 0.05521509051322937, 0.1206552907824516, 0.9911578297615051]
2020/03/09 16:29:10 882012	INFO [input.cpp->run:278]	frame times (ms): 318.048
2020/03/09 16:29:10 882015	INFO [input.cpp->run:279]	FPS: 3.14418
2020/03/09 16:29:10 915200	INFO [input.cpp->run:173]	
frame_id 25
2020/03/09 16:29:11 013239	WARNING [visualOdometry.cpp->trackingFrame2Frame:280]	The Estimated Rotation and translation matrices(using getTransformation function) are : 
    0.993133    -0.112306    0.0327936  3.26633e-05
    0.112794     0.993528   -0.0134207 -1.21045e-05
  -0.0310744    0.0170274     0.999372   0.00010803
           0            0            0            1
2020/03/09 16:29:11 014562	INFO [input.cpp->run:255]	rotation: 
[0.9931326508522034, -0.1123059689998627, 0.03279361128807068;
 0.1127938851714134, 0.9935280084609985, -0.01342070288956165;
 -0.03107441961765289, 0.01702740043401718, 0.9993718266487122]
2020/03/09 16:29:11 014604	INFO [input.cpp->run:278]	frame times (ms): 319.071
2020/03/09 16:29:11 014608	INFO [input.cpp->run:279]	FPS: 3.1341
2020/03/09 16:29:11 049957	INFO [input.cpp->run:173]	
frame_id 26
2020/03/09 16:29:11 152987	WARNING [visualOdometry.cpp->trackingFrame2Frame:280]	The Estimated Rotation and translation matrices(using getTransformation function) are : 
   0.984506   -0.174922   -0.012266  0.00013473
   0.174737    0.984504  -0.0148171  0.00015407
  0.0146679   0.0124444    0.999815 0.000669122
          0           0           0           1
2020/03/09 16:29:11 154288	INFO [input.cpp->run:255]	rotation: 
[0.984505832195282, -0.1749215722084045, -0.01226601004600525;
 0.1747365146875381, 0.9845035076141357, -0.01481713354587555;
 0.01466789841651917, 0.01244437694549561, 0.9998151063919067]
2020/03/09 16:29:11 154334	INFO [input.cpp->run:278]	frame times (ms): 339.758
2020/03/09 16:29:11 154338	INFO [input.cpp->run:279]	FPS: 2.94327
2020/03/09 16:29:11 181038	INFO [input.cpp->run:173]	
frame_id 27
2020/03/09 16:29:11 277622	WARNING [visualOdometry.cpp->trackingFrame2Frame:280]	The Estimated Rotation and translation matrices(using getTransformation function) are : 
   0.999989  0.00430176  0.00182527 0.000161055
 -0.0042942    0.999982 -0.00413488 7.23079e-06
-0.00184304  0.00412702     0.99999 0.000172429
          0           0           0           1
2020/03/09 16:29:11 279106	INFO [input.cpp->run:255]	rotation: 
[0.9999890923500061, 0.004301762208342552, 0.001825273036956787;
 -0.004294198006391525, 0.9999821782112122, -0.004134878516197205;
 -0.001843035221099854, 0.004127021878957748, 0.9999899864196777]
2020/03/09 16:29:11 279181	INFO [input.cpp->run:278]	frame times (ms): 321.098
2020/03/09 16:29:11 279186	INFO [input.cpp->run:279]	FPS: 3.11431
2020/03/09 16:29:11 315194	INFO [input.cpp->run:173]	
frame_id 28
2020/03/09 16:29:11 415776	WARNING [visualOdometry.cpp->trackingFrame2Frame:280]	The Estimated Rotation and translation matrices(using getTransformation function) are : 
    0.999754    0.0221269  -0.00130618 -0.000107661
  -0.0221237     0.999752   0.00239747 -5.71813e-05
  0.00135881    -0.002368     0.999996 -0.000220709
           0            0            0            1
2020/03/09 16:29:11 416976	INFO [input.cpp->run:255]	rotation: 
[0.9997543096542358, 0.02212690189480782, -0.00130617618560791;
 -0.02212366834282875, 0.9997523427009583, 0.002397473901510239;
 0.00135880708694458, -0.002368003129959106, 0.9999962449073792]
2020/03/09 16:29:11 417030	INFO [input.cpp->run:278]	frame times (ms): 307.509
2020/03/09 16:29:11 417035	INFO [input.cpp->run:279]	FPS: 3.25194
2020/03/09 16:29:11 449323	INFO [input.cpp->run:173]	
frame_id 29
2020/03/09 16:29:11 550749	WARNING [visualOdometry.cpp->trackingFrame2Frame:280]	The Estimated Rotation and translation matrices(using getTransformation function) are : 
    0.997981     0.062497    0.0113024 -0.000402801
  -0.0626872     0.997883    0.0173399 -5.76652e-05
  -0.0101946   -0.0180134     0.999786 -0.000818212
           0            0            0            1
2020/03/09 16:29:11 552003	INFO [input.cpp->run:255]	rotation: 
[0.9979814291000366, 0.06249701976776123, 0.0113024115562439;
 -0.06268724054098129, 0.9978827238082886, 0.01733989641070366;
 -0.01019462943077087, -0.01801338419318199, 0.9997859001159668]
2020/03/09 16:29:11 552059	INFO [input.cpp->run:278]	frame times (ms): 324.874
2020/03/09 16:29:11 552063	INFO [input.cpp->run:279]	FPS: 3.07812
2020/03/09 16:29:11 582230	INFO [input.cpp->run:173]	
frame_id 30
2020/03/09 16:29:11 680486	WARNING [visualOdometry.cpp->trackingFrame2Frame:280]	The Estimated Rotation and translation matrices(using getTransformation function) are : 
   0.999554  -0.0281037  -0.0101299  0.00127855
   0.027751    0.999056  -0.0334291 0.000279661
  0.0110599   0.0331331     0.99939  0.00163439
          0           0           0           1
2020/03/09 16:29:11 682300	INFO [input.cpp->run:255]	rotation: 
[0.9995536804199219, -0.02810368686914444, -0.0101298987865448;
 0.02775095403194427, 0.9990556240081787, -0.0334291011095047;
 0.01105993986129761, 0.03313307464122772, 0.9993897676467896]
2020/03/09 16:29:11 682378	INFO [input.cpp->run:278]	frame times (ms): 327.715
2020/03/09 16:29:11 682384	INFO [input.cpp->run:279]	FPS: 3.05143
2020/03/09 16:29:11 716365	INFO [input.cpp->run:173]	
frame_id 31
2020/03/09 16:29:11 813247	WARNING [visualOdometry.cpp->trackingFrame2Frame:280]	The Estimated Rotation and translation matrices(using getTransformation function) are : 
    0.997925   -0.0630577    0.0130318  -0.00100724
    0.062937     0.997972   0.00947168 -0.000732075
  -0.0136027  -0.00863187      0.99987 -0.000728693
           0            0            0            1
2020/03/09 16:29:11 814574	INFO [input.cpp->run:255]	rotation: 
[0.9979247450828552, -0.06305769085884094, 0.01303181052207947;
 0.06293702125549316, 0.9979724287986755, 0.009471684694290161;
 -0.01360267400741577, -0.008631870150566101, 0.9998701810836792]
2020/03/09 16:29:11 814636	INFO [input.cpp->run:278]	frame times (ms): 323.988
2020/03/09 16:29:11 814645	INFO [input.cpp->run:279]	FPS: 3.08653
2020/03/09 16:29:11 848599	INFO [input.cpp->run:173]	
frame_id 32
2020/03/09 16:29:11 946395	WARNING [visualOdometry.cpp->trackingFrame2Frame:280]	The Estimated Rotation and translation matrices(using getTransformation function) are : 
    0.996716   -0.0805494  -0.00827774  9.18917e-05
   0.0800123      0.99543   -0.0521368 -4.33512e-05
   0.0124396    0.0513033     0.998606   0.00018942
           0            0            0            1
2020/03/09 16:29:11 948103	INFO [input.cpp->run:255]	rotation: 
[0.9967163801193237, -0.08054938912391663, -0.008277744054794312;
 0.08001229166984558, 0.9954297542572021, -0.05213679373264313;
 0.01243957877159119, 0.05130329728126526, 0.9986057877540588]
2020/03/09 16:29:11 948165	INFO [input.cpp->run:278]	frame times (ms): 318.871
2020/03/09 16:29:11 948169	INFO [input.cpp->run:279]	FPS: 3.13606
2020/03/09 16:29:11 985237	INFO [input.cpp->run:173]	
frame_id 33
2020/03/09 16:29:12 085876	WARNING [visualOdometry.cpp->trackingFrame2Frame:280]	The Estimated Rotation and translation matrices(using getTransformation function) are : 
    0.999739   -0.0211148    0.0087122 -0.000400811
   0.0211941     0.999734  -0.00911577 -6.92408e-05
 -0.00851741   0.00929803     0.999921  -0.00106479
           0            0            0            1
2020/03/09 16:29:12 087124	INFO [input.cpp->run:255]	rotation: 
[0.9997394680976868, -0.02111475169658661, 0.008712202310562134;
 0.02119410783052444, 0.9997337460517883, -0.009115766733884811;
 -0.008517414331436157, 0.009298026561737061, 0.999920666217804]
2020/03/09 16:29:12 087192	INFO [input.cpp->run:278]	frame times (ms): 325.03
2020/03/09 16:29:12 087197	INFO [input.cpp->run:279]	FPS: 3.07664
2020/03/09 16:29:12 117923	INFO [input.cpp->run:173]	
frame_id 34
2020/03/09 16:29:12 235278	WARNING [visualOdometry.cpp->trackingFrame2Frame:280]	The Estimated Rotation and translation matrices(using getTransformation function) are : 
   0.0361615  -0.00489245     0.999334  0.000247698
  -0.0226341    -0.999735  -0.00407539 -1.01003e-06
     0.99909   -0.0224717   -0.0362626  0.000241417
           0            0            0            1
2020/03/09 16:29:12 236608	INFO [input.cpp->run:255]	rotation: 
[0.03616145253181458, -0.004892454948276281, 0.9993339776992798;
 -0.02263414300978184, -0.999735414981842, -0.004075391218066216;
 0.9990895390510559, -0.02247169800102711, -0.0362626314163208]
2020/03/09 16:29:12 236649	INFO [input.cpp->run:278]	frame times (ms): 342.858
2020/03/09 16:29:12 236657	INFO [input.cpp->run:279]	FPS: 2.91666
2020/03/09 16:29:12 249695	INFO [input.cpp->run:173]	
frame_id 35
2020/03/09 16:29:12 353452	WARNING [visualOdometry.cpp->trackingFrame2Frame:280]	The Estimated Rotation and translation matrices(using getTransformation function) are : 
    0.999446    0.0148115    0.0297928  -0.00179312
  -0.0153607     0.999715      0.01828 -0.000420797
  -0.0295134   -0.0187273     0.999389  -0.00127053
           0            0            0            1
2020/03/09 16:29:12 355646	INFO [input.cpp->run:255]	rotation: 
[0.9994463920593262, 0.01481149345636368, 0.02979284524917603;
 -0.01536068320274353, 0.9997150301933289, 0.01827996969223022;
 -0.02951344847679138, -0.01872728019952774, 0.9993889927864075]
2020/03/09 16:29:12 355723	INFO [input.cpp->run:278]	frame times (ms): 329.522
2020/03/09 16:29:12 355730	INFO [input.cpp->run:279]	FPS: 3.0347
2020/03/09 16:29:12 382201	INFO [input.cpp->run:173]	
frame_id 36
2020/03/09 16:29:12 479395	WARNING [visualOdometry.cpp->trackingFrame2Frame:280]	The Estimated Rotation and translation matrices(using getTransformation function) are : 
   0.999574  -0.0085598  -0.0279187 0.000231247
  0.0101223    0.998362    0.056318 7.92136e-06
  0.0273909  -0.0565766    0.998023 0.000519831
          0           0           0           1
2020/03/09 16:29:12 480569	INFO [input.cpp->run:255]	rotation: 
[0.9995737075805664, -0.008559795096516609, -0.02791869640350342;
 0.01012231409549713, 0.9983617663383484, 0.05631804466247559;
 0.02739089727401733, -0.05657662451267242, 0.9980225563049316]
2020/03/09 16:29:12 480626	INFO [input.cpp->run:278]	frame times (ms): 313.23
2020/03/09 16:29:12 480630	INFO [input.cpp->run:279]	FPS: 3.19254
2020/03/09 16:29:12 515900	INFO [input.cpp->run:173]	
frame_id 37
2020/03/09 16:29:12 608509	WARNING [visualOdometry.cpp->trackingFrame2Frame:280]	The Estimated Rotation and translation matrices(using getTransformation function) are : 
   0.977404   -0.211282 -0.00650686 0.000190722
   0.210648     0.97611  -0.0532535 0.000260135
  0.0176031   0.0506796     0.99856  0.00101482
          0           0           0           1
2020/03/09 16:29:12 609682	INFO [input.cpp->run:255]	rotation: 
[0.9774035215377808, -0.2112821787595749, -0.006506860256195068;
 0.2106481939554214, 0.9761103987693787, -0.05325351655483246;
 0.0176030695438385, 0.05067957192659378, 0.9985600709915161]
2020/03/09 16:29:12 609720	INFO [input.cpp->run:278]	frame times (ms): 318.041
2020/03/09 16:29:12 609727	INFO [input.cpp->run:279]	FPS: 3.14425
2020/03/09 16:29:12 648499	INFO [input.cpp->run:173]	
frame_id 38
2020/03/09 16:29:12 746114	WARNING [visualOdometry.cpp->trackingFrame2Frame:280]	The Estimated Rotation and translation matrices(using getTransformation function) are : 
    0.998569    0.0516686    0.0138362 -0.000391163
  -0.0518189     0.998599    0.0107348 -0.000337865
  -0.0132619   -0.0114364     0.999847  -0.00151838
           0            0            0            1
2020/03/09 16:29:12 747687	INFO [input.cpp->run:255]	rotation: 
[0.998568594455719, 0.05166861414909363, 0.01383620500564575;
 -0.0518188551068306, 0.9985989332199097, 0.01073476672172546;
 -0.01326188445091248, -0.01143635809421539, 0.9998466968536377]
2020/03/09 16:29:12 747745	INFO [input.cpp->run:278]	frame times (ms): 324.235
2020/03/09 16:29:12 747752	INFO [input.cpp->run:279]	FPS: 3.08418
2020/03/09 16:29:12 782301	INFO [input.cpp->run:173]	
frame_id 39
2020/03/09 16:29:12 886311	WARNING [visualOdometry.cpp->trackingFrame2Frame:280]	The Estimated Rotation and translation matrices(using getTransformation function) are : 
    0.997716    0.0603006   -0.0304248   3.9991e-05
   -0.059254     0.997657    0.0342056 -2.40132e-05
   0.0324165   -0.0323246     0.998952 -0.000192285
           0            0            0            1
2020/03/09 16:29:12 887639	INFO [input.cpp->run:255]	rotation: 
[0.9977163672447205, 0.06030064821243286, -0.03042483329772949;
 -0.05925402790307999, 0.9976568818092346, 0.03420558571815491;
 0.03241646289825439, -0.03232464194297791, 0.9989516735076904]
2020/03/09 16:29:12 887705	INFO [input.cpp->run:278]	frame times (ms): 327.681
2020/03/09 16:29:12 887713	INFO [input.cpp->run:279]	FPS: 3.05175
2020/03/09 16:29:12 918095	INFO [input.cpp->run:173]	
frame_id 40
2020/03/09 16:29:13 018019	WARNING [visualOdometry.cpp->trackingFrame2Frame:280]	The Estimated Rotation and translation matrices(using getTransformation function) are : 
   -0.933556    -0.107044     0.342072 -0.000124438
    0.271797    -0.833572     0.480919 -0.000249024
    0.233662     0.541939     0.807282   -0.0007792
           0            0            0            1
2020/03/09 16:29:13 019406	INFO [input.cpp->run:255]	rotation: 
[-0.9335564970970154, -0.107044406235218, 0.342071920633316;
 0.2717974483966827, -0.8335723876953125, 0.4809189736843109;
 0.2336620539426804, 0.5419394969940186, 0.8072819113731384]
2020/03/09 16:29:13 019447	INFO [input.cpp->run:278]	frame times (ms): 308.878
2020/03/09 16:29:13 019451	INFO [input.cpp->run:279]	FPS: 3.23752
2020/03/09 16:29:13 050711	INFO [input.cpp->run:173]	
frame_id 41
2020/03/09 16:29:13 154456	WARNING [visualOdometry.cpp->trackingFrame2Frame:280]	The Estimated Rotation and translation matrices(using getTransformation function) are : 
    0.999886   -0.0135796   0.00660151  0.000493966
   0.0138234     0.999166    -0.038418  0.000765517
 -0.00607467    0.0385048      0.99924 -1.36867e-05
           0            0            0            1
2020/03/09 16:29:13 155697	INFO [input.cpp->run:255]	rotation: 
[0.9998857975006104, -0.0135795921087265, 0.006601512432098389;
 0.01382336020469666, 0.9991660118103027, -0.0384179949760437;
 -0.006074666976928711, 0.03850477933883667, 0.9992398619651794]
2020/03/09 16:29:13 155760	INFO [input.cpp->run:278]	frame times (ms): 322.361
2020/03/09 16:29:13 155766	INFO [input.cpp->run:279]	FPS: 3.10211
2020/03/09 16:29:13 183350	INFO [input.cpp->run:173]	
frame_id 42
2020/03/09 16:29:13 280557	WARNING [visualOdometry.cpp->trackingFrame2Frame:280]	The Estimated Rotation and translation matrices(using getTransformation function) are : 
    0.999506    -0.031243   0.00348866 -0.000179879
   0.0312188      0.99949   0.00677482 -5.55548e-05
 -0.00369862  -0.00666255     0.999971  0.000234157
           0            0            0            1
2020/03/09 16:29:13 282629	INFO [input.cpp->run:255]	rotation: 
[0.9995059967041016, -0.03124295547604561, 0.003488659858703613;
 0.03121878951787949, 0.999489963054657, 0.006774816662073135;
 -0.003698617219924927, -0.006662547588348389, 0.9999710917472839]
2020/03/09 16:29:13 282683	INFO [input.cpp->run:278]	frame times (ms): 318.311
2020/03/09 16:29:13 282687	INFO [input.cpp->run:279]	FPS: 3.14158
2020/03/09 16:29:13 317093	INFO [input.cpp->run:173]	
frame_id 43
2020/03/09 16:29:13 412467	WARNING [visualOdometry.cpp->trackingFrame2Frame:280]	The Estimated Rotation and translation matrices(using getTransformation function) are : 
     0.99881    0.0459646   -0.0163022  5.14518e-05
  -0.0461865     0.998842   -0.0135077 -2.57138e-06
   0.0156626    0.0142445     0.999776 -0.000140026
           0            0            0            1
2020/03/09 16:29:13 413617	INFO [input.cpp->run:255]	rotation: 
[0.9988102316856384, 0.04596461355686188, -0.01630222797393799;
 -0.04618648439645767, 0.9988415837287903, -0.01350772380828857;
 0.0156625509262085, 0.01424449682235718, 0.9997761249542236]
2020/03/09 16:29:13 413673	INFO [input.cpp->run:278]	frame times (ms): 323.845
2020/03/09 16:29:13 413677	INFO [input.cpp->run:279]	FPS: 3.0879
2020/03/09 16:29:13 448571	INFO [input.cpp->run:173]	
frame_id 44
2020/03/09 16:29:13 541540	WARNING [visualOdometry.cpp->trackingFrame2Frame:280]	The Estimated Rotation and translation matrices(using getTransformation function) are : 
    0.999178   -0.0404802   0.00230482 -0.000203747
   0.0405233     0.998902   -0.0235131  -0.00011939
  -0.0013507    0.0235871     0.999721  0.000493892
           0            0            0            1
2020/03/09 16:29:13 544229	INFO [input.cpp->run:255]	rotation: 
[0.9991779327392578, -0.04048016667366028, 0.002304822206497192;
 0.04052327573299408, 0.9989020824432373, -0.02351309359073639;
 -0.001350700855255127, 0.02358709275722504, 0.9997210502624512]
2020/03/09 16:29:13 544283	INFO [input.cpp->run:278]	frame times (ms): 321.095
2020/03/09 16:29:13 544289	INFO [input.cpp->run:279]	FPS: 3.11434
2020/03/09 16:29:13 582873	INFO [input.cpp->run:173]	
frame_id 45
2020/03/09 16:29:13 676394	WARNING [visualOdometry.cpp->trackingFrame2Frame:280]	The Estimated Rotation and translation matrices(using getTransformation function) are : 
    0.998225    0.0593061   0.00551337 -0.000242844
  -0.0594539     0.997709     0.032293 -0.000108836
 -0.00358567   -0.0325634     0.999463 -0.000357769
           0            0            0            1
2020/03/09 16:29:13 677442	INFO [input.cpp->run:255]	rotation: 
[0.9982247352600098, 0.05930612981319427, 0.005513370037078857;
 -0.05945394188165665, 0.9977088570594788, 0.03229299932718277;
 -0.003585666418075562, -0.03256338089704514, 0.9994633197784424]
2020/03/09 16:29:13 677495	INFO [input.cpp->run:278]	frame times (ms): 321.682
2020/03/09 16:29:13 677499	INFO [input.cpp->run:279]	FPS: 3.10866
2020/03/09 16:29:13 716528	INFO [input.cpp->run:173]	
frame_id 46
2020/03/09 16:29:13 809794	WARNING [visualOdometry.cpp->trackingFrame2Frame:280]	The Estimated Rotation and translation matrices(using getTransformation function) are : 
   0.989599    0.140581  -0.0305242 0.000265945
  -0.138528    0.988459   0.0613039 -0.00039623
  0.0387901  -0.0564377    0.997652 0.000804067
          0           0           0           1
2020/03/09 16:29:13 810922	INFO [input.cpp->run:255]	rotation: 
[0.9895985126495361, 0.1405805349349976, -0.03052423894405365;
 -0.1385279595851898, 0.9884594082832336, 0.06130386516451836;
 0.03879010677337646, -0.05643774569034576, 0.9976524114608765]
2020/03/09 16:29:13 810962	INFO [input.cpp->run:278]	frame times (ms): 316.87
2020/03/09 16:29:13 810967	INFO [input.cpp->run:279]	FPS: 3.15587
2020/03/09 16:29:13 851877	INFO [input.cpp->run:173]	
frame_id 47
2020/03/09 16:29:13 954335	WARNING [visualOdometry.cpp->trackingFrame2Frame:280]	The Estimated Rotation and translation matrices(using getTransformation function) are : 
    0.998189   -0.0601557  0.000104621 -6.08899e-06
    0.060108     0.997329   -0.0415043  0.000632446
   0.0023925    0.0414355     0.999138  0.000760734
           0            0            0            1
