		g3log created log at: Sun Mar 08 15:49:18 2020
		LOG format: [YYYY/MM/DD hh:mm:ss uuu* LEVEL FILE->FUNCTION:LINE] message		(uuu*: microseconds fractions of the seconds value)

2020/03/08 15:49:18 840508	INFO [g3logger.h->logBanner:29]	Starting log.
2020/03/08 15:49:18 846952	DEBUG [main.cpp->main:49]	Filepath: /home/mitchell/KITTI/data_odometry_gray/dataset/sequences/00/
2020/03/08 15:49:18 846958	DEBUG [main.cpp->main:53]	Calibration Filepath: /home/mitchell/visual_odom_ws/src/visual_odom/calibration/old/zed.yaml
2020/03/08 15:49:18 847043	INFO [main.cpp->main:67]	P_left: 
[718.85602, 0, 607.19281, 0;
 0, 718.85602, 185.2157, 0;
 0, 0, 1, 0]
2020/03/08 15:49:18 847052	INFO [main.cpp->main:68]	P_right: 
[718.85602, 0, 607.19281, -386.14481;
 0, 718.85602, 185.2157, 0;
 0, 0, 1, 0]
2020/03/08 15:49:18 926900	INFO [input.cpp->Input:22]	frame_pose [1, 0, 0, 0;
 0, 1, 0, 0;
 0, 0, 1, 0;
 0, 0, 0, 1]
2020/03/08 15:49:19 158980	INFO [input.cpp->run:173]	
frame_id 1
2020/03/08 15:49:19 256835	INFO [input.cpp->run:235]	rotation: 
[0.9998968706130694, -0.002147413551967911, -0.01419988567656417;
 0.002137086660139121, 0.9999974408587304, -0.0007423857467121703;
 0.01420144354626399, 0.0007119627986703601, 0.9998989009445783]
2020/03/08 15:49:19 256879	INFO [input.cpp->run:256]	frame times (ms): 120.442
2020/03/08 15:49:19 256882	INFO [input.cpp->run:257]	FPS: 8.30275
2020/03/08 15:49:19 270614	INFO [input.cpp->run:173]	
frame_id 2
2020/03/08 15:49:19 310450	INFO [input.cpp->run:235]	rotation: 
[0.9999166182066234, -0.0006903950422807125, -0.0128949598260515;
 0.0006480919895761263, 0.9999943960720181, -0.003284478852527204;
 0.01289715515154157, 0.003275847866621003, 0.9999114621854036]
2020/03/08 15:49:19 310484	INFO [input.cpp->run:256]	frame times (ms): 52.564
2020/03/08 15:49:19 310486	INFO [input.cpp->run:257]	FPS: 19.0244
2020/03/08 15:49:19 315110	INFO [input.cpp->run:173]	
frame_id 3
2020/03/08 15:49:19 348748	INFO [input.cpp->run:235]	rotation: 
[0.9999821197844336, -0.005045660758292804, 0.003209582362681605;
 0.005045319989851277, 0.9999872657643338, 0.0001142601048730238;
 -0.003210118008830804, -9.806469182420643e-05, 0.9999948427495442]
2020/03/08 15:49:19 348806	INFO [input.cpp->run:256]	frame times (ms): 43.999
2020/03/08 15:49:19 348809	INFO [input.cpp->run:257]	FPS: 22.7278
2020/03/08 15:49:19 356958	INFO [input.cpp->run:173]	
frame_id 4
2020/03/08 15:49:19 389761	INFO [input.cpp->run:235]	rotation: 
[0.9999843033268289, -0.00362891458325607, -0.004268966959829668;
 0.003626771215168907, 0.9999932933378655, -0.0005097154524839539;
 0.004270788043149435, 0.0004942248851586687, 0.9999907580129195]
2020/03/08 15:49:19 389804	INFO [input.cpp->run:256]	frame times (ms): 41.397
2020/03/08 15:49:19 389807	INFO [input.cpp->run:257]	FPS: 24.1563
2020/03/08 15:49:19 416538	INFO [input.cpp->run:173]	
frame_id 5
2020/03/08 15:49:19 449041	INFO [input.cpp->run:235]	rotation: 
[0.9999195133745921, -0.005264805859944926, -0.01154333539217104;
 0.005268315662108377, 0.999986084881327, 0.0002736673158346092;
 0.01154173396000109, -0.0003344592239154178, 0.99993333603507]
2020/03/08 15:49:19 449072	INFO [input.cpp->run:256]	frame times (ms): 44.058
2020/03/08 15:49:19 449074	INFO [input.cpp->run:257]	FPS: 22.6974
2020/03/08 15:49:19 483230	INFO [input.cpp->run:173]	
frame_id 6
2020/03/08 15:49:19 513446	INFO [input.cpp->run:235]	rotation: 
[0.9999460349769801, 0.009952016290841314, 0.002980688773229678;
 -0.009916729787667, 0.9998832172744463, -0.01162799566652937;
 -0.003096062682573846, 0.0115978094763303, 0.9999279500100077]
2020/03/08 15:49:19 513475	INFO [input.cpp->run:256]	frame times (ms): 41.295
2020/03/08 15:49:19 513477	INFO [input.cpp->run:257]	FPS: 24.216
2020/03/08 15:49:19 549889	INFO [input.cpp->run:173]	
frame_id 7
2020/03/08 15:49:19 574715	INFO [input.cpp->run:235]	rotation: 
[0.99974169822748, 0.02174709548598498, 0.006603079823671149;
 -0.02165316007635881, 0.9996678093068123, -0.01397897329657281;
 -0.006904888409083953, 0.01383238495857337, 0.999880486679491]
2020/03/08 15:49:19 574743	INFO [input.cpp->run:256]	frame times (ms): 37.091
2020/03/08 15:49:19 574745	INFO [input.cpp->run:257]	FPS: 26.9607
2020/03/08 15:49:19 616703	INFO [input.cpp->run:173]	
frame_id 8
2020/03/08 15:49:19 650002	INFO [input.cpp->run:235]	rotation: 
[0.9999934111839996, -0.0002649843713980994, 0.003620410456160944;
 0.0002557653119370013, 0.999996724602815, 0.002546638519100466;
 -0.00362107341728589, -0.002545695764358184, 0.999990203582206]
2020/03/08 15:49:19 650033	INFO [input.cpp->run:256]	frame times (ms): 44.742
2020/03/08 15:49:19 650036	INFO [input.cpp->run:257]	FPS: 22.3504
2020/03/08 15:49:19 683331	INFO [input.cpp->run:173]	
frame_id 9
2020/03/08 15:49:19 715230	INFO [input.cpp->run:235]	rotation: 
[0.9999838823043445, -0.005626706898160796, 0.0007584860004963021;
 0.005625793638479678, 0.9999834540539938, 0.001200859767587805;
 -0.0007652303365659014, -0.001196573326779078, 0.9999989913168941]
2020/03/08 15:49:19 715256	INFO [input.cpp->run:256]	frame times (ms): 42.98
2020/03/08 15:49:19 715258	INFO [input.cpp->run:257]	FPS: 23.2666
2020/03/08 15:49:19 750241	INFO [input.cpp->run:173]	
frame_id 10
2020/03/08 15:49:19 783693	INFO [input.cpp->run:235]	rotation: 
[0.9999253715531742, -0.003932838526791183, 0.01156650791590907;
 0.003931646890666518, 0.9999922631384608, 0.0001257614665567346;
 -0.01156691302697969, -8.02766562903614e-05, 0.9999330978013903]
2020/03/08 15:49:19 783721	INFO [input.cpp->run:256]	frame times (ms): 44.8
2020/03/08 15:49:19 783722	INFO [input.cpp->run:257]	FPS: 22.3214
2020/03/08 15:49:19 816585	INFO [input.cpp->run:173]	
frame_id 11
2020/03/08 15:49:19 843960	INFO [input.cpp->run:235]	rotation: 
[0.9999948849513546, 0.003198447745634081, 1.77356465198695e-06;
 -0.003198414525785753, 0.999986737189982, -0.004036779490538758;
 -1.468496939067151e-05, 0.004036753169620348, 0.999991852170906]
2020/03/08 15:49:19 843995	INFO [input.cpp->run:256]	frame times (ms): 39.342
2020/03/08 15:49:19 843999	INFO [input.cpp->run:257]	FPS: 25.4181
2020/03/08 15:49:19 883292	INFO [input.cpp->run:173]	
frame_id 12
2020/03/08 15:49:19 916779	INFO [input.cpp->run:235]	rotation: 
[0.9999930280501788, 0.000384423024951583, -0.003714306122580184;
 -0.0003926620494841226, 0.9999974637814055, -0.002217712170567127;
 0.003713444162666849, 0.00221915517584366, 0.9999906427975995]
2020/03/08 15:49:19 916807	INFO [input.cpp->run:256]	frame times (ms): 45.67
2020/03/08 15:49:19 916809	INFO [input.cpp->run:257]	FPS: 21.8962
2020/03/08 15:49:19 950029	INFO [input.cpp->run:173]	
frame_id 13
2020/03/08 15:49:19 981113	INFO [input.cpp->run:235]	rotation: 
[0.9999018740040673, 0.01375899966596157, 0.002632924485532151;
 -0.01373181617683444, 0.9998549241810879, -0.01007808589547463;
 -0.002771206892325647, 0.01004094213821623, 0.9999457484750545]
2020/03/08 15:49:19 981144	INFO [input.cpp->run:256]	frame times (ms): 43.418
2020/03/08 15:49:19 981147	INFO [input.cpp->run:257]	FPS: 23.0319
2020/03/08 15:49:20 016657	INFO [input.cpp->run:173]	
frame_id 14
2020/03/08 15:49:20 050800	INFO [input.cpp->run:235]	rotation: 
[0.9999593608879578, 0.002890766209614156, 0.008539323349561962;
 -0.002864498298507787, 0.9999911332965672, -0.003086742254390043;
 -0.008548170684121085, 0.003062155934720493, 0.9999587751397487]
2020/03/08 15:49:20 050829	INFO [input.cpp->run:256]	frame times (ms): 46.71
2020/03/08 15:49:20 050831	INFO [input.cpp->run:257]	FPS: 21.4087
2020/03/08 15:49:20 083128	INFO [input.cpp->run:173]	
frame_id 15
2020/03/08 15:49:20 112861	INFO [input.cpp->run:235]	rotation: 
[0.9999644714535024, -0.00331633428974578, -0.007749694032420273;
 0.003310473755761982, 0.9999942247358901, -0.0007689332731368675;
 0.007752199315670694, 0.0007432507953458067, 0.9999696750322108]
2020/03/08 15:49:20 112888	INFO [input.cpp->run:256]	frame times (ms): 42.164
2020/03/08 15:49:20 112890	INFO [input.cpp->run:257]	FPS: 23.7169
2020/03/08 15:49:20 150027	INFO [input.cpp->run:173]	
frame_id 16
2020/03/08 15:49:20 171844	INFO [input.cpp->run:235]	rotation: 
[0.999995560082855, -0.002805076898959459, 0.001005663049058612;
 0.002805821050205604, 0.9999957903818053, -0.0007393151579004507;
 -0.001003584979730666, 0.000742133585954868, 0.9999992210271611]
2020/03/08 15:49:20 171871	INFO [input.cpp->run:256]	frame times (ms): 34.623
2020/03/08 15:49:20 171873	INFO [input.cpp->run:257]	FPS: 28.8825
2020/03/08 15:49:20 216910	INFO [input.cpp->run:173]	
frame_id 17
2020/03/08 15:49:20 244511	INFO [input.cpp->run:235]	rotation: 
[0.9999939124310369, 0.00348273297976745, -0.0002137097553637177;
 -0.003483496889744816, 0.9999871436405029, -0.00368480706787116;
 0.0002008738087349196, 0.003685529093622136, 0.9999931882393065]
2020/03/08 15:49:20 244538	INFO [input.cpp->run:256]	frame times (ms): 41.999
2020/03/08 15:49:20 244540	INFO [input.cpp->run:257]	FPS: 23.8101
2020/03/08 15:49:20 283342	INFO [input.cpp->run:173]	
frame_id 18
2020/03/08 15:49:20 318457	INFO [input.cpp->run:235]	rotation: 
[0.9998589775456791, 0.01679281089209188, 0.0001628608351430305;
 -0.01678939642639961, 0.9997786472565859, -0.01267961582336811;
 -0.0003757511761565735, 0.0126750933777013, 0.9999195971771532]
2020/03/08 15:49:20 318486	INFO [input.cpp->run:256]	frame times (ms): 48.093
2020/03/08 15:49:20 318488	INFO [input.cpp->run:257]	FPS: 20.793
2020/03/08 15:49:20 350098	INFO [input.cpp->run:173]	
frame_id 19
2020/03/08 15:49:20 374788	INFO [input.cpp->run:235]	rotation: 
[0.999765389295361, 0.02162633467103515, -0.001211617015311015;
 -0.02164225773505633, 0.9996503400570503, -0.01519244233008633;
 0.0008826365190737161, 0.01521510014820762, 0.999883854095192]
2020/03/08 15:49:20 374816	INFO [input.cpp->run:256]	frame times (ms): 36.989
2020/03/08 15:49:20 374819	INFO [input.cpp->run:257]	FPS: 27.0351
2020/03/08 15:49:20 416885	INFO [input.cpp->run:173]	
frame_id 20
2020/03/08 15:49:20 453450	INFO [input.cpp->run:235]	rotation: 
[0.999988372717166, -0.0005817791014985739, 0.004787062100217303;
 0.0005887761020570056, 0.9999987603321365, -0.001460368751996243;
 -0.004786206553829863, 0.001463170279639393, 0.9999874756013482]
2020/03/08 15:49:20 453484	INFO [input.cpp->run:256]	frame times (ms): 52.293
2020/03/08 15:49:20 453488	INFO [input.cpp->run:257]	FPS: 19.123
2020/03/08 15:49:20 483208	INFO [input.cpp->run:173]	
frame_id 21
2020/03/08 15:49:20 516163	INFO [input.cpp->run:235]	rotation: 
[0.9998844583149531, 0.01356452737575791, 0.006861021591943658;
 -0.01349636205924602, 0.9998600502677185, -0.009885751858164283;
 -0.006994156945518707, 0.009792010810235457, 0.9999275965253253]
2020/03/08 15:49:20 516199	INFO [input.cpp->run:256]	frame times (ms): 45.455
2020/03/08 15:49:20 516202	INFO [input.cpp->run:257]	FPS: 21.9998
2020/03/08 15:49:20 550160	INFO [input.cpp->run:173]	
frame_id 22
2020/03/08 15:49:20 582984	INFO [input.cpp->run:235]	rotation: 
[0.9999865585345024, 0.002845238622473028, 0.004334439698906963;
 -0.002830707588456204, 0.9999903657778311, -0.003354913719958348;
 -0.004343943470043017, 0.003342599093653933, 0.999984978480391]
2020/03/08 15:49:20 583014	INFO [input.cpp->run:256]	frame times (ms): 45.799
2020/03/08 15:49:20 583015	INFO [input.cpp->run:257]	FPS: 21.8345
2020/03/08 15:49:20 616562	INFO [input.cpp->run:173]	
frame_id 23
2020/03/08 15:49:20 650850	INFO [input.cpp->run:235]	rotation: 
[0.999010257200556, 0.04445476456073708, -0.001509939047888484;
 -0.0444739213948145, 0.9977096925394993, -0.05096508342488767;
 -0.0007591599612495029, 0.05098179401107158, 0.998699294260072]
2020/03/08 15:49:20 650879	INFO [input.cpp->run:256]	frame times (ms): 46.318
2020/03/08 15:49:20 650881	INFO [input.cpp->run:257]	FPS: 21.5899
2020/03/08 15:49:20 683149	INFO [input.cpp->run:173]	
frame_id 24
2020/03/08 15:49:20 712682	INFO [input.cpp->run:235]	rotation: 
[0.9999844161890103, -0.005223547794230781, -0.001970260786179982;
 0.005236070795555961, 0.9999657770761866, 0.006405328956599248;
 0.001936734816152638, -0.006415545562125608, 0.999977544664575]
2020/03/08 15:49:20 712714	INFO [input.cpp->run:256]	frame times (ms): 41.69
2020/03/08 15:49:20 712717	INFO [input.cpp->run:257]	FPS: 23.9866
2020/03/08 15:49:20 750009	INFO [input.cpp->run:173]	
frame_id 25
2020/03/08 15:49:20 786581	INFO [input.cpp->run:235]	rotation: 
[0.9999998966260222, 0.0004538435530082762, 2.782039253060269e-05;
 -0.0004537798756373532, 0.9999973710222885, -0.002247672648745225;
 -2.884041113231686e-05, 0.002247659792060099, 0.9999974735936535]
2020/03/08 15:49:20 786611	INFO [input.cpp->run:256]	frame times (ms): 51.526
2020/03/08 15:49:20 786613	INFO [input.cpp->run:257]	FPS: 19.4077
2020/03/08 15:49:20 816461	INFO [input.cpp->run:173]	
frame_id 26
2020/03/08 15:49:20 847523	INFO [input.cpp->run:235]	rotation: 
[0.9999548789028199, 0.009461615175557174, -0.0008473468691358123;
 -0.009467122601222696, 0.9999324011777996, -0.00675030847099225;
 0.0007834207684166311, 0.006758025826363605, 0.999976857401625]
2020/03/08 15:49:20 847553	INFO [input.cpp->run:256]	frame times (ms): 44.216
2020/03/08 15:49:20 847556	INFO [input.cpp->run:257]	FPS: 22.6162
2020/03/08 15:49:20 883228	INFO [input.cpp->run:173]	
frame_id 27
2020/03/08 15:49:20 923766	INFO [input.cpp->run:235]	rotation: 
[0.9998045411082261, 0.01975691153291173, -0.0007375812159332088;
 -0.0197680713662101, 0.9995823791849271, -0.02107820147595745;
 0.0003208330248312475, 0.02108866211217131, 0.9997775579580134]
2020/03/08 15:49:20 923795	INFO [input.cpp->run:256]	frame times (ms): 56.479
2020/03/08 15:49:20 923797	INFO [input.cpp->run:257]	FPS: 17.7057
2020/03/08 15:49:20 949799	INFO [input.cpp->run:173]	
frame_id 28
2020/03/08 15:49:20 977884	INFO [input.cpp->run:235]	rotation: 
[0.9999864113256742, 0.003639420391156185, -0.003732530403885862;
 -0.003636794105671282, 0.9999931346723635, 0.000710166722136544;
 0.003735089374091391, -0.000696582627340149, 0.999992781913955]
2020/03/08 15:49:20 977912	INFO [input.cpp->run:256]	frame times (ms): 41.799
2020/03/08 15:49:20 977914	INFO [input.cpp->run:257]	FPS: 23.924
2020/03/08 15:49:21 016721	INFO [input.cpp->run:173]	
frame_id 29
2020/03/08 15:49:21 059807	INFO [input.cpp->run:235]	rotation: 
[0.9998476585555509, -0.01590074571982959, -0.007199025387914313;
 0.01605243637810354, 0.9996393706201412, 0.02152784226286959;
 0.006854120462134591, -0.02164012457730724, 0.9997423298235246]
2020/03/08 15:49:21 059836	INFO [input.cpp->run:256]	frame times (ms): 58.539
2020/03/08 15:49:21 059838	INFO [input.cpp->run:257]	FPS: 17.0826
2020/03/08 15:49:21 083253	INFO [input.cpp->run:173]	
frame_id 30
2020/03/08 15:49:21 117367	INFO [input.cpp->run:235]	rotation: 
[0.9998792955287812, 0.01499799307412211, -0.004056424116992748;
 -0.01503704043791941, 0.999839172648152, -0.00977324168979637;
 0.003909192721868753, 0.00983305862930668, 0.9999440130178568]
2020/03/08 15:49:21 117394	INFO [input.cpp->run:256]	frame times (ms): 47.085
2020/03/08 15:49:21 117396	INFO [input.cpp->run:257]	FPS: 21.2382
2020/03/08 15:49:21 150019	INFO [input.cpp->run:173]	
frame_id 31
2020/03/08 15:49:21 176663	INFO [input.cpp->run:235]	rotation: 
[0.9999977603847882, -0.0008205042182776221, 0.001950896777305842;
 0.0008234572205019522, 0.9999985158546678, -0.001513342878445588;
 -0.001949652177676032, 0.001514945969177583, 0.9999969518929028]
2020/03/08 15:49:21 176690	INFO [input.cpp->run:256]	frame times (ms): 39.189
2020/03/08 15:49:21 176692	INFO [input.cpp->run:257]	FPS: 25.5174
2020/03/08 15:49:21 216593	INFO [input.cpp->run:173]	
frame_id 32
2020/03/08 15:49:21 250795	INFO [input.cpp->run:235]	rotation: 
[0.9999501119589499, 0.009988307715908855, -8.545323860963938e-05;
 -0.009988660247981503, 0.9999260206013533, -0.006941180792366399;
 1.6116267164523e-05, 0.006941688073821654, 0.999975906063217]
2020/03/08 15:49:21 250824	INFO [input.cpp->run:256]	frame times (ms): 47.462
2020/03/08 15:49:21 250827	INFO [input.cpp->run:257]	FPS: 21.0695
2020/03/08 15:49:21 283188	INFO [input.cpp->run:173]	
frame_id 33
2020/03/08 15:49:21 316215	INFO [input.cpp->run:235]	rotation: 
[0.9999913559843865, -0.003964212699949571, -0.0012541826731499;
 0.003963987229104809, 0.9999921267714118, -0.0001822098681445279;
 0.001254895117356377, 0.000177236729020252, 0.9999991969123707]
2020/03/08 15:49:21 316247	INFO [input.cpp->run:256]	frame times (ms): 45.873
2020/03/08 15:49:21 316249	INFO [input.cpp->run:257]	FPS: 21.7993
2020/03/08 15:49:21 350225	INFO [input.cpp->run:173]	
frame_id 34
2020/03/08 15:49:21 383831	INFO [input.cpp->run:235]	rotation: 
[0.9998621178901436, 0.01659425374338014, -0.0006131483808321075;
 -0.01660067689298297, 0.9997824073366369, -0.0126315282865454;
 0.0004034041786892675, 0.01263996530293219, 0.9999200310735901]
2020/03/08 15:49:21 383861	INFO [input.cpp->run:256]	frame times (ms): 46.347
2020/03/08 15:49:21 383863	INFO [input.cpp->run:257]	FPS: 21.5764
2020/03/08 15:49:21 416607	INFO [input.cpp->run:173]	
frame_id 35
2020/03/08 15:49:21 446301	INFO [input.cpp->run:235]	rotation: 
[0.9998693960158755, 0.01586740236341178, -0.003068623972687948;
 -0.01590330416523024, 0.9998008932898736, -0.01205233145075766;
 0.002876773796517758, 0.01209955862865858, 0.9999226594359762]
2020/03/08 15:49:21 446331	INFO [input.cpp->run:256]	frame times (ms): 42.264
2020/03/08 15:49:21 446333	INFO [input.cpp->run:257]	FPS: 23.6608
2020/03/08 15:49:21 483219	INFO [input.cpp->run:173]	
frame_id 36
2020/03/08 15:49:21 513805	INFO [input.cpp->run:235]	rotation: 
[0.9999115856581405, 0.01320788783756083, -0.001540313439992353;
 -0.01322028088079358, 0.9998778757010645, -0.008334138045385998;
 0.001430048969767147, 0.008353764564376909, 0.9999640841437991]
2020/03/08 15:49:21 513834	INFO [input.cpp->run:256]	frame times (ms): 42.691
2020/03/08 15:49:21 513836	INFO [input.cpp->run:257]	FPS: 23.4241
2020/03/08 15:49:21 549888	INFO [input.cpp->run:173]	
frame_id 37
2020/03/08 15:49:21 583100	INFO [input.cpp->run:235]	rotation: 
[0.9999940282510134, -0.003437900310134841, 0.0003525673966345084;
 0.003437877697010162, 0.9999940883863697, 6.472444479164457e-05;
 -0.0003527878285811033, -6.351197468392426e-05, 0.9999999357534864]
2020/03/08 15:49:21 583131	INFO [input.cpp->run:256]	frame times (ms): 45.952
2020/03/08 15:49:21 583134	INFO [input.cpp->run:257]	FPS: 21.7618
2020/03/08 15:49:21 616486	INFO [input.cpp->run:173]	
frame_id 38
2020/03/08 15:49:21 640192	INFO [input.cpp->run:235]	rotation: 
[0.999961036047856, 0.008815606099859801, 0.0004598643176078046;
 -0.008812643103114613, 0.9999426231412569, -0.006089971011369834;
 -0.0005135247176336135, 0.006085681101923855, 0.9999813502150378]
2020/03/08 15:49:21 640221	INFO [input.cpp->run:256]	frame times (ms): 36.698
2020/03/08 15:49:21 640223	INFO [input.cpp->run:257]	FPS: 27.2494
2020/03/08 15:49:21 683853	INFO [input.cpp->run:173]	
frame_id 39
2020/03/08 15:49:21 726288	INFO [input.cpp->run:235]	rotation: 
[0.9998429128373861, 0.01633580853809061, -0.006876845807344218;
 -0.01642319275818249, 0.9997825756312679, -0.01284835412554821;
 0.006665462360461147, 0.01295927557831668, 0.9998938087557131]
2020/03/08 15:49:21 726318	INFO [input.cpp->run:256]	frame times (ms): 59.122
2020/03/08 15:49:21 726321	INFO [input.cpp->run:257]	FPS: 16.9142
2020/03/08 15:49:21 749892	INFO [input.cpp->run:173]	
frame_id 40
2020/03/08 15:49:21 779516	INFO [input.cpp->run:235]	rotation: 
[0.9999063913363501, 0.01162829832938677, -0.007210495314520983;
 -0.01168547692606731, 0.9999002048064979, -0.007939147116284167;
 0.007117456970596781, 0.008022662019955443, 0.9999424876963601]
2020/03/08 15:49:21 779545	INFO [input.cpp->run:256]	frame times (ms): 41.968
2020/03/08 15:49:21 779547	INFO [input.cpp->run:257]	FPS: 23.8277
2020/03/08 15:49:21 816510	INFO [input.cpp->run:173]	
frame_id 41
2020/03/08 15:49:21 851300	INFO [input.cpp->run:235]	rotation: 
[0.9998930106800965, 0.007358061773589595, 0.01264223556292543;
 -0.007336976440710506, 0.9999716160813317, -0.001713420088074904;
 -0.01265448417759159, 0.001620480985941876, 0.9999186157240865]
2020/03/08 15:49:21 851331	INFO [input.cpp->run:256]	frame times (ms): 47.119
2020/03/08 15:49:21 851334	INFO [input.cpp->run:257]	FPS: 21.2229
2020/03/08 15:49:21 883557	INFO [input.cpp->run:173]	
frame_id 42
2020/03/08 15:49:21 904825	INFO [input.cpp->run:235]	rotation: 
[0.9999410886375792, 0.01077804725776014, -0.001285671654193705;
 -0.01078703614437571, 0.9999158782394865, -0.007202520098997573;
 0.001207934399228749, 0.007215964375329264, 0.9999732350181284]
2020/03/08 15:49:21 904854	INFO [input.cpp->run:256]	frame times (ms): 33.118
2020/03/08 15:49:21 904857	INFO [input.cpp->run:257]	FPS: 30.1951
2020/03/08 15:49:21 950308	INFO [input.cpp->run:173]	
frame_id 43
2020/03/08 15:49:21 991965	INFO [input.cpp->run:235]	rotation: 
[0.9999668771142282, 0.007759023327742519, 0.002458095079049876;
 -0.007750921701331884, 0.9999645540127006, -0.003288454190131635;
 -0.002483523142216367, 0.003269292764546984, 0.9999915718832944]
2020/03/08 15:49:21 991995	INFO [input.cpp->run:256]	frame times (ms): 58.844
2020/03/08 15:49:21 991996	INFO [input.cpp->run:257]	FPS: 16.9941
2020/03/08 15:49:22 016488	INFO [input.cpp->run:173]	
frame_id 44
2020/03/08 15:49:22 036906	INFO [input.cpp->run:235]	rotation: 
[0.9999521356974305, 0.009393259757860668, 0.002737331779114729;
 -0.009383450283691266, 0.9999495850425612, -0.003574665576412171;
 -0.002770771538956312, 0.003548808860878145, 0.9999898643390082]
2020/03/08 15:49:22 036932	INFO [input.cpp->run:256]	frame times (ms): 32.736
2020/03/08 15:49:22 036935	INFO [input.cpp->run:257]	FPS: 30.5474
2020/03/08 15:49:22 083735	INFO [input.cpp->run:173]	
frame_id 45
2020/03/08 15:49:22 133607	INFO [input.cpp->run:235]	rotation: 
[0.9991480582494683, -0.0247299490276839, 0.03303917852195028;
 0.02359248788820847, 0.999130157688686, 0.03438491692917347;
 -0.03386077688952044, -0.03357614656373747, 0.9988623980160474]
2020/03/08 15:49:22 133644	INFO [input.cpp->run:256]	frame times (ms): 70.213
2020/03/08 15:49:22 133647	INFO [input.cpp->run:257]	FPS: 14.2424
2020/03/08 15:49:22 150129	INFO [input.cpp->run:173]	
frame_id 46
2020/03/08 15:49:22 184699	INFO [input.cpp->run:235]	rotation: 
[0.9999410149158466, 0.01027094359467425, -0.00353191261806674;
 -0.01030061948130864, 0.9999109108620658, -0.00848926247062109;
 0.003444405227020204, 0.0085251426186798, 0.9999577281145254]
2020/03/08 15:49:22 184728	INFO [input.cpp->run:256]	frame times (ms): 47.006
2020/03/08 15:49:22 184732	INFO [input.cpp->run:257]	FPS: 21.2739
2020/03/08 15:49:22 216728	INFO [input.cpp->run:173]	
frame_id 47
2020/03/08 15:49:22 249739	INFO [input.cpp->run:235]	rotation: 
[0.9999625357532085, 0.008157895441768405, 0.002894102965417308;
 -0.008136695631538779, 0.9999405208654962, -0.007262844858580868;
 -0.002953180355643848, 0.007239024326612743, 0.9999694371592492]
2020/03/08 15:49:22 249768	INFO [input.cpp->run:256]	frame times (ms): 45.796
2020/03/08 15:49:22 249770	INFO [input.cpp->run:257]	FPS: 21.836
2020/03/08 15:49:22 283134	INFO [input.cpp->run:173]	
frame_id 48
2020/03/08 15:49:22 317253	INFO [input.cpp->run:235]	rotation: 
[0.9999195807351985, 0.01246462624920092, 0.002337767056982954;
 -0.01244612624772729, 0.9998923716358868, -0.007767823748465455;
 -0.002434338466733222, 0.007738102921861507, 0.9999670973384075]
2020/03/08 15:49:22 317282	INFO [input.cpp->run:256]	frame times (ms): 46.268
2020/03/08 15:49:22 317285	INFO [input.cpp->run:257]	FPS: 21.6132
2020/03/08 15:49:22 349842	INFO [input.cpp->run:173]	
frame_id 49
2020/03/08 15:49:22 383768	INFO [input.cpp->run:235]	rotation: 
[0.9996296487507812, 0.0270088289963674, -0.003329939133789844;
 -0.02709109618817197, 0.9992461450619633, -0.02780672735380929;
 0.002576401698682828, 0.02788664079897138, 0.999607771788133]
2020/03/08 15:49:22 383796	INFO [input.cpp->run:256]	frame times (ms): 46.965
2020/03/08 15:49:22 383798	INFO [input.cpp->run:257]	FPS: 21.2925
2020/03/08 15:49:22 416522	INFO [input.cpp->run:173]	
frame_id 50
2020/03/08 15:49:22 450656	INFO [input.cpp->run:235]	rotation: 
[0.9998877784198987, 0.01400141373225429, -0.005328318685833129;
 -0.01405876790726832, 0.9998419402334759, -0.01088327134127712;
 0.005175095308216074, 0.01095695959911062, 0.9999265790171268]
2020/03/08 15:49:22 450686	INFO [input.cpp->run:256]	frame times (ms): 46.235
2020/03/08 15:49:22 450688	INFO [input.cpp->run:257]	FPS: 21.6286
2020/03/08 15:49:22 483181	INFO [input.cpp->run:173]	
frame_id 51
2020/03/08 15:49:22 510078	INFO [input.cpp->run:235]	rotation: 
[0.9999989856295061, -0.001279602862870831, 0.000625584904153784;
 0.001280430899252747, 0.999998302413682, -0.001325015647598167;
 -0.0006238883483533947, 0.001325815321782775, 0.9999989264879544]
2020/03/08 15:49:22 510106	INFO [input.cpp->run:256]	frame times (ms): 39.363
2020/03/08 15:49:22 510108	INFO [input.cpp->run:257]	FPS: 25.4046
2020/03/08 15:49:22 550015	INFO [input.cpp->run:173]	
frame_id 52
2020/03/08 15:49:22 587085	INFO [input.cpp->run:235]	rotation: 
[0.9999340302555864, 0.01148497643142157, 0.0001745084233975755;
 -0.01148292664836228, 0.9998931003531185, -0.009051533672074676;
 -0.0002784464194007328, 0.009048932677286381, 0.9999590188027675]
2020/03/08 15:49:22 587121	INFO [input.cpp->run:256]	frame times (ms): 51.191
2020/03/08 15:49:22 587123	INFO [input.cpp->run:257]	FPS: 19.5347
2020/03/08 15:49:22 616534	INFO [input.cpp->run:173]	
frame_id 53
2020/03/08 15:49:22 650574	INFO [input.cpp->run:235]	rotation: 
[0.9998641915560964, 0.009632596428421828, 0.01337204284770764;
 -0.009571358149142466, 0.9999434464954504, -0.004636045079703677;
 -0.01341594376309837, 0.004507426854354446, 0.9998998427623129]
2020/03/08 15:49:22 650613	INFO [input.cpp->run:256]	frame times (ms): 47.063
2020/03/08 15:49:22 650617	INFO [input.cpp->run:257]	FPS: 21.2481
2020/03/08 15:49:22 683197	INFO [input.cpp->run:173]	
frame_id 54
2020/03/08 15:49:22 717670	INFO [input.cpp->run:235]	rotation: 
[0.9999932750841212, 0.003408541332278203, 0.001353378187856751;
 -0.003403373620313748, 0.9999869789473114, -0.003802497051934159;
 -0.001366321533815443, 0.003797865428838496, 0.999991854658652]
2020/03/08 15:49:22 717698	INFO [input.cpp->run:256]	frame times (ms): 47.059
2020/03/08 15:49:22 717701	INFO [input.cpp->run:257]	FPS: 21.2499
2020/03/08 15:49:22 749874	INFO [input.cpp->run:173]	
frame_id 55
2020/03/08 15:49:22 784568	INFO [input.cpp->run:235]	rotation: 
[0.9998730387341583, -0.01576141897462651, -0.002341812209922686;
 0.01581439900672518, 0.9995709554577191, 0.02465379868090667;
 0.001952228617849108, -0.02468770295610488, 0.9996933060324925]
2020/03/08 15:49:22 784606	INFO [input.cpp->run:256]	frame times (ms): 47.031
2020/03/08 15:49:22 784609	INFO [input.cpp->run:257]	FPS: 21.2626
2020/03/08 15:49:22 816558	INFO [input.cpp->run:173]	
frame_id 56
2020/03/08 15:49:22 846279	INFO [input.cpp->run:235]	rotation: 
[0.9999908933344021, 0.001213866056215267, 0.004091427313565285;
 -0.001210201915175036, 0.9999988645728191, -0.0008979222668048775;
 -0.004092512625408298, 0.0008929626365563846, 0.9999912269405871]
2020/03/08 15:49:22 846305	INFO [input.cpp->run:256]	frame times (ms): 41.978
2020/03/08 15:49:22 846307	INFO [input.cpp->run:257]	FPS: 23.822
2020/03/08 15:49:22 883152	INFO [input.cpp->run:173]	
frame_id 57
2020/03/08 15:49:22 917101	INFO [input.cpp->run:235]	rotation: 
[0.9998391731733529, 0.0170777657530747, -0.005475189942747758;
 -0.01716777551030943, 0.9997108464485172, -0.01683719030055094;
 0.005186065180238018, 0.01692847926047865, 0.9998432533741846]
2020/03/08 15:49:22 917130	INFO [input.cpp->run:256]	frame times (ms): 46.076
2020/03/08 15:49:22 917132	INFO [input.cpp->run:257]	FPS: 21.7033
2020/03/08 15:49:22 950291	INFO [input.cpp->run:173]	
frame_id 58
2020/03/08 15:49:22 983697	INFO [input.cpp->run:235]	rotation: 
[0.9999840894140331, 0.005637678063013839, -0.000193661676814223;
 -0.005637876763983146, 0.9999835649124531, -0.001041273535505312;
 0.000187788128998895, 0.001042348808900995, 0.9999994391221323]
2020/03/08 15:49:22 983726	INFO [input.cpp->run:256]	frame times (ms): 45.943
2020/03/08 15:49:22 983728	INFO [input.cpp->run:257]	FPS: 21.7661
2020/03/08 15:49:23 016613	INFO [input.cpp->run:173]	
frame_id 59
2020/03/08 15:49:23 041704	INFO [input.cpp->run:235]	rotation: 
[0.9999495825568019, 0.01001500670050793, -0.0007293732009901866;
 -0.01001842416998302, 0.9999380857970057, -0.004843113644174533;
 0.0006808242268320324, 0.004850176636873213, 0.9999880060605544]
2020/03/08 15:49:23 041733	INFO [input.cpp->run:256]	frame times (ms): 38.289
2020/03/08 15:49:23 041735	INFO [input.cpp->run:257]	FPS: 26.1172
2020/03/08 15:49:23 083329	INFO [input.cpp->run:173]	
frame_id 60
2020/03/08 15:49:23 122427	INFO [input.cpp->run:235]	rotation: 
[0.9999913624656802, 0.003142422860108073, 0.002720325826242884;
 -0.003132414150678716, 0.9999883385121535, -0.003675706910413194;
 -0.002731844728618662, 0.003667153974256025, 0.9999895444483946]
2020/03/08 15:49:23 122457	INFO [input.cpp->run:256]	frame times (ms): 54.948
2020/03/08 15:49:23 122458	INFO [input.cpp->run:257]	FPS: 18.199
2020/03/08 15:49:23 149879	INFO [input.cpp->run:173]	
frame_id 61
2020/03/08 15:49:23 179375	INFO [input.cpp->run:235]	rotation: 
[0.99996160587338, 0.008336867151444568, -0.002698782175400561;
 -0.008352915915256635, 0.9999471666927324, -0.005991044891287557;
 0.002648693044455635, 0.006013357570936129, 0.9999784117449138]
2020/03/08 15:49:23 179407	INFO [input.cpp->run:256]	frame times (ms): 41.317
2020/03/08 15:49:23 179410	INFO [input.cpp->run:257]	FPS: 24.2031
2020/03/08 15:49:23 216566	INFO [input.cpp->run:173]	
frame_id 62
2020/03/08 15:49:23 242440	INFO [input.cpp->run:235]	rotation: 
[0.9999904709759937, 0.001302264110461944, 0.004166781179382011;
 -0.001291158241827212, 0.9999956102250416, -0.002666916016905258;
 -0.004170235917164764, 0.002661510629936861, 0.9999877626719048]
2020/03/08 15:49:23 242471	INFO [input.cpp->run:256]	frame times (ms): 39.015
2020/03/08 15:49:23 242472	INFO [input.cpp->run:257]	FPS: 25.6312
2020/03/08 15:49:23 283523	INFO [input.cpp->run:173]	
frame_id 63
2020/03/08 15:49:23 323590	INFO [input.cpp->run:235]	rotation: 
[0.9998572512024025, 0.0001015401271111532, 0.01689576596601185;
 -0.0001706735753279003, 0.9999916198364305, 0.004090370086268098;
 -0.01689520904003093, -0.004092669851641877, 0.9998488895653078]
2020/03/08 15:49:23 323619	INFO [input.cpp->run:256]	frame times (ms): 54.958
2020/03/08 15:49:23 323621	INFO [input.cpp->run:257]	FPS: 18.1957
2020/03/08 15:49:23 349877	INFO [input.cpp->run:173]	
frame_id 64
2020/03/08 15:49:23 377472	INFO [input.cpp->run:235]	rotation: 
[0.9996200398846614, 0.01861582445536597, 0.02032798418030774;
 -0.01813703751515141, 0.9995595658989429, -0.02348876518872089;
 -0.02075629377229552, 0.02311115098310498, 0.9995174090375186]
2020/03/08 15:49:23 377502	INFO [input.cpp->run:256]	frame times (ms): 39.957
2020/03/08 15:49:23 377504	INFO [input.cpp->run:257]	FPS: 25.0269
2020/03/08 15:49:23 416671	INFO [input.cpp->run:173]	
frame_id 65
2020/03/08 15:49:23 432533	INFO [input.cpp->run:235]	rotation: 
[0.9997950140841987, -0.01965009284278619, -0.004878899839806323;
 0.01969410204733693, 0.999764252006353, 0.009142360457051009;
 0.004698101417174615, -0.009236571953244016, 0.9999463053492554]
2020/03/08 15:49:23 432558	INFO [input.cpp->run:256]	frame times (ms): 28.657
2020/03/08 15:49:23 432560	INFO [input.cpp->run:257]	FPS: 34.8955
2020/03/08 15:49:23 484909	INFO [input.cpp->run:173]	
frame_id 66
2020/03/08 15:49:23 526583	INFO [input.cpp->run:235]	rotation: 
[0.9984589898167884, -0.05116332335405707, -0.02149325469552665;
 0.05108527961297356, 0.9986856099308148, -0.004164939853193582;
 0.02167809633945952, 0.003060532712553511, 0.9997603179155554]
2020/03/08 15:49:23 526618	INFO [input.cpp->run:256]	frame times (ms): 61.342
2020/03/08 15:49:23 526622	INFO [input.cpp->run:257]	FPS: 16.302
2020/03/08 15:49:23 549891	INFO [input.cpp->run:173]	
frame_id 67
2020/03/08 15:49:23 571515	INFO [input.cpp->run:235]	rotation: 
[0.9988240932410031, -0.04804612949739544, -0.00648075625275424;
 0.0480229139641451, 0.9988394124846093, -0.003691585268279987;
 0.00665060115180746, 0.003376019508262991, 0.9999721856114796]
2020/03/08 15:49:23 571540	INFO [input.cpp->run:256]	frame times (ms): 30.484
2020/03/08 15:49:23 571543	INFO [input.cpp->run:257]	FPS: 32.8041
2020/03/08 15:49:23 616975	INFO [input.cpp->run:173]	
frame_id 68
2020/03/08 15:49:23 648695	INFO [input.cpp->run:235]	rotation: 
[0.9997823834165943, -0.0021833166836027, -0.02074654038853636;
 0.001807163209164915, 0.9998339616286214, -0.01813238360370362;
 0.02078268440239396, 0.01809094531182717, 0.9996203267875033]
2020/03/08 15:49:23 648730	INFO [input.cpp->run:256]	frame times (ms): 45.481
2020/03/08 15:49:23 648732	INFO [input.cpp->run:257]	FPS: 21.9872
2020/03/08 15:49:23 683244	INFO [input.cpp->run:173]	
frame_id 69
2020/03/08 15:49:23 712809	INFO [input.cpp->run:235]	rotation: 
[0.9999636336096256, -0.006960933546868563, -0.004927155608528318;
 0.006965999050522503, 0.9999752253889016, 0.001011664788097518;
 0.004919991408802642, -0.001045950558791691, 0.9999873497559686]
2020/03/08 15:49:23 712835	INFO [input.cpp->run:256]	frame times (ms): 42.156
2020/03/08 15:49:23 712837	INFO [input.cpp->run:257]	FPS: 23.7214
2020/03/08 15:49:23 750495	INFO [input.cpp->run:173]	
frame_id 70
2020/03/08 15:49:23 785998	INFO [input.cpp->run:235]	rotation: 
[0.9999992519777791, -0.0006390385915508463, -0.001042915893507022;
 0.0006317490438285248, 0.9999754747707335, -0.00697500897432381;
 0.001047347615666635, 0.006974344895743589, 0.9999751304788771]
2020/03/08 15:49:23 786028	INFO [input.cpp->run:256]	frame times (ms): 48.925
2020/03/08 15:49:23 786030	INFO [input.cpp->run:257]	FPS: 20.4394
2020/03/08 15:49:23 816560	INFO [input.cpp->run:173]	
frame_id 71
2020/03/08 15:49:23 836120	INFO [input.cpp->run:235]	rotation: 
[0.9999047418665415, -0.01282309663989017, -0.005106406306681468;
 0.01286475530932173, 0.9998835353172388, 0.008210595126501871;
 0.005000526335912765, -0.008275505668180973, 0.9999532542785686]
2020/03/08 15:49:23 836145	INFO [input.cpp->run:256]	frame times (ms): 32.368
2020/03/08 15:49:23 836148	INFO [input.cpp->run:257]	FPS: 30.8947
2020/03/08 15:49:23 883792	INFO [input.cpp->run:173]	
frame_id 72
2020/03/08 15:49:23 928187	INFO [input.cpp->run:235]	rotation: 
[0.9999972487138016, -0.001233678023846005, 0.001995144947309431;
 0.001245750376692507, 0.9999808561024852, -0.00606098461800749;
 -0.001987629448932928, 0.006063453395073829, 0.99997964172382]
2020/03/08 15:49:23 928215	INFO [input.cpp->run:256]	frame times (ms): 63.001
2020/03/08 15:49:23 928217	INFO [input.cpp->run:257]	FPS: 15.8728
2020/03/08 15:49:23 949866	INFO [input.cpp->run:173]	
frame_id 73
2020/03/08 15:49:23 983436	INFO [input.cpp->run:235]	rotation: 
[0.9999962384936433, -0.002461385181376368, -0.001210198972671917;
 0.002463379664056124, 0.9999956057051631, 0.001649342594696258;
 0.001206133987279222, -0.001652317570222345, 0.9999979075415367]
2020/03/08 15:49:23 983464	INFO [input.cpp->run:256]	frame times (ms): 46.396
2020/03/08 15:49:23 983468	INFO [input.cpp->run:257]	FPS: 21.5536
2020/03/08 15:49:24 016976	INFO [input.cpp->run:173]	
frame_id 74
2020/03/08 15:49:24 049875	INFO [input.cpp->run:235]	rotation: 
[0.9999776280837952, -0.006687049832531418, -0.0001633904652552435;
 0.006688198446827058, 0.9999414025649833, 0.00851231096177364;
 0.0001064586434016896, -0.008513213312922039, 0.9999637562760192]
2020/03/08 15:49:24 049904	INFO [input.cpp->run:256]	frame times (ms): 45.882
2020/03/08 15:49:24 049906	INFO [input.cpp->run:257]	FPS: 21.795
2020/03/08 15:49:24 083193	INFO [input.cpp->run:173]	
frame_id 75
2020/03/08 15:49:24 114334	INFO [input.cpp->run:235]	rotation: 
[0.9999861124293431, -0.004410873935043074, -0.002884291867750484;
 0.00440202132517598, 0.999985603375696, -0.003068427870750884;
 0.002897784792200736, 0.003055688543432154, 0.9999911327660979]
2020/03/08 15:49:24 114363	INFO [input.cpp->run:256]	frame times (ms): 44.37
2020/03/08 15:49:24 114365	INFO [input.cpp->run:257]	FPS: 22.5378
2020/03/08 15:49:24 149792	INFO [input.cpp->run:173]	
frame_id 76
2020/03/08 15:49:24 182736	INFO [input.cpp->run:235]	rotation: 
[0.9999942448044294, -0.002117395576678705, -0.002650847787146437;
 0.00210700170003024, 0.9999901062911423, -0.003917634958257365;
 0.002659116743361861, 0.003912027070707967, 0.9999888125085916]
2020/03/08 15:49:24 182765	INFO [input.cpp->run:256]	frame times (ms): 46.32
2020/03/08 15:49:24 182767	INFO [input.cpp->run:257]	FPS: 21.5889
2020/03/08 15:49:24 216517	INFO [input.cpp->run:173]	
frame_id 77
2020/03/08 15:49:24 249780	INFO [input.cpp->run:235]	rotation: 
[0.9999682123193504, -0.004474610804540732, -0.006599409745608836;
 0.004455493850372896, 0.9999858441225012, -0.002908630117088357;
 0.006612331312921249, 0.002879134028945415, 0.9999739934927565]
2020/03/08 15:49:24 249809	INFO [input.cpp->run:256]	frame times (ms): 46.011
2020/03/08 15:49:24 249811	INFO [input.cpp->run:257]	FPS: 21.7339
2020/03/08 15:49:24 283170	INFO [input.cpp->run:173]	
frame_id 78
2020/03/08 15:49:24 316766	INFO [input.cpp->run:235]	rotation: 
[0.9999920994413826, -0.003970302621065069, -0.0001942985156958037;
 0.003969508614244285, 0.9999844020364563, -0.003929209227352416;
 0.0002098956347287097, 0.003928406914772805, 0.999992261751527]
2020/03/08 15:49:24 316794	INFO [input.cpp->run:256]	frame times (ms): 46.308
2020/03/08 15:49:24 316796	INFO [input.cpp->run:257]	FPS: 21.5945
2020/03/08 15:49:24 350494	INFO [input.cpp->run:173]	
frame_id 79
2020/03/08 15:49:24 384677	INFO [input.cpp->run:235]	rotation: 
[0.9999252479903379, 0.005896661667425868, -0.01071110697552266;
 -0.00593454571123066, 0.9999762353060719, -0.003508559575779625;
 0.01069016364058537, 0.003571862857864437, 0.9999364790810775]
2020/03/08 15:49:24 384706	INFO [input.cpp->run:256]	frame times (ms): 46.879
2020/03/08 15:49:24 384708	INFO [input.cpp->run:257]	FPS: 21.3315
2020/03/08 15:49:24 416490	INFO [input.cpp->run:173]	
frame_id 80
2020/03/08 15:49:24 441158	INFO [input.cpp->run:235]	rotation: 
[0.999999838843043, -0.0005159207173660573, -0.0002369381808025213;
 0.0005171723738085988, 0.9999857505630716, 0.005313304390510257;
 0.0002341935607541217, -0.005313426072115702, 0.999985856228353]
2020/03/08 15:49:24 441185	INFO [input.cpp->run:256]	frame times (ms): 37.08
2020/03/08 15:49:24 441189	INFO [input.cpp->run:257]	FPS: 26.9687
2020/03/08 15:49:24 483497	INFO [input.cpp->run:173]	
frame_id 81
2020/03/08 15:49:24 524995	INFO [input.cpp->run:235]	rotation: 
[0.9999787142575063, -0.005533259813783144, -0.003457465507817821;
 0.005524381565117703, 0.9999814324685938, -0.002572144315943162;
 0.003471633653997078, 0.002552989207228177, 0.9999907149598342]
2020/03/08 15:49:24 525024	INFO [input.cpp->run:256]	frame times (ms): 58.797
2020/03/08 15:49:24 525026	INFO [input.cpp->run:257]	FPS: 17.0077
2020/03/08 15:49:24 550087	INFO [input.cpp->run:173]	
frame_id 82
2020/03/08 15:49:24 583199	INFO [input.cpp->run:235]	rotation: 
[0.9999633731491584, -0.00294797101241118, -0.00803503746519035;
 0.002914523485176768, 0.9999870530502074, -0.004171244995918251;
 0.008047230145297339, 0.004147673910953389, 0.9999590186043211]
2020/03/08 15:49:24 583232	INFO [input.cpp->run:256]	frame times (ms): 46.083
2020/03/08 15:49:24 583236	INFO [input.cpp->run:257]	FPS: 21.7
2020/03/08 15:49:24 616636	INFO [input.cpp->run:173]	
frame_id 83
2020/03/08 15:49:24 649848	INFO [input.cpp->run:235]	rotation: 
[0.9999177916278998, -0.01254361271051985, -0.002658527064432327;
 0.01259774525297273, 0.9996909699839832, 0.0214303837348748;
 0.00238889106596293, -0.02146211342462032, 0.9997668082542167]
2020/03/08 15:49:24 649878	INFO [input.cpp->run:256]	frame times (ms): 46.107
2020/03/08 15:49:24 649880	INFO [input.cpp->run:257]	FPS: 21.6887
2020/03/08 15:49:24 683188	INFO [input.cpp->run:173]	
frame_id 84
