		g3log created log at: Mon Mar 09 14:49:14 2020
		LOG format: [YYYY/MM/DD hh:mm:ss uuu* LEVEL FILE->FUNCTION:LINE] message		(uuu*: microseconds fractions of the seconds value)

2020/03/09 14:49:14 039883	INFO [g3logger.h->logBanner:29]	Starting log.
2020/03/09 14:49:14 044589	DEBUG [main.cpp->main:48]	Filepath: /home/mitchell/KITTI/data_odometry_gray/dataset/sequences/00/
2020/03/09 14:49:14 044598	DEBUG [main.cpp->main:52]	Calibration Filepath: /home/mitchell/visual_odom_catkin_ws/tank_downsized.yaml
2020/03/09 14:49:14 044756	INFO [main.cpp->main:66]	P_left: 
[409.41, 0, 251.22, 0;
 0, 408.72, 191.78999, 0;
 0, 0, 1, 0]
2020/03/09 14:49:14 044773	INFO [main.cpp->main:67]	P_right: 
[409.41, 0, 251.22, -73.940002;
 0, 408.72, 191.78999, 0;
 0, 0, 1, 0]
2020/03/09 14:49:14 170561	INFO [input.cpp->Input:22]	frame_pose [1, 0, 0, 0;
 0, 1, 0, 0;
 0, 0, 1, 0;
 0, 0, 0, 1]
2020/03/09 14:49:14 554499	INFO [input.cpp->run:173]	
frame_id 1
2020/03/09 14:49:14 666487	INFO [input.cpp->run:235]	rotation: 
[-0.9995068025928858, -0.001039540283246032, -0.03138583958643412;
 -0.003715032925054311, -0.988519263685935, 0.1510492100349509;
 -0.03118252877673055, 0.1510913123836592, 0.9880278666218234]
2020/03/09 14:49:14 666589	INFO [input.cpp->run:256]	frame times (ms): 186.792
2020/03/09 14:49:14 666595	INFO [input.cpp->run:257]	FPS: 5.35355
2020/03/09 14:49:14 687500	INFO [input.cpp->run:173]	
frame_id 2
2020/03/09 14:49:14 742627	INFO [input.cpp->run:235]	rotation: 
[-0.999584126378403, 0.02232496070075468, -0.01825295652859315;
 -0.02657511627566106, -0.9588935864385467, 0.2825187658934472;
 -0.01119542260301265, 0.2828863482332279, 0.9590880963165005]
2020/03/09 14:49:14 742692	INFO [input.cpp->run:256]	frame times (ms): 160.535
2020/03/09 14:49:14 742697	INFO [input.cpp->run:257]	FPS: 6.22917
2020/03/09 14:49:14 819929	INFO [input.cpp->run:173]	
frame_id 3
2020/03/09 14:49:14 887466	INFO [input.cpp->run:235]	rotation: 
[-0.9998979113368978, 0.01035971510864628, -0.009840894622797759;
 -0.01015145500261416, -0.9997283144460867, -0.02098202221227522;
 -0.01005558876641362, -0.02087998078672959, 0.9997314197007646]
2020/03/09 14:49:14 887534	INFO [input.cpp->run:256]	frame times (ms): 151.336
2020/03/09 14:49:14 887538	INFO [input.cpp->run:257]	FPS: 6.60781
2020/03/09 14:49:14 951004	INFO [input.cpp->run:173]	
frame_id 4
2020/03/09 14:49:15 003325	INFO [input.cpp->run:235]	rotation: 
[-0.9986582255648616, -0.004212752835937963, -0.05161396347099501;
 -0.01086323648510357, -0.9574672648025727, 0.2883373491668203;
 -0.05063337441560286, 0.2885111601741316, 0.956136795573869]
2020/03/09 14:49:15 003382	INFO [input.cpp->run:256]	frame times (ms): 144.717
2020/03/09 14:49:15 003386	INFO [input.cpp->run:257]	FPS: 6.91004
2020/03/09 14:49:15 085190	INFO [input.cpp->run:173]	
frame_id 5
2020/03/09 14:49:15 134884	INFO [input.cpp->run:235]	rotation: 
[-0.9998950878982683, 0.01374285201671121, 0.004576812795076436;
 -0.01383225248200155, -0.9997020661683274, -0.02011088486495264;
 0.004299068293079389, -0.02017208261989813, 0.999787279922378]
2020/03/09 14:49:15 134953	INFO [input.cpp->run:256]	frame times (ms): 147.605
2020/03/09 14:49:15 134958	INFO [input.cpp->run:257]	FPS: 6.77484
2020/03/09 14:49:15 218694	INFO [input.cpp->run:173]	
frame_id 6
2020/03/09 14:49:15 264962	INFO [input.cpp->run:235]	rotation: 
[-0.9990209820625511, 0.03314487628435021, -0.02930007806937064;
 -0.03528387588252023, -0.9964998110727699, 0.07578373595067014;
 -0.02668567970809443, 0.07674336263175538, 0.9966936995840234]
2020/03/09 14:49:15 265030	INFO [input.cpp->run:256]	frame times (ms): 144.44
2020/03/09 14:49:15 265034	INFO [input.cpp->run:257]	FPS: 6.92329
2020/03/09 14:49:15 354209	INFO [input.cpp->run:173]	
frame_id 7
2020/03/09 14:49:15 402249	INFO [input.cpp->run:235]	rotation: 
[0.9999720569334312, 0.006922303837174348, -0.002822598432027294;
 -0.00696661796680318, 0.9998476506774456, -0.01600442654072091;
 0.002711380907813725, 0.01602364329291431, 0.9998679369142678]
2020/03/09 14:49:15 402313	INFO [input.cpp->run:256]	frame times (ms): 142.915
2020/03/09 14:49:15 402318	INFO [input.cpp->run:257]	FPS: 6.99717
2020/03/09 14:49:15 484501	INFO [input.cpp->run:173]	
frame_id 8
2020/03/09 14:49:15 532381	INFO [input.cpp->run:235]	rotation: 
[-0.9935099120339141, 0.01600160055698885, -0.1126144016988003;
 -0.009166561424807596, -0.9980985887663814, -0.06095228670200328;
 -0.1133756095551835, -0.05952441416908319, 0.9917675207808624]
2020/03/09 14:49:15 532443	INFO [input.cpp->run:256]	frame times (ms): 146.607
2020/03/09 14:49:15 532448	INFO [input.cpp->run:257]	FPS: 6.82096
2020/03/09 14:49:15 617650	INFO [input.cpp->run:173]	
frame_id 9
2020/03/09 14:49:15 666169	INFO [input.cpp->run:235]	rotation: 
[-0.8428273851334579, -0.09221484197191472, 0.5302248785083483;
 -0.08680317426939176, -0.949019661970617, -0.3030295202285306;
 0.5311376542911033, -0.301426780683586, 0.7918552191410206]
2020/03/09 14:49:15 666229	INFO [input.cpp->run:256]	frame times (ms): 152.992
2020/03/09 14:49:15 666233	INFO [input.cpp->run:257]	FPS: 6.53629
2020/03/09 14:49:15 753458	INFO [input.cpp->run:173]	
frame_id 10
2020/03/09 14:49:15 801938	INFO [input.cpp->run:235]	rotation: 
[-0.9899292494076801, 0.03751263145695655, 0.1365023210363901;
 -0.01291849738280184, -0.9841664067989337, 0.176775553043531;
 0.1409723149860202, 0.1732318856609552, 0.9747397192060208]
2020/03/09 14:49:15 801998	INFO [input.cpp->run:256]	frame times (ms): 150.384
2020/03/09 14:49:15 802003	INFO [input.cpp->run:257]	FPS: 6.64964
2020/03/09 14:49:15 884929	INFO [input.cpp->run:173]	
frame_id 11
2020/03/09 14:49:15 932548	INFO [input.cpp->run:235]	rotation: 
[-0.999870027727302, 0.004449526801635411, -0.01549610802252853;
 -0.008152241564933497, -0.9687653715215201, 0.2478451046485248;
 -0.01390929940979472, 0.2479392196729125, 0.9686757325018087]
2020/03/09 14:49:15 932618	INFO [input.cpp->run:256]	frame times (ms): 146.95
2020/03/09 14:49:15 932623	INFO [input.cpp->run:257]	FPS: 6.80504
2020/03/09 14:49:16 018727	INFO [input.cpp->run:173]	
frame_id 12
2020/03/09 14:49:16 074067	INFO [input.cpp->run:235]	rotation: 
[-0.9965530998099078, -0.004877333420164309, -0.08281383264873372;
 -0.01718983026058535, -0.9644628617078355, 0.2636586773120601;
 -0.08115681730376194, 0.2641734278935739, 0.9610546139528616]
2020/03/09 14:49:16 074125	INFO [input.cpp->run:256]	frame times (ms): 158.295
2020/03/09 14:49:16 074130	INFO [input.cpp->run:257]	FPS: 6.31732
2020/03/09 14:49:16 153514	INFO [input.cpp->run:173]	
frame_id 13
2020/03/09 14:49:16 202916	INFO [input.cpp->run:235]	rotation: 
[-0.9999810741483148, 0.005006352801782103, 0.003576000112788481;
 -0.005044811266515714, -0.9999286518669931, -0.01082779085238591;
 0.003521537230785848, -0.01084562617288021, 0.9999349834706506]
2020/03/09 14:49:16 202979	INFO [input.cpp->run:256]	frame times (ms): 149.875
2020/03/09 14:49:16 202983	INFO [input.cpp->run:257]	FPS: 6.67223
2020/03/09 14:49:16 285008	INFO [input.cpp->run:173]	
frame_id 14
2020/03/09 14:49:16 332354	INFO [input.cpp->run:235]	rotation: 
[-0.9999261965437061, 0.01210110814782451, -0.001079188228449723;
 -0.01208549113834773, -0.9998363387699346, -0.01346241356806224;
 -0.001241921729694644, -0.01344837747563932, 0.9999087952276898]
2020/03/09 14:49:16 332420	INFO [input.cpp->run:256]	frame times (ms): 150.751
2020/03/09 14:49:16 332424	INFO [input.cpp->run:257]	FPS: 6.63345
2020/03/09 14:49:16 420825	INFO [input.cpp->run:173]	
frame_id 15
2020/03/09 14:49:16 467654	INFO [input.cpp->run:235]	rotation: 
[-0.999964811124795, 0.0046267432173235, -0.00699783962048137;
 -0.004607521621141983, -0.9999855753034589, -0.002760421982439593;
 -0.007010510442452603, -0.002728082148942288, 0.9999717047552515]
2020/03/09 14:49:16 467723	INFO [input.cpp->run:256]	frame times (ms): 155.142
2020/03/09 14:49:16 467728	INFO [input.cpp->run:257]	FPS: 6.44571
2020/03/09 14:49:16 551871	INFO [input.cpp->run:173]	
frame_id 16
2020/03/09 14:49:16 601981	INFO [input.cpp->run:235]	rotation: 
[-0.8090270119827511, 0.1999402091926433, 0.5527198265217774;
 -0.05977881307850533, -0.9634784967206902, 0.2610281208294692;
 0.5847236846487294, 0.1781378654437088, 0.7914323177037778]
2020/03/09 14:49:16 602046	INFO [input.cpp->run:256]	frame times (ms): 155.593
2020/03/09 14:49:16 602050	INFO [input.cpp->run:257]	FPS: 6.42702
2020/03/09 14:49:16 686923	INFO [input.cpp->run:173]	
frame_id 17
2020/03/09 14:49:16 735416	INFO [input.cpp->run:235]	rotation: 
[-0.9974284634261136, -0.01963529970209908, 0.0689268841094003;
 0.02119083284048954, -0.9995353500430615, 0.02190964668407414;
 0.06846465475665807, 0.02331392330568321, 0.9973810966872938]
2020/03/09 14:49:16 735483	INFO [input.cpp->run:256]	frame times (ms): 148.472
2020/03/09 14:49:16 735488	INFO [input.cpp->run:257]	FPS: 6.73528
2020/03/09 14:49:16 817906	INFO [input.cpp->run:173]	
frame_id 18
2020/03/09 14:49:16 868011	INFO [input.cpp->run:235]	rotation: 
[-0.8500590103483054, -0.06258140007987355, 0.522956257529922;
 -0.07227525988517482, -0.9696620188641534, -0.2335205686461574;
 0.5217048645874311, -0.2363030629008796, 0.8197468491732506]
2020/03/09 14:49:16 868070	INFO [input.cpp->run:256]	frame times (ms): 153.958
2020/03/09 14:49:16 868081	INFO [input.cpp->run:257]	FPS: 6.49528
2020/03/09 14:49:16 951497	INFO [input.cpp->run:173]	
frame_id 19
2020/03/09 14:49:17 000723	INFO [input.cpp->run:235]	rotation: 
[-0.9993387127884066, 0.01598013431555442, 0.0326614823556334;
 -0.01533098670245243, -0.9996818342794144, 0.02002975432886412;
 0.03297116875604713, 0.01951577615679849, 0.999265748693439]
2020/03/09 14:49:17 000784	INFO [input.cpp->run:256]	frame times (ms): 142.3
2020/03/09 14:49:17 000788	INFO [input.cpp->run:257]	FPS: 7.02741
2020/03/09 14:49:17 086605	INFO [input.cpp->run:173]	
frame_id 20
2020/03/09 14:49:17 133407	INFO [input.cpp->run:235]	rotation: 
[-0.9893532620744278, -0.09178299034694364, 0.1129424876017064;
 0.04621826417774642, -0.9340336623211816, -0.3541821419937447;
 0.1379999814459581, -0.345191251821152, 0.9283313011996643]
2020/03/09 14:49:17 133467	INFO [input.cpp->run:256]	frame times (ms): 146.599
2020/03/09 14:49:17 133469	INFO [input.cpp->run:257]	FPS: 6.82133
2020/03/09 14:49:17 219002	INFO [input.cpp->run:173]	
frame_id 21
2020/03/09 14:49:17 265855	INFO [input.cpp->run:235]	rotation: 
[-0.9955684451421589, -0.007181681114056904, 0.09376510274937046;
 0.01015838775077565, -0.9994581671595626, 0.03130781462115789;
 0.0934894549964267, 0.03212157459440454, 0.9951019677651373]
2020/03/09 14:49:17 265918	INFO [input.cpp->run:256]	frame times (ms): 142.351
2020/03/09 14:49:17 265922	INFO [input.cpp->run:257]	FPS: 7.02489
2020/03/09 14:49:17 353751	INFO [input.cpp->run:173]	
frame_id 22
2020/03/09 14:49:17 402982	INFO [input.cpp->run:235]	rotation: 
[-0.9871334192089558, -0.01517088094041365, -0.1591774388923499;
 -0.02298234649849313, -0.9716911744525385, 0.2351341600883834;
 -0.1582385048913797, 0.2357670584762386, 0.9588401690100405]
2020/03/09 14:49:17 403041	INFO [input.cpp->run:256]	frame times (ms): 154.266
2020/03/09 14:49:17 403043	INFO [input.cpp->run:257]	FPS: 6.48231
2020/03/09 14:49:17 485105	INFO [input.cpp->run:173]	
frame_id 23
2020/03/09 14:49:17 536032	INFO [input.cpp->run:235]	rotation: 
[-0.9984633679000222, -0.00196450431478664, -0.0553808963862281;
 -0.006960561722412934, -0.9870106548638303, 0.160503949377519;
 -0.05497684551020936, 0.1606427960042712, 0.9854803085550097]
2020/03/09 14:49:17 536096	INFO [input.cpp->run:256]	frame times (ms): 157.001
2020/03/09 14:49:17 536103	INFO [input.cpp->run:257]	FPS: 6.36939
2020/03/09 14:49:17 618206	INFO [input.cpp->run:173]	
frame_id 24
2020/03/09 14:49:17 666148	INFO [input.cpp->run:235]	rotation: 
[-0.9979201639497122, -0.0113799967649146, -0.06344952368781057;
 0.004208781522682914, -0.9936959498741554, 0.1120296628656639;
 -0.06432443191100737, 0.1115296143512141, 0.9916771211346948]
2020/03/09 14:49:17 666218	INFO [input.cpp->run:256]	frame times (ms): 135.323
2020/03/09 14:49:17 666222	INFO [input.cpp->run:257]	FPS: 7.38973
2020/03/09 14:49:17 754938	INFO [input.cpp->run:173]	
frame_id 25
2020/03/09 14:49:17 802460	INFO [input.cpp->run:235]	rotation: 
[-0.9998795991532134, 0.01080898322268195, -0.01113342170677386;
 -0.01070313468831666, -0.9998973687562592, -0.009523385015480104;
 -0.01123521717871247, -0.009403075879790538, 0.9998926702696376]
2020/03/09 14:49:17 802521	INFO [input.cpp->run:256]	frame times (ms): 147.606
2020/03/09 14:49:17 802525	INFO [input.cpp->run:257]	FPS: 6.77479
2020/03/09 14:49:17 885097	INFO [input.cpp->run:173]	
frame_id 26
2020/03/09 14:49:17 932822	INFO [input.cpp->run:235]	rotation: 
[-0.996201147827338, -0.00551071822909171, -0.08690745107350574;
 -0.006544036351284648, -0.9904363026510296, 0.1378154780102409;
 -0.0868357567809903, 0.1378606629011977, 0.9866377192104078]
2020/03/09 14:49:17 932884	INFO [input.cpp->run:256]	frame times (ms): 153.435
2020/03/09 14:49:17 932887	INFO [input.cpp->run:257]	FPS: 6.51742
2020/03/09 14:49:18 018326	INFO [input.cpp->run:173]	
frame_id 27
2020/03/09 14:49:18 067225	INFO [input.cpp->run:235]	rotation: 
[-0.9935321655827035, -0.0003587260267488845, -0.1135504613296708;
 -0.02201947001662076, -0.9804043992541339, 0.1957609686922496;
 -0.1113955963794372, 0.1969951401400007, 0.9740554069807784]
2020/03/09 14:49:18 067287	INFO [input.cpp->run:256]	frame times (ms): 149.987
2020/03/09 14:49:18 067292	INFO [input.cpp->run:257]	FPS: 6.66724
2020/03/09 14:49:18 152417	INFO [input.cpp->run:173]	
frame_id 28
2020/03/09 14:49:18 198825	INFO [input.cpp->run:235]	rotation: 
[-0.9980540811696389, -0.008175306323237682, -0.06181598035418619;
 0.001712261035869453, -0.9945872116562262, 0.1038910322021983;
 -0.06233072454875643, 0.1035830235917759, 0.992665823931101]
2020/03/09 14:49:18 198896	INFO [input.cpp->run:256]	frame times (ms): 144.765
2020/03/09 14:49:18 198900	INFO [input.cpp->run:257]	FPS: 6.90775
2020/03/09 14:49:18 287748	INFO [input.cpp->run:173]	
frame_id 29
2020/03/09 14:49:18 335173	INFO [input.cpp->run:235]	rotation: 
[-0.9999518712172947, -0.009186194145018232, -0.003445154011200162;
 0.009135009718557435, -0.9998518382117871, 0.01458949011967254;
 -0.003578665459737332, 0.01455731642989855, 0.9998876325327196]
2020/03/09 14:49:18 335262	INFO [input.cpp->run:256]	frame times (ms): 147.985
2020/03/09 14:49:18 335268	INFO [input.cpp->run:257]	FPS: 6.75744
2020/03/09 14:49:18 418824	INFO [input.cpp->run:173]	
frame_id 30
2020/03/09 14:49:18 464918	INFO [input.cpp->run:235]	rotation: 
[-0.9999987050287955, 0.001391029710965426, 0.0008093065397777766;
 -0.001378068074314331, -0.9998741956033376, 0.01580170544470444;
 0.0008311853672143329, 0.0158005697024461, 0.9998748177286814]
2020/03/09 14:49:18 464980	INFO [input.cpp->run:256]	frame times (ms): 148.042
2020/03/09 14:49:18 464983	INFO [input.cpp->run:257]	FPS: 6.75484
2020/03/09 14:49:18 553341	INFO [input.cpp->run:173]	
frame_id 31
2020/03/09 14:49:18 603862	INFO [input.cpp->run:235]	rotation: 
[-0.9893324134667688, -0.05425264146002488, -0.135196252013983;
 0.05114042723188333, -0.9983427353130889, 0.0263901411538518;
 -0.1364039309058169, 0.01919462795132444, 0.9904673310570378]
2020/03/09 14:49:18 603927	INFO [input.cpp->run:256]	frame times (ms): 145.673
2020/03/09 14:49:18 603934	INFO [input.cpp->run:257]	FPS: 6.86469
2020/03/09 14:49:18 686219	INFO [input.cpp->run:173]	
frame_id 32
2020/03/09 14:49:18 735049	INFO [input.cpp->run:235]	rotation: 
[0.9998958462221775, -0.01136991815342035, -0.008889413300097898;
 0.01149029257467805, 0.9998413634153139, 0.01360959883150502;
 0.008733263089117009, -0.01371032330000743, 0.999867869846224]
2020/03/09 14:49:18 735110	INFO [input.cpp->run:256]	frame times (ms): 141.175
2020/03/09 14:49:18 735113	INFO [input.cpp->run:257]	FPS: 7.08341
2020/03/09 14:49:18 820322	INFO [input.cpp->run:173]	
frame_id 33
2020/03/09 14:49:18 870574	INFO [input.cpp->run:235]	rotation: 
[-0.9597263196373372, -0.2478534265641427, -0.1322651516302943;
 0.1983160081236155, -0.9311689254651374, 0.3059333149070487;
 -0.1989878195199036, 0.2673819574850076, 0.9428206279532707]
2020/03/09 14:49:18 870635	INFO [input.cpp->run:256]	frame times (ms): 142.15
2020/03/09 14:49:18 870639	INFO [input.cpp->run:257]	FPS: 7.03482
2020/03/09 14:49:18 951884	INFO [input.cpp->run:173]	
frame_id 34
2020/03/09 14:49:18 999378	INFO [input.cpp->run:235]	rotation: 
[-0.9996647306112384, 0.007687234410901197, -0.02472514507686711;
 -0.007679231612798764, -0.9999704266485073, -0.0004186051112743149;
 -0.02472763178707701, -0.0002285946500892118, 0.9996941992282875]
2020/03/09 14:49:18 999440	INFO [input.cpp->run:256]	frame times (ms): 142.511
2020/03/09 14:49:18 999443	INFO [input.cpp->run:257]	FPS: 7.017
2020/03/09 14:49:19 086520	INFO [input.cpp->run:173]	
frame_id 35
2020/03/09 14:49:19 137789	INFO [input.cpp->run:235]	rotation: 
[-0.9888905675929118, -0.02885126552366418, -0.145818550957866;
 -0.010838645768941, -0.9643761097259858, 0.2643127744693186;
 -0.1482496849361379, 0.2629568851873943, 0.9533497298729773]
2020/03/09 14:49:19 137851	INFO [input.cpp->run:256]	frame times (ms): 149.942
2020/03/09 14:49:19 137857	INFO [input.cpp->run:257]	FPS: 6.66925
2020/03/09 14:49:19 221679	INFO [input.cpp->run:173]	
frame_id 36
2020/03/09 14:49:19 272783	INFO [input.cpp->run:235]	rotation: 
[0.9999855004511928, -0.004851460126600789, -0.002337139708591134;
 0.004837066560160724, 0.999969540631074, -0.006125405878085618;
 0.002366785683167297, 0.006114012162133275, 0.9999785083594603]
2020/03/09 14:49:19 272841	INFO [input.cpp->run:256]	frame times (ms): 156.758
2020/03/09 14:49:19 272844	INFO [input.cpp->run:257]	FPS: 6.37926
2020/03/09 14:49:19 354653	INFO [input.cpp->run:173]	
frame_id 37
2020/03/09 14:49:19 404991	INFO [input.cpp->run:235]	rotation: 
[-0.9998307917630858, 0.009130544815205472, -0.01596937674984929;
 -0.009113093887633596, -0.9999577960183181, -0.001165204695636423;
 -0.01597934173225786, -0.001019477103755861, 0.9998718024348119]
2020/03/09 14:49:19 405053	INFO [input.cpp->run:256]	frame times (ms): 142.492
2020/03/09 14:49:19 405057	INFO [input.cpp->run:257]	FPS: 7.01794
2020/03/09 14:49:19 485398	INFO [input.cpp->run:173]	
frame_id 38
2020/03/09 14:49:19 533518	INFO [input.cpp->run:235]	rotation: 
[-0.9997921309554565, 0.00655009211006411, -0.01930780083015575;
 -0.009463033122149755, -0.9878886822272275, 0.1548754419896227;
 -0.01805950950818941, 0.1550259585382447, 0.9877453144893278]
2020/03/09 14:49:19 533578	INFO [input.cpp->run:256]	frame times (ms): 149.594
2020/03/09 14:49:19 533584	INFO [input.cpp->run:257]	FPS: 6.68476
2020/03/09 14:49:19 619022	INFO [input.cpp->run:173]	
frame_id 39
2020/03/09 14:49:19 667631	INFO [input.cpp->run:235]	rotation: 
[-0.9998823025770098, 0.006740415803084517, -0.01378215469723433;
 -0.006737843486864438, -0.9999772733143734, -0.0002330662943936677;
 -0.01378341243827117, -0.0001401768618297132, 0.9999049944329728]
2020/03/09 14:49:19 667697	INFO [input.cpp->run:256]	frame times (ms): 145.341
2020/03/09 14:49:19 667702	INFO [input.cpp->run:257]	FPS: 6.88037
2020/03/09 14:49:19 754163	INFO [input.cpp->run:173]	
frame_id 40
2020/03/09 14:49:19 805093	INFO [input.cpp->run:235]	rotation: 
[-0.9963246566222214, 0.03879900504002715, 0.07636632644377132;
 -0.0264944889372038, -0.9874017720077921, 0.1559993034978955;
 0.08145686381496088, 0.153402665699707, 0.984800691253644]
2020/03/09 14:49:19 805160	INFO [input.cpp->run:256]	frame times (ms): 151.011
2020/03/09 14:49:19 805168	INFO [input.cpp->run:257]	FPS: 6.62203
2020/03/09 14:49:19 886032	INFO [input.cpp->run:173]	
frame_id 41
2020/03/09 14:49:19 937173	INFO [input.cpp->run:235]	rotation: 
[-0.9995398696249503, 0.0141515415981395, -0.02682877001529241;
 -0.01405194931715262, -0.9998936721718957, -0.003897059274588551;
 -0.02688106676688073, -0.003518269602746511, 0.9996324474668059]
2020/03/09 14:49:19 937237	INFO [input.cpp->run:256]	frame times (ms): 143.594
2020/03/09 14:49:19 937242	INFO [input.cpp->run:257]	FPS: 6.96408
2020/03/09 14:49:20 020750	INFO [input.cpp->run:173]	
frame_id 42
2020/03/09 14:49:20 070660	INFO [input.cpp->run:235]	rotation: 
[-0.9997811128573959, 0.01399992267060501, 0.01554762164589988;
 -0.0145984123411403, -0.9991297513920079, -0.03907206470692997;
 0.01498708546532706, -0.03929048292604152, 0.9991154313795245]
2020/03/09 14:49:20 070720	INFO [input.cpp->run:256]	frame times (ms): 135.631
2020/03/09 14:49:20 070723	INFO [input.cpp->run:257]	FPS: 7.37295
2020/03/09 14:49:20 153932	INFO [input.cpp->run:173]	
frame_id 43
2020/03/09 14:49:20 199399	INFO [input.cpp->run:235]	rotation: 
[-0.98324569386951, 0.03749698067763479, 0.1783868883273848;
 -0.02089517690093295, -0.995348085614882, 0.09405094388185742;
 0.1810836742209095, 0.08874775998779158, 0.9794552251266024]
2020/03/09 14:49:20 199462	INFO [input.cpp->run:256]	frame times (ms): 144.479
2020/03/09 14:49:20 199467	INFO [input.cpp->run:257]	FPS: 6.92142
2020/03/09 14:49:20 288621	INFO [input.cpp->run:173]	
frame_id 44
2020/03/09 14:49:20 335020	INFO [input.cpp->run:235]	rotation: 
[-0.9910921946641252, 0.03869623243561758, -0.1274317985086;
 -0.03337028906730753, -0.998488614863785, -0.04366817828767625;
 -0.1289289939595129, -0.03902675470351848, 0.9908855771146835]
2020/03/09 14:49:20 335071	INFO [input.cpp->run:256]	frame times (ms): 137.24
2020/03/09 14:49:20 335077	INFO [input.cpp->run:257]	FPS: 7.28651
2020/03/09 14:49:20 420162	INFO [input.cpp->run:173]	
frame_id 45
2020/03/09 14:49:20 466777	INFO [input.cpp->run:235]	rotation: 
[0.9999863594109716, -0.004569638550118675, -0.002529702652964546;
 0.004551624928732834, 0.9999645677287856, -0.007081383868358351;
 0.002561972384567093, 0.007069773016453736, 0.9999717269038143]
2020/03/09 14:49:20 466824	INFO [input.cpp->run:256]	frame times (ms): 138.111
2020/03/09 14:49:20 466841	INFO [input.cpp->run:257]	FPS: 7.24055
2020/03/09 14:49:20 554655	INFO [input.cpp->run:173]	
frame_id 46
2020/03/09 14:49:20 601666	INFO [input.cpp->run:235]	rotation: 
[-0.9998081930675058, -0.005838053176518847, -0.01869476424556524;
 0.005636815205671216, -0.9999258005041259, 0.01079906479840074;
 -0.01875642261803247, 0.01069161453154211, 0.999766915830526]
2020/03/09 14:49:20 601708	INFO [input.cpp->run:256]	frame times (ms): 145.524
2020/03/09 14:49:20 601711	INFO [input.cpp->run:257]	FPS: 6.87172
2020/03/09 14:49:20 687530	INFO [input.cpp->run:173]	
frame_id 47
2020/03/09 14:49:20 733814	INFO [input.cpp->run:235]	rotation: 
[-0.9878379772114502, -0.005002266284897227, 0.1554062679263788;
 0.006752666190322457, -0.9999195504600451, 0.01073750935288477;
 0.1553400536825983, 0.01165632617063337, 0.9877922847350507]
2020/03/09 14:49:20 733857	INFO [input.cpp->run:256]	frame times (ms): 137.559
2020/03/09 14:49:20 733859	INFO [input.cpp->run:257]	FPS: 7.26961
2020/03/09 14:49:20 821940	INFO [input.cpp->run:173]	
frame_id 48
2020/03/09 14:49:20 868673	INFO [input.cpp->run:235]	rotation: 
[-0.9997464177323101, 0.004336224137819581, 0.02209745215267824;
 -0.003484315486606947, -0.999254602149687, 0.038446061284097;
 0.02224769149829043, 0.03835931754994271, 0.9990163176745914]
2020/03/09 14:49:20 868733	INFO [input.cpp->run:256]	frame times (ms): 142.73
2020/03/09 14:49:20 868737	INFO [input.cpp->run:257]	FPS: 7.00624
2020/03/09 14:49:20 953551	INFO [input.cpp->run:173]	
frame_id 49
2020/03/09 14:49:21 000919	INFO [input.cpp->run:235]	rotation: 
[-0.9999643652983603, 0.007347691074823082, 0.004156870134657369;
 -0.007348668115278447, -0.9999729740134681, -0.0002198171773611251;
 0.004155142642428906, -0.0002503568032595045, 0.9999913360180135]
2020/03/09 14:49:21 000981	INFO [input.cpp->run:256]	frame times (ms): 140.437
2020/03/09 14:49:21 000984	INFO [input.cpp->run:257]	FPS: 7.12063
2020/03/09 14:49:21 086335	INFO [input.cpp->run:173]	
frame_id 50
2020/03/09 14:49:21 140618	INFO [input.cpp->run:235]	rotation: 
[-0.996453024641423, -0.01594228059580959, -0.08262695306232705;
 0.02250470393324869, -0.9966118366243879, -0.07910995766046887;
 -0.08108580630317704, -0.08068885170560323, 0.9934356553026445]
2020/03/09 14:49:21 140694	INFO [input.cpp->run:256]	frame times (ms): 151.751
2020/03/09 14:49:21 140700	INFO [input.cpp->run:257]	FPS: 6.58974
2020/03/09 14:49:21 220942	INFO [input.cpp->run:173]	
frame_id 51
2020/03/09 14:49:21 267915	INFO [input.cpp->run:235]	rotation: 
[0.999968492790915, 0.006137622243458387, -0.00503418500476575;
 -0.006200951693577873, 0.9999006027990927, -0.01266225572735861;
 0.004955968478462832, 0.01269307351305101, 0.9999071578207812]
2020/03/09 14:49:21 267971	INFO [input.cpp->run:256]	frame times (ms): 140.986
2020/03/09 14:49:21 267976	INFO [input.cpp->run:257]	FPS: 7.0929
2020/03/09 14:49:21 353074	INFO [input.cpp->run:173]	
frame_id 52
2020/03/09 14:49:21 401766	INFO [input.cpp->run:235]	rotation: 
[-0.9999581217233589, 0.00749910127987858, 0.005245786831951781;
 -0.007361866810367509, -0.9996423759742354, 0.02570842417674975;
 0.005436700889194161, 0.02566872876827767, 0.9996557200590925]
2020/03/09 14:49:21 401827	INFO [input.cpp->run:256]	frame times (ms): 147.751
2020/03/09 14:49:21 401833	INFO [input.cpp->run:257]	FPS: 6.76814
2020/03/09 14:49:21 486320	INFO [input.cpp->run:173]	
frame_id 53
2020/03/09 14:49:21 534761	INFO [input.cpp->run:235]	rotation: 
[0.4535828860547126, -0.3692533534820637, 0.8111193046775103;
 -0.3703118689665803, 0.7497527776447854, 0.5483975675697397;
 -0.8106365925498034, -0.5491108570736687, 0.2033361292615387]
2020/03/09 14:49:21 534819	INFO [input.cpp->run:256]	frame times (ms): 146.172
2020/03/09 14:49:21 534821	INFO [input.cpp->run:257]	FPS: 6.84126
2020/03/09 14:49:21 619096	INFO [input.cpp->run:173]	
frame_id 54
2020/03/09 14:49:21 668309	INFO [input.cpp->run:235]	rotation: 
[-0.9998385305054766, 0.009299468851486841, 0.01537637134468181;
 -0.009348859798115058, -0.9999513578166199, -0.003143377351391208;
 0.01534639166463941, -0.003286621331744366, 0.9998768356068151]
2020/03/09 14:49:21 668372	INFO [input.cpp->run:256]	frame times (ms): 149.052
2020/03/09 14:49:21 668387	INFO [input.cpp->run:257]	FPS: 6.70907
2020/03/09 14:49:21 752770	INFO [input.cpp->run:173]	
frame_id 55
2020/03/09 14:49:21 800306	INFO [input.cpp->run:235]	rotation: 
[-0.9999560553873328, 0.008019710313907082, 0.004855053108507017;
 -0.007625564847600452, -0.9970497549067743, 0.07637824952888338;
 0.005453260947401248, 0.07633787059397416, 0.9970670947625426]
2020/03/09 14:49:21 800377	INFO [input.cpp->run:256]	frame times (ms): 143.39
2020/03/09 14:49:21 800381	INFO [input.cpp->run:257]	FPS: 6.97399
2020/03/09 14:49:21 886178	INFO [input.cpp->run:173]	
frame_id 56
2020/03/09 14:49:21 935318	INFO [input.cpp->run:235]	rotation: 
[-0.999725941331168, 0.00724039610770877, 0.02226249971844034;
 -0.006531878264422312, -0.9994749656786464, 0.03173527293103694;
 0.02248058708861599, 0.03158115966635986, 0.9992483442859834]
2020/03/09 14:49:21 935356	INFO [input.cpp->run:256]	frame times (ms): 146.657
2020/03/09 14:49:21 935359	INFO [input.cpp->run:257]	FPS: 6.81863
2020/03/09 14:49:22 020510	INFO [input.cpp->run:173]	
frame_id 57
2020/03/09 14:49:22 067921	INFO [input.cpp->run:235]	rotation: 
[-0.9999140242643173, 0.01146229345651172, -0.00636866612840006;
 -0.01133862864921902, -0.9997527884549783, -0.01912583270999235;
 -0.006586317627728813, -0.01905197641223378, 0.9997968006624616]
2020/03/09 14:49:22 067959	INFO [input.cpp->run:256]	frame times (ms): 147.858
2020/03/09 14:49:22 067962	INFO [input.cpp->run:257]	FPS: 6.76325
2020/03/09 14:49:22 153228	INFO [input.cpp->run:173]	
frame_id 58
2020/03/09 14:49:22 204452	INFO [input.cpp->run:235]	rotation: 
[-0.9910693921549069, -0.005001592344985768, -0.1332533076802146;
 -0.02065661781469714, -0.9814751957784301, 0.1904724237577444;
 -0.1317374816601596, 0.191523951885154, 0.9726067097137118]
2020/03/09 14:49:22 204509	INFO [input.cpp->run:256]	frame times (ms): 149.802
2020/03/09 14:49:22 204515	INFO [input.cpp->run:257]	FPS: 6.67548
2020/03/09 14:49:22 287483	INFO [input.cpp->run:173]	
frame_id 59
2020/03/09 14:49:22 335713	INFO [input.cpp->run:235]	rotation: 
[-0.9440742354626336, -0.03124826693789602, -0.3282489661050312;
 -0.03753482686310165, -0.9788438381176799, 0.2011364644996182;
 -0.3275896437740377, 0.2022085220568787, 0.9229283498189733]
2020/03/09 14:49:22 335776	INFO [input.cpp->run:256]	frame times (ms): 142.325
2020/03/09 14:49:22 335779	INFO [input.cpp->run:257]	FPS: 7.02617
2020/03/09 14:49:22 419059	INFO [input.cpp->run:173]	
frame_id 60
2020/03/09 14:49:22 467780	INFO [input.cpp->run:235]	rotation: 
[-0.9977236623125656, 0.001976189984682888, 0.06740614463641981;
 -0.003088553358168751, -0.9998607048805811, -0.01640218503313655;
 0.0673643414556637, -0.01657303559556737, 0.9975907878440901]
2020/03/09 14:49:22 467846	INFO [input.cpp->run:256]	frame times (ms): 144.852
2020/03/09 14:49:22 467850	INFO [input.cpp->run:257]	FPS: 6.9036
2020/03/09 14:49:22 558075	INFO [input.cpp->run:173]	
frame_id 61
2020/03/09 14:49:22 604586	INFO [input.cpp->run:235]	rotation: 
[-0.9999098055178265, 0.01248910829200399, 0.004939939612288284;
 -0.01250668341345864, -0.9999155113918829, -0.003543013957728817;
 0.004895273158668102, -0.003604476658232059, 0.9999815218536403]
2020/03/09 14:49:22 604646	INFO [input.cpp->run:256]	frame times (ms): 147.809
2020/03/09 14:49:22 604650	INFO [input.cpp->run:257]	FPS: 6.76549
2020/03/09 14:49:22 687355	INFO [input.cpp->run:173]	
frame_id 62
2020/03/09 14:49:22 735699	INFO [input.cpp->run:235]	rotation: 
[-0.9834620719488713, -0.01858374891468284, -0.1801582563034768;
 -0.01967343778334794, -0.9778745599691049, 0.2082649773990197;
 -0.180042519655269, 0.2083650384337677, 0.9613369346252523]
2020/03/09 14:49:22 735761	INFO [input.cpp->run:256]	frame times (ms): 145.537
2020/03/09 14:49:22 735765	INFO [input.cpp->run:257]	FPS: 6.8711
2020/03/09 14:49:22 820653	INFO [input.cpp->run:173]	
frame_id 63
2020/03/09 14:49:22 868994	INFO [input.cpp->run:235]	rotation: 
[-0.9939418203955874, -0.006212650205603625, -0.1097317668049166;
 -0.007845717825750836, -0.9918433913064485, 0.1272207995318454;
 -0.1096271060482054, 0.127310997557737, 0.9857858832020018]
2020/03/09 14:49:22 869047	INFO [input.cpp->run:256]	frame times (ms): 149.787
2020/03/09 14:49:22 869056	INFO [input.cpp->run:257]	FPS: 6.67615
2020/03/09 14:49:22 953376	INFO [input.cpp->run:173]	
frame_id 64
2020/03/09 14:49:23 003687	INFO [input.cpp->run:235]	rotation: 
[0.9999296579500887, -0.01162965258211945, -0.002330307412706126;
 0.01162974399030188, 0.9999323719108822, 2.56787285295617e-05;
 0.002329851183777198, -5.277780086363282e-05, 0.9999972845002957]
2020/03/09 14:49:23 003745	INFO [input.cpp->run:256]	frame times (ms): 145.79
2020/03/09 14:49:23 003747	INFO [input.cpp->run:257]	FPS: 6.85918
2020/03/09 14:49:23 086979	INFO [input.cpp->run:173]	
frame_id 65
2020/03/09 14:49:23 135671	INFO [input.cpp->run:235]	rotation: 
[-0.8086456881836664, 0.08953261686876321, 0.5814430853476509;
 0.008935489289189504, -0.9863680370107125, 0.1643114499808104;
 0.5882281088260974, 0.1380652240075858, 0.7968222423518356]
2020/03/09 14:49:23 135733	INFO [input.cpp->run:256]	frame times (ms): 153.678
2020/03/09 14:49:23 135741	INFO [input.cpp->run:257]	FPS: 6.50711
2020/03/09 14:49:23 220074	INFO [input.cpp->run:173]	
frame_id 66
2020/03/09 14:49:23 273367	INFO [input.cpp->run:235]	rotation: 
[-0.9999134874423008, 0.00959393770388574, -0.008998554901189063;
 -0.009443534877463128, -0.9998174427346791, -0.01661026346885464;
 -0.009156269982579783, -0.01652384830542175, 0.9998215466557949]
2020/03/09 14:49:23 273432	INFO [input.cpp->run:256]	frame times (ms): 160.093
2020/03/09 14:49:23 273436	INFO [input.cpp->run:257]	FPS: 6.24637
2020/03/09 14:49:23 355104	INFO [input.cpp->run:173]	
frame_id 67
2020/03/09 14:49:23 404747	INFO [input.cpp->run:235]	rotation: 
[-0.9949977657399234, 0.01372902222919187, -0.09894928054913256;
 -0.04007481443143571, -0.9621723098043563, 0.2694781169112548;
 -0.09150658676208275, 0.2720954982986309, 0.9579094865303164]
2020/03/09 14:49:23 404801	INFO [input.cpp->run:256]	frame times (ms): 151.346
2020/03/09 14:49:23 404803	INFO [input.cpp->run:257]	FPS: 6.60738
2020/03/09 14:49:23 485856	INFO [input.cpp->run:173]	
frame_id 68
2020/03/09 14:49:23 536864	INFO [input.cpp->run:235]	rotation: 
[-0.9998047964648655, 0.0110050618590538, -0.01640907003237267;
 -0.009098197007480132, -0.9936593683447638, -0.1120637430746365;
 -0.01753829458818591, -0.1118925748839639, 0.9935655287442162]
2020/03/09 14:49:23 536922	INFO [input.cpp->run:256]	frame times (ms): 156.424
2020/03/09 14:49:23 536924	INFO [input.cpp->run:257]	FPS: 6.39288
2020/03/09 14:49:23 619914	INFO [input.cpp->run:173]	
frame_id 69
2020/03/09 14:49:23 670708	INFO [input.cpp->run:235]	rotation: 
[-0.9999548122060485, 0.00693943839336305, -0.006497518045445434;
 -0.006882421183842291, -0.9999379730213239, -0.008756848100443063;
 -0.006557882631945245, -0.008711733741957066, 0.9999405481680377]
2020/03/09 14:49:23 670774	INFO [input.cpp->run:256]	frame times (ms): 159.137
2020/03/09 14:49:23 670779	INFO [input.cpp->run:257]	FPS: 6.28389
2020/03/09 14:49:23 754538	INFO [input.cpp->run:173]	
frame_id 70
2020/03/09 14:49:23 805099	INFO [input.cpp->run:235]	rotation: 
[0.9999979014844785, 0.0009211890178871766, -0.001829873611047835;
 -0.0009279139699865919, 0.9999928069145098, -0.003677648012559345;
 0.001826472639649691, 0.003679338260244909, 0.9999915631982419]
2020/03/09 14:49:23 805154	INFO [input.cpp->run:256]	frame times (ms): 157.45
2020/03/09 14:49:23 805157	INFO [input.cpp->run:257]	FPS: 6.35122
2020/03/09 14:49:23 887655	INFO [input.cpp->run:173]	
frame_id 71
2020/03/09 14:49:23 937588	INFO [input.cpp->run:235]	rotation: 
[-0.9998902399455456, 0.01479426335969073, -0.0007986446539595959;
 -0.01474599078921953, -0.998958566954797, -0.04317797196792034;
 -0.001436599207656345, -0.04316145594465477, 0.999067077279326]
2020/03/09 14:49:23 937649	INFO [input.cpp->run:256]	frame times (ms): 153.028
2020/03/09 14:49:23 937656	INFO [input.cpp->run:257]	FPS: 6.53475
2020/03/09 14:49:24 020039	INFO [input.cpp->run:173]	
frame_id 72
2020/03/09 14:49:24 072655	INFO [input.cpp->run:235]	rotation: 
[0.9999993852841095, -0.0002581575845253527, -0.00107832558381919;
 0.0002552139239453418, 0.9999962434594604, -0.002729090108583523;
 0.001079026068355803, 0.00272881322726493, 0.9999956946312891]
2020/03/09 14:49:24 072713	INFO [input.cpp->run:256]	frame times (ms): 154.856
2020/03/09 14:49:24 072715	INFO [input.cpp->run:257]	FPS: 6.45761
2020/03/09 14:49:24 153701	INFO [input.cpp->run:173]	
frame_id 73
2020/03/09 14:49:24 200680	INFO [input.cpp->run:235]	rotation: 
[-0.9170579226506398, -0.04386565667804881, -0.3963339130933621;
 -0.04539856110291418, -0.9759825362554828, 0.2130658573636334;
 -0.3961612514538469, 0.2133867219123972, 0.8930410795467376]
2020/03/09 14:49:24 200740	INFO [input.cpp->run:256]	frame times (ms): 163.089
2020/03/09 14:49:24 200756	INFO [input.cpp->run:257]	FPS: 6.13162
2020/03/09 14:49:24 288515	INFO [input.cpp->run:173]	
frame_id 74
2020/03/09 14:49:24 340952	INFO [input.cpp->run:235]	rotation: 
[-0.9959313527927858, -0.009951400891361224, 0.08956400027148785;
 0.004806915905256141, -0.9983355099331329, -0.05747262971216238;
 0.08998685506123356, -0.05680826724034936, 0.9943214704960053]
2020/03/09 14:49:24 341011	INFO [input.cpp->run:256]	frame times (ms): 161.679
2020/03/09 14:49:24 341016	INFO [input.cpp->run:257]	FPS: 6.1851
2020/03/09 14:49:24 420696	INFO [input.cpp->run:173]	
frame_id 75
2020/03/09 14:49:24 477019	INFO [input.cpp->run:235]	rotation: 
[-0.8114135381333767, -0.2272103843037722, 0.5385011712135895;
 -0.09390014073760629, -0.8587007817174662, -0.5038012813076902;
 0.5768802594155334, -0.4593565159463233, 0.6754263524280959]
2020/03/09 14:49:24 477080	INFO [input.cpp->run:256]	frame times (ms): 168.005
2020/03/09 14:49:24 477088	INFO [input.cpp->run:257]	FPS: 5.9522
2020/03/09 14:49:24 555105	INFO [input.cpp->run:173]	
frame_id 76
2020/03/09 14:49:24 608999	INFO [input.cpp->run:235]	rotation: 
[-0.96028184569186, -0.03187373863647239, -0.2772054141245596;
 -0.02073329684363646, -0.9825574058364023, 0.1848000937175983;
 -0.2782605024731831, 0.1832075572168717, 0.9428711914901198]
2020/03/09 14:49:24 609057	INFO [input.cpp->run:256]	frame times (ms): 168.766
2020/03/09 14:49:24 609062	INFO [input.cpp->run:257]	FPS: 5.92536
2020/03/09 14:49:24 686120	INFO [input.cpp->run:173]	
frame_id 77
2020/03/09 14:49:24 738772	INFO [input.cpp->run:235]	rotation: 
[-0.9647445879989459, -0.02762914140767636, -0.2617336632376864;
 -0.03295003365712976, -0.9739704405711195, 0.2242674211197282;
 -0.2611171675871543, 0.2249849138026239, 0.9387223302726357]
2020/03/09 14:49:24 738828	INFO [input.cpp->run:256]	frame times (ms): 167.548
2020/03/09 14:49:24 738832	INFO [input.cpp->run:257]	FPS: 5.96844
2020/03/09 14:49:24 819447	INFO [input.cpp->run:173]	
frame_id 78
2020/03/09 14:49:24 871020	INFO [input.cpp->run:235]	rotation: 
[-0.9450995506655833, -0.02549545403105863, -0.3257864655805436;
 -0.02547010064217433, -0.9881718282052904, 0.1512207390363226;
 -0.325788448697909, 0.1512164665807406, 0.9332713790371185]
2020/03/09 14:49:24 871079	INFO [input.cpp->run:256]	frame times (ms): 166.878
2020/03/09 14:49:24 871084	INFO [input.cpp->run:257]	FPS: 5.9924
2020/03/09 14:49:24 953296	INFO [input.cpp->run:173]	
frame_id 79
2020/03/09 14:49:25 004441	INFO [input.cpp->run:235]	rotation: 
[-0.9971282388480176, -0.006622447312346915, -0.0754414904641076;
 -0.009071101135299065, -0.9785531202764449, 0.2057948150985022;
 -0.07518637121210216, 0.2058881589330205, 0.9756828765511503]
2020/03/09 14:49:25 004508	INFO [input.cpp->run:256]	frame times (ms): 167.319
2020/03/09 14:49:25 004513	INFO [input.cpp->run:257]	FPS: 5.97661
2020/03/09 14:49:25 086033	INFO [input.cpp->run:173]	
frame_id 80
2020/03/09 14:49:25 142178	INFO [input.cpp->run:235]	rotation: 
[-0.9775015445295006, -0.02066618696620315, -0.2099134087158769;
 -0.0162345764079834, -0.9848651505848507, 0.1725603479723332;
 -0.2103025652988907, 0.1720858619403619, 0.9623716990586066]
2020/03/09 14:49:25 142245	INFO [input.cpp->run:256]	frame times (ms): 166.305
2020/03/09 14:49:25 142249	INFO [input.cpp->run:257]	FPS: 6.01305
2020/03/09 14:49:25 220170	INFO [input.cpp->run:173]	
frame_id 81
2020/03/09 14:49:25 273428	INFO [input.cpp->run:235]	rotation: 
[0.9999907484008591, -0.004276074318638409, 0.000467227044590021;
 0.00427171940769549, 0.9999507800409828, 0.008954881837963516;
 -0.0005054957879477919, -0.00895280312815222, 0.9999597950868609]
2020/03/09 14:49:25 273487	INFO [input.cpp->run:256]	frame times (ms): 167.031
2020/03/09 14:49:25 273491	INFO [input.cpp->run:257]	FPS: 5.98691
2020/03/09 14:49:25 352983	INFO [input.cpp->run:173]	
frame_id 82
2020/03/09 14:49:25 407618	INFO [input.cpp->run:235]	rotation: 
[-0.9999958906621752, 0.002149890253076324, 0.001896478489905499;
 -0.002169030365571337, -0.9999461471541153, -0.01014879790485555;
 0.001874557557445568, -0.0101528697194487, 0.999946701214832]
2020/03/09 14:49:25 407688	INFO [input.cpp->run:256]	frame times (ms): 170.136
2020/03/09 14:49:25 407695	INFO [input.cpp->run:257]	FPS: 5.87765
2020/03/09 14:49:25 486512	INFO [input.cpp->run:173]	
frame_id 83
2020/03/09 14:49:25 544744	INFO [input.cpp->run:235]	rotation: 
[0.9999595617363034, -0.008902440189010135, -0.001273362014982814;
 0.00892743584001629, 0.9997354933289333, 0.02119538316890364;
 0.001084334571290852, -0.02120589392209978, 0.9997745417250342]
2020/03/09 14:49:25 544809	INFO [input.cpp->run:256]	frame times (ms): 173.728
2020/03/09 14:49:25 544814	INFO [input.cpp->run:257]	FPS: 5.75612
2020/03/09 14:49:25 619874	INFO [input.cpp->run:173]	
frame_id 84
2020/03/09 14:49:25 676625	INFO [input.cpp->run:235]	rotation: 
[-0.9996178359962576, 0.009004331086144009, 0.02613625795423097;
