		g3log created log at: Mon Mar 09 13:02:39 2020
		LOG format: [YYYY/MM/DD hh:mm:ss uuu* LEVEL FILE->FUNCTION:LINE] message		(uuu*: microseconds fractions of the seconds value)

2020/03/09 13:02:39 837313	INFO [g3logger.h->logBanner:29]	Starting log.
2020/03/09 13:02:39 841116	DEBUG [main.cpp->main:48]	Filepath: /home/mitchell/KITTI/data_odometry_gray/dataset/sequences/00/
2020/03/09 13:02:39 841125	DEBUG [main.cpp->main:52]	Calibration Filepath: /home/mitchell/visual_odom_catkin_ws/tank_downsized.yaml
2020/03/09 13:02:39 841259	INFO [main.cpp->main:66]	P_left: 
[409.41, 0, 251.22, 0;
 0, 408.72, 191.78999, 0;
 0, 0, 1, 0]
2020/03/09 13:02:39 841276	INFO [main.cpp->main:67]	P_right: 
[409.41, 0, 251.22, -73.940002;
 0, 408.72, 191.78999, 0;
 0, 0, 1, 0]
2020/03/09 13:02:39 961568	INFO [input.cpp->Input:22]	frame_pose [1, 0, 0, 0;
 0, 1, 0, 0;
 0, 0, 1, 0;
 0, 0, 0, 1]
2020/03/09 13:02:40 457194	INFO [input.cpp->run:173]	
frame_id 1
2020/03/09 13:02:40 550204	INFO [input.cpp->run:235]	rotation: 
[-0.7925916950170304, -0.07188896022183063, -0.6055001093214225;
 -0.07345969371483123, -0.9745350646249815, 0.2118609950314271;
 -0.6053115548123575, 0.2123991177350019, 0.7671274577252718]
2020/03/09 13:02:40 550300	INFO [input.cpp->run:256]	frame times (ms): 203.831
2020/03/09 13:02:40 550306	INFO [input.cpp->run:257]	FPS: 4.90603
2020/03/09 13:02:40 590177	INFO [input.cpp->run:173]	
frame_id 2
2020/03/09 13:02:40 637039	INFO [input.cpp->run:235]	rotation: 
[-0.9971142027575656, 0.006988816522051329, -0.07559380333575938;
 0.001182579103498834, -0.9942027600979725, -0.1075149911418741;
 -0.07590697046917583, -0.1072941203290954, 0.9913254276860837]
2020/03/09 13:02:40 637113	INFO [input.cpp->run:256]	frame times (ms): 161.845
2020/03/09 13:02:40 637115	INFO [input.cpp->run:257]	FPS: 6.17875
2020/03/09 13:02:40 722353	INFO [input.cpp->run:173]	
frame_id 3
2020/03/09 13:02:40 768992	INFO [input.cpp->run:235]	rotation: 
[-0.9079220791405891, -0.03341619870089939, -0.4178048059481986;
 -0.03843214581733558, -0.9859803686427978, 0.1623751299272384;
 -0.4173732961952705, 0.1634811007896463, 0.8939090900688395]
2020/03/09 13:02:40 769052	INFO [input.cpp->run:256]	frame times (ms): 165.846
2020/03/09 13:02:40 769059	INFO [input.cpp->run:257]	FPS: 6.02969
2020/03/09 13:02:40 853949	INFO [input.cpp->run:173]	
frame_id 4
2020/03/09 13:02:40 898661	INFO [input.cpp->run:235]	rotation: 
[-0.9281032113311155, -0.03255463405170138, -0.3708970543407301;
 -0.03675075103632422, -0.983295315942074, 0.1782686286048193;
 -0.3705048061970813, 0.179082431991909, 0.9114031331615695]
2020/03/09 13:02:40 898733	INFO [input.cpp->run:256]	frame times (ms): 163.59
2020/03/09 13:02:40 898736	INFO [input.cpp->run:257]	FPS: 6.11284
2020/03/09 13:02:40 986700	INFO [input.cpp->run:173]	
frame_id 5
2020/03/09 13:02:41 032234	INFO [input.cpp->run:235]	rotation: 
[-0.9658740183099085, 0.004252028426930361, -0.2589774140888103;
 -0.01187635133777357, -0.9995406487616736, 0.02788267835044602;
 -0.258739894551985, 0.03000686133785476, 0.965480841467027]
2020/03/09 13:02:41 032295	INFO [input.cpp->run:256]	frame times (ms): 163.568
2020/03/09 13:02:41 032297	INFO [input.cpp->run:257]	FPS: 6.11367
2020/03/09 13:02:41 119647	INFO [input.cpp->run:173]	
frame_id 6
2020/03/09 13:02:41 167516	INFO [input.cpp->run:235]	rotation: 
[-0.9362019505240916, -0.03315319990037541, -0.3498953746068276;
 -0.04282253998044629, -0.9773639805158751, 0.2071856164403968;
 -0.3488440022481532, 0.2089509869001099, 0.9135903607027389]
2020/03/09 13:02:41 167576	INFO [input.cpp->run:256]	frame times (ms): 173.83
2020/03/09 13:02:41 167581	INFO [input.cpp->run:257]	FPS: 5.75275
2020/03/09 13:02:41 255638	INFO [input.cpp->run:173]	
frame_id 7
2020/03/09 13:02:41 300598	INFO [input.cpp->run:235]	rotation: 
[-0.9557077447159201, -0.01863462948146031, -0.2937268412557804;
 -0.02271702619484295, -0.9903458212191086, 0.1367446200576537;
 -0.293439335145908, 0.1373604927842716, 0.9460578479200887]
2020/03/09 13:02:41 300660	INFO [input.cpp->run:256]	frame times (ms): 163.973
2020/03/09 13:02:41 300665	INFO [input.cpp->run:257]	FPS: 6.09856
2020/03/09 13:02:41 388637	INFO [input.cpp->run:173]	
frame_id 8
2020/03/09 13:02:41 432065	INFO [input.cpp->run:235]	rotation: 
[-0.9999529899496816, 0.004627570807870835, 0.008520767518832167;
 -0.004240257244356099, -0.9989813449144791, 0.04492541297929638;
 0.008719983325301099, 0.04488717078717244, 0.9989540048418294]
2020/03/09 13:02:41 432120	INFO [input.cpp->run:256]	frame times (ms): 170.036
2020/03/09 13:02:41 432143	INFO [input.cpp->run:257]	FPS: 5.88111
2020/03/09 13:02:41 520280	INFO [input.cpp->run:173]	
frame_id 9
2020/03/09 13:02:41 566777	INFO [input.cpp->run:235]	rotation: 
[-0.9305430214507167, -0.02982546628412753, -0.3649659255195004;
 -0.03532156171952716, -0.9847190601000437, 0.1705308181924314;
 -0.364475064314508, 0.1715774292750093, 0.9152699674174358]
2020/03/09 13:02:41 566835	INFO [input.cpp->run:256]	frame times (ms): 164.817
2020/03/09 13:02:41 566841	INFO [input.cpp->run:257]	FPS: 6.06734
2020/03/09 13:02:41 653094	INFO [input.cpp->run:173]	
frame_id 10
2020/03/09 13:02:41 701031	INFO [input.cpp->run:235]	rotation: 
[-0.9794174896209006, 0.001929203224023056, -0.2018357232989581;
 -0.01710255056142899, -0.9971515170321661, 0.07345988595651101;
 -0.2011190786300169, 0.07539980275418667, 0.9766606298789989]
2020/03/09 13:02:41 701081	INFO [input.cpp->run:256]	frame times (ms): 174.563
2020/03/09 13:02:41 701087	INFO [input.cpp->run:257]	FPS: 5.72859
2020/03/09 13:02:41 788743	INFO [input.cpp->run:173]	
frame_id 11
2020/03/09 13:02:41 832920	INFO [input.cpp->run:235]	rotation: 
[-0.8738315027752159, -0.03777794155733215, -0.4847590451856453;
 -0.03322384217035157, -0.9900078694486955, 0.1370423100399815;
 -0.4850924458997967, 0.1358574457339223, 0.8638449359518212]
2020/03/09 13:02:41 832966	INFO [input.cpp->run:256]	frame times (ms): 158.899
2020/03/09 13:02:41 832971	INFO [input.cpp->run:257]	FPS: 6.29331
2020/03/09 13:02:41 921180	INFO [input.cpp->run:173]	
frame_id 12
2020/03/09 13:02:41 966623	INFO [input.cpp->run:235]	rotation: 
[-0.9759687005186983, -0.004218102683755384, -0.2178699227006623;
 -0.004771238865445806, -0.9991593035327515, 0.04071758150523795;
 -0.2178585111661515, 0.04077859455273235, 0.9751280815045638]
2020/03/09 13:02:41 966682	INFO [input.cpp->run:256]	frame times (ms): 166.613
2020/03/09 13:02:41 966691	INFO [input.cpp->run:257]	FPS: 6.00193
2020/03/09 13:02:42 054461	INFO [input.cpp->run:173]	
frame_id 13
2020/03/09 13:02:42 099300	INFO [input.cpp->run:235]	rotation: 
[-0.9366739509482463, -0.02164035917872853, -0.349533409661534;
 -0.02546575144839243, -0.9912376784258411, 0.1296123465265462;
 -0.3492755432579996, 0.130305639646043, 0.9279154245718]
2020/03/09 13:02:42 099354	INFO [input.cpp->run:256]	frame times (ms): 161.014
2020/03/09 13:02:42 099359	INFO [input.cpp->run:257]	FPS: 6.21064
2020/03/09 13:02:42 186922	INFO [input.cpp->run:173]	
frame_id 14
2020/03/09 13:02:42 231947	INFO [input.cpp->run:235]	rotation: 
[-0.9219215899155697, -0.02757353577744263, -0.3863939468628853;
 -0.02624634183314377, -0.9907251579845667, 0.1333221319842772;
 -0.3864863666262057, 0.1330539795014991, 0.9126472083729222]
2020/03/09 13:02:42 231998	INFO [input.cpp->run:256]	frame times (ms): 168.065
2020/03/09 13:02:42 232001	INFO [input.cpp->run:257]	FPS: 5.95008
2020/03/09 13:02:42 323690	INFO [input.cpp->run:173]	
frame_id 15
2020/03/09 13:02:42 368582	INFO [input.cpp->run:235]	rotation: 
[-0.9332654997453033, -0.03042658809932137, -0.3578962555291459;
 -0.03241853000448924, -0.9852037646289661, 0.1682931403036404;
 -0.3577213243538851, 0.1686646521875493, 0.9184702984881743]
2020/03/09 13:02:42 368627	INFO [input.cpp->run:256]	frame times (ms): 167.464
2020/03/09 13:02:42 368631	INFO [input.cpp->run:257]	FPS: 5.97143
2020/03/09 13:02:42 455515	INFO [input.cpp->run:173]	
frame_id 16
2020/03/09 13:02:42 499311	INFO [input.cpp->run:235]	rotation: 
[0.9999910740977861, -0.003605856401769942, 0.002202163564741563;
 0.003639842121262217, 0.9998712352060521, -0.01562896531622762;
 -0.00214552419896535, 0.01563684134131236, 0.9998754352011946]
2020/03/09 13:02:42 499366	INFO [input.cpp->run:256]	frame times (ms): 164.653
2020/03/09 13:02:42 499371	INFO [input.cpp->run:257]	FPS: 6.07338
2020/03/09 13:02:42 589822	INFO [input.cpp->run:173]	
frame_id 17
2020/03/09 13:02:42 635410	INFO [input.cpp->run:235]	rotation: 
[-0.9872834414824972, 0.01345367031960972, 0.1583995105087375;
 0.03377231833405935, -0.9559167298039886, 0.2916892802198794;
 0.1553410334999074, 0.2933295151118953, 0.9433063971347809]
2020/03/09 13:02:42 635454	INFO [input.cpp->run:256]	frame times (ms): 164.396
2020/03/09 13:02:42 635456	INFO [input.cpp->run:257]	FPS: 6.08287
2020/03/09 13:02:42 724068	INFO [input.cpp->run:173]	
frame_id 18
2020/03/09 13:02:42 773096	INFO [input.cpp->run:235]	rotation: 
[-0.9750327849281571, -0.0142181873491453, -0.2216053055857344;
 -0.0113496492293342, -0.9934529542597618, 0.1136767924201011;
 -0.221770723445664, 0.1133537419808287, 0.9684878292479105]
2020/03/09 13:02:42 773137	INFO [input.cpp->run:256]	frame times (ms): 171.301
2020/03/09 13:02:42 773140	INFO [input.cpp->run:257]	FPS: 5.83768
2020/03/09 13:02:42 855775	INFO [input.cpp->run:173]	
frame_id 19
2020/03/09 13:02:42 901619	INFO [input.cpp->run:235]	rotation: 
[-0.9937701074067441, -0.003467088123386951, -0.1113954798218179;
 -0.002156569498823268, -0.9987306366657894, 0.05032359876979854;
 -0.1114285548357562, 0.0502503202486471, 0.9925011750532711]
2020/03/09 13:02:42 901672	INFO [input.cpp->run:256]	frame times (ms): 168.604
2020/03/09 13:02:42 901677	INFO [input.cpp->run:257]	FPS: 5.93106
2020/03/09 13:02:42 989289	INFO [input.cpp->run:173]	
frame_id 20
2020/03/09 13:02:43 034870	INFO [input.cpp->run:235]	rotation: 
[-0.9831847902393764, -0.009599292798411225, -0.1823609657238184;
 -0.01130253799192813, -0.99350408427658, 0.1132337721737438;
 -0.1822633283929994, 0.1133908642859939, 0.9766896083298837]
2020/03/09 13:02:43 034938	INFO [input.cpp->run:256]	frame times (ms): 173.727
2020/03/09 13:02:43 034943	INFO [input.cpp->run:257]	FPS: 5.75616
2020/03/09 13:02:43 122533	INFO [input.cpp->run:173]	
frame_id 21
2020/03/09 13:02:43 168230	INFO [input.cpp->run:235]	rotation: 
[-0.9948444026612464, 0.001102053842932471, -0.101407100199715;
 -0.004151451763258924, -0.9995453282790199, 0.02986473110281998;
 -0.1013280807172676, 0.03013174725955477, 0.9943966501679509]
2020/03/09 13:02:43 168279	INFO [input.cpp->run:256]	frame times (ms): 164.586
2020/03/09 13:02:43 168286	INFO [input.cpp->run:257]	FPS: 6.07585
2020/03/09 13:02:43 255637	INFO [input.cpp->run:173]	
frame_id 22
2020/03/09 13:02:43 300485	INFO [input.cpp->run:235]	rotation: 
[-0.9792774217563862, -0.008331828805924551, -0.2023519504895213;
 -0.01120209669709878, -0.9953953617265835, 0.09519762015298884;
 -0.2022133632274429, 0.09549164613699286, 0.9746748695079257]
2020/03/09 13:02:43 300544	INFO [input.cpp->run:256]	frame times (ms): 167.956
2020/03/09 13:02:43 300548	INFO [input.cpp->run:257]	FPS: 5.95394
2020/03/09 13:02:43 389830	INFO [input.cpp->run:173]	
frame_id 23
2020/03/09 13:02:43 437316	INFO [input.cpp->run:235]	rotation: 
[-0.9997025697436658, 0.001672306316415857, 0.02433054540069029;
 -0.001465137286758852, -0.9999625446175316, 0.008530107546919052;
 0.02434389904353706, 0.008491922845571083, 0.9996675756599005]
2020/03/09 13:02:43 437375	INFO [input.cpp->run:256]	frame times (ms): 177.461
2020/03/09 13:02:43 437379	INFO [input.cpp->run:257]	FPS: 5.63504
2020/03/09 13:02:43 522648	INFO [input.cpp->run:173]	
frame_id 24
2020/03/09 13:02:43 566988	INFO [input.cpp->run:235]	rotation: 
[-0.9059384063765721, -0.04672099830082846, -0.4208238968614435;
 -0.03515307483893458, -0.982162503909577, 0.1847189141464358;
 -0.4219477043203874, 0.1821372126498153, 0.8881363468448469]
2020/03/09 13:02:43 567053	INFO [input.cpp->run:256]	frame times (ms): 167.703
2020/03/09 13:02:43 567058	INFO [input.cpp->run:257]	FPS: 5.96292
g3log g3FileSink shutdown at: 13:02:43 764908
