		g3log created log at: Mon Mar 09 14:46:26 2020
		LOG format: [YYYY/MM/DD hh:mm:ss uuu* LEVEL FILE->FUNCTION:LINE] message		(uuu*: microseconds fractions of the seconds value)

2020/03/09 14:46:26 533774	INFO [g3logger.h->logBanner:29]	Starting log.
2020/03/09 14:46:26 537736	DEBUG [main.cpp->main:48]	Filepath: /home/mitchell/KITTI/data_odometry_gray/dataset/sequences/00/
2020/03/09 14:46:26 537745	DEBUG [main.cpp->main:52]	Calibration Filepath: /home/mitchell/visual_odom_catkin_ws/tank_downsized.yaml
2020/03/09 14:46:26 537869	INFO [main.cpp->main:66]	P_left: 
[409.41, 0, 251.22, 0;
 0, 408.72, 191.78999, 0;
 0, 0, 1, 0]
2020/03/09 14:46:26 537880	INFO [main.cpp->main:67]	P_right: 
[409.41, 0, 251.22, -73.940002;
 0, 408.72, 191.78999, 0;
 0, 0, 1, 0]
2020/03/09 14:46:26 681307	INFO [input.cpp->Input:22]	frame_pose [1, 0, 0, 0;
 0, 1, 0, 0;
 0, 0, 1, 0;
 0, 0, 0, 1]
2020/03/09 14:46:27 094651	INFO [input.cpp->run:173]	
frame_id 1
2020/03/09 14:46:27 196434	INFO [input.cpp->run:235]	rotation: 
[-0.9709231201527001, -0.007512387647249381, -0.23927360653608;
 -0.01669135436154532, -0.9949505995183251, 0.09896819290914988;
 -0.238808905701866, 0.1000843072112848, 0.9658951485578104]
2020/03/09 14:46:27 196526	INFO [input.cpp->run:256]	frame times (ms): 217.176
2020/03/09 14:46:27 196531	INFO [input.cpp->run:257]	FPS: 4.60456
2020/03/09 14:46:27 227162	INFO [input.cpp->run:173]	
frame_id 2
2020/03/09 14:46:27 282037	INFO [input.cpp->run:235]	rotation: 
[0.9999938184170732, -0.003200013656853682, 0.001457065625676662;
 0.003214484247577402, 0.999944434004871, -0.01003972079792414;
 -0.001424857418710848, 0.01004434245105889, 0.999948539158922]
2020/03/09 14:46:27 282094	INFO [input.cpp->run:256]	frame times (ms): 170.541
2020/03/09 14:46:27 282097	INFO [input.cpp->run:257]	FPS: 5.86369
2020/03/09 14:46:27 362205	INFO [input.cpp->run:173]	
frame_id 3
2020/03/09 14:46:27 438528	INFO [input.cpp->run:235]	rotation: 
[-0.9995531249097287, 0.003252786959044913, 0.02971480876928818;
 -0.003924959126652726, -0.9997370966971107, -0.02259053305006302;
 0.02963351445661489, -0.02269706731344275, 0.9993031061476383]
2020/03/09 14:46:27 438589	INFO [input.cpp->run:256]	frame times (ms): 207.078
2020/03/09 14:46:27 438595	INFO [input.cpp->run:257]	FPS: 4.8291
2020/03/09 14:46:27 493285	INFO [input.cpp->run:173]	
frame_id 4
2020/03/09 14:46:27 557515	INFO [input.cpp->run:235]	rotation: 
[0.9999819830680809, -0.003002307999592262, -0.005198046354526288;
 0.003006574407036399, 0.9999951496355208, 0.0008131517492397353;
 0.005195579810105265, -0.000828765411876137, 0.9999861594533841]
2020/03/09 14:46:27 557597	INFO [input.cpp->run:256]	frame times (ms): 174.937
2020/03/09 14:46:27 557601	INFO [input.cpp->run:257]	FPS: 5.71634
2020/03/09 14:46:27 625401	INFO [input.cpp->run:173]	
frame_id 5
2020/03/09 14:46:27 694111	INFO [input.cpp->run:235]	rotation: 
[-0.9999143152697377, 0.001784211315713836, 0.0129683733996338;
 -0.00171341608212491, -0.9999835817442321, 0.005468130147149159;
 0.01297791678124677, 0.005445441392350528, 0.9999009555171252]
2020/03/09 14:46:27 694176	INFO [input.cpp->run:256]	frame times (ms): 172.772
2020/03/09 14:46:27 694180	INFO [input.cpp->run:257]	FPS: 5.78797
2020/03/09 14:46:27 762268	INFO [input.cpp->run:173]	
frame_id 6
2020/03/09 14:46:27 812141	INFO [input.cpp->run:235]	rotation: 
[0.9994553567778159, -0.0301733566012564, 0.01336257308836923;
 0.03099611174754187, 0.9973131755673239, -0.06637522803240649;
 -0.01132390677560047, 0.0667532650230195, 0.9977052524388673]
2020/03/09 14:46:27 812226	INFO [input.cpp->run:256]	frame times (ms): 157.446
2020/03/09 14:46:27 812229	INFO [input.cpp->run:257]	FPS: 6.35138
2020/03/09 14:46:27 891959	INFO [input.cpp->run:173]	
frame_id 7
2020/03/09 14:46:27 943335	INFO [input.cpp->run:235]	rotation: 
[-0.9800954340505748, -0.008417116037417932, -0.1983484114149347;
 -0.0121013195495873, -0.9947100158225692, 0.1020075609326226;
 -0.1981577609339951, 0.1023774222173844, 0.9748088865012199]
2020/03/09 14:46:27 943395	INFO [input.cpp->run:256]	frame times (ms): 170.079
2020/03/09 14:46:27 943398	INFO [input.cpp->run:257]	FPS: 5.87962
2020/03/09 14:46:28 028617	INFO [input.cpp->run:173]	
frame_id 8
2020/03/09 14:46:28 085220	INFO [input.cpp->run:235]	rotation: 
[-0.9855908793813154, 0.00285675054725685, -0.1691226107197859;
 -0.001177749351281441, -0.9999490328031223, -0.01002719814134605;
 -0.1691426362181666, -0.009683530988797694, 0.9855440111130294]
2020/03/09 14:46:28 085284	INFO [input.cpp->run:256]	frame times (ms): 177.613
2020/03/09 14:46:28 085287	INFO [input.cpp->run:257]	FPS: 5.63022
2020/03/09 14:46:28 159928	INFO [input.cpp->run:173]	
frame_id 9
2020/03/09 14:46:28 220445	INFO [input.cpp->run:235]	rotation: 
[-0.9998168298479427, 0.002407483983328154, 0.01898712125836692;
 -0.002547785956076319, -0.9999696058115853, -0.007368598221140184;
 0.01896880437802896, -0.007415623634771954, 0.9997925749807185]
2020/03/09 14:46:28 220509	INFO [input.cpp->run:256]	frame times (ms): 189.656
2020/03/09 14:46:28 220516	INFO [input.cpp->run:257]	FPS: 5.2727
2020/03/09 14:46:28 293033	INFO [input.cpp->run:173]	
frame_id 10
2020/03/09 14:46:28 350175	INFO [input.cpp->run:235]	rotation: 
[-0.9677899169745512, -0.009541886881633509, -0.2515782760834676;
 -0.02337608421315206, -0.991558845783017, 0.1275327959244634;
 -0.250671568569814, 0.1293058689471956, 0.9593976010844301]
2020/03/09 14:46:28 350236	INFO [input.cpp->run:256]	frame times (ms): 177.553
2020/03/09 14:46:28 350239	INFO [input.cpp->run:257]	FPS: 5.63212
2020/03/09 14:46:28 428452	INFO [input.cpp->run:173]	
frame_id 11
2020/03/09 14:46:28 483547	INFO [input.cpp->run:235]	rotation: 
[-0.9744137122891632, -0.006574869215882363, -0.2246657259077272;
 -0.007041103904289815, -0.99818850486192, 0.05975057838493085;
 -0.2246515972760063, 0.0598036776153341, 0.9726022722495666]
2020/03/09 14:46:28 483611	INFO [input.cpp->run:256]	frame times (ms): 179.504
2020/03/09 14:46:28 483616	INFO [input.cpp->run:257]	FPS: 5.57091
2020/03/09 14:46:28 561042	INFO [input.cpp->run:173]	
frame_id 12
2020/03/09 14:46:28 617715	INFO [input.cpp->run:235]	rotation: 
[-0.902199160051576, -0.03793331626547548, -0.4296483901044368;
 -0.04201324466267121, -0.9836594959901871, 0.1750682244761902;
 -0.4292686371902162, 0.1759973280065201, 0.8858630693619758]
2020/03/09 14:46:28 617777	INFO [input.cpp->run:256]	frame times (ms): 173.862
2020/03/09 14:46:28 617781	INFO [input.cpp->run:257]	FPS: 5.75169
2020/03/09 14:46:28 693339	INFO [input.cpp->run:173]	
frame_id 13
2020/03/09 14:46:28 751723	INFO [input.cpp->run:235]	rotation: 
[-0.9081032261562956, -0.02847294904162803, -0.4177772394678781;
 -0.03494256012778275, -0.9890534904591672, 0.1433604216729789;
 -0.4172859309109813, 0.1447842677344844, 0.8971677477932125]
2020/03/09 14:46:28 751787	INFO [input.cpp->run:256]	frame times (ms): 172.719
2020/03/09 14:46:28 751790	INFO [input.cpp->run:257]	FPS: 5.78975
2020/03/09 14:46:28 827967	INFO [input.cpp->run:173]	
frame_id 14
2020/03/09 14:46:28 881748	INFO [input.cpp->run:235]	rotation: 
[-0.9825785114521939, 0.002202352087510262, -0.1858349226536108;
 -0.02266914103341024, -0.9938835370596093, 0.1080815655266317;
 -0.1844602365747106, 0.1104113418411481, 0.9766185318309497]
2020/03/09 14:46:28 881827	INFO [input.cpp->run:256]	frame times (ms): 169.88
2020/03/09 14:46:28 881832	INFO [input.cpp->run:257]	FPS: 5.88651
2020/03/09 14:46:28 963049	INFO [input.cpp->run:173]	
frame_id 15
2020/03/09 14:46:29 020861	INFO [input.cpp->run:235]	rotation: 
[-0.887389567317083, -0.03487076959025601, -0.4596996685282509;
 -0.03226510514670007, -0.9899927808457851, 0.1373799725691546;
 -0.4598898985699434, 0.136741812557142, 0.8773841563944016]
2020/03/09 14:46:29 020922	INFO [input.cpp->run:256]	frame times (ms): 177.816
2020/03/09 14:46:29 020926	INFO [input.cpp->run:257]	FPS: 5.62379
2020/03/09 14:46:29 095062	INFO [input.cpp->run:173]	
frame_id 16
2020/03/09 14:46:29 152050	INFO [input.cpp->run:235]	rotation: 
[-0.9198152918157992, -0.03040422608695284, -0.3911718445617854;
 -0.03333412293667586, -0.9873323880508369, 0.1551244395763421;
 -0.3909330699619293, 0.1557252020126642, 0.9071499304239938]
2020/03/09 14:46:29 152111	INFO [input.cpp->run:256]	frame times (ms): 179.369
2020/03/09 14:46:29 152116	INFO [input.cpp->run:257]	FPS: 5.5751
2020/03/09 14:46:29 228421	INFO [input.cpp->run:173]	
frame_id 17
2020/03/09 14:46:29 282337	INFO [input.cpp->run:235]	rotation: 
[-0.975024448031387, -0.005443376179557324, -0.222030843345822;
 -0.01721151901017239, -0.9948413395038971, 0.09997236031751153;
 -0.221429648770104, 0.1012969835180678, 0.9699009391559991]
2020/03/09 14:46:29 282397	INFO [input.cpp->run:256]	frame times (ms): 172.778
2020/03/09 14:46:29 282402	INFO [input.cpp->run:257]	FPS: 5.78777
2020/03/09 14:46:29 361839	INFO [input.cpp->run:173]	
frame_id 18
2020/03/09 14:46:29 431255	INFO [input.cpp->run:235]	rotation: 
[-0.5620723284222635, -0.09671641758336068, -0.8214138008286787;
 -0.09179051533087161, -0.9797100769177938, 0.1781647172731563;
 -0.821978831185614, 0.1755394535583716, 0.5417902743010066]
2020/03/09 14:46:29 431321	INFO [input.cpp->run:256]	frame times (ms): 179.811
2020/03/09 14:46:29 431325	INFO [input.cpp->run:257]	FPS: 5.56139
2020/03/09 14:46:29 495737	INFO [input.cpp->run:173]	
frame_id 19
2020/03/09 14:46:29 553896	INFO [input.cpp->run:235]	rotation: 
[-0.9425029155091562, -0.02882106139614776, -0.3329528505310321;
 -0.03882119485176111, -0.9800881185618165, 0.1947310829945756;
 -0.331935489345478, 0.1964602409495575, 0.9226170411601009]
2020/03/09 14:46:29 553961	INFO [input.cpp->run:256]	frame times (ms): 173.547
2020/03/09 14:46:29 553966	INFO [input.cpp->run:257]	FPS: 5.76213
2020/03/09 14:46:29 626954	INFO [input.cpp->run:173]	
frame_id 20
2020/03/09 14:46:29 680816	INFO [input.cpp->run:235]	rotation: 
[-0.9281032113311155, -0.03255463405170138, -0.3708970543407301;
 -0.03675075103632422, -0.983295315942074, 0.1782686286048193;
 -0.3705048061970813, 0.179082431991909, 0.9114031331615695]
2020/03/09 14:46:29 680885	INFO [input.cpp->run:256]	frame times (ms): 171.927
2020/03/09 14:46:29 680890	INFO [input.cpp->run:257]	FPS: 5.81642
2020/03/09 14:46:29 760041	INFO [input.cpp->run:173]	
frame_id 21
2020/03/09 14:46:29 815281	INFO [input.cpp->run:235]	rotation: 
[-0.9658740183099085, 0.004252028426930361, -0.2589774140888103;
 -0.01187635133777357, -0.9995406487616736, 0.02788267835044602;
 -0.258739894551985, 0.03000686133785476, 0.965480841467027]
2020/03/09 14:46:29 815350	INFO [input.cpp->run:256]	frame times (ms): 178.031
2020/03/09 14:46:29 815356	INFO [input.cpp->run:257]	FPS: 5.617
2020/03/09 14:46:29 892668	INFO [input.cpp->run:173]	
frame_id 22
2020/03/09 14:46:29 945975	INFO [input.cpp->run:235]	rotation: 
[-0.9362019505240916, -0.03315319990037541, -0.3498953746068276;
 -0.04282253998044629, -0.9773639805158751, 0.2071856164403968;
 -0.3488440022481532, 0.2089509869001099, 0.9135903607027389]
2020/03/09 14:46:29 946045	INFO [input.cpp->run:256]	frame times (ms): 178.652
2020/03/09 14:46:29 946051	INFO [input.cpp->run:257]	FPS: 5.59747
2020/03/09 14:46:30 029025	INFO [input.cpp->run:173]	
frame_id 23
2020/03/09 14:46:30 081995	INFO [input.cpp->run:235]	rotation: 
[-0.9557077447159201, -0.01863462948146031, -0.2937268412557804;
 -0.02271702619484295, -0.9903458212191086, 0.1367446200576537;
 -0.293439335145908, 0.1373604927842716, 0.9460578479200887]
2020/03/09 14:46:30 082052	INFO [input.cpp->run:256]	frame times (ms): 167.623
2020/03/09 14:46:30 082057	INFO [input.cpp->run:257]	FPS: 5.96577
2020/03/09 14:46:30 161559	INFO [input.cpp->run:173]	
frame_id 24
2020/03/09 14:46:30 213695	INFO [input.cpp->run:235]	rotation: 
[-0.9999529899496816, 0.004627570807870835, 0.008520767518832167;
 -0.004240257244356099, -0.9989813449144791, 0.04492541297929638;
 0.008719983325301099, 0.04488717078717244, 0.9989540048418294]
2020/03/09 14:46:30 213756	INFO [input.cpp->run:256]	frame times (ms): 173.779
2020/03/09 14:46:30 213762	INFO [input.cpp->run:257]	FPS: 5.75444
2020/03/09 14:46:30 293138	INFO [input.cpp->run:173]	
frame_id 25
2020/03/09 14:46:30 346816	INFO [input.cpp->run:235]	rotation: 
[-0.9305430214507167, -0.02982546628412753, -0.3649659255195004;
 -0.03532156171952716, -0.9847190601000437, 0.1705308181924314;
 -0.364475064314508, 0.1715774292750093, 0.9152699674174358]
2020/03/09 14:46:30 346876	INFO [input.cpp->run:256]	frame times (ms): 178.54
2020/03/09 14:46:30 346881	INFO [input.cpp->run:257]	FPS: 5.60099
2020/03/09 14:46:30 426039	INFO [input.cpp->run:173]	
frame_id 26
2020/03/09 14:46:30 480615	INFO [input.cpp->run:235]	rotation: 
[-0.9794174896209006, 0.001929203224023056, -0.2018357232989581;
 -0.01710255056142899, -0.9971515170321661, 0.07345988595651101;
 -0.2011190786300169, 0.07539980275418667, 0.9766606298789989]
2020/03/09 14:46:30 480686	INFO [input.cpp->run:256]	frame times (ms): 182.827
2020/03/09 14:46:30 480691	INFO [input.cpp->run:257]	FPS: 5.46965
2020/03/09 14:46:30 562426	INFO [input.cpp->run:173]	
frame_id 27
2020/03/09 14:46:30 617206	INFO [input.cpp->run:235]	rotation: 
[-0.8738315027752159, -0.03777794155733215, -0.4847590451856453;
 -0.03322384217035157, -0.9900078694486955, 0.1370423100399815;
 -0.4850924458997967, 0.1358574457339223, 0.8638449359518212]
2020/03/09 14:46:30 617270	INFO [input.cpp->run:256]	frame times (ms): 176.417
2020/03/09 14:46:30 617276	INFO [input.cpp->run:257]	FPS: 5.66839
2020/03/09 14:46:30 694020	INFO [input.cpp->run:173]	
frame_id 28
2020/03/09 14:46:30 748999	INFO [input.cpp->run:235]	rotation: 
[-0.9759687005186983, -0.004218102683755384, -0.2178699227006623;
 -0.004771238865445806, -0.9991593035327515, 0.04071758150523795;
 -0.2178585111661515, 0.04077859455273235, 0.9751280815045638]
2020/03/09 14:46:30 749061	INFO [input.cpp->run:256]	frame times (ms): 179.161
2020/03/09 14:46:30 749066	INFO [input.cpp->run:257]	FPS: 5.58157
2020/03/09 14:46:30 827487	INFO [input.cpp->run:173]	
frame_id 29
2020/03/09 14:46:30 881015	INFO [input.cpp->run:235]	rotation: 
[-0.9366739509482463, -0.02164035917872853, -0.349533409661534;
 -0.02546575144839243, -0.9912376784258411, 0.1296123465265462;
 -0.3492755432579996, 0.130305639646043, 0.9279154245718]
2020/03/09 14:46:30 881072	INFO [input.cpp->run:256]	frame times (ms): 172.131
2020/03/09 14:46:30 881077	INFO [input.cpp->run:257]	FPS: 5.80953
2020/03/09 14:46:30 959577	INFO [input.cpp->run:173]	
frame_id 30
2020/03/09 14:46:31 013692	INFO [input.cpp->run:235]	rotation: 
[-0.9219215899155697, -0.02757353577744263, -0.3863939468628853;
 -0.02624634183314377, -0.9907251579845667, 0.1333221319842772;
 -0.3864863666262057, 0.1330539795014991, 0.9126472083729222]
2020/03/09 14:46:31 013766	INFO [input.cpp->run:256]	frame times (ms): 175.687
2020/03/09 14:46:31 013771	INFO [input.cpp->run:257]	FPS: 5.69194
2020/03/09 14:46:31 096795	INFO [input.cpp->run:173]	
frame_id 31
2020/03/09 14:46:31 154078	INFO [input.cpp->run:235]	rotation: 
[-0.9332654997453033, -0.03042658809932137, -0.3578962555291459;
 -0.03241853000448924, -0.9852037646289661, 0.1682931403036404;
 -0.3577213243538851, 0.1686646521875493, 0.9184702984881743]
2020/03/09 14:46:31 154138	INFO [input.cpp->run:256]	frame times (ms): 179.801
2020/03/09 14:46:31 154141	INFO [input.cpp->run:257]	FPS: 5.5617
2020/03/09 14:46:31 227992	INFO [input.cpp->run:173]	
frame_id 32
2020/03/09 14:46:31 283783	INFO [input.cpp->run:235]	rotation: 
[0.9999910740977861, -0.003605856401769942, 0.002202163564741563;
 0.003639842121262217, 0.9998712352060521, -0.01562896531622762;
 -0.00214552419896535, 0.01563684134131236, 0.9998754352011946]
2020/03/09 14:46:31 283842	INFO [input.cpp->run:256]	frame times (ms): 179.36
2020/03/09 14:46:31 283846	INFO [input.cpp->run:257]	FPS: 5.57538
2020/03/09 14:46:31 361746	INFO [input.cpp->run:173]	
frame_id 33
2020/03/09 14:46:31 416330	INFO [input.cpp->run:235]	rotation: 
[-0.9872834414824972, 0.01345367031960972, 0.1583995105087375;
 0.03377231833405935, -0.9559167298039886, 0.2916892802198794;
 0.1553410334999074, 0.2933295151118953, 0.9433063971347809]
2020/03/09 14:46:31 416391	INFO [input.cpp->run:256]	frame times (ms): 176.328
2020/03/09 14:46:31 416398	INFO [input.cpp->run:257]	FPS: 5.67125
2020/03/09 14:46:31 496433	INFO [input.cpp->run:173]	
frame_id 34
2020/03/09 14:46:31 555917	INFO [input.cpp->run:235]	rotation: 
[-0.9750327849281571, -0.0142181873491453, -0.2216053055857344;
 -0.0113496492293342, -0.9934529542597618, 0.1136767924201011;
 -0.221770723445664, 0.1133537419808287, 0.9684878292479105]
2020/03/09 14:46:31 555979	INFO [input.cpp->run:256]	frame times (ms): 185.63
2020/03/09 14:46:31 555985	INFO [input.cpp->run:257]	FPS: 5.38706
2020/03/09 14:46:31 627937	INFO [input.cpp->run:173]	
frame_id 35
2020/03/09 14:46:31 682459	INFO [input.cpp->run:235]	rotation: 
[-0.9937701074067441, -0.003467088123386951, -0.1113954798218179;
 -0.002156569498823268, -0.9987306366657894, 0.05032359876979854;
 -0.1114285548357562, 0.0502503202486471, 0.9925011750532711]
2020/03/09 14:46:31 682525	INFO [input.cpp->run:256]	frame times (ms): 179.019
2020/03/09 14:46:31 682530	INFO [input.cpp->run:257]	FPS: 5.586
2020/03/09 14:46:31 762215	INFO [input.cpp->run:173]	
frame_id 36
2020/03/09 14:46:31 815389	INFO [input.cpp->run:235]	rotation: 
[-0.9831847902393764, -0.009599292798411225, -0.1823609657238184;
 -0.01130253799192813, -0.99350408427658, 0.1132337721737438;
 -0.1822633283929994, 0.1133908642859939, 0.9766896083298837]
2020/03/09 14:46:31 815455	INFO [input.cpp->run:256]	frame times (ms): 178.669
2020/03/09 14:46:31 815460	INFO [input.cpp->run:257]	FPS: 5.59694
2020/03/09 14:46:31 894983	INFO [input.cpp->run:173]	
frame_id 37
2020/03/09 14:46:31 947197	INFO [input.cpp->run:235]	rotation: 
[-0.9948444026612464, 0.001102053842932471, -0.101407100199715;
 -0.004151451763258924, -0.9995453282790199, 0.02986473110281998;
 -0.1013280807172676, 0.03013174725955477, 0.9943966501679509]
2020/03/09 14:46:31 947265	INFO [input.cpp->run:256]	frame times (ms): 172.174
2020/03/09 14:46:31 947279	INFO [input.cpp->run:257]	FPS: 5.80808
2020/03/09 14:46:32 028014	INFO [input.cpp->run:173]	
frame_id 38
2020/03/09 14:46:32 080540	INFO [input.cpp->run:235]	rotation: 
[-0.9792774217563862, -0.008331828805924551, -0.2023519504895213;
 -0.01120209669709878, -0.9953953617265835, 0.09519762015298884;
 -0.2022133632274429, 0.09549164613699286, 0.9746748695079257]
2020/03/09 14:46:32 080594	INFO [input.cpp->run:256]	frame times (ms): 177.003
2020/03/09 14:46:32 080597	INFO [input.cpp->run:257]	FPS: 5.64962
2020/03/09 14:46:32 162070	INFO [input.cpp->run:173]	
frame_id 39
2020/03/09 14:46:32 217760	INFO [input.cpp->run:235]	rotation: 
[-0.9997025697436658, 0.001672306316415857, 0.02433054540069029;
 -0.001465137286758852, -0.9999625446175316, 0.008530107546919052;
 0.02434389904353706, 0.008491922845571083, 0.9996675756599005]
2020/03/09 14:46:32 217816	INFO [input.cpp->run:256]	frame times (ms): 184.885
2020/03/09 14:46:32 217823	INFO [input.cpp->run:257]	FPS: 5.40877
2020/03/09 14:46:32 295296	INFO [input.cpp->run:173]	
frame_id 40
2020/03/09 14:46:32 348944	INFO [input.cpp->run:235]	rotation: 
[-0.9059384063765721, -0.04672099830082846, -0.4208238968614435;
 -0.03515307483893458, -0.982162503909577, 0.1847189141464358;
 -0.4219477043203874, 0.1821372126498153, 0.8881363468448469]
2020/03/09 14:46:32 349003	INFO [input.cpp->run:256]	frame times (ms): 177.929
2020/03/09 14:46:32 349007	INFO [input.cpp->run:257]	FPS: 5.62022
2020/03/09 14:46:32 429247	INFO [input.cpp->run:173]	
frame_id 41
2020/03/09 14:46:32 484791	INFO [input.cpp->run:235]	rotation: 
[-0.9673133566708489, -0.02550560948185565, -0.2522981052071816;
 -0.02740495264246888, -0.9785873709189672, 0.203999328549306;
 -0.2520988666710722, 0.204245492882616, 0.9459016545393591]
2020/03/09 14:46:32 484847	INFO [input.cpp->run:256]	frame times (ms): 179.23
2020/03/09 14:46:32 484852	INFO [input.cpp->run:257]	FPS: 5.57942
2020/03/09 14:46:32 562839	INFO [input.cpp->run:173]	
frame_id 42
2020/03/09 14:46:32 615363	INFO [input.cpp->run:235]	rotation: 
[-0.999922650811065, 0.01135592965936015, 0.005072992858723166;
 -0.01102321740870861, -0.9980527306209315, 0.06139410051513775;
 0.005760301462018732, 0.06133343102806298, 0.9981007109332172]
2020/03/09 14:46:32 615427	INFO [input.cpp->run:256]	frame times (ms): 173.948
2020/03/09 14:46:32 615431	INFO [input.cpp->run:257]	FPS: 5.74884
2020/03/09 14:46:32 695378	INFO [input.cpp->run:173]	
frame_id 43
2020/03/09 14:46:32 748934	INFO [input.cpp->run:235]	rotation: 
[-0.999876505163948, -0.006680959417166531, 0.01422459849681748;
 0.006373517774779985, -0.9997474538884883, -0.02155009778770393;
 0.01436498145853491, -0.02145677573055216, 0.9996665714541745]
2020/03/09 14:46:32 749000	INFO [input.cpp->run:256]	frame times (ms): 178.623
2020/03/09 14:46:32 749013	INFO [input.cpp->run:257]	FPS: 5.59838
2020/03/09 14:46:32 828348	INFO [input.cpp->run:173]	
frame_id 44
2020/03/09 14:46:32 886222	INFO [input.cpp->run:235]	rotation: 
[-0.9863071306313919, 0.005396728313569032, -0.1648305778342719;
 -0.007687486140698653, -0.999882492376123, 0.01326288040166259;
 -0.1647396328225452, 0.01434840629553547, 0.9862327192981739]
2020/03/09 14:46:32 886263	INFO [input.cpp->run:256]	frame times (ms): 178.87
2020/03/09 14:46:32 886265	INFO [input.cpp->run:257]	FPS: 5.59065
2020/03/09 14:46:32 961995	INFO [input.cpp->run:173]	
frame_id 45
2020/03/09 14:46:33 015240	INFO [input.cpp->run:235]	rotation: 
[-0.927436533751769, -0.02239994182814555, -0.3733091459750207;
 -0.01761861140067186, -0.9944792694680487, 0.1034435456208282;
 -0.3735653361793835, 0.1025145121648245, 0.9219217506929709]
2020/03/09 14:46:33 015289	INFO [input.cpp->run:256]	frame times (ms): 170.185
2020/03/09 14:46:33 015292	INFO [input.cpp->run:257]	FPS: 5.87596
2020/03/09 14:46:33 095319	INFO [input.cpp->run:173]	
frame_id 46
2020/03/09 14:46:33 145061	INFO [input.cpp->run:235]	rotation: 
[-0.9881545876250616, -0.007759379521092166, -0.153265465728559;
 -0.004070013722600067, -0.997044509513393, 0.07671819235028639;
 -0.1534077766732908, 0.07643322627395334, 0.9852025253609087]
2020/03/09 14:46:33 145116	INFO [input.cpp->run:256]	frame times (ms): 175.143
2020/03/09 14:46:33 145120	INFO [input.cpp->run:257]	FPS: 5.70962
2020/03/09 14:46:33 227846	INFO [input.cpp->run:173]	
frame_id 47
2020/03/09 14:46:33 280238	INFO [input.cpp->run:235]	rotation: 
[-0.9411996714781773, -0.02773961322596012, -0.3367101012257358;
 -0.02275647311259305, -0.9891550325503395, 0.1451015661935201;
 -0.3370835524626601, 0.1442318807975921, 0.9303611359148349]
2020/03/09 14:46:33 280291	INFO [input.cpp->run:256]	frame times (ms): 176.825
2020/03/09 14:46:33 280294	INFO [input.cpp->run:257]	FPS: 5.65531
2020/03/09 14:46:33 362478	INFO [input.cpp->run:173]	
frame_id 48
2020/03/09 14:46:33 417172	INFO [input.cpp->run:235]	rotation: 
[-0.9841416773433744, -0.007456363646906028, -0.1772274289068555;
 0.001360668864546566, -0.9994040670084053, 0.03449143991340323;
 -0.1773789939536541, 0.03370331568590766, 0.9835653404912992]
2020/03/09 14:46:33 417222	INFO [input.cpp->run:256]	frame times (ms): 179.902
2020/03/09 14:46:33 417227	INFO [input.cpp->run:257]	FPS: 5.55858
2020/03/09 14:46:33 495013	INFO [input.cpp->run:173]	
frame_id 49
2020/03/09 14:46:33 549990	INFO [input.cpp->run:235]	rotation: 
[-0.9477303916394672, -0.02608444060924121, -0.318004255822159;
 -0.02970729547910191, -0.985110019220591, 0.1693390877102036;
 -0.3176862939413967, 0.1699348463067821, 0.9328438061393083]
2020/03/09 14:46:33 550041	INFO [input.cpp->run:256]	frame times (ms): 182.46
2020/03/09 14:46:33 550045	INFO [input.cpp->run:257]	FPS: 5.48065
2020/03/09 14:46:33 629127	INFO [input.cpp->run:173]	
frame_id 50
2020/03/09 14:46:33 689529	INFO [input.cpp->run:235]	rotation: 
[-0.911554585639423, -0.0646646036711896, -0.4060624661696618;
 -0.06765226891910196, -0.9505106734266782, 0.3032369209249762;
 -0.4055754034823084, 0.3038880529636048, 0.8620676559041944]
2020/03/09 14:46:33 689586	INFO [input.cpp->run:256]	frame times (ms): 185.848
2020/03/09 14:46:33 689591	INFO [input.cpp->run:257]	FPS: 5.38074
2020/03/09 14:46:33 760725	INFO [input.cpp->run:173]	
frame_id 51
2020/03/09 14:46:33 817134	INFO [input.cpp->run:235]	rotation: 
[-0.9850730845055219, 0.002938615059414467, -0.1721115415197639;
 -0.006894440196907855, -0.9997255212088508, 0.02239082263032919;
 -0.1719985025433305, 0.02324320944328005, 0.9848229629418822]
2020/03/09 14:46:33 817201	INFO [input.cpp->run:256]	frame times (ms): 178.35
2020/03/09 14:46:33 817206	INFO [input.cpp->run:257]	FPS: 5.60695
2020/03/09 14:46:33 893700	INFO [input.cpp->run:173]	
frame_id 52
2020/03/09 14:46:33 947430	INFO [input.cpp->run:235]	rotation: 
[-0.9978689455326499, 0.002202029654475727, 0.0652128714822314;
 -0.005943743379514614, -0.9983428315973147, -0.05723864527479692;
 0.06497876157788554, -0.05750427517721065, 0.9962283969452723]
2020/03/09 14:46:33 947494	INFO [input.cpp->run:256]	frame times (ms): 179.297
2020/03/09 14:46:33 947497	INFO [input.cpp->run:257]	FPS: 5.57734
2020/03/09 14:46:34 027674	INFO [input.cpp->run:173]	
frame_id 53
2020/03/09 14:46:34 080321	INFO [input.cpp->run:235]	rotation: 
[-0.9737585811372458, -0.0007056044733128989, -0.2275823538499969;
 -0.004610454144223339, -0.9997288131610272, 0.0228263849136893;
 -0.227536742910155, 0.02327664619250655, 0.9734912574686369]
2020/03/09 14:46:34 080380	INFO [input.cpp->run:256]	frame times (ms): 176.919
2020/03/09 14:46:34 080383	INFO [input.cpp->run:257]	FPS: 5.6523
2020/03/09 14:46:34 162556	INFO [input.cpp->run:173]	
frame_id 54
2020/03/09 14:46:34 216256	INFO [input.cpp->run:235]	rotation: 
[-0.9654214811636029, -0.009758381353898799, -0.2605113005250002;
 -0.0170802024670958, -0.9947843507079372, 0.1005602419958841;
 -0.2601338701352788, 0.1015326035317702, 0.960219506169554]
2020/03/09 14:46:34 216304	INFO [input.cpp->run:256]	frame times (ms): 178.332
2020/03/09 14:46:34 216309	INFO [input.cpp->run:257]	FPS: 5.60752
2020/03/09 14:46:34 297645	INFO [input.cpp->run:173]	
frame_id 55
2020/03/09 14:46:34 350564	INFO [input.cpp->run:235]	rotation: 
[-0.9317225900366026, -0.02999582741188253, -0.3619299180136419;
 -0.02836494274367955, -0.987528483432571, 0.1548642128850755;
 -0.3620613832468643, 0.1545566069349439, 0.9192517663916262]
2020/03/09 14:46:34 350617	INFO [input.cpp->run:256]	frame times (ms): 184.198
2020/03/09 14:46:34 350619	INFO [input.cpp->run:257]	FPS: 5.42894
2020/03/09 14:46:34 430476	INFO [input.cpp->run:173]	
frame_id 56
2020/03/09 14:46:34 484882	INFO [input.cpp->run:235]	rotation: 
[-0.9778475931062611, -0.01407352229522685, -0.2088444890977441;
 -0.01368115687047797, -0.9913065357768035, 0.1308593828232369;
 -0.2088705594452635, 0.1308177667459541, 0.969154167973612]
2020/03/09 14:46:34 484928	INFO [input.cpp->run:256]	frame times (ms): 174.924
2020/03/09 14:46:34 484930	INFO [input.cpp->run:257]	FPS: 5.71677
2020/03/09 14:46:34 563976	INFO [input.cpp->run:173]	
frame_id 57
2020/03/09 14:46:34 618176	INFO [input.cpp->run:235]	rotation: 
[-0.9988846256656877, 0.001566130187811903, -0.04719165016137763;
 8.280164137808776e-05, -0.9993901429747036, -0.03491898149845682;
 -0.04721755767304376, -0.03488394130880582, 0.9982753191811148]
2020/03/09 14:46:34 618226	INFO [input.cpp->run:256]	frame times (ms): 180.149
2020/03/09 14:46:34 618230	INFO [input.cpp->run:257]	FPS: 5.55096
2020/03/09 14:46:34 697356	INFO [input.cpp->run:173]	
frame_id 58
2020/03/09 14:46:34 749167	INFO [input.cpp->run:235]	rotation: 
[-0.9884766779347777, -0.004921160787804055, -0.1512932230984801;
 -0.01274973463153911, -0.9932131860772079, 0.1156071419471436;
 -0.1508353454792716, 0.1162039120635027, 0.9817053271604911]
2020/03/09 14:46:34 749220	INFO [input.cpp->run:256]	frame times (ms): 175.122
2020/03/09 14:46:34 749224	INFO [input.cpp->run:257]	FPS: 5.71031
2020/03/09 14:46:34 829071	INFO [input.cpp->run:173]	
frame_id 59
2020/03/09 14:46:34 881225	INFO [input.cpp->run:235]	rotation: 
[-0.9800366863885792, 0.0006628472035994204, -0.1988156280730426;
 -0.003968750359125504, -0.9998604092455784, 0.01622994281725761;
 -0.1987771172773181, 0.01669498897421592, 0.9799025130032429]
2020/03/09 14:46:34 881286	INFO [input.cpp->run:256]	frame times (ms): 173.746
2020/03/09 14:46:34 881290	INFO [input.cpp->run:257]	FPS: 5.75553
2020/03/09 14:46:34 963843	INFO [input.cpp->run:173]	
frame_id 60
2020/03/09 14:46:35 017416	INFO [input.cpp->run:235]	rotation: 
[-0.9889429120895503, -0.006254336207078042, -0.1481647728255566;
 -0.006411090069560243, -0.9963730684378963, 0.08485049449338071;
 -0.1481580728545021, 0.08486219282024283, 0.9853159867158251]
2020/03/09 14:46:35 017477	INFO [input.cpp->run:256]	frame times (ms): 172.742
2020/03/09 14:46:35 017482	INFO [input.cpp->run:257]	FPS: 5.78898
2020/03/09 14:46:35 097067	INFO [input.cpp->run:173]	
frame_id 61
2020/03/09 14:46:35 153409	INFO [input.cpp->run:235]	rotation: 
[-0.9204307507050554, -0.03185015535666278, -0.3896059557556643;
 -0.04049595746787839, -0.9835434868145596, 0.1760746630648998;
 -0.3888024055806342, 0.1778420005184789, 0.9039938673831237]
2020/03/09 14:46:35 153469	INFO [input.cpp->run:256]	frame times (ms): 177.954
2020/03/09 14:46:35 153473	INFO [input.cpp->run:257]	FPS: 5.61943
2020/03/09 14:46:35 228386	INFO [input.cpp->run:173]	
frame_id 62
2020/03/09 14:46:35 282607	INFO [input.cpp->run:235]	rotation: 
[-0.9808155852837028, -0.003629958140782223, -0.1949041073668888;
 -0.0001903196965280685, -0.9998083046088803, 0.0195785038634139;
 -0.1949378142972796, 0.01923999581633968, 0.980626876603933]
2020/03/09 14:46:35 282658	INFO [input.cpp->run:256]	frame times (ms): 175.966
2020/03/09 14:46:35 282662	INFO [input.cpp->run:257]	FPS: 5.68292
2020/03/09 14:46:35 362678	INFO [input.cpp->run:173]	
frame_id 63
2020/03/09 14:46:35 413607	INFO [input.cpp->run:235]	rotation: 
[-0.983948381443171, -0.006090281712582991, -0.1783493513417573;
 -0.007805563702032391, -0.9969921595973128, 0.07710840989658614;
 -0.178282516895678, 0.07726281233651676, 0.9809412836654366]
2020/03/09 14:46:35 413665	INFO [input.cpp->run:256]	frame times (ms): 170.929
2020/03/09 14:46:35 413670	INFO [input.cpp->run:257]	FPS: 5.85038
2020/03/09 14:46:35 497838	INFO [input.cpp->run:173]	
frame_id 64
2020/03/09 14:46:35 555603	INFO [input.cpp->run:235]	rotation: 
[-0.9836234886901124, -0.01018769598989657, -0.1799473349274998;
 -0.01027157056535948, -0.9936100299224165, 0.1123993028256637;
 -0.1799425667684363, 0.1124069361204719, 0.9772335203915155]
2020/03/09 14:46:35 555672	INFO [input.cpp->run:256]	frame times (ms): 180.793
2020/03/09 14:46:35 555676	INFO [input.cpp->run:257]	FPS: 5.53119
2020/03/09 14:46:35 629413	INFO [input.cpp->run:173]	
frame_id 65
2020/03/09 14:46:35 685328	INFO [input.cpp->run:235]	rotation: 
[-0.9626073524161567, -0.01271987628384818, 0.2706017180686047;
 -0.009938939281527809, -0.9965662830170374, -0.08220012797778414;
 0.2707181238120476, -0.08181594160632502, 0.9591756091241872]
2020/03/09 14:46:35 685395	INFO [input.cpp->run:256]	frame times (ms): 177.162
2020/03/09 14:46:35 685400	INFO [input.cpp->run:257]	FPS: 5.64455
2020/03/09 14:46:35 760124	INFO [input.cpp->run:173]	
frame_id 66
2020/03/09 14:46:35 813789	INFO [input.cpp->run:235]	rotation: 
[-0.9445156456036066, -0.03366302787340751, -0.3267368907307476;
 -0.04059848387971456, -0.9751426094176934, 0.2178271204527125;
 -0.3259477846475887, 0.2190061456956087, 0.9196707833952773]
2020/03/09 14:46:35 813861	INFO [input.cpp->run:256]	frame times (ms): 186.032
2020/03/09 14:46:35 813865	INFO [input.cpp->run:257]	FPS: 5.37542
2020/03/09 14:46:35 896805	INFO [input.cpp->run:173]	
frame_id 67
2020/03/09 14:46:35 949609	INFO [input.cpp->run:235]	rotation: 
[-0.9550410183349578, -0.02248474439972846, -0.295619839603173;
 -0.02637701613513326, -0.9867216409791979, 0.160264332410945;
 -0.2952979957899034, 0.1608565805075995, 0.9417665603480875]
2020/03/09 14:46:35 949672	INFO [input.cpp->run:256]	frame times (ms): 172.908
2020/03/09 14:46:35 949676	INFO [input.cpp->run:257]	FPS: 5.78342
2020/03/09 14:46:36 029512	INFO [input.cpp->run:173]	
frame_id 68
2020/03/09 14:46:36 083830	INFO [input.cpp->run:235]	rotation: 
[-0.9843704664324247, -0.006825153541129114, -0.1759778454657026;
 -0.007430015883636804, -0.9967495296475137, 0.08021951141355296;
 -0.1759533451787137, 0.08027323605411871, 0.9811200884162035]
2020/03/09 14:46:36 083890	INFO [input.cpp->run:256]	frame times (ms): 174.805
2020/03/09 14:46:36 083893	INFO [input.cpp->run:257]	FPS: 5.72066
2020/03/09 14:46:36 163620	INFO [input.cpp->run:173]	
frame_id 69
2020/03/09 14:46:36 217813	INFO [input.cpp->run:235]	rotation: 
[-0.9628265491679276, -0.02269041027393718, -0.2691657138251094;
 -0.02987468868463145, -0.981407632272663, 0.1895957865907407;
 -0.2684632920780356, 0.1905890988450435, 0.9442474549650948]
2020/03/09 14:46:36 217874	INFO [input.cpp->run:256]	frame times (ms): 176.14
2020/03/09 14:46:36 217877	INFO [input.cpp->run:257]	FPS: 5.6773
2020/03/09 14:46:36 293576	INFO [input.cpp->run:173]	
frame_id 70
2020/03/09 14:46:36 352489	INFO [input.cpp->run:235]	rotation: 
[-0.9438401829027357, -0.02348577872335141, -0.3295665749676202;
 -0.02628745362083819, -0.9889705502721292, 0.1457608331362521;
 -0.3293549436705976, 0.1462383974618152, 0.9328127637353262]
2020/03/09 14:46:36 352553	INFO [input.cpp->run:256]	frame times (ms): 185.873
2020/03/09 14:46:36 352557	INFO [input.cpp->run:257]	FPS: 5.38002
2020/03/09 14:46:36 430228	INFO [input.cpp->run:173]	
frame_id 71
2020/03/09 14:46:36 485237	INFO [input.cpp->run:235]	rotation: 
[-0.9833765267100991, -0.01301253371804245, -0.1811112384194272;
 -0.009555869662407174, -0.9923379476035121, 0.1231831283132732;
 -0.1813264792317352, 0.1228660722587242, 0.9757174981607822]
2020/03/09 14:46:36 485297	INFO [input.cpp->run:256]	frame times (ms): 181.003
2020/03/09 14:46:36 485301	INFO [input.cpp->run:257]	FPS: 5.52477
2020/03/09 14:46:36 564484	INFO [input.cpp->run:173]	
frame_id 72
2020/03/09 14:46:36 618533	INFO [input.cpp->run:235]	rotation: 
[-0.9969706960934808, 0.0009992318657717873, -0.07777167007695618;
 -0.005147178275614337, -0.998573126727612, 0.05315277164212151;
 -0.07760758781639548, 0.05339206039402206, 0.9955532884784222]
2020/03/09 14:46:36 618594	INFO [input.cpp->run:256]	frame times (ms): 185.224
2020/03/09 14:46:36 618597	INFO [input.cpp->run:257]	FPS: 5.39887
2020/03/09 14:46:36 696555	INFO [input.cpp->run:173]	
frame_id 73
2020/03/09 14:46:36 754472	INFO [input.cpp->run:235]	rotation: 
[-0.9554836563034705, -0.01902441801609876, -0.2944300495127835;
 -0.01193018975186191, -0.9946116671322952, 0.1029820478374793;
 -0.2948027359259679, 0.1019102699607112, 0.9501082273968053]
2020/03/09 14:46:36 754539	INFO [input.cpp->run:256]	frame times (ms): 184.225
2020/03/09 14:46:36 754543	INFO [input.cpp->run:257]	FPS: 5.42814
2020/03/09 14:46:36 827179	INFO [input.cpp->run:173]	
frame_id 74
2020/03/09 14:46:36 884582	INFO [input.cpp->run:235]	rotation: 
[-0.9261704574551521, -0.03808137286808028, -0.3751774150689197;
 -0.029447475188521, -0.9845467409839251, 0.1726283899680271;
 -0.3759536273828671, 0.1709313425279695, 0.9107367052003836]
2020/03/09 14:46:36 884649	INFO [input.cpp->run:256]	frame times (ms): 179.798
2020/03/09 14:46:36 884652	INFO [input.cpp->run:257]	FPS: 5.5618
2020/03/09 14:46:36 963683	INFO [input.cpp->run:173]	
frame_id 75
2020/03/09 14:46:37 016306	INFO [input.cpp->run:235]	rotation: 
[-0.9960484307091273, 0.001287448123183622, 0.08880239951270943;
 -0.006071763012235869, -0.9985425820994054, -0.05362690955271864;
 0.08860393544198808, -0.05395418622852477, 0.9946045889762474]
2020/03/09 14:46:37 016365	INFO [input.cpp->run:256]	frame times (ms): 181.116
2020/03/09 14:46:37 016370	INFO [input.cpp->run:257]	FPS: 5.52132
2020/03/09 14:46:37 097529	INFO [input.cpp->run:173]	
frame_id 76
2020/03/09 14:46:37 149409	INFO [input.cpp->run:235]	rotation: 
[-0.998319927723482, -0.008036562324391001, -0.05738236293660185;
 0.001888662885895262, -0.994321698201293, 0.1063992172837762;
 -0.05791161250289237, 0.1061120829693912, 0.992666344239197]
2020/03/09 14:46:37 149464	INFO [input.cpp->run:256]	frame times (ms): 173.95
2020/03/09 14:46:37 149469	INFO [input.cpp->run:257]	FPS: 5.74878
2020/03/09 14:46:37 230063	INFO [input.cpp->run:173]	
frame_id 77
2020/03/09 14:46:37 282345	INFO [input.cpp->run:235]	rotation: 
[-0.9997509492529592, 0.004799800728232603, 0.02179452639486271;
 -0.004405159032829859, -0.9998261254279828, 0.01811942288162766;
 0.02187770650005587, 0.01801890187100846, 0.9995982618700678]
2020/03/09 14:46:37 282400	INFO [input.cpp->run:256]	frame times (ms): 174.804
2020/03/09 14:46:37 282405	INFO [input.cpp->run:257]	FPS: 5.72069
2020/03/09 14:46:37 365119	INFO [input.cpp->run:173]	
frame_id 78
2020/03/09 14:46:37 418412	INFO [input.cpp->run:235]	rotation: 
[-0.9999660960602987, -0.004222372519383954, -0.007069533240102207;
 0.002719152247570752, -0.9796869784861015, 0.2005144144340437;
 -0.00777257621254946, 0.2004883930682284, 0.9796652445115825]
2020/03/09 14:46:37 418460	INFO [input.cpp->run:256]	frame times (ms): 182.823
2020/03/09 14:46:37 418467	INFO [input.cpp->run:257]	FPS: 5.46977
2020/03/09 14:46:37 494361	INFO [input.cpp->run:173]	
frame_id 79
2020/03/09 14:46:37 547973	INFO [input.cpp->run:235]	rotation: 
[-0.9467409456387103, -0.0279703633255971, -0.3207791150099314;
 -0.03783264280461648, -0.9796572095087939, 0.1970797884001845;
 -0.3197659659650149, 0.1987194269136193, 0.9264234001673234]
2020/03/09 14:46:37 548032	INFO [input.cpp->run:256]	frame times (ms): 179.989
2020/03/09 14:46:37 548036	INFO [input.cpp->run:257]	FPS: 5.5559
2020/03/09 14:46:37 627810	INFO [input.cpp->run:173]	
frame_id 80
2020/03/09 14:46:37 682885	INFO [input.cpp->run:235]	rotation: 
[-0.9887253855280346, -0.002409237570224387, -0.1497207653826603;
 -0.005886847590852772, -0.9984721665309525, 0.05494249437755735;
 -0.1496243865079535, 0.05520442226231581, 0.987200594977942]
2020/03/09 14:46:37 682945	INFO [input.cpp->run:256]	frame times (ms): 177.214
2020/03/09 14:46:37 682949	INFO [input.cpp->run:257]	FPS: 5.64289
2020/03/09 14:46:37 760193	INFO [input.cpp->run:173]	
frame_id 81
2020/03/09 14:46:37 812328	INFO [input.cpp->run:235]	rotation: 
[-0.8962847204232894, -0.05484964199474507, -0.4400741036561845;
 -0.06556999233296545, -0.9650257640475437, 0.2538224789688838;
 -0.4386049202200093, 0.2563528652024449, 0.8613413565255625]
2020/03/09 14:46:37 812385	INFO [input.cpp->run:256]	frame times (ms): 175.416
2020/03/09 14:46:37 812392	INFO [input.cpp->run:257]	FPS: 5.70073
2020/03/09 14:46:37 894627	INFO [input.cpp->run:173]	
frame_id 82
2020/03/09 14:46:37 954403	INFO [input.cpp->run:235]	rotation: 
[-0.9955892001725343, -0.004537092669751847, -0.09370997433528448;
 0.0001669934453146426, -0.9989141016726746, 0.04658958674063037;
 -0.09381959610338776, 0.0463684404479985, 0.9945088491901]
2020/03/09 14:46:37 954468	INFO [input.cpp->run:256]	frame times (ms): 182.163
2020/03/09 14:46:37 954472	INFO [input.cpp->run:257]	FPS: 5.48959
2020/03/09 14:46:38 030693	INFO [input.cpp->run:173]	
frame_id 83
2020/03/09 14:46:38 086882	INFO [input.cpp->run:235]	rotation: 
[-0.9999995482112255, -0.0008508447000987088, -0.0004238403487492846;
 0.0008502403708804191, -0.999998624675179, 0.001423987030236912;
 -0.0004250513576488192, 0.001423626020720242, 0.999998896309539]
2020/03/09 14:46:38 086944	INFO [input.cpp->run:256]	frame times (ms): 182.406
2020/03/09 14:46:38 086947	INFO [input.cpp->run:257]	FPS: 5.48228
2020/03/09 14:46:38 161556	INFO [input.cpp->run:173]	
frame_id 84
2020/03/09 14:46:38 216860	INFO [input.cpp->run:235]	rotation: 
[-0.9899146974239301, -0.01872164298809637, -0.1404221916504477;
 -0.003714080994911115, -0.9874585899663834, 0.1578345295046847;
 -0.1416160210797212, 0.156764259910951, 0.9774302376068171]
