		g3log created log at: Mon Mar 09 12:59:53 2020
		LOG format: [YYYY/MM/DD hh:mm:ss uuu* LEVEL FILE->FUNCTION:LINE] message		(uuu*: microseconds fractions of the seconds value)

2020/03/09 12:59:53 144696	INFO [g3logger.h->logBanner:29]	Starting log.
2020/03/09 12:59:53 148223	DEBUG [main.cpp->main:48]	Filepath: /home/mitchell/KITTI/data_odometry_gray/dataset/sequences/00/
2020/03/09 12:59:53 148228	DEBUG [main.cpp->main:52]	Calibration Filepath: /home/mitchell/visual_odom_catkin_ws/tank_downsized.yaml
2020/03/09 12:59:53 148324	INFO [main.cpp->main:66]	P_left: 
[409.41, 0, 251.22, 0;
 0, 408.72, 191.78999, 0;
 0, 0, 1, 0]
2020/03/09 12:59:53 148335	INFO [main.cpp->main:67]	P_right: 
[409.41, 0, 251.22, -73.940002;
 0, 408.72, 191.78999, 0;
 0, 0, 1, 0]
2020/03/09 12:59:53 290026	INFO [input.cpp->Input:22]	frame_pose [1, 0, 0, 0;
 0, 1, 0, 0;
 0, 0, 1, 0;
 0, 0, 0, 1]
2020/03/09 12:59:53 596299	INFO [input.cpp->run:173]	
frame_id 1
2020/03/09 12:59:53 661002	INFO [input.cpp->run:235]	rotation: 
[-0.9998785569100005, -0.007784417421192157, 0.01350089911774605;
 0.00752634413909676, -0.9997899775474764, -0.01906187135399814;
 0.01364644918925065, -0.01895794400849235, 0.9997271481676862]
2020/03/09 12:59:53 661077	INFO [input.cpp->run:256]	frame times (ms): 132.178
2020/03/09 12:59:53 661082	INFO [input.cpp->run:257]	FPS: 7.56556
2020/03/09 12:59:53 729961	INFO [input.cpp->run:173]	
frame_id 2
2020/03/09 12:59:53 757054	INFO [input.cpp->run:235]	rotation: 
[-0.9990050011261747, -0.005105353097489449, 0.0443051136398663;
 0.004882777114873763, -0.9999749180412283, -0.005130475229967255;
 0.04433019526843952, -0.004909038417938628, 0.999004872425191]
2020/03/09 12:59:53 757117	INFO [input.cpp->run:256]	frame times (ms): 93.613
2020/03/09 12:59:53 757125	INFO [input.cpp->run:257]	FPS: 10.6823
2020/03/09 12:59:53 863319	INFO [input.cpp->run:173]	
frame_id 3
2020/03/09 12:59:53 893800	INFO [input.cpp->run:235]	rotation: 
[-0.6824207701504281, 0.0156376853009535, 0.7307922791503239;
 0.02886507974858053, -0.9984147925852949, 0.04831882777935311;
 0.7303894164337299, 0.05406814908327307, 0.6808876086523412]
2020/03/09 12:59:53 893856	INFO [input.cpp->run:256]	frame times (ms): 98.786
2020/03/09 12:59:53 893861	INFO [input.cpp->run:257]	FPS: 10.1229
2020/03/09 12:59:53 996143	INFO [input.cpp->run:173]	
frame_id 4
2020/03/09 12:59:54 026544	INFO [input.cpp->run:235]	rotation: 
[-0.9990488611521017, -0.005728086074646717, 0.04322686734671077;
 0.005208085769142177, -0.9999128340374311, -0.01213260771038246;
 0.04329259605648465, -0.01189593868318981, 0.9989916104600352]
2020/03/09 12:59:54 026602	INFO [input.cpp->run:256]	frame times (ms): 97.353
2020/03/09 12:59:54 026607	INFO [input.cpp->run:257]	FPS: 10.2719
2020/03/09 12:59:54 128904	INFO [input.cpp->run:173]	
frame_id 5
2020/03/09 12:59:54 159044	INFO [input.cpp->run:235]	rotation: 
[-0.3866910397526228, 0.08393648733094022, 0.9183815687771496;
 0.1205917441061897, -0.9826962469489491, 0.1405906024095398;
 0.9142908022223907, 0.1651143613590076, 0.3698777860923038]
2020/03/09 12:59:54 159105	INFO [input.cpp->run:256]	frame times (ms): 90.872
2020/03/09 12:59:54 159111	INFO [input.cpp->run:257]	FPS: 11.0045
2020/03/09 12:59:54 265066	INFO [input.cpp->run:173]	
frame_id 6
2020/03/09 12:59:54 293055	INFO [input.cpp->run:235]	rotation: 
[-0.9907417212750852, -0.1123497249574318, 0.07621273533256039;
 0.08873503898491134, -0.9607637068022943, -0.2627911576668082;
 0.1027469443887639, -0.2535954238418043, 0.9618380458399777]
2020/03/09 12:59:54 293088	INFO [input.cpp->run:256]	frame times (ms): 89.353
2020/03/09 12:59:54 293093	INFO [input.cpp->run:257]	FPS: 11.1916
2020/03/09 12:59:54 394505	INFO [input.cpp->run:173]	
frame_id 7
2020/03/09 12:59:54 423895	INFO [input.cpp->run:235]	rotation: 
[-0.9475092552503305, 0.02183760533435022, -0.31898170826589;
 0.004812470920999817, -0.9965776954979289, -0.08252113038290239;
 -0.3196921196066595, -0.0797246249868797, 0.9441614972196775]
2020/03/09 12:59:54 423947	INFO [input.cpp->run:256]	frame times (ms): 101.862
2020/03/09 12:59:54 423953	INFO [input.cpp->run:257]	FPS: 9.8172
2020/03/09 12:59:54 529293	INFO [input.cpp->run:173]	
frame_id 8
2020/03/09 12:59:54 562039	INFO [input.cpp->run:235]	rotation: 
[0.9999673375751682, -0.00205975790786134, -0.007815444977138692;
 0.001939149864654918, 0.999879404207105, -0.01540833346755032;
 0.0078462399040616, 0.01539267487494702, 0.9998507399004923]
2020/03/09 12:59:54 562102	INFO [input.cpp->run:256]	frame times (ms): 100.322
2020/03/09 12:59:54 562108	INFO [input.cpp->run:257]	FPS: 9.9679
2020/03/09 12:59:54 661711	INFO [input.cpp->run:173]	
frame_id 9
2020/03/09 12:59:54 691079	INFO [input.cpp->run:235]	rotation: 
[-0.9977961327646161, 0.001491478400512333, 0.06633741728585352;
 0.04493510416233677, -0.7204241116201269, 0.6920765389826987;
 0.04882329212472871, 0.693532172929657, 0.7187693727876642]
2020/03/09 12:59:54 691137	INFO [input.cpp->run:256]	frame times (ms): 93.024
2020/03/09 12:59:54 691142	INFO [input.cpp->run:257]	FPS: 10.7499
2020/03/09 12:59:54 797987	INFO [input.cpp->run:173]	
frame_id 10
2020/03/09 12:59:54 827525	INFO [input.cpp->run:235]	rotation: 
[-0.9987438983864261, -0.000711177463571808, 0.05010109442417015;
 0.01130581120862726, -0.9773118003842506, 0.2115037197370522;
 0.04881397411396848, 0.2118044830883188, 0.9760922378929621]
2020/03/09 12:59:54 827585	INFO [input.cpp->run:256]	frame times (ms): 89.016
2020/03/09 12:59:54 827590	INFO [input.cpp->run:257]	FPS: 11.2339
2020/03/09 12:59:54 929988	INFO [input.cpp->run:173]	
frame_id 11
2020/03/09 12:59:54 960533	INFO [input.cpp->run:235]	rotation: 
[-0.7619293975991519, -0.02787166864024275, 0.6470600923881816;
 -0.03323461941245225, -0.9960747595271345, -0.08203982877523876;
 0.6468068128480892, -0.08401335322536264, 0.7580123371905809]
2020/03/09 12:59:54 960587	INFO [input.cpp->run:256]	frame times (ms): 93.176
2020/03/09 12:59:54 960594	INFO [input.cpp->run:257]	FPS: 10.7324
2020/03/09 12:59:55 062277	INFO [input.cpp->run:173]	
frame_id 12
2020/03/09 12:59:55 092829	INFO [input.cpp->run:235]	rotation: 
[-0.8108031106261836, -0.1209242830821453, -0.572691569311068;
 -0.1101584396222123, -0.9294167497943111, 0.3522067906525629;
 -0.5748594906400207, 0.3486571711048663, 0.7402531614645409]
2020/03/09 12:59:55 092880	INFO [input.cpp->run:256]	frame times (ms): 100.027
2020/03/09 12:59:55 092885	INFO [input.cpp->run:257]	FPS: 9.9973
2020/03/09 12:59:55 196490	INFO [input.cpp->run:173]	
frame_id 13
2020/03/09 12:59:55 226001	INFO [input.cpp->run:235]	rotation: 
[-0.6351630430673323, -0.04019667801514442, -0.7713314046491255;
 -0.05102523111919299, -0.9942795672687552, 0.09383265903239521;
 -0.7706908164177637, 0.09895640044182893, 0.6294785908201463]
2020/03/09 12:59:55 226053	INFO [input.cpp->run:256]	frame times (ms): 99.094
2020/03/09 12:59:55 226059	INFO [input.cpp->run:257]	FPS: 10.0914
2020/03/09 12:59:55 328312	INFO [input.cpp->run:173]	
frame_id 14
2020/03/09 12:59:55 362720	INFO [input.cpp->run:235]	rotation: 
[-0.999345600768645, -0.004566200706665679, 0.0358820294222961;
 0.0042609712234607, -0.9999541270164751, -0.008578344068169827;
 0.03591955384729767, -0.008419838111597544, 0.9993192142541764]
2020/03/09 12:59:55 362782	INFO [input.cpp->run:256]	frame times (ms): 96.107
2020/03/09 12:59:55 362787	INFO [input.cpp->run:257]	FPS: 10.4051
2020/03/09 12:59:55 460959	INFO [input.cpp->run:173]	
frame_id 15
2020/03/09 12:59:55 491200	INFO [input.cpp->run:235]	rotation: 
[-0.9948846034538037, -0.03158765339413144, -0.09595231088212522;
 -0.008002820800118025, -0.9222233005999168, 0.3865748810901153;
 -0.100700450196655, 0.3853652864278875, 0.9172529723835972]
2020/03/09 12:59:55 491263	INFO [input.cpp->run:256]	frame times (ms): 101.041
2020/03/09 12:59:55 491288	INFO [input.cpp->run:257]	FPS: 9.89697
2020/03/09 12:59:55 597241	INFO [input.cpp->run:173]	
frame_id 16
2020/03/09 12:59:55 626817	INFO [input.cpp->run:235]	rotation: 
[-0.8995293372835176, 0.03460177176628938, -0.4354878744085869;
 0.03507709383282595, -0.9879189664610764, -0.1509493729523968;
 -0.4354498465432256, -0.15105903844892, 0.8874483635955214]
2020/03/09 12:59:55 626864	INFO [input.cpp->run:256]	frame times (ms): 92.052
2020/03/09 12:59:55 626871	INFO [input.cpp->run:257]	FPS: 10.8634
2020/03/09 12:59:55 729592	INFO [input.cpp->run:173]	
frame_id 17
2020/03/09 12:59:55 759167	INFO [input.cpp->run:235]	rotation: 
[-0.792299553496107, 0.01450876909796083, -0.609959763549311;
 0.01893366490050566, -0.9986510840188922, -0.04834799604251248;
 -0.6098384489873565, -0.04985486944274851, 0.7909561037943518]
2020/03/09 12:59:55 759204	INFO [input.cpp->run:256]	frame times (ms): 97.157
2020/03/09 12:59:55 759209	INFO [input.cpp->run:257]	FPS: 10.2926
2020/03/09 12:59:55 861425	INFO [input.cpp->run:173]	
frame_id 18
2020/03/09 12:59:55 891435	INFO [input.cpp->run:235]	rotation: 
[-0.998531639572667, -0.0002652142698978386, 0.05417097408864299;
 0.0001945770576905712, -0.9999991240176391, -0.001309237840541135;
 0.05417127386438322, -0.001296774978755717, 0.998530816481176]
2020/03/09 12:59:55 891486	INFO [input.cpp->run:256]	frame times (ms): 91.723
2020/03/09 12:59:55 891492	INFO [input.cpp->run:257]	FPS: 10.9024
2020/03/09 12:59:55 999904	INFO [input.cpp->run:173]	
frame_id 19
2020/03/09 12:59:56 029673	INFO [input.cpp->run:235]	rotation: 
[-0.9996898943594962, -0.004916774484233023, 0.0244118914500822;
 0.004495104774209586, -0.9998402728472241, -0.01729805844183966;
 0.02449304286054061, -0.01718296020654233, 0.9995523181554692]
2020/03/09 12:59:56 029708	INFO [input.cpp->run:256]	frame times (ms): 100.44
2020/03/09 12:59:56 029713	INFO [input.cpp->run:257]	FPS: 9.95619
2020/03/09 12:59:56 129226	INFO [input.cpp->run:173]	
frame_id 20
2020/03/09 12:59:56 158587	INFO [input.cpp->run:235]	rotation: 
[-0.9771013808017549, -0.12537905124682, 0.1719098168917392;
 0.1347049530843905, -0.9899236456174106, 0.04365491337830627;
 0.1647041810332578, 0.06581237995987194, 0.9841449402370473]
2020/03/09 12:59:56 158639	INFO [input.cpp->run:256]	frame times (ms): 90.973
2020/03/09 12:59:56 158642	INFO [input.cpp->run:257]	FPS: 10.9923
2020/03/09 12:59:56 263020	INFO [input.cpp->run:173]	
frame_id 21
2020/03/09 12:59:56 293323	INFO [input.cpp->run:235]	rotation: 
[-0.9989008333375212, -0.007806304227459412, 0.04621890059179166;
 0.006508964111879268, -0.9995824130686448, -0.0281537363427186;
 0.04641937681395387, -0.02782195352906398, 0.9985345163578627]
2020/03/09 12:59:56 293374	INFO [input.cpp->run:256]	frame times (ms): 95.166
2020/03/09 12:59:56 293379	INFO [input.cpp->run:257]	FPS: 10.508
2020/03/09 12:59:56 394365	INFO [input.cpp->run:173]	
frame_id 22
2020/03/09 12:59:56 426094	INFO [input.cpp->run:235]	rotation: 
[-0.794374820431086, 0.04308730474942882, -0.6058977874481055;
 0.03609604074884228, -0.9923698112112177, -0.1178950110855847;
 -0.6063544512142529, -0.1155233394861924, 0.7867583094741486]
2020/03/09 12:59:56 426144	INFO [input.cpp->run:256]	frame times (ms): 103.72
2020/03/09 12:59:56 426150	INFO [input.cpp->run:257]	FPS: 9.64134
2020/03/09 12:59:56 531691	INFO [input.cpp->run:173]	
frame_id 23
2020/03/09 12:59:56 561093	INFO [input.cpp->run:235]	rotation: 
[-0.8933232759615632, 0.01230963434342305, -0.449246032289248;
 0.0165854481478244, -0.9980408662550353, -0.06032704364242073;
 -0.4491085030758566, -0.06134249902987265, 0.8913689753843433]
2020/03/09 12:59:56 561144	INFO [input.cpp->run:256]	frame times (ms): 94.652
2020/03/09 12:59:56 561149	INFO [input.cpp->run:257]	FPS: 10.565
2020/03/09 12:59:56 663863	INFO [input.cpp->run:173]	
frame_id 24
2020/03/09 12:59:56 694255	INFO [input.cpp->run:235]	rotation: 
[-0.9266367598317745, 0.04651969640126992, 0.3730686708572616;
 -0.01503428883369443, -0.9961064929832164, 0.08686670706284663;
 0.3756571382094784, 0.07488506181750157, 0.923728283657512]
2020/03/09 12:59:56 694313	INFO [input.cpp->run:256]	frame times (ms): 95.053
2020/03/09 12:59:56 694319	INFO [input.cpp->run:257]	FPS: 10.5204
2020/03/09 12:59:56 797437	INFO [input.cpp->run:173]	
frame_id 25
2020/03/09 12:59:56 828177	INFO [input.cpp->run:235]	rotation: 
[0.9997902204854218, 0.02029782526084318, 0.002741042026663585;
 -0.02036693156588484, 0.9993971188227623, 0.02811737874255132;
 -0.002168667863510439, -0.02816730690786377, 0.9996008701983287]
2020/03/09 12:59:56 828231	INFO [input.cpp->run:256]	frame times (ms): 99.416
2020/03/09 12:59:56 828237	INFO [input.cpp->run:257]	FPS: 10.0587
2020/03/09 12:59:56 928520	INFO [input.cpp->run:173]	
frame_id 26
2020/03/09 12:59:56 955929	INFO [input.cpp->run:235]	rotation: 
[0.9999992729183259, 0.0008358862852398012, -0.0008691702581235721;
 -0.0008290506233004402, 0.9999689589174219, 0.007835424472959414;
 0.0008756928019937943, -0.00783469818982162, 0.999968924850363]
2020/03/09 12:59:56 955957	INFO [input.cpp->run:256]	frame times (ms): 94.776
2020/03/09 12:59:56 955959	INFO [input.cpp->run:257]	FPS: 10.5512
2020/03/09 12:59:57 063358	INFO [input.cpp->run:173]	
frame_id 27
2020/03/09 12:59:57 093749	INFO [input.cpp->run:235]	rotation: 
[-0.7282385806487001, 0.0362182407855055, 0.6843659903072112;
 0.04559783263995081, -0.9938290835249061, 0.1011167167118487;
 0.68380509453594, 0.1048427001485958, 0.7220932079117248]
2020/03/09 12:59:57 093776	INFO [input.cpp->run:256]	frame times (ms): 99.612
2020/03/09 12:59:57 093779	INFO [input.cpp->run:257]	FPS: 10.039
2020/03/09 12:59:57 196989	INFO [input.cpp->run:173]	
frame_id 28
2020/03/09 12:59:57 227947	INFO [input.cpp->run:235]	rotation: 
[-0.9997406944927085, -0.0002639681563177421, 0.02277002626369365;
 -0.0001349349176761265, -0.999846583378984, -0.01751546453681143;
 0.02277115648808466, -0.01751399515201365, 0.9995872820349458]
2020/03/09 12:59:57 227974	INFO [input.cpp->run:256]	frame times (ms): 95.483
2020/03/09 12:59:57 227977	INFO [input.cpp->run:257]	FPS: 10.4731
2020/03/09 12:59:57 330123	INFO [input.cpp->run:173]	
frame_id 29
2020/03/09 12:59:57 362188	INFO [input.cpp->run:235]	rotation: 
[-0.7770121089109311, 0.01786594597022326, -0.6292320641705861;
 0.01163988988490893, -0.9990184639798489, -0.04273899379735493;
 -0.629378022788574, -0.04053290764221353, 0.7760414858941584]
2020/03/09 12:59:57 362219	INFO [input.cpp->run:256]	frame times (ms): 96.112
2020/03/09 12:59:57 362239	INFO [input.cpp->run:257]	FPS: 10.4045
2020/03/09 12:59:57 463532	INFO [input.cpp->run:173]	
frame_id 30
2020/03/09 12:59:57 492760	INFO [input.cpp->run:235]	rotation: 
[-0.9750110564340231, 0.03494751948333944, 0.219390315906085;
 0.1093943409513679, -0.7839935766687974, 0.6110539664464033;
 0.1933554188514664, 0.6197844323827665, 0.7605793445635671]
2020/03/09 12:59:57 492786	INFO [input.cpp->run:256]	frame times (ms): 96.426
2020/03/09 12:59:57 492789	INFO [input.cpp->run:257]	FPS: 10.3706
2020/03/09 12:59:57 597869	INFO [input.cpp->run:173]	
frame_id 31
2020/03/09 12:59:57 626991	INFO [input.cpp->run:235]	rotation: 
[-0.9980326401001036, -0.002830589112784231, 0.06263255591217379;
 0.002849046070034762, -0.9999959203696756, 0.0002053789092465814;
 0.06263171905119488, 0.0003834178922940565, 0.998036632974668]
2020/03/09 12:59:57 627015	INFO [input.cpp->run:256]	frame times (ms): 94.076
2020/03/09 12:59:57 627017	INFO [input.cpp->run:257]	FPS: 10.6297
2020/03/09 12:59:57 729362	INFO [input.cpp->run:173]	
frame_id 32
2020/03/09 12:59:57 758838	INFO [input.cpp->run:235]	rotation: 
[-0.9843125786087654, -0.01066086859408875, -0.176111025984697;
 -0.004919447262023252, -0.9961263270142149, 0.08779601168507362;
 -0.1763648112045009, 0.08728508755789263, 0.9804472279826241]
2020/03/09 12:59:57 758862	INFO [input.cpp->run:256]	frame times (ms): 91.85
2020/03/09 12:59:57 758865	INFO [input.cpp->run:257]	FPS: 10.8873
2020/03/09 12:59:57 862787	INFO [input.cpp->run:173]	
frame_id 33
2020/03/09 12:59:57 892205	INFO [input.cpp->run:235]	rotation: 
[-0.9811571333492141, 0.06036503008507733, -0.1835394857265878;
 0.03577633120458908, -0.8767521359409873, -0.4796099938996853;
 -0.1898703078511545, -0.4771391361707236, 0.858071973048161]
2020/03/09 12:59:57 892230	INFO [input.cpp->run:256]	frame times (ms): 96.86
2020/03/09 12:59:57 892233	INFO [input.cpp->run:257]	FPS: 10.3242
2020/03/09 12:59:57 999103	INFO [input.cpp->run:173]	
frame_id 34
2020/03/09 12:59:58 027600	INFO [input.cpp->run:235]	rotation: 
[-0.9969404185161144, -0.01991360957477581, -0.07558604423184227;
 -0.02380509695062904, -0.8437174945645317, 0.5362593651629037;
 -0.07445212749200504, 0.5364179690497446, 0.8406620267339673]
2020/03/09 12:59:58 027641	INFO [input.cpp->run:256]	frame times (ms): 97.854
2020/03/09 12:59:58 027646	INFO [input.cpp->run:257]	FPS: 10.2193
2020/03/09 12:59:58 131703	INFO [input.cpp->run:173]	
frame_id 35
2020/03/09 12:59:58 161644	INFO [input.cpp->run:235]	rotation: 
[-0.9992048399451297, 0.004950918476321805, 0.03956230828034105;
 -0.004444665927187487, -0.9999072474509726, 0.01287406073525912;
 0.03962237720056213, 0.01268798255280395, 0.9991341663278841]
2020/03/09 12:59:58 161667	INFO [input.cpp->run:256]	frame times (ms): 93.314
2020/03/09 12:59:58 161669	INFO [input.cpp->run:257]	FPS: 10.7165
2020/03/09 12:59:58 264242	INFO [input.cpp->run:173]	
frame_id 36
2020/03/09 12:59:58 294808	INFO [input.cpp->run:235]	rotation: 
[-0.5318486521851575, -0.174361527903743, 0.8286947983159444;
 -0.007222048621888841, -0.9776042312419965, -0.2103278609016126;
 0.8468086284294313, -0.1178474634636541, 0.5186782453242557]
2020/03/09 12:59:58 294884	INFO [input.cpp->run:256]	frame times (ms): 99.88
2020/03/09 12:59:58 294892	INFO [input.cpp->run:257]	FPS: 10.012
2020/03/09 12:59:58 401708	INFO [input.cpp->run:173]	
frame_id 37
2020/03/09 12:59:58 430946	INFO [input.cpp->run:235]	rotation: 
[-0.6883695851633458, 0.05009622370411741, -0.7236281383366945;
 0.01919447760390714, -0.9960048486764469, -0.08721188819490849;
 -0.7251061206827289, -0.07392367539290196, 0.6846578736601574]
2020/03/09 12:59:58 431005	INFO [input.cpp->run:256]	frame times (ms): 96.476
2020/03/09 12:59:58 431009	INFO [input.cpp->run:257]	FPS: 10.3653
2020/03/09 12:59:58 529518	INFO [input.cpp->run:173]	
frame_id 38
2020/03/09 12:59:58 558604	INFO [input.cpp->run:235]	rotation: 
[-0.9960159256813774, -0.01097551760588597, 0.08849753557219367;
 -0.006929197650515994, -0.9798711952352873, -0.1995104683170521;
 0.08890591661407513, -0.1993288206994971, 0.9758912640399847]
2020/03/09 12:59:58 558660	INFO [input.cpp->run:256]	frame times (ms): 94.542
2020/03/09 12:59:58 558666	INFO [input.cpp->run:257]	FPS: 10.5773
2020/03/09 12:59:58 663058	INFO [input.cpp->run:173]	
frame_id 39
2020/03/09 12:59:58 692561	INFO [input.cpp->run:235]	rotation: 
[-0.9991559258444838, 0.006425005685171421, 0.04057283761086833;
 -0.00655746641347752, -0.9999735931138222, -0.003132524424187474;
 0.04055163972132929, -0.003395935361212241, 0.9991716730066625]
2020/03/09 12:59:58 692616	INFO [input.cpp->run:256]	frame times (ms): 94.793
2020/03/09 12:59:58 692621	INFO [input.cpp->run:257]	FPS: 10.5493
2020/03/09 12:59:58 796322	INFO [input.cpp->run:173]	
frame_id 40
2020/03/09 12:59:58 827597	INFO [input.cpp->run:235]	rotation: 
[-0.7979383996137187, 0.04014501666852071, -0.6014006053028061;
 0.04186644756281805, -0.9916779974349118, -0.1217454310105844;
 -0.6012832202800668, -0.1223238612870251, 0.7896172249700903]
2020/03/09 12:59:58 827649	INFO [input.cpp->run:256]	frame times (ms): 98.586
2020/03/09 12:59:58 827655	INFO [input.cpp->run:257]	FPS: 10.1434
2020/03/09 12:59:58 929199	INFO [input.cpp->run:173]	
frame_id 41
2020/03/09 12:59:58 960136	INFO [input.cpp->run:235]	rotation: 
[-0.7299123674820689, -0.01620215157991544, -0.6833486855777969;
 -0.005472435950145164, -0.9995484838416707, 0.02954455778292908;
 -0.6835188280080461, 0.02530452003098893, 0.7294941350172108]
2020/03/09 12:59:58 960189	INFO [input.cpp->run:256]	frame times (ms): 89.751
2020/03/09 12:59:58 960194	INFO [input.cpp->run:257]	FPS: 11.1419
2020/03/09 12:59:59 064993	INFO [input.cpp->run:173]	
frame_id 42
2020/03/09 12:59:59 096090	INFO [input.cpp->run:235]	rotation: 
[-0.9998745284862687, 0.002264034246364736, 0.01567805578804681;
 -0.001963912061400412, -0.9998150410231176, 0.01913182671249035;
 0.01571847110176134, 0.01909863589037083, 0.9996940390806329]
2020/03/09 12:59:59 096137	INFO [input.cpp->run:256]	frame times (ms): 98.407
2020/03/09 12:59:59 096144	INFO [input.cpp->run:257]	FPS: 10.1619
2020/03/09 12:59:59 199357	INFO [input.cpp->run:173]	
frame_id 43
2020/03/09 12:59:59 228578	INFO [input.cpp->run:235]	rotation: 
[-0.9466981918513544, 0.1657812399211236, -0.2761867376171259;
 -0.00324659993983592, -0.8622651961695172, -0.5064466319994386;
 -0.3221055620975939, -0.4785554429373455, 0.8168431274735891]
2020/03/09 12:59:59 228631	INFO [input.cpp->run:256]	frame times (ms): 102.543
2020/03/09 12:59:59 228636	INFO [input.cpp->run:257]	FPS: 9.75201
2020/03/09 12:59:59 329282	INFO [input.cpp->run:173]	
frame_id 44
2020/03/09 12:59:59 358773	INFO [input.cpp->run:235]	rotation: 
[0.9999869351225252, -0.00207942071487282, -0.004669645998263228;
 0.002007924645864565, 0.9998814875163761, -0.01526365489178895;
 0.004700832147084986, 0.0152540791767206, 0.9998725995073549]
2020/03/09 12:59:59 358829	INFO [input.cpp->run:256]	frame times (ms): 92.045
2020/03/09 12:59:59 358832	INFO [input.cpp->run:257]	FPS: 10.8643
2020/03/09 12:59:59 465130	INFO [input.cpp->run:173]	
frame_id 45
2020/03/09 12:59:59 494704	INFO [input.cpp->run:235]	rotation: 
[-0.8609027418722883, 0.002129865997607949, -0.5087651056308877;
 0.008997661293711313, -0.9997711071006585, -0.01941070575654515;
 -0.5086899951129566, -0.02128842590601191, 0.8606865235348026]
2020/03/09 12:59:59 494755	INFO [input.cpp->run:256]	frame times (ms): 93.752
2020/03/09 12:59:59 494760	INFO [input.cpp->run:257]	FPS: 10.6664
2020/03/09 12:59:59 596256	INFO [input.cpp->run:173]	
frame_id 46
2020/03/09 12:59:59 625962	INFO [input.cpp->run:235]	rotation: 
[0.9999939699209452, 0.002791829398202125, -0.002065383828499836;
 -0.002728508922495708, 0.9995446594384576, 0.03005044137974805;
 0.002148339081140496, -0.03004462475500646, 0.9995462496365655]
2020/03/09 12:59:59 626013	INFO [input.cpp->run:256]	frame times (ms): 95.406
2020/03/09 12:59:59 626018	INFO [input.cpp->run:257]	FPS: 10.4815
2020/03/09 12:59:59 729947	INFO [input.cpp->run:173]	
frame_id 47
2020/03/09 12:59:59 759133	INFO [input.cpp->run:235]	rotation: 
[-0.8152374934924227, -0.04032915019768451, 0.5777208572040002;
 -0.04205107195088777, -0.9908168335515893, -0.1285056796355066;
 0.5775980752668533, -0.1290564294994046, 0.8060551478980159]
2020/03/09 12:59:59 759182	INFO [input.cpp->run:256]	frame times (ms): 98.035
2020/03/09 12:59:59 759186	INFO [input.cpp->run:257]	FPS: 10.2004
2020/03/09 12:59:59 864855	INFO [input.cpp->run:173]	
frame_id 48
2020/03/09 12:59:59 893991	INFO [input.cpp->run:235]	rotation: 
[-0.9999093984101967, -0.005853938705867832, 0.01212131892933047;
 0.00400370726347708, -0.9890697599781704, -0.1473939626472975;
 0.01285166522700399, -0.147332078307314, 0.9890035861424065]
2020/03/09 12:59:59 894023	INFO [input.cpp->run:256]	frame times (ms): 96.262
2020/03/09 12:59:59 894026	INFO [input.cpp->run:257]	FPS: 10.3883
2020/03/09 12:59:59 996210	INFO [input.cpp->run:173]	
frame_id 49
2020/03/09 13:00:00 025765	INFO [input.cpp->run:235]	rotation: 
[-0.9936784211669967, -0.01932724325221836, 0.1105877614175018;
 -0.03261762610338766, -0.8928713322995137, -0.4491290175718677;
 0.1074210676471069, -0.4498969233346246, 0.8865965669906442]
2020/03/09 13:00:00 025817	INFO [input.cpp->run:256]	frame times (ms): 90.014
2020/03/09 13:00:00 025822	INFO [input.cpp->run:257]	FPS: 11.1094
2020/03/09 13:00:00 132444	INFO [input.cpp->run:173]	
frame_id 50
2020/03/09 13:00:00 161781	INFO [input.cpp->run:235]	rotation: 
[-0.8341446166317419, 0.0380708003153581, -0.5502302906126056;
 0.0479774184681114, -0.9888248641737657, -0.1411508246836323;
 -0.5494551172401801, -0.1441388294495342, 0.8229963985240139]
2020/03/09 13:00:00 161816	INFO [input.cpp->run:256]	frame times (ms): 92.902
2020/03/09 13:00:00 161818	INFO [input.cpp->run:257]	FPS: 10.764
2020/03/09 13:00:00 264290	INFO [input.cpp->run:173]	
frame_id 51
2020/03/09 13:00:00 294237	INFO [input.cpp->run:235]	rotation: 
[-0.740870778715317, 0.01553223480000999, -0.6714679731214864;
 0.01626090329269339, -0.9990247307888389, -0.04105082576993457;
 -0.6714507221456133, -0.04133203303014756, 0.7398956620873851]
2020/03/09 13:00:00 294270	INFO [input.cpp->run:256]	frame times (ms): 98.962
2020/03/09 13:00:00 294273	INFO [input.cpp->run:257]	FPS: 10.1049
2020/03/09 13:00:00 396199	INFO [input.cpp->run:173]	
frame_id 52
2020/03/09 13:00:00 425553	INFO [input.cpp->run:235]	rotation: 
[-0.9998943414564633, -0.01444438613429404, -0.001632676498590836;
 0.01439918923088481, -0.9995851380603639, 0.02494424018358782;
 -0.001992303400290148, 0.02491809539364436, 0.9996875107998076]
2020/03/09 13:00:00 425606	INFO [input.cpp->run:256]	frame times (ms): 98.087
2020/03/09 13:00:00 425611	INFO [input.cpp->run:257]	FPS: 10.195
2020/03/09 13:00:00 532944	INFO [input.cpp->run:173]	
frame_id 53
2020/03/09 13:00:00 561884	INFO [input.cpp->run:235]	rotation: 
[-0.9333586317749882, 0.02048729971623845, -0.358360063401963;
 0.03079902098709513, -0.9901168136288039, -0.1368214737377904;
 -0.3576214266474513, -0.1387406426389953, 0.923503085692062]
2020/03/09 13:00:00 561916	INFO [input.cpp->run:256]	frame times (ms): 90.483
2020/03/09 13:00:00 561919	INFO [input.cpp->run:257]	FPS: 11.0518
2020/03/09 13:00:00 663000	INFO [input.cpp->run:173]	
frame_id 54
2020/03/09 13:00:00 692747	INFO [input.cpp->run:235]	rotation: 
[-0.8616036561487559, -0.05049786521764933, -0.5050634666252912;
 -0.02962541127014284, -0.9883395354607926, 0.149356277578881;
 -0.5067163651572461, 0.1436486277470306, 0.8500609372440451]
2020/03/09 13:00:00 692798	INFO [input.cpp->run:256]	frame times (ms): 93.154
2020/03/09 13:00:00 692802	INFO [input.cpp->run:257]	FPS: 10.7349
2020/03/09 13:00:00 798691	INFO [input.cpp->run:173]	
frame_id 55
2020/03/09 13:00:00 828972	INFO [input.cpp->run:235]	rotation: 
[-0.9686999491802053, 0.02554745778667568, -0.2469164552210031;
 0.02625839293130172, -0.9785634544790347, -0.2042646870086052;
 -0.2468418628574435, -0.2043548212269437, 0.9472635334384885]
2020/03/09 13:00:00 829020	INFO [input.cpp->run:256]	frame times (ms): 97.14
2020/03/09 13:00:00 829025	INFO [input.cpp->run:257]	FPS: 10.2944
2020/03/09 13:00:00 929605	INFO [input.cpp->run:173]	
frame_id 56
2020/03/09 13:00:00 960950	INFO [input.cpp->run:235]	rotation: 
[-0.9978033652979299, 0.001344359585350521, -0.06623169103556997;
 -0.02187030455347914, -0.9504222674858083, 0.3101922037154914;
 -0.06253106411107998, 0.3109593320105382, 0.9483639385049905]
2020/03/09 13:00:00 960995	INFO [input.cpp->run:256]	frame times (ms): 99.193
2020/03/09 13:00:00 960997	INFO [input.cpp->run:257]	FPS: 10.0814
2020/03/09 13:00:01 064698	INFO [input.cpp->run:173]	
frame_id 57
2020/03/09 13:00:01 094399	INFO [input.cpp->run:235]	rotation: 
[-0.8162563653971917, -0.01576877214449627, -0.5774745810627695;
 -0.01080693731277384, -0.9990356490762097, 0.04255563394891756;
 -0.5775887430122613, 0.04097703869158247, 0.815298795685106]
2020/03/09 13:00:01 094432	INFO [input.cpp->run:256]	frame times (ms): 96.24
2020/03/09 13:00:01 094435	INFO [input.cpp->run:257]	FPS: 10.3907
2020/03/09 13:00:01 196747	INFO [input.cpp->run:173]	
frame_id 58
2020/03/09 13:00:01 226423	INFO [input.cpp->run:235]	rotation: 
[-0.9993632822081204, -0.01829476399322272, -0.03063220175966726;
 0.01841905007513862, -0.9998232091031397, -0.00378009696025854;
 -0.03055763028348593, -0.004341906163391974, 0.9995235760512734]
2020/03/09 13:00:01 226476	INFO [input.cpp->run:256]	frame times (ms): 96.447
2020/03/09 13:00:01 226480	INFO [input.cpp->run:257]	FPS: 10.3684
2020/03/09 13:00:01 333287	INFO [input.cpp->run:173]	
frame_id 59
2020/03/09 13:00:01 363768	INFO [input.cpp->run:235]	rotation: 
[-0.8378473682826684, 0.0108380039599889, -0.5457969632857717;
 0.01382282981246493, -0.9990611504126049, -0.04105785079881924;
 -0.5457295271815356, -0.04194467077479254, 0.8369109437424106]
2020/03/09 13:00:01 363821	INFO [input.cpp->run:256]	frame times (ms): 104.336
2020/03/09 13:00:01 363833	INFO [input.cpp->run:257]	FPS: 9.58442
2020/03/09 13:00:01 464738	INFO [input.cpp->run:173]	
frame_id 60
2020/03/09 13:00:01 493756	INFO [input.cpp->run:235]	rotation: 
[-0.9233795739736806, 0.03650020281190563, -0.382149051500686;
 0.00829468238340565, -0.9933402126081253, -0.1149191901285546;
 -0.383798593812357, -0.1092838378276231, 0.9169273047397623]
2020/03/09 13:00:01 493780	INFO [input.cpp->run:256]	frame times (ms): 90.328
2020/03/09 13:00:01 493783	INFO [input.cpp->run:257]	FPS: 11.0708
2020/03/09 13:00:01 599263	INFO [input.cpp->run:173]	
frame_id 61
2020/03/09 13:00:01 629961	INFO [input.cpp->run:235]	rotation: 
[-0.7493270751598912, -0.05533054936588164, -0.6598844328662351;
 -0.04627316874704718, -0.9896921193648462, 0.1355297115809894;
 -0.6605813562964294, 0.1320910260918152, 0.7390427812647802]
2020/03/09 13:00:01 630015	INFO [input.cpp->run:256]	frame times (ms): 96.858
2020/03/09 13:00:01 630020	INFO [input.cpp->run:257]	FPS: 10.3244
2020/03/09 13:00:01 729259	INFO [input.cpp->run:173]	
frame_id 62
2020/03/09 13:00:01 759353	INFO [input.cpp->run:235]	rotation: 
[-0.9664285861915808, -0.2323930465210635, 0.1095867679987007;
 0.0235509133879314, -0.5048415948548889, -0.862890675916113;
 0.255853751722222, -0.8313413474819058, 0.493366417276888]
2020/03/09 13:00:01 759408	INFO [input.cpp->run:256]	frame times (ms): 93.511
2020/03/09 13:00:01 759412	INFO [input.cpp->run:257]	FPS: 10.6939
2020/03/09 13:00:01 865382	INFO [input.cpp->run:173]	
frame_id 63
2020/03/09 13:00:01 896405	INFO [input.cpp->run:235]	rotation: 
[-0.9281606365143715, -0.02428583537846421, -0.3713866328036144;
 -0.0130071541643655, -0.9951425004007263, 0.09758185198455163;
 -0.3719524791768177, 0.09540231703769386, 0.9233362069896631]
2020/03/09 13:00:01 896458	INFO [input.cpp->run:256]	frame times (ms): 94.006
2020/03/09 13:00:01 896462	INFO [input.cpp->run:257]	FPS: 10.6376
2020/03/09 13:00:02 001273	INFO [input.cpp->run:173]	
frame_id 64
2020/03/09 13:00:02 031320	INFO [input.cpp->run:235]	rotation: 
[-0.9999484927268565, 0.007311075225655346, -0.007039891500058105;
 -0.007053827590738763, -0.9993305711749078, -0.03589781374335786;
 -0.007297630410476698, -0.03584630656396121, 0.9993306694463617]
2020/03/09 13:00:02 031373	INFO [input.cpp->run:256]	frame times (ms): 95.52
2020/03/09 13:00:02 031377	INFO [input.cpp->run:257]	FPS: 10.469
2020/03/09 13:00:02 133128	INFO [input.cpp->run:173]	
frame_id 65
2020/03/09 13:00:02 161143	INFO [input.cpp->run:235]	rotation: 
[-0.7410117639587521, 0.01765717701714183, -0.6712598526461446;
 0.01667738904798704, -0.9988619116732053, -0.04468496506759168;
 -0.6712849099818055, -0.04430694650204554, 0.7398739515095688]
2020/03/09 13:00:02 161171	INFO [input.cpp->run:256]	frame times (ms): 89.26
2020/03/09 13:00:02 161174	INFO [input.cpp->run:257]	FPS: 11.2032
2020/03/09 13:00:02 265783	INFO [input.cpp->run:173]	
frame_id 66
2020/03/09 13:00:02 295278	INFO [input.cpp->run:235]	rotation: 
[-0.7283714478921692, 0.02785573229517286, -0.6846160179792501;
 0.03486422550913763, -0.996372222409406, -0.07763298390883314;
 -0.6842949069481031, -0.08041425613186265, 0.7247579097434169]
2020/03/09 13:00:02 295321	INFO [input.cpp->run:256]	frame times (ms): 92.621
2020/03/09 13:00:02 295328	INFO [input.cpp->run:257]	FPS: 10.7967
2020/03/09 13:00:02 398719	INFO [input.cpp->run:173]	
frame_id 67
2020/03/09 13:00:02 427803	INFO [input.cpp->run:235]	rotation: 
[-0.9960767057113241, 0.02056308143865855, 0.08607180735306605;
 -0.01736081420428239, -0.999134912768765, 0.03778926060029215;
 0.08677441137478609, 0.03614672555432236, 0.9955720043082066]
2020/03/09 13:00:02 427851	INFO [input.cpp->run:256]	frame times (ms): 94.872
2020/03/09 13:00:02 427856	INFO [input.cpp->run:257]	FPS: 10.5405
2020/03/09 13:00:02 532552	INFO [input.cpp->run:173]	
frame_id 68
2020/03/09 13:00:02 563540	INFO [input.cpp->run:235]	rotation: 
[-0.9999372528479613, -0.004250487733471482, 0.01036454151904491;
 0.004145051560188641, -0.9999396611998975, -0.01017312670703885;
 0.01040715688532536, -0.0101295268133165, 0.9998945363247573]
2020/03/09 13:00:02 563592	INFO [input.cpp->run:256]	frame times (ms): 98.51
2020/03/09 13:00:02 563597	INFO [input.cpp->run:257]	FPS: 10.1513
2020/03/09 13:00:02 665345	INFO [input.cpp->run:173]	
frame_id 69
2020/03/09 13:00:02 694618	INFO [input.cpp->run:235]	rotation: 
[-0.6805890813689257, 0.02832091929690762, -0.7321177691133988;
 0.02524172703579325, -0.9977530713256105, -0.06206177468105175;
 -0.7322303992171127, -0.06071848310431658, 0.6783449773322259]
2020/03/09 13:00:02 694669	INFO [input.cpp->run:256]	frame times (ms): 94.524
2020/03/09 13:00:02 694675	INFO [input.cpp->run:257]	FPS: 10.5793
2020/03/09 13:00:02 800157	INFO [input.cpp->run:173]	
frame_id 70
2020/03/09 13:00:02 831423	INFO [input.cpp->run:235]	rotation: 
[-0.9999300193213172, 0.004909354537774773, -0.0107635820288893;
 -0.004454836133134817, -0.9991138801523577, -0.04185222720390451;
 -0.01095951162676125, -0.04180134836249613, 0.9990658318549278]
2020/03/09 13:00:02 831472	INFO [input.cpp->run:256]	frame times (ms): 94.498
2020/03/09 13:00:02 831477	INFO [input.cpp->run:257]	FPS: 10.5822
2020/03/09 13:00:02 932787	INFO [input.cpp->run:173]	
frame_id 71
2020/03/09 13:00:02 963115	INFO [input.cpp->run:235]	rotation: 
[-0.9537538057880544, -0.01277834652961034, -0.3003171520322666;
 -0.008039291240182432, -0.9976542218335884, 0.06798105216876654;
 -0.3004813600560904, 0.06725152427704689, 0.9514137820849861]
2020/03/09 13:00:02 963165	INFO [input.cpp->run:256]	frame times (ms): 90.042
2020/03/09 13:00:02 963170	INFO [input.cpp->run:257]	FPS: 11.1059
2020/03/09 13:00:03 066575	INFO [input.cpp->run:173]	
frame_id 72
2020/03/09 13:00:03 098148	INFO [input.cpp->run:235]	rotation: 
[-0.8995672668940082, -0.03110977312990723, -0.4356729442467708;
 -0.02525647767116842, -0.9920864533408669, 0.1229901599038952;
 -0.4360514220461733, 0.1216414859879048, 0.8916627760640028]
2020/03/09 13:00:03 098197	INFO [input.cpp->run:256]	frame times (ms): 99.263
2020/03/09 13:00:03 098204	INFO [input.cpp->run:257]	FPS: 10.0742
2020/03/09 13:00:03 197634	INFO [input.cpp->run:173]	
frame_id 73
2020/03/09 13:00:03 226799	INFO [input.cpp->run:235]	rotation: 
[-0.7855232016454137, -0.02445105394254347, 0.6183489675238713;
 -0.03716891689902101, -0.9955509176781381, -0.0865843053143632;
 0.6177149595835384, -0.09099734211127281, 0.7811195250634767]
2020/03/09 13:00:03 226844	INFO [input.cpp->run:256]	frame times (ms): 95.677
2020/03/09 13:00:03 226849	INFO [input.cpp->run:257]	FPS: 10.4518
2020/03/09 13:00:03 330861	INFO [input.cpp->run:173]	
frame_id 74
2020/03/09 13:00:03 359800	INFO [input.cpp->run:235]	rotation: 
[-0.7282841562367146, -0.01940386588274632, -0.6850004947176176;
 -0.02772991963827554, -0.9979458434501455, 0.05775071512485836;
 -0.6847139835956553, 0.06105393950747288, 0.7262500789254249]
2020/03/09 13:00:03 359844	INFO [input.cpp->run:256]	frame times (ms): 90.03
2020/03/09 13:00:03 359851	INFO [input.cpp->run:257]	FPS: 11.1074
2020/03/09 13:00:03 463910	INFO [input.cpp->run:173]	
frame_id 75
2020/03/09 13:00:03 493882	INFO [input.cpp->run:235]	rotation: 
[-0.7450020182560294, -0.006391702796019144, -0.6670315876551949;
 -0.004594519229395959, -0.999881205620843, 0.01471275090729719;
 -0.6670463875829726, 0.01402571857613094, 0.7448841494023944]
2020/03/09 13:00:03 493933	INFO [input.cpp->run:256]	frame times (ms): 97.425
2020/03/09 13:00:03 493939	INFO [input.cpp->run:257]	FPS: 10.2643
2020/03/09 13:00:03 597549	INFO [input.cpp->run:173]	
frame_id 76
2020/03/09 13:00:03 629842	INFO [input.cpp->run:235]	rotation: 
[-0.9424388258004918, -0.02728217270206552, -0.3332637734234627;
 -0.02316900342340315, -0.9889425369574917, 0.1464781754270804;
 -0.333574964444511, 0.1457681091622406, 0.9313857425616461]
2020/03/09 13:00:03 629888	INFO [input.cpp->run:256]	frame times (ms): 100.311
2020/03/09 13:00:03 629905	INFO [input.cpp->run:257]	FPS: 9.969
2020/03/09 13:00:03 729510	INFO [input.cpp->run:173]	
frame_id 77
2020/03/09 13:00:03 760789	INFO [input.cpp->run:235]	rotation: 
[-0.9999579697113511, -0.008100430987024563, -0.004294395018749955;
 0.008305871249795536, -0.9987045768083994, -0.05020140201964228;
 -0.003882178967336784, -0.05023496073234632, 0.998729882103607]
2020/03/09 13:00:03 760897	INFO [input.cpp->run:256]	frame times (ms): 98.554
2020/03/09 13:00:03 760902	INFO [input.cpp->run:257]	FPS: 10.1467
2020/03/09 13:00:03 866054	INFO [input.cpp->run:173]	
frame_id 78
2020/03/09 13:00:03 897365	INFO [input.cpp->run:235]	rotation: 
[-0.7020521446929949, -0.006699791924116839, -0.7120940239323313;
 -0.01364901948618169, -0.9996454586931413, 0.02286178429705477;
 -0.7119947263842844, 0.02576954990590186, 0.7017117926176069]
2020/03/09 13:00:03 897416	INFO [input.cpp->run:256]	frame times (ms): 102.134
2020/03/09 13:00:03 897421	INFO [input.cpp->run:257]	FPS: 9.79106
2020/03/09 13:00:03 996909	INFO [input.cpp->run:173]	
frame_id 79
2020/03/09 13:00:04 028269	INFO [input.cpp->run:235]	rotation: 
[-0.8167835045328439, 0.02984810199892997, -0.5761716736616853;
 0.02027551735879634, -0.9965589766526483, -0.08036858496240758;
 -0.5765879032020003, -0.0773259132509151, 0.8133677477138087]
2020/03/09 13:00:04 028320	INFO [input.cpp->run:256]	frame times (ms): 103.312
2020/03/09 13:00:04 028325	INFO [input.cpp->run:257]	FPS: 9.67942
2020/03/09 13:00:04 133415	INFO [input.cpp->run:173]	
frame_id 80
2020/03/09 13:00:04 163977	INFO [input.cpp->run:235]	rotation: 
[-0.997632481831232, 0.001452310120890091, 0.06875552334590526;
 0.009316828176360814, -0.987705387378535, 0.15604891686952;
 0.06813683224210479, 0.1563200516208044, 0.9853534460046718]
2020/03/09 13:00:04 164024	INFO [input.cpp->run:256]	frame times (ms): 102.131
2020/03/09 13:00:04 164033	INFO [input.cpp->run:257]	FPS: 9.79135
2020/03/09 13:00:04 263347	INFO [input.cpp->run:173]	
frame_id 81
2020/03/09 13:00:04 292225	INFO [input.cpp->run:235]	rotation: 
[-0.99881620190536, 0.008453416336201735, -0.04790338780919223;
 -0.004742542311044718, -0.9970154623195384, -0.07705631828854159;
 -0.04841180748308185, -0.07673791532224417, 0.9958752879995656]
2020/03/09 13:00:04 292272	INFO [input.cpp->run:256]	frame times (ms): 99.335
2020/03/09 13:00:04 292277	INFO [input.cpp->run:257]	FPS: 10.0669
2020/03/09 13:00:04 398604	INFO [input.cpp->run:173]	
frame_id 82
2020/03/09 13:00:04 429905	INFO [input.cpp->run:235]	rotation: 
[-0.6551478701507518, 0.01897397811190057, -0.7552623758612254;
 0.003550603126488701, -0.9995962158072117, -0.02819217198692645;
 -0.7554923305066517, -0.0211516783852107, 0.6548159627308404]
2020/03/09 13:00:04 429938	INFO [input.cpp->run:256]	frame times (ms): 99.493
2020/03/09 13:00:04 429941	INFO [input.cpp->run:257]	FPS: 10.051
2020/03/09 13:00:04 530269	INFO [input.cpp->run:173]	
frame_id 83
2020/03/09 13:00:04 560871	INFO [input.cpp->run:235]	rotation: 
[-0.7836096622715065, -0.06001315397437251, -0.6183480561502428;
 0.0004389499174724115, -0.9953765092159388, 0.09604900949027037;
 -0.6212533336069155, 0.07499350805996713, 0.7800129929886774]
2020/03/09 13:00:04 560920	INFO [input.cpp->run:256]	frame times (ms): 104.898
2020/03/09 13:00:04 560933	INFO [input.cpp->run:257]	FPS: 9.53307
2020/03/09 13:00:04 664192	INFO [input.cpp->run:173]	
frame_id 84
2020/03/09 13:00:04 697209	INFO [input.cpp->run:235]	rotation: 
[-0.4605304444812921, -0.1470826330402331, -0.8753732968076052;
 -0.1472070684983045, -0.9598650035650196, 0.2387242214674927;
 -0.8753523797248736, 0.2388009086856187, 0.420395453496971]
2020/03/09 13:00:04 697255	INFO [input.cpp->run:256]	frame times (ms): 99.097
