		g3log created log at: Mon Mar 09 14:47:47 2020
		LOG format: [YYYY/MM/DD hh:mm:ss uuu* LEVEL FILE->FUNCTION:LINE] message		(uuu*: microseconds fractions of the seconds value)

2020/03/09 14:47:47 884318	INFO [g3logger.h->logBanner:29]	Starting log.
2020/03/09 14:47:47 888262	DEBUG [main.cpp->main:48]	Filepath: /home/mitchell/KITTI/data_odometry_gray/dataset/sequences/00/
2020/03/09 14:47:47 888272	DEBUG [main.cpp->main:52]	Calibration Filepath: /home/mitchell/visual_odom_catkin_ws/tank_downsized.yaml
2020/03/09 14:47:47 888397	INFO [main.cpp->main:66]	P_left: 
[409.41, 0, 251.22, 0;
 0, 408.72, 191.78999, 0;
 0, 0, 1, 0]
2020/03/09 14:47:47 888410	INFO [main.cpp->main:67]	P_right: 
[409.41, 0, 251.22, -73.940002;
 0, 408.72, 191.78999, 0;
 0, 0, 1, 0]
2020/03/09 14:47:48 029937	INFO [input.cpp->Input:22]	frame_pose [1, 0, 0, 0;
 0, 1, 0, 0;
 0, 0, 1, 0;
 0, 0, 0, 1]
2020/03/09 14:47:48 377046	INFO [input.cpp->run:173]	
frame_id 1
2020/03/09 14:47:48 496455	INFO [input.cpp->run:235]	rotation: 
[0.9999868541544454, -0.000429829926654706, -0.005109477911692572;
 0.0005002493093499846, 0.9999048044221899, 0.01378883040909525;
 0.005103064660027063, -0.01379120515605678, 0.9998918748501856]
2020/03/09 14:47:48 496538	INFO [input.cpp->run:256]	frame times (ms): 217.065
2020/03/09 14:47:48 496542	INFO [input.cpp->run:257]	FPS: 4.60691
2020/03/09 14:47:48 510063	INFO [input.cpp->run:173]	
frame_id 2
2020/03/09 14:47:48 577313	INFO [input.cpp->run:235]	rotation: 
[-0.9999130669221227, 0.003196535107922038, 0.01279221488634934;
 -0.003149424313282515, -0.9999881909688744, 0.003701222675407;
 0.01280389491090976, 0.003660612804144114, 0.9999113261629796]
2020/03/09 14:47:48 577373	INFO [input.cpp->run:256]	frame times (ms): 181.21
2020/03/09 14:47:48 577377	INFO [input.cpp->run:257]	FPS: 5.51846
2020/03/09 14:47:48 583025	INFO [input.cpp->run:173]	
frame_id 3
2020/03/09 14:47:48 637738	INFO [input.cpp->run:235]	rotation: 
[-0.8227549882120984, -0.08817443378682559, -0.5615153591830616;
 -0.094325303403706, -0.9530157000370442, 0.2878607521366911;
 -0.5605149119425002, 0.2898039763517323, 0.7757813408305307]
2020/03/09 14:47:48 637801	INFO [input.cpp->run:256]	frame times (ms): 165.091
2020/03/09 14:47:48 637805	INFO [input.cpp->run:257]	FPS: 6.05727
2020/03/09 14:47:48 709099	INFO [input.cpp->run:173]	
frame_id 4
2020/03/09 14:47:48 763290	INFO [input.cpp->run:235]	rotation: 
[-0.9917504080332146, -5.989251028309765e-06, -0.1281839620626597;
 -0.01549155664906392, -0.9926646802944123, 0.1199034785507949;
 -0.1272444098518334, 0.1209000928871477, 0.9844755089393228]
2020/03/09 14:47:48 763349	INFO [input.cpp->run:256]	frame times (ms): 166.987
2020/03/09 14:47:48 763353	INFO [input.cpp->run:257]	FPS: 5.98849
2020/03/09 14:47:48 775960	INFO [input.cpp->run:173]	
frame_id 5
2020/03/09 14:47:48 840251	INFO [input.cpp->run:235]	rotation: 
[0.9999657676981505, 0.007875705685784379, -0.002537063617531118;
 -0.007855981889035567, 0.9999395517871895, 0.007692614652615063;
 0.0025974950255278, -0.007672420190877608, 0.9999671929558525]
2020/03/09 14:47:48 840362	INFO [input.cpp->run:256]	frame times (ms): 170.72
2020/03/09 14:47:48 840367	INFO [input.cpp->run:257]	FPS: 5.85754
2020/03/09 14:47:48 908492	INFO [input.cpp->run:173]	
frame_id 6
2020/03/09 14:47:48 961670	INFO [input.cpp->run:235]	rotation: 
[0.9999708971121479, -0.0007298273648759615, -0.007594226803541955;
 0.0008413135095638361, 0.9998917780661344, 0.01468755756832935;
 0.007582685560194503, -0.01469351924359313, 0.9998632923414748]
2020/03/09 14:47:48 961748	INFO [input.cpp->run:256]	frame times (ms): 163.357
2020/03/09 14:47:48 961753	INFO [input.cpp->run:257]	FPS: 6.12156
2020/03/09 14:47:48 975927	INFO [input.cpp->run:173]	
frame_id 7
2020/03/09 14:47:49 027031	INFO [input.cpp->run:235]	rotation: 
[-0.9610827546805223, -0.02026169221585968, -0.275516610178495;
 -0.01098111772069681, -0.9937167686526854, 0.1113840147959727;
 -0.2760423042022785, 0.1100747360978668, 0.9548215533615073]
2020/03/09 14:47:49 027085	INFO [input.cpp->run:256]	frame times (ms): 170.427
2020/03/09 14:47:49 027089	INFO [input.cpp->run:257]	FPS: 5.86761
2020/03/09 14:47:49 041418	INFO [input.cpp->run:173]	
frame_id 8
2020/03/09 14:47:49 097575	INFO [input.cpp->run:235]	rotation: 
[0.9999995476176411, -0.0001198014612918462, 0.000943616512713645;
 9.798972492316579e-05, 0.9997335872829183, 0.0230812663526371;
 -0.000946130290712122, -0.02308116344635686, 0.999733146760392]
2020/03/09 14:47:49 097646	INFO [input.cpp->run:256]	frame times (ms): 172.972
2020/03/09 14:47:49 097650	INFO [input.cpp->run:257]	FPS: 5.78128
2020/03/09 14:47:49 108181	INFO [input.cpp->run:173]	
frame_id 9
2020/03/09 14:47:49 160092	INFO [input.cpp->run:235]	rotation: 
[0.9999977407541193, -0.001057813336909246, 0.001843778078128599;
 0.001034636562772744, 0.9999210086607366, 0.01252621116211721;
 -0.001856882828857132, -0.01252427522211297, 0.9999198440456718]
2020/03/09 14:47:49 160143	INFO [input.cpp->run:256]	frame times (ms): 173.174
2020/03/09 14:47:49 160148	INFO [input.cpp->run:257]	FPS: 5.77454
2020/03/09 14:47:49 175583	INFO [input.cpp->run:173]	
frame_id 10
2020/03/09 14:47:49 227612	INFO [input.cpp->run:235]	rotation: 
[0.9999992061621025, -0.001259527500273464, 3.55758489242449e-05;
 0.001259474243478087, 0.9999981420558581, 0.001459318149586266;
 -3.74138341673569e-05, -0.001459272184258804, 0.999998934561881]
2020/03/09 14:47:49 227661	INFO [input.cpp->run:256]	frame times (ms): 166.061
2020/03/09 14:47:49 227665	INFO [input.cpp->run:257]	FPS: 6.02188
2020/03/09 14:47:49 242687	INFO [input.cpp->run:173]	
frame_id 11
2020/03/09 14:47:49 294444	INFO [input.cpp->run:235]	rotation: 
[-0.9615206472611189, -0.01076250520429983, -0.2745217903414707;
 -0.01469365061534708, -0.9957876570237499, 0.09050435763400899;
 -0.274339464026146, 0.09105553580578124, 0.9573122520248909]
2020/03/09 14:47:49 294498	INFO [input.cpp->run:256]	frame times (ms): 165.016
2020/03/09 14:47:49 294501	INFO [input.cpp->run:257]	FPS: 6.06002
2020/03/09 14:47:49 308569	INFO [input.cpp->run:173]	
frame_id 12
2020/03/09 14:47:49 360692	INFO [input.cpp->run:235]	rotation: 
[0.9998229632611104, 0.009330778793707667, -0.01633948294393727;
 -0.008971390608947829, 0.9997192127560633, 0.02193193554929785;
 0.01653953706468245, -0.02178146490711236, 0.9996259357880758]
2020/03/09 14:47:49 360752	INFO [input.cpp->run:256]	frame times (ms): 167.853
2020/03/09 14:47:49 360754	INFO [input.cpp->run:257]	FPS: 5.95759
2020/03/09 14:47:49 374058	INFO [input.cpp->run:173]	
frame_id 13
2020/03/09 14:47:49 428718	INFO [input.cpp->run:235]	rotation: 
[0.9999986071044011, -0.001436700332772983, 0.0008495183407804623;
 0.001429490113526911, 0.9999634622574709, 0.008427971764719091;
 -0.0008615957711370264, -0.008426745647364909, 0.9999641231616871]
2020/03/09 14:47:49 428775	INFO [input.cpp->run:256]	frame times (ms): 170.086
2020/03/09 14:47:49 428779	INFO [input.cpp->run:257]	FPS: 5.87938
2020/03/09 14:47:49 441799	INFO [input.cpp->run:173]	
frame_id 14
2020/03/09 14:47:49 495136	INFO [input.cpp->run:235]	rotation: 
[-0.9264911230854951, -0.02925387616175283, -0.3751778372629317;
 -0.03692160338947654, -0.9850973335722256, 0.1679882096816362;
 -0.3745009933857695, 0.1694917523610043, 0.9116038349166091]
2020/03/09 14:47:49 495203	INFO [input.cpp->run:256]	frame times (ms): 170.123
2020/03/09 14:47:49 495208	INFO [input.cpp->run:257]	FPS: 5.8781
2020/03/09 14:47:49 510008	INFO [input.cpp->run:173]	
frame_id 15
2020/03/09 14:47:49 562247	INFO [input.cpp->run:235]	rotation: 
[-0.9999949972354355, 3.180107181121707e-05, 0.0031629879533816;
 -6.234877248994635e-05, -0.9999533562439284, -0.009658232195059652;
 0.00316253327760744, -0.009658381085614166, 0.9999483556954696]
2020/03/09 14:47:49 562302	INFO [input.cpp->run:256]	frame times (ms): 169.125
2020/03/09 14:47:49 562306	INFO [input.cpp->run:257]	FPS: 5.91279
2020/03/09 14:47:49 576473	INFO [input.cpp->run:173]	
frame_id 16
2020/03/09 14:47:49 627914	INFO [input.cpp->run:235]	rotation: 
[-0.999935501345051, 0.003438166735505096, 0.01082460896846608;
 -0.00341734496584301, -0.9999922761985524, 0.001941467646535075;
 0.01083120045081604, 0.00190435100151764, 0.9999395274435641]
2020/03/09 14:47:49 627966	INFO [input.cpp->run:256]	frame times (ms): 171.214
2020/03/09 14:47:49 627969	INFO [input.cpp->run:257]	FPS: 5.84064
2020/03/09 14:47:49 641803	INFO [input.cpp->run:173]	
frame_id 17
2020/03/09 14:47:49 693793	INFO [input.cpp->run:235]	rotation: 
[0.9999580570196124, 0.001880693977971047, -0.008963659505077036;
 -0.001733463333159983, 0.999863928827978, 0.01640484481952538;
 0.008993292302284206, -0.01638861857635787, 0.9998252516688726]
2020/03/09 14:47:49 693843	INFO [input.cpp->run:256]	frame times (ms): 169.632
2020/03/09 14:47:49 693846	INFO [input.cpp->run:257]	FPS: 5.89511
2020/03/09 14:47:49 708149	INFO [input.cpp->run:173]	
frame_id 18
2020/03/09 14:47:49 760497	INFO [input.cpp->run:235]	rotation: 
[0.9999943922630429, -0.003319713571341508, 0.0004415249389274037;
 0.003317197981331267, 0.9999789231822315, 0.005581163754768112;
 -0.0004600434980473086, -0.005579667831433744, 0.9999843277106251]
2020/03/09 14:47:49 760548	INFO [input.cpp->run:256]	frame times (ms): 171.213
2020/03/09 14:47:49 760551	INFO [input.cpp->run:257]	FPS: 5.84068
2020/03/09 14:47:49 775876	INFO [input.cpp->run:173]	
frame_id 19
2020/03/09 14:47:49 826519	INFO [input.cpp->run:235]	rotation: 
[-0.9623900480591395, 0.01081610345495509, -0.2714560872457621;
 -0.01129103806441842, -0.9999362365697189, 0.0001877610587916127;
 -0.2714367474314319, 0.003245720388304081, 0.9624508078042258]
2020/03/09 14:47:49 826565	INFO [input.cpp->run:256]	frame times (ms): 162.826
2020/03/09 14:47:49 826567	INFO [input.cpp->run:257]	FPS: 6.14153
2020/03/09 14:47:49 841132	INFO [input.cpp->run:173]	
frame_id 20
2020/03/09 14:47:49 894353	INFO [input.cpp->run:235]	rotation: 
[0.9999772682493188, -0.003633473977826818, 0.005679863685197266;
 0.003801810225097897, 0.9995452743845071, -0.02991305224501161;
 -0.005568592608757475, 0.0299339660328014, 0.9995363667490567]
2020/03/09 14:47:49 894426	INFO [input.cpp->run:256]	frame times (ms): 169.517
2020/03/09 14:47:49 894431	INFO [input.cpp->run:257]	FPS: 5.89911
2020/03/09 14:47:49 908114	INFO [input.cpp->run:173]	
frame_id 21
2020/03/09 14:47:49 960208	INFO [input.cpp->run:235]	rotation: 
[-0.9999781125734148, -0.000441229983711254, 0.006601491514214805;
 0.0004433164185858069, -0.999999852250221, 0.0003145951193223225;
 0.006601351730046519, 0.0003175147832201505, 0.9999781604313656]
2020/03/09 14:47:49 960274	INFO [input.cpp->run:256]	frame times (ms): 171.47
2020/03/09 14:47:49 960277	INFO [input.cpp->run:257]	FPS: 5.83192
2020/03/09 14:47:49 974252	INFO [input.cpp->run:173]	
frame_id 22
2020/03/09 14:47:50 025339	INFO [input.cpp->run:235]	rotation: 
[0.9999726058829472, -4.752246740536232e-05, -0.007401704214775901;
 0.0001622880532745606, 0.999879769906111, 0.015505463394887;
 0.007400077449304433, -0.01550623984457573, 0.9998523867949842]
2020/03/09 14:47:50 025400	INFO [input.cpp->run:256]	frame times (ms): 168.582
2020/03/09 14:47:50 025403	INFO [input.cpp->run:257]	FPS: 5.93183
2020/03/09 14:47:50 042244	INFO [input.cpp->run:173]	
frame_id 23
2020/03/09 14:47:50 098781	INFO [input.cpp->run:235]	rotation: 
[-0.9903157682748877, 0.004404381458813918, -0.1387633976597729;
 -0.01128121356924125, -0.9987443456939789, 0.04881051285032027;
 -0.1383741786841901, 0.04990324005784964, 0.9891219607840105]
2020/03/09 14:47:50 098839	INFO [input.cpp->run:256]	frame times (ms): 171.294
2020/03/09 14:47:50 098842	INFO [input.cpp->run:257]	FPS: 5.83792
2020/03/09 14:47:50 107987	INFO [input.cpp->run:173]	
frame_id 24
2020/03/09 14:47:50 160247	INFO [input.cpp->run:235]	rotation: 
[0.9999895072620653, -0.004211582179165854, 0.001802204572182855;
 0.004203014287791735, 0.9999799722418494, 0.004731784661900648;
 -0.001822096778023257, -0.004724160320957819, 0.999987181054134]
2020/03/09 14:47:50 160308	INFO [input.cpp->run:256]	frame times (ms): 164.499
2020/03/09 14:47:50 160311	INFO [input.cpp->run:257]	FPS: 6.07906
2020/03/09 14:47:50 175191	INFO [input.cpp->run:173]	
frame_id 25
2020/03/09 14:47:50 231065	INFO [input.cpp->run:235]	rotation: 
[0.9999375212139295, 0.008926818138758605, -0.006727970456215556;
 -0.008788946649095682, 0.9997563048619763, 0.0202505630915918;
 0.006907103976452706, -0.02019016608759622, 0.9997722986300499]
2020/03/09 14:47:50 231127	INFO [input.cpp->run:256]	frame times (ms): 174.799
2020/03/09 14:47:50 231131	INFO [input.cpp->run:257]	FPS: 5.72086
2020/03/09 14:47:50 241510	INFO [input.cpp->run:173]	
frame_id 26
2020/03/09 14:47:50 293963	INFO [input.cpp->run:235]	rotation: 
[0.9999929642857489, 0.003431842067481387, 0.00151454251337248;
 -0.003447080994991131, 0.9999422763635297, 0.01017652069895979;
 -0.001479530876635734, -0.01018166985058204, 0.9999470708929742]
2020/03/09 14:47:50 294043	INFO [input.cpp->run:256]	frame times (ms): 172.855
2020/03/09 14:47:50 294049	INFO [input.cpp->run:257]	FPS: 5.7852
2020/03/09 14:47:50 308372	INFO [input.cpp->run:173]	
frame_id 27
2020/03/09 14:47:50 364393	INFO [input.cpp->run:235]	rotation: 
[-0.9279151147230624, -0.02440451917816692, -0.3719918807073192;
 -0.03631884137327862, -0.9871900411987399, 0.1553601117382868;
 -0.3710181688674943, 0.1576713100145769, 0.9151422164715703]
2020/03/09 14:47:50 364462	INFO [input.cpp->run:256]	frame times (ms): 173.365
2020/03/09 14:47:50 364467	INFO [input.cpp->run:257]	FPS: 5.76818
2020/03/09 14:47:50 374416	INFO [input.cpp->run:173]	
frame_id 28
2020/03/09 14:47:50 435750	INFO [input.cpp->run:235]	rotation: 
[0.9999792746748779, -0.005425545561093561, -0.003466075023647813;
 0.005468392609534018, 0.9999072394873618, 0.01247433777928256;
 0.003398073420785809, -0.0124930331036198, 0.9999161850979805]
2020/03/09 14:47:50 435817	INFO [input.cpp->run:256]	frame times (ms): 179.428
2020/03/09 14:47:50 435821	INFO [input.cpp->run:257]	FPS: 5.57327
2020/03/09 14:47:50 442263	INFO [input.cpp->run:173]	
frame_id 29
2020/03/09 14:47:50 497430	INFO [input.cpp->run:235]	rotation: 
[0.9999993489707154, -0.001068822790175948, -0.0003995947803847741;
 0.001074303274535322, 0.9999017517850027, 0.01397614574040899;
 0.0003846174978247095, -0.01397656592750988, 0.999902249059504]
2020/03/09 14:47:50 497508	INFO [input.cpp->run:256]	frame times (ms): 170.378
2020/03/09 14:47:50 497513	INFO [input.cpp->run:257]	FPS: 5.8693
2020/03/09 14:47:50 508156	INFO [input.cpp->run:173]	
frame_id 30
2020/03/09 14:47:50 560619	INFO [input.cpp->run:235]	rotation: 
[-0.9103230982761901, -0.02552857589265502, -0.413110334605334;
 -0.03027167948058382, -0.9913165150689169, 0.1279655905821665;
 -0.4127898765307391, 0.1289955765307896, 0.9016455285028739]
2020/03/09 14:47:50 560686	INFO [input.cpp->run:256]	frame times (ms): 163.55
2020/03/09 14:47:50 560690	INFO [input.cpp->run:257]	FPS: 6.11434
2020/03/09 14:47:50 574999	INFO [input.cpp->run:173]	
frame_id 31
2020/03/09 14:47:50 632266	INFO [input.cpp->run:235]	rotation: 
[-0.9989513589109945, 0.0009544093332193722, 0.04577413715955858;
 -0.0004275136248411625, -0.9999335606346116, 0.01151918177163938;
 0.0457820899695284, 0.01148753321702086, 0.9988853972396479]
2020/03/09 14:47:50 632335	INFO [input.cpp->run:256]	frame times (ms): 167.903
2020/03/09 14:47:50 632339	INFO [input.cpp->run:257]	FPS: 5.95582
2020/03/09 14:47:50 642050	INFO [input.cpp->run:173]	
frame_id 32
2020/03/09 14:47:50 697680	INFO [input.cpp->run:235]	rotation: 
[-0.9256390845537593, -0.03603211349332956, -0.376688162733689;
 -0.04610500245104145, -0.9773009780112868, 0.2067779657680476;
 -0.3755883569753831, 0.2087689756055393, 0.9029667219389348]
2020/03/09 14:47:50 697751	INFO [input.cpp->run:256]	frame times (ms): 166.998
2020/03/09 14:47:50 697755	INFO [input.cpp->run:257]	FPS: 5.9881
2020/03/09 14:47:50 708136	INFO [input.cpp->run:173]	
frame_id 33
2020/03/09 14:47:50 764413	INFO [input.cpp->run:235]	rotation: 
[0.9999995668645018, -0.0002870480630682849, 0.0008853667140609419;
 0.0002674784755282297, 0.9997573879625359, 0.02202484210142171;
 -0.0008914741017031387, -0.0220245957451418, 0.9997570317112999]
2020/03/09 14:47:50 764483	INFO [input.cpp->run:256]	frame times (ms): 166.515
2020/03/09 14:47:50 764487	INFO [input.cpp->run:257]	FPS: 6.00547
2020/03/09 14:47:50 775180	INFO [input.cpp->run:173]	
frame_id 34
2020/03/09 14:47:50 832010	INFO [input.cpp->run:235]	rotation: 
[-0.9003731112141174, -0.02837586646441821, -0.4341924352231439;
 -0.03380636470284397, -0.9902929439296482, 0.1348221603028558;
 -0.4338034005263086, 0.1360687157488603, 0.8906738540488695]
2020/03/09 14:47:50 832077	INFO [input.cpp->run:256]	frame times (ms): 171.818
2020/03/09 14:47:50 832081	INFO [input.cpp->run:257]	FPS: 5.82011
2020/03/09 14:47:50 842470	INFO [input.cpp->run:173]	
frame_id 35
2020/03/09 14:47:50 897806	INFO [input.cpp->run:235]	rotation: 
[0.9999949831899115, 0.003166561610204003, 8.051445426121962e-05;
 -0.003167485998384874, 0.9998416372700146, 0.01751192204375172;
 -2.504912370781007e-05, -0.01751208921817109, 0.9998466512939653]
2020/03/09 14:47:50 897881	INFO [input.cpp->run:256]	frame times (ms): 166.904
2020/03/09 14:47:50 897885	INFO [input.cpp->run:257]	FPS: 5.99147
2020/03/09 14:47:50 908554	INFO [input.cpp->run:173]	
frame_id 36
2020/03/09 14:47:50 964593	INFO [input.cpp->run:235]	rotation: 
[0.9999961887269531, -0.002757399426200543, 0.0001388523408143624;
 0.002756263830355381, 0.999967287015483, 0.007604466358147869;
 -0.0001598163497124055, -0.007604054661765455, 0.9999710759874184]
2020/03/09 14:47:50 964665	INFO [input.cpp->run:256]	frame times (ms): 172.123
2020/03/09 14:47:50 964669	INFO [input.cpp->run:257]	FPS: 5.8098
2020/03/09 14:47:50 974351	INFO [input.cpp->run:173]	
frame_id 37
2020/03/09 14:47:51 027007	INFO [input.cpp->run:235]	rotation: 
[0.9999978149147751, 0.002071431892676352, -0.0002816657400924521;
 -0.002065996977938587, 0.9998341877532008, 0.0180922264076132;
 0.0003190958512534923, -0.01809160495398877, 0.9998362826023202]
2020/03/09 14:47:51 027072	INFO [input.cpp->run:256]	frame times (ms): 167.364
2020/03/09 14:47:51 027075	INFO [input.cpp->run:257]	FPS: 5.975
2020/03/09 14:47:51 041271	INFO [input.cpp->run:173]	
frame_id 38
2020/03/09 14:47:51 098902	INFO [input.cpp->run:235]	rotation: 
[-0.9348110313298895, -0.02841902828658372, -0.3540066306373295;
 -0.03779814951929145, -0.9831701745050104, 0.1787392174557798;
 -0.3531283556964316, 0.1804681877645853, 0.918004138121447]
2020/03/09 14:47:51 098970	INFO [input.cpp->run:256]	frame times (ms): 170.226
2020/03/09 14:47:51 098974	INFO [input.cpp->run:257]	FPS: 5.87454
2020/03/09 14:47:51 108499	INFO [input.cpp->run:173]	
frame_id 39
2020/03/09 14:47:51 163671	INFO [input.cpp->run:235]	rotation: 
[-0.9998800330027735, -0.01546989794823002, 0.0007757962643894563;
 0.01547878126366985, -0.9997933583364121, 0.01317755504598673;
 0.0005717805207901792, 0.01318798255495874, 0.9999128712958774]
2020/03/09 14:47:51 163747	INFO [input.cpp->run:256]	frame times (ms): 170.718
2020/03/09 14:47:51 163750	INFO [input.cpp->run:257]	FPS: 5.85761
2020/03/09 14:47:51 174602	INFO [input.cpp->run:173]	
frame_id 40
2020/03/09 14:47:51 232010	INFO [input.cpp->run:235]	rotation: 
[-0.9995503189479681, 0.001056436778191542, -0.02996737947083259;
 0.0001489868530177403, -0.9991918915192218, -0.04019380207391725;
 -0.02998562478810176, -0.04018019242827603, 0.9987424164630707]
2020/03/09 14:47:51 232083	INFO [input.cpp->run:256]	frame times (ms): 173.892
2020/03/09 14:47:51 232087	INFO [input.cpp->run:257]	FPS: 5.7507
2020/03/09 14:47:51 242157	INFO [input.cpp->run:173]	
frame_id 41
2020/03/09 14:47:51 293909	INFO [input.cpp->run:235]	rotation: 
[0.9999990121391732, 0.001295550331935823, -0.0005452247381500613;
 -0.001288781249781843, 0.9999242867195018, 0.01223764157776295;
 0.0005610379380047097, -0.01223692681325678, 0.9999249686144451]
2020/03/09 14:47:51 293974	INFO [input.cpp->run:256]	frame times (ms): 169.374
2020/03/09 14:47:51 293977	INFO [input.cpp->run:257]	FPS: 5.90409
2020/03/09 14:47:51 309278	INFO [input.cpp->run:173]	
frame_id 42
2020/03/09 14:47:51 361929	INFO [input.cpp->run:235]	rotation: 
[-0.9204945629351435, -0.02730710284510688, -0.389800053541615;
 -0.03300471636071942, -0.9885571913706279, 0.1471916033181385;
 -0.3893590223749638, 0.1483543107685872, 0.9090602566230634]
2020/03/09 14:47:51 361996	INFO [input.cpp->run:256]	frame times (ms): 167.038
2020/03/09 14:47:51 362000	INFO [input.cpp->run:257]	FPS: 5.98666
2020/03/09 14:47:51 376300	INFO [input.cpp->run:173]	
frame_id 43
2020/03/09 14:47:51 426969	INFO [input.cpp->run:235]	rotation: 
[0.9999964592219677, -0.002640050752625168, -0.0003341789206898319;
 0.002643552813817506, 0.999936518601609, 0.01095309980848556;
 0.0003052409671516629, -0.01095394444561648, 0.9999399571619459]
2020/03/09 14:47:51 427039	INFO [input.cpp->run:256]	frame times (ms): 162.662
2020/03/09 14:47:51 427044	INFO [input.cpp->run:257]	FPS: 6.14772
2020/03/09 14:47:51 444074	INFO [input.cpp->run:173]	
frame_id 44
2020/03/09 14:47:51 496306	INFO [input.cpp->run:235]	rotation: 
[0.9999969369463431, 0.002354774032592717, -0.0007623235448774604;
 -0.002340624731981713, 0.9998342010184851, 0.01805801621417915;
 0.0008047197000714221, -0.01805617658816363, 0.9998366501150182]
2020/03/09 14:47:51 496388	INFO [input.cpp->run:256]	frame times (ms): 165.41
2020/03/09 14:47:51 496392	INFO [input.cpp->run:257]	FPS: 6.04558
2020/03/09 14:47:51 510781	INFO [input.cpp->run:173]	
frame_id 45
2020/03/09 14:47:51 563836	INFO [input.cpp->run:235]	rotation: 
[0.9999978154476235, 0.001928400976586209, -0.0008064549920728513;
 -0.001912304141118664, 0.9998079139117336, 0.01950585482206062;
 0.0008439151927760717, -0.01950427002327814, 0.9998094174681526]
2020/03/09 14:47:51 563904	INFO [input.cpp->run:256]	frame times (ms): 162.405
2020/03/09 14:47:51 563908	INFO [input.cpp->run:257]	FPS: 6.15745
2020/03/09 14:47:51 574580	INFO [input.cpp->run:173]	
frame_id 46
2020/03/09 14:47:51 626217	INFO [input.cpp->run:235]	rotation: 
[-0.9781194516273384, -0.002864753852677903, -0.2080243532224015;
 -0.0105115419565495, -0.9979475689944182, 0.06316768971417817;
 -0.2077783574724053, 0.06397220274067918, 0.9760818159573381]
2020/03/09 14:47:51 626281	INFO [input.cpp->run:256]	frame times (ms): 164.718
2020/03/09 14:47:51 626284	INFO [input.cpp->run:257]	FPS: 6.07098
2020/03/09 14:47:51 642134	INFO [input.cpp->run:173]	
frame_id 47
2020/03/09 14:47:51 699017	INFO [input.cpp->run:235]	rotation: 
[-0.9987036414615846, -0.0009292362596078649, -0.05089374275237075;
 -0.0002888528212813897, -0.9997138010612638, 0.02392138231138432;
 -0.0509014056330304, 0.02390507242435385, 0.9984175451267707]
2020/03/09 14:47:51 699087	INFO [input.cpp->run:256]	frame times (ms): 170.197
2020/03/09 14:47:51 699090	INFO [input.cpp->run:257]	FPS: 5.87554
2020/03/09 14:47:51 708974	INFO [input.cpp->run:173]	
frame_id 48
2020/03/09 14:47:51 760805	INFO [input.cpp->run:235]	rotation: 
[-0.9144350043270687, -0.03118905709107078, -0.4035292623579159;
 -0.03654640622918279, -0.9865903481066389, 0.1590718240750149;
 -0.4030793756235679, 0.1602083884838459, 0.9010329012895832]
2020/03/09 14:47:51 760863	INFO [input.cpp->run:256]	frame times (ms): 168.866
2020/03/09 14:47:51 760867	INFO [input.cpp->run:257]	FPS: 5.92186
2020/03/09 14:47:51 775153	INFO [input.cpp->run:173]	
frame_id 49
2020/03/09 14:47:51 828248	INFO [input.cpp->run:235]	rotation: 
[0.9999944144121161, -0.003340121018891693, 0.0001213925370564181;
 0.00333859765816001, 0.9999348961907746, 0.01091133106553772;
 -0.0001578298001759326, -0.01091086483849919, 0.9999404622867455]
2020/03/09 14:47:51 828310	INFO [input.cpp->run:256]	frame times (ms): 163.57
2020/03/09 14:47:51 828314	INFO [input.cpp->run:257]	FPS: 6.11359
2020/03/09 14:47:51 842199	INFO [input.cpp->run:173]	
frame_id 50
2020/03/09 14:47:51 893396	INFO [input.cpp->run:235]	rotation: 
[0.9999270764841516, 0.001620608681996328, -0.01196726123044055;
 -0.001399028452492787, 0.9998278676939836, 0.01850074868461245;
 0.01199518375210997, -0.01848265700601274, 0.9997572240082845]
2020/03/09 14:47:51 893458	INFO [input.cpp->run:256]	frame times (ms): 163.141
2020/03/09 14:47:51 893478	INFO [input.cpp->run:257]	FPS: 6.12967
2020/03/09 14:47:51 908452	INFO [input.cpp->run:173]	
frame_id 51
2020/03/09 14:47:51 961501	INFO [input.cpp->run:235]	rotation: 
[0.9999994627135865, -0.0009406756315146082, -0.0004355478096174671;
 0.000945149936632958, 0.999945584329857, 0.01038918046902941;
 0.0004257512600929041, -0.01038958654504856, 0.999945936152194]
2020/03/09 14:47:51 961561	INFO [input.cpp->run:256]	frame times (ms): 167.012
2020/03/09 14:47:51 961564	INFO [input.cpp->run:257]	FPS: 5.98759
2020/03/09 14:47:51 974147	INFO [input.cpp->run:173]	
frame_id 52
2020/03/09 14:47:52 025605	INFO [input.cpp->run:235]	rotation: 
[-0.9290570258139066, -0.02671534045277427, -0.3689706402551706;
 -0.03322555626418915, -0.9873322194682002, 0.1551488021575836;
 -0.3684414542322204, 0.1564013394587469, 0.9164003032620393]
2020/03/09 14:47:52 025666	INFO [input.cpp->run:256]	frame times (ms): 163.879
2020/03/09 14:47:52 025670	INFO [input.cpp->run:257]	FPS: 6.10206
2020/03/09 14:47:52 043202	INFO [input.cpp->run:173]	
frame_id 53
2020/03/09 14:47:52 096324	INFO [input.cpp->run:235]	rotation: 
[0.9999997711698839, -0.0002953658649491527, -0.0006086207239394401;
 0.0003052717440764888, 0.9998664360294164, 0.01634065209822608;
 0.0006037129632981456, -0.01634083415370265, 0.9998662973967165]
2020/03/09 14:47:52 096397	INFO [input.cpp->run:256]	frame times (ms): 162.574
2020/03/09 14:47:52 096401	INFO [input.cpp->run:257]	FPS: 6.15104
2020/03/09 14:47:52 108445	INFO [input.cpp->run:173]	
frame_id 54
2020/03/09 14:47:52 161943	INFO [input.cpp->run:235]	rotation: 
[-0.9966534957148832, -0.006816292116853364, -0.08145764323303979;
 0.0008861567246973385, -0.9973596020932585, 0.07261569278493714;
 -0.08173753241664898, 0.07230049981953666, 0.9940279742141478]
2020/03/09 14:47:52 162016	INFO [input.cpp->run:256]	frame times (ms): 167.866
2020/03/09 14:47:52 162021	INFO [input.cpp->run:257]	FPS: 5.95713
2020/03/09 14:47:52 174748	INFO [input.cpp->run:173]	
frame_id 55
2020/03/09 14:47:52 226258	INFO [input.cpp->run:235]	rotation: 
[0.9999983810987212, 0.001773499911869426, 0.0003041348376678163;
 -0.001778534565134208, 0.9998463172535215, 0.01744071929052978;
 -0.0002731569832659697, -0.01744123197004827, 0.9998478528319343]
2020/03/09 14:47:52 226329	INFO [input.cpp->run:256]	frame times (ms): 169.698
2020/03/09 14:47:52 226334	INFO [input.cpp->run:257]	FPS: 5.89282
2020/03/09 14:47:52 241589	INFO [input.cpp->run:173]	
frame_id 56
2020/03/09 14:47:52 294037	INFO [input.cpp->run:235]	rotation: 
[-0.9342486086542228, -0.02814723957375566, -0.3555098734663028;
 -0.03433679070865766, -0.9851491251699925, 0.1682325354401703;
 -0.3549655223137578, 0.1693780802854251, 0.9194077136327194]
2020/03/09 14:47:52 294108	INFO [input.cpp->run:256]	frame times (ms): 172.268
2020/03/09 14:47:52 294111	INFO [input.cpp->run:257]	FPS: 5.80491
2020/03/09 14:47:52 308698	INFO [input.cpp->run:173]	
frame_id 57
2020/03/09 14:47:52 364907	INFO [input.cpp->run:235]	rotation: 
[-0.9074940512697491, -0.03372878032813141, -0.4187086293445533;
 -0.04121090149515806, -0.9848141073132143, 0.1686500389410959;
 -0.4180385251480708, 0.1703042671645471, 0.8923229505496164]
2020/03/09 14:47:52 364982	INFO [input.cpp->run:256]	frame times (ms): 171.248
2020/03/09 14:47:52 364985	INFO [input.cpp->run:257]	FPS: 5.83948
2020/03/09 14:47:52 375152	INFO [input.cpp->run:173]	
frame_id 58
2020/03/09 14:47:52 426036	INFO [input.cpp->run:235]	rotation: 
[0.9999016142671958, 0.00173758401740222, -0.01391914464463984;
 -0.001464359635384561, 0.9998065233701537, 0.01961559270948852;
 0.01395053535582754, -0.01959328018144871, 0.9997107011205877]
2020/03/09 14:47:52 426100	INFO [input.cpp->run:256]	frame times (ms): 169.234
2020/03/09 14:47:52 426104	INFO [input.cpp->run:257]	FPS: 5.90898
2020/03/09 14:47:52 442772	INFO [input.cpp->run:173]	
frame_id 59
2020/03/09 14:47:52 495925	INFO [input.cpp->run:235]	rotation: 
[-0.9269337612671341, -0.02368727885098568, -0.374476588111726;
 -0.03224976671152701, -0.9892831547256131, 0.1424036246841727;
 -0.3738365348253374, 0.1440755100521053, 0.9162360463510537]
2020/03/09 14:47:52 495992	INFO [input.cpp->run:256]	frame times (ms): 161.692
2020/03/09 14:47:52 495995	INFO [input.cpp->run:257]	FPS: 6.1846
2020/03/09 14:47:52 509010	INFO [input.cpp->run:173]	
frame_id 60
2020/03/09 14:47:52 561872	INFO [input.cpp->run:235]	rotation: 
[-0.9278241420943808, -0.02916664875370179, -0.3718758770709717;
 -0.03756520191782909, -0.9845641912056948, 0.1709450467265686;
 -0.3711215662713487, 0.1725765337349032, 0.9124067749925723]
2020/03/09 14:47:52 561934	INFO [input.cpp->run:256]	frame times (ms): 162.207
2020/03/09 14:47:52 561937	INFO [input.cpp->run:257]	FPS: 6.16496
2020/03/09 14:47:52 575437	INFO [input.cpp->run:173]	
frame_id 61
2020/03/09 14:47:52 626851	INFO [input.cpp->run:235]	rotation: 
[-0.9779778203439425, -0.01712548571615016, -0.2080050495884586;
 -0.01204388851211827, -0.990336242195649, 0.1381632083563076;
 -0.2083610512183572, 0.1376257429872287, 0.96832062210943]
2020/03/09 14:47:52 626914	INFO [input.cpp->run:256]	frame times (ms): 162.426
2020/03/09 14:47:52 626918	INFO [input.cpp->run:257]	FPS: 6.15665
2020/03/09 14:47:52 641938	INFO [input.cpp->run:173]	
frame_id 62
2020/03/09 14:47:52 699399	INFO [input.cpp->run:235]	rotation: 
[-0.9712950634587931, 0.0004153487987806547, -0.2378775466200085;
 -0.001663257537244481, -0.999985889006504, 0.00504533073609894;
 -0.2378720943594347, 0.005296156459846774, 0.97128204835249]
2020/03/09 14:47:52 699466	INFO [input.cpp->run:256]	frame times (ms): 169.881
2020/03/09 14:47:52 699470	INFO [input.cpp->run:257]	FPS: 5.88647
2020/03/09 14:47:52 709152	INFO [input.cpp->run:173]	
frame_id 63
2020/03/09 14:47:52 757473	INFO [input.cpp->run:235]	rotation: 
[0.9999969194208351, 0.00199888528605173, -0.001471599963650384;
 -0.001972447602331534, 0.9998404629288463, 0.01775269389941479;
 0.001506850787525594, -0.01774973655701594, 0.9998413255376378]
2020/03/09 14:47:52 757535	INFO [input.cpp->run:256]	frame times (ms): 161.508
2020/03/09 14:47:52 757539	INFO [input.cpp->run:257]	FPS: 6.19164
2020/03/09 14:47:52 775432	INFO [input.cpp->run:173]	
frame_id 64
2020/03/09 14:47:52 827328	INFO [input.cpp->run:235]	rotation: 
[-0.9921615651344533, -0.007467838906823166, -0.1247383663994911;
 -0.006310208422524508, -0.9939450934477407, 0.1096965472602773;
 -0.1248022833910351, 0.1096238231098682, 0.986106995952853]
2020/03/09 14:47:52 827392	INFO [input.cpp->run:256]	frame times (ms): 184.07
2020/03/09 14:47:52 827396	INFO [input.cpp->run:257]	FPS: 5.43272
2020/03/09 14:47:52 842579	INFO [input.cpp->run:173]	
frame_id 65
2020/03/09 14:47:52 896775	INFO [input.cpp->run:235]	rotation: 
[-0.9997205224011473, 0.0004420523660561158, 0.02363644811901282;
 -0.0009824257274510283, -0.9997383043224628, -0.02285514625061008;
 0.0236201593912311, -0.02287197980395221, 0.9994593341453072]
2020/03/09 14:47:52 896852	INFO [input.cpp->run:256]	frame times (ms): 167.43
2020/03/09 14:47:52 896856	INFO [input.cpp->run:257]	FPS: 5.97265
2020/03/09 14:47:52 908958	INFO [input.cpp->run:173]	
frame_id 66
2020/03/09 14:47:52 968194	INFO [input.cpp->run:235]	rotation: 
[-0.9999597955065518, -0.001722949990571333, 0.008799932603446789;
 0.001750398290395439, -0.9999936245155842, 0.003112400040154261;
 0.008794513989993778, 0.003127678294671906, 0.9999564361271761]
2020/03/09 14:47:52 968262	INFO [input.cpp->run:256]	frame times (ms): 171.173
2020/03/09 14:47:52 968265	INFO [input.cpp->run:257]	FPS: 5.84204
2020/03/09 14:47:52 975475	INFO [input.cpp->run:173]	
frame_id 67
2020/03/09 14:47:53 031195	INFO [input.cpp->run:235]	rotation: 
[-0.9997965157307882, -0.004646975416841002, -0.01962989434640638;
 0.00320575873231035, -0.9973397320499693, 0.07282294957941332;
 -0.01991608002409153, 0.07274520254952099, 0.9971516861854585]
2020/03/09 14:47:53 031289	INFO [input.cpp->run:256]	frame times (ms): 192.058
2020/03/09 14:47:53 031294	INFO [input.cpp->run:257]	FPS: 5.20676
2020/03/09 14:47:53 042326	INFO [input.cpp->run:173]	
frame_id 68
2020/03/09 14:47:53 093647	INFO [input.cpp->run:235]	rotation: 
[-0.9788665658629739, -0.006031836806423635, -0.2044110153107428;
 -0.009476108160237301, -0.9971533221879129, 0.07480277684514128;
 -0.2042803211515087, 0.07515895817764634, 0.9760228897909553]
2020/03/09 14:47:53 093710	INFO [input.cpp->run:256]	frame times (ms): 162.901
2020/03/09 14:47:53 093714	INFO [input.cpp->run:257]	FPS: 6.1387
2020/03/09 14:47:53 108218	INFO [input.cpp->run:173]	
frame_id 69
2020/03/09 14:47:53 159560	INFO [input.cpp->run:235]	rotation: 
[-0.9710347714610066, -0.006637446791679848, -0.2388460108809821;
 -0.002096767285489882, -0.9993388928872798, 0.03629573982957576;
 -0.2389290191262273, 0.03574522993230526, 0.9703788962856028]
2020/03/09 14:47:53 159625	INFO [input.cpp->run:256]	frame times (ms): 166.279
2020/03/09 14:47:53 159629	INFO [input.cpp->run:257]	FPS: 6.01399
2020/03/09 14:47:53 175747	INFO [input.cpp->run:173]	
frame_id 70
2020/03/09 14:47:53 225405	INFO [input.cpp->run:235]	rotation: 
[-0.9913471070493831, 0.004263156506933658, -0.1311973278745278;
 -0.009997246823737004, -0.9990216796330869, 0.04307828546995906;
 -0.1308853253835748, 0.0440171457466678, 0.9904198718117243]
2020/03/09 14:47:53 225472	INFO [input.cpp->run:256]	frame times (ms): 161.406
2020/03/09 14:47:53 225477	INFO [input.cpp->run:257]	FPS: 6.19556
2020/03/09 14:47:53 242749	INFO [input.cpp->run:173]	
frame_id 71
2020/03/09 14:47:53 312897	INFO [input.cpp->run:235]	rotation: 
[-0.9436244109930315, -0.04123155869005284, -0.3284401460632409;
 -0.03946231554219921, -0.9711238462348921, 0.2352896107481109;
 -0.3286574152976047, 0.2349860290356395, 0.9147490746253634]
2020/03/09 14:47:53 312962	INFO [input.cpp->run:256]	frame times (ms): 182.803
2020/03/09 14:47:53 312968	INFO [input.cpp->run:257]	FPS: 5.47037
2020/03/09 14:47:53 375278	INFO [input.cpp->run:173]	
frame_id 72
2020/03/09 14:47:53 435625	INFO [input.cpp->run:235]	rotation: 
[-0.9514639298602228, -0.008735957401005275, -0.3076362677306253;
 -0.0189505609042031, -0.9960371987058428, 0.0868951956993797;
 -0.3071762790587145, 0.08850752421407587, 0.947527916074845]
2020/03/09 14:47:53 435666	INFO [input.cpp->run:256]	frame times (ms): 168.835
2020/03/09 14:47:53 435669	INFO [input.cpp->run:257]	FPS: 5.92294
2020/03/09 14:47:53 442346	INFO [input.cpp->run:173]	
frame_id 73
2020/03/09 14:47:53 489984	INFO [input.cpp->run:235]	rotation: 
[-0.9536006856169689, -0.01172877033520342, -0.3008457550594174;
 -0.02043483696744996, -0.9944152197310904, 0.103541239152721;
 -0.300380009036821, 0.1048847306026539, 0.9480353598138881]
2020/03/09 14:47:53 490027	INFO [input.cpp->run:256]	frame times (ms): 157.544
2020/03/09 14:47:53 490040	INFO [input.cpp->run:257]	FPS: 6.34743
2020/03/09 14:47:53 509361	INFO [input.cpp->run:173]	
frame_id 74
2020/03/09 14:47:53 560539	INFO [input.cpp->run:235]	rotation: 
[-0.9648456533949616, -0.003527538860599396, -0.2627934961037593;
 -0.01394475946506614, -0.9978143170955845, 0.06459204504065204;
 -0.2624469638009003, 0.06598594599351541, 0.9626876160640223]
2020/03/09 14:47:53 560581	INFO [input.cpp->run:256]	frame times (ms): 162.389
2020/03/09 14:47:53 560586	INFO [input.cpp->run:257]	FPS: 6.15805
2020/03/09 14:47:53 576556	INFO [input.cpp->run:173]	
frame_id 75
2020/03/09 14:47:53 627527	INFO [input.cpp->run:235]	rotation: 
[-0.9735552039675002, -0.004449030871783903, -0.2284085614684815;
 -0.004125630136010493, -0.9993049081368841, 0.03704969297463082;
 -0.228414631763773, 0.03701225064536714, 0.972860138611087]
2020/03/09 14:47:53 627569	INFO [input.cpp->run:256]	frame times (ms): 166.682
2020/03/09 14:47:53 627573	INFO [input.cpp->run:257]	FPS: 5.99945
2020/03/09 14:47:53 642169	INFO [input.cpp->run:173]	
frame_id 76
2020/03/09 14:47:53 693314	INFO [input.cpp->run:235]	rotation: 
[-0.9630808544908438, -0.01252794963847116, -0.2689206540804224;
 -0.02076654709551266, -0.9924831310949235, 0.1206067370164158;
 -0.2684101679052344, 0.1217385927710394, 0.9555813397064696]
2020/03/09 14:47:53 693354	INFO [input.cpp->run:256]	frame times (ms): 164.68
2020/03/09 14:47:53 693356	INFO [input.cpp->run:257]	FPS: 6.07238
2020/03/09 14:47:53 708783	INFO [input.cpp->run:173]	
frame_id 77
2020/03/09 14:47:53 758790	INFO [input.cpp->run:235]	rotation: 
[-0.9999781030553438, -0.002943996922995465, 0.005926743790103031;
 0.002933392929613926, -0.9999940828454051, -0.001797075429013604;
 0.005931999305177187, -0.001779650610222871, 0.9999808219300752]
2020/03/09 14:47:53 758831	INFO [input.cpp->run:256]	frame times (ms): 160.162
2020/03/09 14:47:53 758833	INFO [input.cpp->run:257]	FPS: 6.24368
2020/03/09 14:47:53 775487	INFO [input.cpp->run:173]	
frame_id 78
2020/03/09 14:47:53 826202	INFO [input.cpp->run:235]	rotation: 
[0.9999698574104868, 0.006933326331172275, -0.003494746977419;
 -0.006954392696626896, 0.9999575019012449, -0.006052339518152826;
 0.003452635612370426, 0.006076460927823457, 0.9999755776667353]
2020/03/09 14:47:53 826244	INFO [input.cpp->run:256]	frame times (ms): 159.673
2020/03/09 14:47:53 826246	INFO [input.cpp->run:257]	FPS: 6.2628
2020/03/09 14:47:53 842391	INFO [input.cpp->run:173]	
frame_id 79
2020/03/09 14:47:53 893081	INFO [input.cpp->run:235]	rotation: 
[0.9999822241688451, 0.00528611721406793, -0.002758316720163703;
 -0.00530871703834827, 0.9999518650115504, -0.008251374632681437;
 0.002714566215134697, 0.008265871080608667, 0.999962152536556]
2020/03/09 14:47:53 893124	INFO [input.cpp->run:256]	frame times (ms): 162.282
2020/03/09 14:47:53 893127	INFO [input.cpp->run:257]	FPS: 6.16211
2020/03/09 14:47:53 909810	INFO [input.cpp->run:173]	
frame_id 80
2020/03/09 14:47:53 958177	INFO [input.cpp->run:235]	rotation: 
[-0.9999107746208975, -0.0004301203626700569, 0.01335132178888723;
 0.0002876700276680711, -0.9999430382257827, -0.01066946810980495;
 0.01335515042940287, -0.01066467534735961, 0.9998539416618525]
2020/03/09 14:47:53 958216	INFO [input.cpp->run:256]	frame times (ms): 160.572
2020/03/09 14:47:53 958219	INFO [input.cpp->run:257]	FPS: 6.22774
2020/03/09 14:47:53 976008	INFO [input.cpp->run:173]	
frame_id 81
2020/03/09 14:47:54 025189	INFO [input.cpp->run:235]	rotation: 
[0.9999994524843469, -0.001027227383736049, 0.0001995868450944772;
 0.001023820558030908, 0.9998653296713539, 0.016379081557269;
 -0.0002163850077645277, -0.01637886824835033, 0.9998658339259481]
2020/03/09 14:47:54 025235	INFO [input.cpp->run:256]	frame times (ms): 153.203
2020/03/09 14:47:54 025238	INFO [input.cpp->run:257]	FPS: 6.52729
2020/03/09 14:47:54 043045	INFO [input.cpp->run:173]	
frame_id 82
2020/03/09 14:47:54 091999	INFO [input.cpp->run:235]	rotation: 
[-0.9999953765279882, -0.0009365294886398174, 0.002893066740322311;
 0.0008882519539083207, -0.9998610882632721, -0.0166437731735206;
 0.002908252243776177, -0.01664112644931628, 0.999857297307663]
2020/03/09 14:47:54 092062	INFO [input.cpp->run:256]	frame times (ms): 159.415
2020/03/09 14:47:54 092067	INFO [input.cpp->run:257]	FPS: 6.27294
2020/03/09 14:47:54 108784	INFO [input.cpp->run:173]	
frame_id 83
2020/03/09 14:47:54 160267	INFO [input.cpp->run:235]	rotation: 
[-0.9999200983247168, 0.001042412907632313, 0.01259802927519115;
 -0.001102577159195168, -0.9999880171373503, -0.004769686081753544;
 0.01259290633239972, -0.004783195275174735, 0.99990926576018]
2020/03/09 14:47:54 160326	INFO [input.cpp->run:256]	frame times (ms): 158.317
2020/03/09 14:47:54 160331	INFO [input.cpp->run:257]	FPS: 6.31644
2020/03/09 14:47:54 176767	INFO [input.cpp->run:173]	
frame_id 84
2020/03/09 14:47:54 226536	INFO [input.cpp->run:235]	rotation: 
