		g3log created log at: Mon Mar 09 13:07:12 2020
		LOG format: [YYYY/MM/DD hh:mm:ss uuu* LEVEL FILE->FUNCTION:LINE] message		(uuu*: microseconds fractions of the seconds value)

2020/03/09 13:07:12 499392	INFO [g3logger.h->logBanner:29]	Starting log.
2020/03/09 13:07:12 503387	DEBUG [main.cpp->main:48]	Filepath: /home/mitchell/KITTI/data_odometry_gray/dataset/sequences/00/
2020/03/09 13:07:12 503457	DEBUG [main.cpp->main:52]	Calibration Filepath: /home/mitchell/visual_odom_catkin_ws/tank_downsized.yaml
2020/03/09 13:07:12 503583	INFO [main.cpp->main:66]	P_left: 
[409.41, 0, 251.22, 0;
 0, 408.72, 191.78999, 0;
 0, 0, 1, 0]
2020/03/09 13:07:12 504170	INFO [main.cpp->main:67]	P_right: 
[409.41, 0, 251.22, -73.940002;
 0, 408.72, 191.78999, 0;
 0, 0, 1, 0]
2020/03/09 13:07:12 654989	INFO [input.cpp->Input:22]	frame_pose [1, 0, 0, 0;
 0, 1, 0, 0;
 0, 0, 1, 0;
 0, 0, 0, 1]
2020/03/09 13:07:12 995688	INFO [input.cpp->run:173]	
frame_id 1
2020/03/09 13:07:13 093895	INFO [input.cpp->run:235]	rotation: 
[-0.9807136544223171, -0.01877786942378316, -0.1945459319788708;
 -0.02219333900130856, -0.9782373966603387, 0.20629845244009;
 -0.1941859514321185, 0.2066373330139219, 0.9589540285494904]
2020/03/09 13:07:13 094009	INFO [input.cpp->run:256]	frame times (ms): 197.978
2020/03/09 13:07:13 094015	INFO [input.cpp->run:257]	FPS: 5.05107
2020/03/09 13:07:13 127666	INFO [input.cpp->run:173]	
frame_id 2
2020/03/09 13:07:13 175317	INFO [input.cpp->run:235]	rotation: 
[-0.9354535236115793, -0.03812862438603005, -0.351387127204611;
 -0.04894451529287519, -0.970612277238929, 0.2356188483458106;
 -0.3500444822953591, 0.2376089545355764, 0.9060964877644562]
2020/03/09 13:07:13 175388	INFO [input.cpp->run:256]	frame times (ms): 162.504
2020/03/09 13:07:13 175396	INFO [input.cpp->run:257]	FPS: 6.15369
2020/03/09 13:07:13 259964	INFO [input.cpp->run:173]	
frame_id 3
2020/03/09 13:07:13 308082	INFO [input.cpp->run:235]	rotation: 
[-0.9754416140613172, -0.01182560854523339, -0.2199404749926377;
 -0.02037234366362727, -0.9894332062388893, 0.1435510292735049;
 -0.2193139876321236, 0.1445063506368024, 0.9648934083382112]
2020/03/09 13:07:13 308154	INFO [input.cpp->run:256]	frame times (ms): 165.693
2020/03/09 13:07:13 308158	INFO [input.cpp->run:257]	FPS: 6.03526
2020/03/09 13:07:13 394355	INFO [input.cpp->run:173]	
frame_id 4
2020/03/09 13:07:13 469103	INFO [input.cpp->run:235]	rotation: 
[-0.9683913529673471, -0.01217068054084208, -0.2491386401850256;
 -0.02128795658302107, -0.9911321972697659, 0.1311632206059508;
 -0.2485256735280891, 0.1323209812175631, 0.9595447605646293]
2020/03/09 13:07:13 469160	INFO [input.cpp->run:256]	frame times (ms): 169.423
2020/03/09 13:07:13 469170	INFO [input.cpp->run:257]	FPS: 5.90239
2020/03/09 13:07:13 526771	INFO [input.cpp->run:173]	
frame_id 5
2020/03/09 13:07:13 572965	INFO [input.cpp->run:235]	rotation: 
[-0.976524923103662, -0.0131557811689939, -0.2150023255204944;
 -0.02489268044514894, -0.9845536375334751, 0.1733046141332023;
 -0.2139612792484724, 0.1745882591740808, 0.9611136825271616]
2020/03/09 13:07:13 573010	INFO [input.cpp->run:256]	frame times (ms): 162.08
2020/03/09 13:07:13 573013	INFO [input.cpp->run:257]	FPS: 6.16979
2020/03/09 13:07:13 660223	INFO [input.cpp->run:173]	
frame_id 6
2020/03/09 13:07:13 708271	INFO [input.cpp->run:235]	rotation: 
[-0.9613445520403384, -0.01407729207864029, -0.2749881490357244;
 -0.02651418239693443, -0.9893185928420917, 0.1433377828374838;
 -0.2740686964871822, 0.1450880825728848, 0.9507027915711308]
2020/03/09 13:07:13 708331	INFO [input.cpp->run:256]	frame times (ms): 160.156
2020/03/09 13:07:13 708335	INFO [input.cpp->run:257]	FPS: 6.24391
2020/03/09 13:07:13 793604	INFO [input.cpp->run:173]	
frame_id 7
2020/03/09 13:07:13 841710	INFO [input.cpp->run:235]	rotation: 
[-0.9985725648454832, 0.006604561379585113, 0.05300200474412733;
 -0.01133456376535221, -0.9959273393493098, -0.08944418595333037;
 0.05219540594882244, -0.08991726478039727, 0.9945805774758771]
2020/03/09 13:07:13 841767	INFO [input.cpp->run:256]	frame times (ms): 164.764
2020/03/09 13:07:13 841770	INFO [input.cpp->run:257]	FPS: 6.06929
2020/03/09 13:07:13 927145	INFO [input.cpp->run:173]	
frame_id 8
2020/03/09 13:07:13 973944	INFO [input.cpp->run:235]	rotation: 
[-0.953144154400652, -0.01023487492795743, -0.302343295389653;
 -0.02389719106218773, -0.9937569880613768, 0.1089769376451639;
 -0.3015711279138029, 0.1110958865772704, 0.9469490793038484]
2020/03/09 13:07:13 974001	INFO [input.cpp->run:256]	frame times (ms): 162.475
2020/03/09 13:07:13 974005	INFO [input.cpp->run:257]	FPS: 6.15479
2020/03/09 13:07:14 058528	INFO [input.cpp->run:173]	
frame_id 9
2020/03/09 13:07:14 105814	INFO [input.cpp->run:235]	rotation: 
[-0.9509107408295143, -0.02432264200102721, -0.3085079773055377;
 -0.03845573868979901, -0.9798923384622829, 0.1957860086541959;
 -0.3070666363134982, 0.1980389206923953, 0.9308548043352971]
2020/03/09 13:07:14 105870	INFO [input.cpp->run:256]	frame times (ms): 161.005
2020/03/09 13:07:14 105875	INFO [input.cpp->run:257]	FPS: 6.21099
2020/03/09 13:07:14 194496	INFO [input.cpp->run:173]	
frame_id 10
2020/03/09 13:07:14 242692	INFO [input.cpp->run:235]	rotation: 
[-0.9587120214062839, -0.01895089963229138, -0.2837465830881563;
 -0.03168988552613433, -0.9844432036822343, 0.1728216707453076;
 -0.2826075214257711, 0.1746781100395405, 0.9431969819219084]
2020/03/09 13:07:14 242742	INFO [input.cpp->run:256]	frame times (ms): 166.655
2020/03/09 13:07:14 242747	INFO [input.cpp->run:257]	FPS: 6.00042
2020/03/09 13:07:14 328823	INFO [input.cpp->run:173]	
frame_id 11
2020/03/09 13:07:14 376457	INFO [input.cpp->run:235]	rotation: 
[0.9999734556493328, 0.00631253845857095, -0.003638661146761802;
 -0.006358518568928374, 0.9998982861691903, -0.01276661887598466;
 0.003557701271956975, 0.01278941648884411, 0.9999118829114566]
2020/03/09 13:07:14 376506	INFO [input.cpp->run:256]	frame times (ms): 169.861
2020/03/09 13:07:14 376511	INFO [input.cpp->run:257]	FPS: 5.88717
2020/03/09 13:07:14 462266	INFO [input.cpp->run:173]	
frame_id 12
2020/03/09 13:07:14 510302	INFO [input.cpp->run:235]	rotation: 
[-0.9275737758098711, -0.02742067905615032, -0.3726325224533129;
 -0.03785713314611953, -0.9852741375872759, 0.1667384516888852;
 -0.3717172687672394, 0.1687690142228404, 0.9128763837116585]
2020/03/09 13:07:14 510361	INFO [input.cpp->run:256]	frame times (ms): 170.388
2020/03/09 13:07:14 510365	INFO [input.cpp->run:257]	FPS: 5.86896
2020/03/09 13:07:14 592692	INFO [input.cpp->run:173]	
frame_id 13
2020/03/09 13:07:14 641036	INFO [input.cpp->run:235]	rotation: 
[-0.9696996251950242, -0.008113182003041512, -0.2441655446094209;
 -0.02139703582030463, -0.9927870200665219, 0.1179665191719253;
 -0.2433614672760134, 0.1196165083306695, 0.9625316032110554]
2020/03/09 13:07:14 641095	INFO [input.cpp->run:256]	frame times (ms): 171.411
2020/03/09 13:07:14 641098	INFO [input.cpp->run:257]	FPS: 5.83393
2020/03/09 13:07:14 728601	INFO [input.cpp->run:173]	
frame_id 14
2020/03/09 13:07:14 776577	INFO [input.cpp->run:235]	rotation: 
[-0.9204510102414045, -0.03052335984444994, -0.3896642942962366;
 -0.04299111686339188, -0.9829907897151663, 0.1785521526221176;
 -0.3884864239795465, 0.1811006124753863, 0.9034826321211848]
2020/03/09 13:07:14 776633	INFO [input.cpp->run:256]	frame times (ms): 162.297
2020/03/09 13:07:14 776636	INFO [input.cpp->run:257]	FPS: 6.16154
2020/03/09 13:07:14 858997	INFO [input.cpp->run:173]	
frame_id 15
2020/03/09 13:07:14 907311	INFO [input.cpp->run:235]	rotation: 
[-0.9985096422345001, 0.01483206976395513, 0.05252146295799169;
 -0.01459840646952337, -0.9998817729359005, 0.004829770088805576;
 0.05258688898652499, 0.004055842338813368, 0.9986081159542224]
2020/03/09 13:07:14 907369	INFO [input.cpp->run:256]	frame times (ms): 167.449
2020/03/09 13:07:14 907375	INFO [input.cpp->run:257]	FPS: 5.97197
2020/03/09 13:07:14 993597	INFO [input.cpp->run:173]	
frame_id 16
2020/03/09 13:07:15 045724	INFO [input.cpp->run:235]	rotation: 
[-0.9808937064570056, -0.01904808721462149, -0.1936096769443668;
 -0.03458195209225398, -0.9622737586457625, 0.269876456941405;
 -0.1914461418324405, 0.271415518707426, 0.9432295537048514]
2020/03/09 13:07:15 045786	INFO [input.cpp->run:256]	frame times (ms): 169.643
2020/03/09 13:07:15 045789	INFO [input.cpp->run:257]	FPS: 5.89473
2020/03/09 13:07:15 127024	INFO [input.cpp->run:173]	
frame_id 17
2020/03/09 13:07:15 176574	INFO [input.cpp->run:235]	rotation: 
[-0.9894107319747162, -0.001285769435537905, -0.1451370051028163;
 -0.01666695503116707, -0.9923395231477042, 0.1224111245311312;
 -0.1441825789173066, 0.1235338722616016, 0.9818099441036483]
2020/03/09 13:07:15 176637	INFO [input.cpp->run:256]	frame times (ms): 162.643
2020/03/09 13:07:15 176641	INFO [input.cpp->run:257]	FPS: 6.14844
2020/03/09 13:07:15 260367	INFO [input.cpp->run:173]	
frame_id 18
2020/03/09 13:07:15 311079	INFO [input.cpp->run:235]	rotation: 
[-0.9041131539852636, -0.06385445856895196, -0.4224949856645461;
 -0.07128775843357003, -0.9523717518894428, 0.2964896316914818;
 -0.4213044745648163, 0.2981788965099636, 0.856499787149865]
2020/03/09 13:07:15 311144	INFO [input.cpp->run:256]	frame times (ms): 170.915
2020/03/09 13:07:15 311147	INFO [input.cpp->run:257]	FPS: 5.85086
2020/03/09 13:07:15 392689	INFO [input.cpp->run:173]	
frame_id 19
2020/03/09 13:07:15 440471	INFO [input.cpp->run:235]	rotation: 
[-0.9997960013782858, 0.007022568819942298, 0.01893777059634491;
 -0.007028444736700742, -0.9999752704732574, -0.0002437345251023129;
 0.01893559063176418, -0.0003767878776678544, 0.9998206346331932]
2020/03/09 13:07:15 440529	INFO [input.cpp->run:256]	frame times (ms): 169.661
2020/03/09 13:07:15 440532	INFO [input.cpp->run:257]	FPS: 5.89411
2020/03/09 13:07:15 527499	INFO [input.cpp->run:173]	
frame_id 20
2020/03/09 13:07:15 575783	INFO [input.cpp->run:235]	rotation: 
[-0.9537455545566276, -0.01583838279742087, -0.3001975396198865;
 -0.02565436702395586, -0.990679806173579, 0.1337735963951038;
 -0.2995183977923079, 0.1352873507399799, 0.9444501374417211]
2020/03/09 13:07:15 575829	INFO [input.cpp->run:256]	frame times (ms): 168.025
2020/03/09 13:07:15 575831	INFO [input.cpp->run:257]	FPS: 5.9515
2020/03/09 13:07:15 659492	INFO [input.cpp->run:173]	
frame_id 21
2020/03/09 13:07:15 709433	INFO [input.cpp->run:235]	rotation: 
[0.9999959843118644, -0.002654701217712365, 0.0009919282181800311;
 0.002663830564447309, 0.9999530332161626, -0.009318549700456515;
 -0.0009671436652647105, 0.009321154608772367, 0.9999560893908742]
2020/03/09 13:07:15 709479	INFO [input.cpp->run:256]	frame times (ms): 173.041
2020/03/09 13:07:15 709481	INFO [input.cpp->run:257]	FPS: 5.77898
2020/03/09 13:07:15 795609	INFO [input.cpp->run:173]	
frame_id 22
2020/03/09 13:07:15 844166	INFO [input.cpp->run:235]	rotation: 
[-0.9926788030933962, -0.001191439796837443, -0.1207782031670981;
 -0.008223540541996043, -0.9969643246313334, 0.07742421322392211;
 -0.1205038060395457, 0.07785059976390497, 0.9896555546483757]
2020/03/09 13:07:15 844216	INFO [input.cpp->run:256]	frame times (ms): 173.934
2020/03/09 13:07:15 844220	INFO [input.cpp->run:257]	FPS: 5.74931
2020/03/09 13:07:15 928151	INFO [input.cpp->run:173]	
frame_id 23
2020/03/09 13:07:15 977040	INFO [input.cpp->run:235]	rotation: 
[0.9999819830680809, -0.003002307999592262, -0.005198046354526288;
 0.003006574407036399, 0.9999951496355208, 0.0008131517492397353;
 0.005195579810105265, -0.000828765411876137, 0.9999861594533841]
2020/03/09 13:07:15 977085	INFO [input.cpp->run:256]	frame times (ms): 173.449
2020/03/09 13:07:15 977088	INFO [input.cpp->run:257]	FPS: 5.76538
2020/03/09 13:07:16 059361	INFO [input.cpp->run:173]	
frame_id 24
2020/03/09 13:07:16 109433	INFO [input.cpp->run:235]	rotation: 
[-0.9999143152697377, 0.001784211315713836, 0.0129683733996338;
 -0.00171341608212491, -0.9999835817442321, 0.005468130147149159;
 0.01297791678124677, 0.005445441392350528, 0.9999009555171252]
2020/03/09 13:07:16 109478	INFO [input.cpp->run:256]	frame times (ms): 176.774
2020/03/09 13:07:16 109480	INFO [input.cpp->run:257]	FPS: 5.65694
2020/03/09 13:07:16 195451	INFO [input.cpp->run:173]	
frame_id 25
2020/03/09 13:07:16 246957	INFO [input.cpp->run:235]	rotation: 
[0.9994553567778159, -0.0301733566012564, 0.01336257308836923;
 0.03099611174754187, 0.9973131755673239, -0.06637522803240649;
 -0.01132390677560047, 0.0667532650230195, 0.9977052524388673]
2020/03/09 13:07:16 247018	INFO [input.cpp->run:256]	frame times (ms): 176.6
2020/03/09 13:07:16 247023	INFO [input.cpp->run:257]	FPS: 5.66251
2020/03/09 13:07:16 325534	INFO [input.cpp->run:173]	
frame_id 26
2020/03/09 13:07:16 382132	INFO [input.cpp->run:235]	rotation: 
[-0.9800954340505748, -0.008417116037417932, -0.1983484114149347;
 -0.0121013195495873, -0.9947100158225692, 0.1020075609326226;
 -0.1981577609339951, 0.1023774222173844, 0.9748088865012199]
2020/03/09 13:07:16 382193	INFO [input.cpp->run:256]	frame times (ms): 177.4
2020/03/09 13:07:16 382198	INFO [input.cpp->run:257]	FPS: 5.63698
2020/03/09 13:07:16 461893	INFO [input.cpp->run:173]	
frame_id 27
2020/03/09 13:07:16 517285	INFO [input.cpp->run:235]	rotation: 
[-0.9855908793813154, 0.00285675054725685, -0.1691226107197859;
 -0.001177749351281441, -0.9999490328031223, -0.01002719814134605;
 -0.1691426362181666, -0.009683530988797694, 0.9855440111130294]
2020/03/09 13:07:16 517346	INFO [input.cpp->run:256]	frame times (ms): 176.782
2020/03/09 13:07:16 517354	INFO [input.cpp->run:257]	FPS: 5.65668
2020/03/09 13:07:16 593520	INFO [input.cpp->run:173]	
frame_id 28
2020/03/09 13:07:16 647192	INFO [input.cpp->run:235]	rotation: 
[-0.9998168298479427, 0.002407483983328154, 0.01898712125836692;
 -0.002547785956076319, -0.9999696058115853, -0.007368598221140184;
 0.01896880437802896, -0.007415623634771954, 0.9997925749807185]
2020/03/09 13:07:16 647265	INFO [input.cpp->run:256]	frame times (ms): 173.864
2020/03/09 13:07:16 647272	INFO [input.cpp->run:257]	FPS: 5.75162
2020/03/09 13:07:16 726389	INFO [input.cpp->run:173]	
frame_id 29
2020/03/09 13:07:16 804612	INFO [input.cpp->run:235]	rotation: 
[-0.9677899169745512, -0.009541886881633509, -0.2515782760834676;
 -0.02337608421315206, -0.991558845783017, 0.1275327959244634;
 -0.250671568569814, 0.1293058689471956, 0.9593976010844301]
2020/03/09 13:07:16 804682	INFO [input.cpp->run:256]	frame times (ms): 179.545
2020/03/09 13:07:16 804687	INFO [input.cpp->run:257]	FPS: 5.56963
2020/03/09 13:07:16 862193	INFO [input.cpp->run:173]	
frame_id 30
2020/03/09 13:07:16 913999	INFO [input.cpp->run:235]	rotation: 
[-0.9744137122891632, -0.006574869215882363, -0.2246657259077272;
 -0.007041103904289815, -0.99818850486192, 0.05975057838493085;
 -0.2246515972760063, 0.0598036776153341, 0.9726022722495666]
2020/03/09 13:07:16 914056	INFO [input.cpp->run:256]	frame times (ms): 172.29
2020/03/09 13:07:16 914059	INFO [input.cpp->run:257]	FPS: 5.80417
2020/03/09 13:07:16 994654	INFO [input.cpp->run:173]	
frame_id 31
2020/03/09 13:07:17 046932	INFO [input.cpp->run:235]	rotation: 
[-0.902199160051576, -0.03793331626547548, -0.4296483901044368;
 -0.04201324466267121, -0.9836594959901871, 0.1750682244761902;
 -0.4292686371902162, 0.1759973280065201, 0.8858630693619758]
2020/03/09 13:07:17 046991	INFO [input.cpp->run:256]	frame times (ms): 176.593
2020/03/09 13:07:17 046993	INFO [input.cpp->run:257]	FPS: 5.66274
2020/03/09 13:07:17 126801	INFO [input.cpp->run:173]	
frame_id 32
2020/03/09 13:07:17 181902	INFO [input.cpp->run:235]	rotation: 
[-0.9081032261562956, -0.02847294904162803, -0.4177772394678781;
 -0.03494256012778275, -0.9890534904591672, 0.1433604216729789;
 -0.4172859309109813, 0.1447842677344844, 0.8971677477932125]
2020/03/09 13:07:17 181960	INFO [input.cpp->run:256]	frame times (ms): 177.594
2020/03/09 13:07:17 181968	INFO [input.cpp->run:257]	FPS: 5.63082
2020/03/09 13:07:17 261292	INFO [input.cpp->run:173]	
frame_id 33
2020/03/09 13:07:17 317430	INFO [input.cpp->run:235]	rotation: 
[-0.9825785114521939, 0.002202352087510262, -0.1858349226536108;
 -0.02266914103341024, -0.9938835370596093, 0.1080815655266317;
 -0.1844602365747106, 0.1104113418411481, 0.9766185318309497]
2020/03/09 13:07:17 317495	INFO [input.cpp->run:256]	frame times (ms): 180.494
2020/03/09 13:07:17 317500	INFO [input.cpp->run:257]	FPS: 5.54035
2020/03/09 13:07:17 396357	INFO [input.cpp->run:173]	
frame_id 34
2020/03/09 13:07:17 454753	INFO [input.cpp->run:235]	rotation: 
[-0.887389567317083, -0.03487076959025601, -0.4596996685282509;
 -0.03226510514670007, -0.9899927808457851, 0.1373799725691546;
 -0.4598898985699434, 0.136741812557142, 0.8773841563944016]
2020/03/09 13:07:17 454815	INFO [input.cpp->run:256]	frame times (ms): 178.75
2020/03/09 13:07:17 454822	INFO [input.cpp->run:257]	FPS: 5.59441
2020/03/09 13:07:17 528676	INFO [input.cpp->run:173]	
frame_id 35
2020/03/09 13:07:17 589288	INFO [input.cpp->run:235]	rotation: 
[-0.9198152918157992, -0.03040422608695284, -0.3911718445617854;
 -0.03333412293667586, -0.9873323880508369, 0.1551244395763421;
 -0.3909330699619293, 0.1557252020126642, 0.9071499304239938]
2020/03/09 13:07:17 589352	INFO [input.cpp->run:256]	frame times (ms): 172.863
2020/03/09 13:07:17 589356	INFO [input.cpp->run:257]	FPS: 5.78493
2020/03/09 13:07:17 662218	INFO [input.cpp->run:173]	
frame_id 36
2020/03/09 13:07:17 711436	INFO [input.cpp->run:235]	rotation: 
[-0.975024448031387, -0.005443376179557324, -0.222030843345822;
 -0.01721151901017239, -0.9948413395038971, 0.09997236031751153;
 -0.221429648770104, 0.1012969835180678, 0.9699009391559991]
2020/03/09 13:07:17 711501	INFO [input.cpp->run:256]	frame times (ms): 178.087
2020/03/09 13:07:17 711506	INFO [input.cpp->run:257]	FPS: 5.61523
2020/03/09 13:07:17 796132	INFO [input.cpp->run:173]	
frame_id 37
2020/03/09 13:07:17 849996	INFO [input.cpp->run:235]	rotation: 
[-0.5620723284222635, -0.09671641758336068, -0.8214138008286787;
 -0.09179051533087161, -0.9797100769177938, 0.1781647172731563;
 -0.821978831185614, 0.1755394535583716, 0.5417902743010066]
2020/03/09 13:07:17 850065	INFO [input.cpp->run:256]	frame times (ms): 176.492
2020/03/09 13:07:17 850086	INFO [input.cpp->run:257]	FPS: 5.66598
2020/03/09 13:07:17 929009	INFO [input.cpp->run:173]	
frame_id 38
2020/03/09 13:07:17 986293	INFO [input.cpp->run:235]	rotation: 
[-0.9425029155091562, -0.02882106139614776, -0.3329528505310321;
 -0.03882119485176111, -0.9800881185618165, 0.1947310829945756;
 -0.331935489345478, 0.1964602409495575, 0.9226170411601009]
2020/03/09 13:07:17 986358	INFO [input.cpp->run:256]	frame times (ms): 183.021
2020/03/09 13:07:17 986368	INFO [input.cpp->run:257]	FPS: 5.46385
2020/03/09 13:07:18 060056	INFO [input.cpp->run:173]	
frame_id 39
2020/03/09 13:07:18 115622	INFO [input.cpp->run:235]	rotation: 
[-0.9281032113311155, -0.03255463405170138, -0.3708970543407301;
 -0.03675075103632422, -0.983295315942074, 0.1782686286048193;
 -0.3705048061970813, 0.179082431991909, 0.9114031331615695]
2020/03/09 13:07:18 115686	INFO [input.cpp->run:256]	frame times (ms): 183.819
2020/03/09 13:07:18 115691	INFO [input.cpp->run:257]	FPS: 5.44013
2020/03/09 13:07:18 193362	INFO [input.cpp->run:173]	
frame_id 40
2020/03/09 13:07:18 265842	INFO [input.cpp->run:235]	rotation: 
[-0.9658740183099085, 0.004252028426930361, -0.2589774140888103;
 -0.01187635133777357, -0.9995406487616736, 0.02788267835044602;
 -0.258739894551985, 0.03000686133785476, 0.965480841467027]
2020/03/09 13:07:18 265901	INFO [input.cpp->run:256]	frame times (ms): 181.132
2020/03/09 13:07:18 265906	INFO [input.cpp->run:257]	FPS: 5.52084
2020/03/09 13:07:18 326272	INFO [input.cpp->run:173]	
frame_id 41
2020/03/09 13:07:18 376529	INFO [input.cpp->run:235]	rotation: 
[-0.9362019505240916, -0.03315319990037541, -0.3498953746068276;
 -0.04282253998044629, -0.9773639805158751, 0.2071856164403968;
 -0.3488440022481532, 0.2089509869001099, 0.9135903607027389]
2020/03/09 13:07:18 376581	INFO [input.cpp->run:256]	frame times (ms): 174.19
2020/03/09 13:07:18 376585	INFO [input.cpp->run:257]	FPS: 5.74086
2020/03/09 13:07:18 462261	INFO [input.cpp->run:173]	
frame_id 42
2020/03/09 13:07:18 515799	INFO [input.cpp->run:235]	rotation: 
[-0.9557077447159201, -0.01863462948146031, -0.2937268412557804;
 -0.02271702619484295, -0.9903458212191086, 0.1367446200576537;
 -0.293439335145908, 0.1373604927842716, 0.9460578479200887]
2020/03/09 13:07:18 515861	INFO [input.cpp->run:256]	frame times (ms): 176.121
2020/03/09 13:07:18 515866	INFO [input.cpp->run:257]	FPS: 5.67791
2020/03/09 13:07:18 595028	INFO [input.cpp->run:173]	
frame_id 43
2020/03/09 13:07:18 646822	INFO [input.cpp->run:235]	rotation: 
[-0.9999529899496816, 0.004627570807870835, 0.008520767518832167;
 -0.004240257244356099, -0.9989813449144791, 0.04492541297929638;
 0.008719983325301099, 0.04488717078717244, 0.9989540048418294]
2020/03/09 13:07:18 646885	INFO [input.cpp->run:256]	frame times (ms): 176.328
2020/03/09 13:07:18 646890	INFO [input.cpp->run:257]	FPS: 5.67125
2020/03/09 13:07:18 726954	INFO [input.cpp->run:173]	
frame_id 44
2020/03/09 13:07:18 779140	INFO [input.cpp->run:235]	rotation: 
[-0.9305430214507167, -0.02982546628412753, -0.3649659255195004;
 -0.03532156171952716, -0.9847190601000437, 0.1705308181924314;
 -0.364475064314508, 0.1715774292750093, 0.9152699674174358]
2020/03/09 13:07:18 779203	INFO [input.cpp->run:256]	frame times (ms): 178.348
2020/03/09 13:07:18 779215	INFO [input.cpp->run:257]	FPS: 5.60702
2020/03/09 13:07:18 859781	INFO [input.cpp->run:173]	
frame_id 45
2020/03/09 13:07:18 917514	INFO [input.cpp->run:235]	rotation: 
[-0.9794174896209006, 0.001929203224023056, -0.2018357232989581;
 -0.01710255056142899, -0.9971515170321661, 0.07345988595651101;
 -0.2011190786300169, 0.07539980275418667, 0.9766606298789989]
2020/03/09 13:07:18 917574	INFO [input.cpp->run:256]	frame times (ms): 187.151
2020/03/09 13:07:18 917582	INFO [input.cpp->run:257]	FPS: 5.34328
2020/03/09 13:07:18 996100	INFO [input.cpp->run:173]	
frame_id 46
2020/03/09 13:07:19 053072	INFO [input.cpp->run:235]	rotation: 
[-0.8738315027752159, -0.03777794155733215, -0.4847590451856453;
 -0.03322384217035157, -0.9900078694486955, 0.1370423100399815;
 -0.4850924458997967, 0.1358574457339223, 0.8638449359518212]
2020/03/09 13:07:19 053132	INFO [input.cpp->run:256]	frame times (ms): 180.767
2020/03/09 13:07:19 053135	INFO [input.cpp->run:257]	FPS: 5.53198
2020/03/09 13:07:19 128059	INFO [input.cpp->run:173]	
frame_id 47
2020/03/09 13:07:19 179690	INFO [input.cpp->run:235]	rotation: 
[-0.9759687005186983, -0.004218102683755384, -0.2178699227006623;
 -0.004771238865445806, -0.9991593035327515, 0.04071758150523795;
 -0.2178585111661515, 0.04077859455273235, 0.9751280815045638]
2020/03/09 13:07:19 179760	INFO [input.cpp->run:256]	frame times (ms): 175.86
2020/03/09 13:07:19 179764	INFO [input.cpp->run:257]	FPS: 5.68634
2020/03/09 13:07:19 261333	INFO [input.cpp->run:173]	
frame_id 48
2020/03/09 13:07:19 324026	INFO [input.cpp->run:235]	rotation: 
[-0.9366739509482463, -0.02164035917872853, -0.349533409661534;
 -0.02546575144839243, -0.9912376784258411, 0.1296123465265462;
 -0.3492755432579996, 0.130305639646043, 0.9279154245718]
2020/03/09 13:07:19 324091	INFO [input.cpp->run:256]	frame times (ms): 188.626
2020/03/09 13:07:19 324096	INFO [input.cpp->run:257]	FPS: 5.3015
2020/03/09 13:07:19 393688	INFO [input.cpp->run:173]	
frame_id 49
2020/03/09 13:07:19 449550	INFO [input.cpp->run:235]	rotation: 
[-0.9219215899155697, -0.02757353577744263, -0.3863939468628853;
 -0.02624634183314377, -0.9907251579845667, 0.1333221319842772;
 -0.3864863666262057, 0.1330539795014991, 0.9126472083729222]
2020/03/09 13:07:19 449611	INFO [input.cpp->run:256]	frame times (ms): 177.256
2020/03/09 13:07:19 449616	INFO [input.cpp->run:257]	FPS: 5.64156
2020/03/09 13:07:19 530351	INFO [input.cpp->run:173]	
frame_id 50
2020/03/09 13:07:19 584140	INFO [input.cpp->run:235]	rotation: 
[-0.9332654997453033, -0.03042658809932137, -0.3578962555291459;
 -0.03241853000448924, -0.9852037646289661, 0.1682931403036404;
 -0.3577213243538851, 0.1686646521875493, 0.9184702984881743]
2020/03/09 13:07:19 584207	INFO [input.cpp->run:256]	frame times (ms): 177.806
2020/03/09 13:07:19 584209	INFO [input.cpp->run:257]	FPS: 5.62411
2020/03/09 13:07:19 661933	INFO [input.cpp->run:173]	
frame_id 51
2020/03/09 13:07:19 718000	INFO [input.cpp->run:235]	rotation: 
[0.9999910740977861, -0.003605856401769942, 0.002202163564741563;
 0.003639842121262217, 0.9998712352060521, -0.01562896531622762;
 -0.00214552419896535, 0.01563684134131236, 0.9998754352011946]
2020/03/09 13:07:19 718061	INFO [input.cpp->run:256]	frame times (ms): 186.336
2020/03/09 13:07:19 718079	INFO [input.cpp->run:257]	FPS: 5.36665
2020/03/09 13:07:19 795523	INFO [input.cpp->run:173]	
frame_id 52
2020/03/09 13:07:19 851167	INFO [input.cpp->run:235]	rotation: 
[-0.9872834414824972, 0.01345367031960972, 0.1583995105087375;
 0.03377231833405935, -0.9559167298039886, 0.2916892802198794;
 0.1553410334999074, 0.2933295151118953, 0.9433063971347809]
2020/03/09 13:07:19 851258	INFO [input.cpp->run:256]	frame times (ms): 179.849
2020/03/09 13:07:19 851296	INFO [input.cpp->run:257]	FPS: 5.56022
2020/03/09 13:07:19 930518	INFO [input.cpp->run:173]	
frame_id 53
2020/03/09 13:07:19 979976	INFO [input.cpp->run:235]	rotation: 
[-0.9750327849281571, -0.0142181873491453, -0.2216053055857344;
 -0.0113496492293342, -0.9934529542597618, 0.1136767924201011;
 -0.221770723445664, 0.1133537419808287, 0.9684878292479105]
2020/03/09 13:07:19 980043	INFO [input.cpp->run:256]	frame times (ms): 171.731
2020/03/09 13:07:19 980048	INFO [input.cpp->run:257]	FPS: 5.82306
2020/03/09 13:07:20 061996	INFO [input.cpp->run:173]	
frame_id 54
2020/03/09 13:07:20 116171	INFO [input.cpp->run:235]	rotation: 
[-0.9937701074067441, -0.003467088123386951, -0.1113954798218179;
 -0.002156569498823268, -0.9987306366657894, 0.05032359876979854;
 -0.1114285548357562, 0.0502503202486471, 0.9925011750532711]
2020/03/09 13:07:20 116233	INFO [input.cpp->run:256]	frame times (ms): 181.267
2020/03/09 13:07:20 116244	INFO [input.cpp->run:257]	FPS: 5.51672
2020/03/09 13:07:20 195757	INFO [input.cpp->run:173]	
frame_id 55
2020/03/09 13:07:20 251126	INFO [input.cpp->run:235]	rotation: 
[-0.9831847902393764, -0.009599292798411225, -0.1823609657238184;
 -0.01130253799192813, -0.99350408427658, 0.1132337721737438;
 -0.1822633283929994, 0.1133908642859939, 0.9766896083298837]
2020/03/09 13:07:20 251186	INFO [input.cpp->run:256]	frame times (ms): 182.671
2020/03/09 13:07:20 251190	INFO [input.cpp->run:257]	FPS: 5.47432
2020/03/09 13:07:20 328970	INFO [input.cpp->run:173]	
frame_id 56
2020/03/09 13:07:20 383758	INFO [input.cpp->run:235]	rotation: 
[-0.9948444026612464, 0.001102053842932471, -0.101407100199715;
 -0.004151451763258924, -0.9995453282790199, 0.02986473110281998;
 -0.1013280807172676, 0.03013174725955477, 0.9943966501679509]
2020/03/09 13:07:20 383819	INFO [input.cpp->run:256]	frame times (ms): 181.455
2020/03/09 13:07:20 383823	INFO [input.cpp->run:257]	FPS: 5.51101
2020/03/09 13:07:20 462282	INFO [input.cpp->run:173]	
frame_id 57
2020/03/09 13:07:20 512995	INFO [input.cpp->run:235]	rotation: 
[-0.9792774217563862, -0.008331828805924551, -0.2023519504895213;
 -0.01120209669709878, -0.9953953617265835, 0.09519762015298884;
 -0.2022133632274429, 0.09549164613699286, 0.9746748695079257]
2020/03/09 13:07:20 513058	INFO [input.cpp->run:256]	frame times (ms): 179.121
2020/03/09 13:07:20 513062	INFO [input.cpp->run:257]	FPS: 5.58282
2020/03/09 13:07:20 596101	INFO [input.cpp->run:173]	
frame_id 58
2020/03/09 13:07:20 648211	INFO [input.cpp->run:235]	rotation: 
[-0.9997025697436658, 0.001672306316415857, 0.02433054540069029;
 -0.001465137286758852, -0.9999625446175316, 0.008530107546919052;
 0.02434389904353706, 0.008491922845571083, 0.9996675756599005]
2020/03/09 13:07:20 648274	INFO [input.cpp->run:256]	frame times (ms): 180.72
2020/03/09 13:07:20 648277	INFO [input.cpp->run:257]	FPS: 5.53342
2020/03/09 13:07:20 729063	INFO [input.cpp->run:173]	
frame_id 59
2020/03/09 13:07:20 781855	INFO [input.cpp->run:235]	rotation: 
[-0.9059384063765721, -0.04672099830082846, -0.4208238968614435;
 -0.03515307483893458, -0.982162503909577, 0.1847189141464358;
 -0.4219477043203874, 0.1821372126498153, 0.8881363468448469]
2020/03/09 13:07:20 781919	INFO [input.cpp->run:256]	frame times (ms): 181.299
2020/03/09 13:07:20 781923	INFO [input.cpp->run:257]	FPS: 5.51575
2020/03/09 13:07:20 863020	INFO [input.cpp->run:173]	
frame_id 60
2020/03/09 13:07:20 916909	INFO [input.cpp->run:235]	rotation: 
[-0.9673133566708489, -0.02550560948185565, -0.2522981052071816;
 -0.02740495264246888, -0.9785873709189672, 0.203999328549306;
 -0.2520988666710722, 0.204245492882616, 0.9459016545393591]
2020/03/09 13:07:20 916969	INFO [input.cpp->run:256]	frame times (ms): 172.158
2020/03/09 13:07:20 916972	INFO [input.cpp->run:257]	FPS: 5.80862
2020/03/09 13:07:20 996556	INFO [input.cpp->run:173]	
frame_id 61
2020/03/09 13:07:21 051834	INFO [input.cpp->run:235]	rotation: 
[-0.999922650811065, 0.01135592965936015, 0.005072992858723166;
 -0.01102321740870861, -0.9980527306209315, 0.06139410051513775;
 0.005760301462018732, 0.06133343102806298, 0.9981007109332172]
2020/03/09 13:07:21 051907	INFO [input.cpp->run:256]	frame times (ms): 186.456
2020/03/09 13:07:21 051912	INFO [input.cpp->run:257]	FPS: 5.3632
2020/03/09 13:07:21 129339	INFO [input.cpp->run:173]	
frame_id 62
2020/03/09 13:07:21 183945	INFO [input.cpp->run:235]	rotation: 
[-0.999876505163948, -0.006680959417166531, 0.01422459849681748;
 0.006373517774779985, -0.9997474538884883, -0.02155009778770393;
 0.01436498145853491, -0.02145677573055216, 0.9996665714541745]
2020/03/09 13:07:21 184014	INFO [input.cpp->run:256]	frame times (ms): 183.517
2020/03/09 13:07:21 184018	INFO [input.cpp->run:257]	FPS: 5.44909
2020/03/09 13:07:21 261871	INFO [input.cpp->run:173]	
frame_id 63
2020/03/09 13:07:21 316573	INFO [input.cpp->run:235]	rotation: 
[-0.9863071306313919, 0.005396728313569032, -0.1648305778342719;
 -0.007687486140698653, -0.999882492376123, 0.01326288040166259;
 -0.1647396328225452, 0.01434840629553547, 0.9862327192981739]
2020/03/09 13:07:21 316638	INFO [input.cpp->run:256]	frame times (ms): 189.028
2020/03/09 13:07:21 316642	INFO [input.cpp->run:257]	FPS: 5.29022
2020/03/09 13:07:21 395575	INFO [input.cpp->run:173]	
frame_id 64
2020/03/09 13:07:21 446165	INFO [input.cpp->run:235]	rotation: 
[-0.927436533751769, -0.02239994182814555, -0.3733091459750207;
 -0.01761861140067186, -0.9944792694680487, 0.1034435456208282;
 -0.3735653361793835, 0.1025145121648245, 0.9219217506929709]
2020/03/09 13:07:21 446235	INFO [input.cpp->run:256]	frame times (ms): 174.062
2020/03/09 13:07:21 446241	INFO [input.cpp->run:257]	FPS: 5.74508
2020/03/09 13:07:21 529355	INFO [input.cpp->run:173]	
frame_id 65
2020/03/09 13:07:21 586434	INFO [input.cpp->run:235]	rotation: 
[-0.9881545876250616, -0.007759379521092166, -0.153265465728559;
 -0.004070013722600067, -0.997044509513393, 0.07671819235028639;
 -0.1534077766732908, 0.07643322627395334, 0.9852025253609087]
2020/03/09 13:07:21 586501	INFO [input.cpp->run:256]	frame times (ms): 177.85
2020/03/09 13:07:21 586506	INFO [input.cpp->run:257]	FPS: 5.62272
2020/03/09 13:07:21 661827	INFO [input.cpp->run:173]	
frame_id 66
2020/03/09 13:07:21 719777	INFO [input.cpp->run:235]	rotation: 
[-0.9411996714781773, -0.02773961322596012, -0.3367101012257358;
 -0.02275647311259305, -0.9891550325503395, 0.1451015661935201;
 -0.3370835524626601, 0.1442318807975921, 0.9303611359148349]
2020/03/09 13:07:21 719846	INFO [input.cpp->run:256]	frame times (ms): 186.918
2020/03/09 13:07:21 719852	INFO [input.cpp->run:257]	FPS: 5.34994
2020/03/09 13:07:21 796787	INFO [input.cpp->run:173]	
frame_id 67
2020/03/09 13:07:21 852223	INFO [input.cpp->run:235]	rotation: 
[-0.9841416773433744, -0.007456363646906028, -0.1772274289068555;
 0.001360668864546566, -0.9994040670084053, 0.03449143991340323;
 -0.1773789939536541, 0.03370331568590766, 0.9835653404912992]
2020/03/09 13:07:21 852284	INFO [input.cpp->run:256]	frame times (ms): 175.643
2020/03/09 13:07:21 852288	INFO [input.cpp->run:257]	FPS: 5.69337
2020/03/09 13:07:21 929125	INFO [input.cpp->run:173]	
frame_id 68
2020/03/09 13:07:21 986305	INFO [input.cpp->run:235]	rotation: 
[-0.9477303916394672, -0.02608444060924121, -0.318004255822159;
 -0.02970729547910191, -0.985110019220591, 0.1693390877102036;
 -0.3176862939413967, 0.1699348463067821, 0.9328438061393083]
2020/03/09 13:07:21 986367	INFO [input.cpp->run:256]	frame times (ms): 185.924
2020/03/09 13:07:21 986369	INFO [input.cpp->run:257]	FPS: 5.37854
2020/03/09 13:07:22 062886	INFO [input.cpp->run:173]	
frame_id 69
2020/03/09 13:07:22 115842	INFO [input.cpp->run:235]	rotation: 
[-0.911554585639423, -0.0646646036711896, -0.4060624661696618;
 -0.06765226891910196, -0.9505106734266782, 0.3032369209249762;
 -0.4055754034823084, 0.3038880529636048, 0.8620676559041944]
2020/03/09 13:07:22 115906	INFO [input.cpp->run:256]	frame times (ms): 180.292
2020/03/09 13:07:22 115910	INFO [input.cpp->run:257]	FPS: 5.54656
2020/03/09 13:07:22 194398	INFO [input.cpp->run:173]	
frame_id 70
2020/03/09 13:07:22 247927	INFO [input.cpp->run:235]	rotation: 
[-0.9850730845055219, 0.002938615059414467, -0.1721115415197639;
 -0.006894440196907855, -0.9997255212088508, 0.02239082263032919;
 -0.1719985025433305, 0.02324320944328005, 0.9848229629418822]
2020/03/09 13:07:22 247994	INFO [input.cpp->run:256]	frame times (ms): 180.073
2020/03/09 13:07:22 247996	INFO [input.cpp->run:257]	FPS: 5.5533
2020/03/09 13:07:22 327829	INFO [input.cpp->run:173]	
frame_id 71
2020/03/09 13:07:22 380387	INFO [input.cpp->run:235]	rotation: 
[-0.9978689455326499, 0.002202029654475727, 0.0652128714822314;
 -0.005943743379514614, -0.9983428315973147, -0.05723864527479692;
 0.06497876157788554, -0.05750427517721065, 0.9962283969452723]
2020/03/09 13:07:22 380453	INFO [input.cpp->run:256]	frame times (ms): 179.007
2020/03/09 13:07:22 380457	INFO [input.cpp->run:257]	FPS: 5.58637
2020/03/09 13:07:22 461186	INFO [input.cpp->run:173]	
frame_id 72
2020/03/09 13:07:22 517543	INFO [input.cpp->run:235]	rotation: 
[-0.9737585811372458, -0.0007056044733128989, -0.2275823538499969;
 -0.004610454144223339, -0.9997288131610272, 0.0228263849136893;
 -0.227536742910155, 0.02327664619250655, 0.9734912574686369]
2020/03/09 13:07:22 517603	INFO [input.cpp->run:256]	frame times (ms): 180.817
2020/03/09 13:07:22 517606	INFO [input.cpp->run:257]	FPS: 5.53045
2020/03/09 13:07:22 597003	INFO [input.cpp->run:173]	
frame_id 73
2020/03/09 13:07:22 647801	INFO [input.cpp->run:235]	rotation: 
[-0.9654214811636029, -0.009758381353898799, -0.2605113005250002;
 -0.0170802024670958, -0.9947843507079372, 0.1005602419958841;
 -0.2601338701352788, 0.1015326035317702, 0.960219506169554]
2020/03/09 13:07:22 647861	INFO [input.cpp->run:256]	frame times (ms): 170.508
2020/03/09 13:07:22 647865	INFO [input.cpp->run:257]	FPS: 5.86483
2020/03/09 13:07:22 731374	INFO [input.cpp->run:173]	
frame_id 74
2020/03/09 13:07:22 784791	INFO [input.cpp->run:235]	rotation: 
[-0.9317225900366026, -0.02999582741188253, -0.3619299180136419;
 -0.02836494274367955, -0.987528483432571, 0.1548642128850755;
 -0.3620613832468643, 0.1545566069349439, 0.9192517663916262]
2020/03/09 13:07:22 784852	INFO [input.cpp->run:256]	frame times (ms): 176.42
2020/03/09 13:07:22 784854	INFO [input.cpp->run:257]	FPS: 5.66829
2020/03/09 13:07:22 863751	INFO [input.cpp->run:173]	
frame_id 75
2020/03/09 13:07:22 917853	INFO [input.cpp->run:235]	rotation: 
[-0.9778475931062611, -0.01407352229522685, -0.2088444890977441;
 -0.01368115687047797, -0.9913065357768035, 0.1308593828232369;
 -0.2088705594452635, 0.1308177667459541, 0.969154167973612]
2020/03/09 13:07:22 917915	INFO [input.cpp->run:256]	frame times (ms): 176.749
2020/03/09 13:07:22 917918	INFO [input.cpp->run:257]	FPS: 5.65774
2020/03/09 13:07:22 997653	INFO [input.cpp->run:173]	
frame_id 76
2020/03/09 13:07:23 054531	INFO [input.cpp->run:235]	rotation: 
[-0.9988846256656877, 0.001566130187811903, -0.04719165016137763;
 8.280164137808776e-05, -0.9993901429747036, -0.03491898149845682;
 -0.04721755767304376, -0.03488394130880582, 0.9982753191811148]
2020/03/09 13:07:23 054586	INFO [input.cpp->run:256]	frame times (ms): 178.779
2020/03/09 13:07:23 054588	INFO [input.cpp->run:257]	FPS: 5.5935
2020/03/09 13:07:23 130669	INFO [input.cpp->run:173]	
frame_id 77
2020/03/09 13:07:23 183772	INFO [input.cpp->run:235]	rotation: 
[-0.9884766779347777, -0.004921160787804055, -0.1512932230984801;
 -0.01274973463153911, -0.9932131860772079, 0.1156071419471436;
 -0.1508353454792716, 0.1162039120635027, 0.9817053271604911]
2020/03/09 13:07:23 183827	INFO [input.cpp->run:256]	frame times (ms): 181.857
2020/03/09 13:07:23 183830	INFO [input.cpp->run:257]	FPS: 5.49883
2020/03/09 13:07:23 261878	INFO [input.cpp->run:173]	
frame_id 78
2020/03/09 13:07:23 314456	INFO [input.cpp->run:235]	rotation: 
[-0.9800366863885792, 0.0006628472035994204, -0.1988156280730426;
 -0.003968750359125504, -0.9998604092455784, 0.01622994281725761;
 -0.1987771172773181, 0.01669498897421592, 0.9799025130032429]
2020/03/09 13:07:23 314514	INFO [input.cpp->run:256]	frame times (ms): 176.933
2020/03/09 13:07:23 314518	INFO [input.cpp->run:257]	FPS: 5.65186
2020/03/09 13:07:23 397814	INFO [input.cpp->run:173]	
frame_id 79
2020/03/09 13:07:23 449545	INFO [input.cpp->run:235]	rotation: 
[-0.9889429120895503, -0.006254336207078042, -0.1481647728255566;
 -0.006411090069560243, -0.9963730684378963, 0.08485049449338071;
 -0.1481580728545021, 0.08486219282024283, 0.9853159867158251]
2020/03/09 13:07:23 449593	INFO [input.cpp->run:256]	frame times (ms): 178.708
2020/03/09 13:07:23 449596	INFO [input.cpp->run:257]	FPS: 5.59572
2020/03/09 13:07:23 530166	INFO [input.cpp->run:173]	
frame_id 80
2020/03/09 13:07:23 581503	INFO [input.cpp->run:235]	rotation: 
[-0.9204307507050554, -0.03185015535666278, -0.3896059557556643;
 -0.04049595746787839, -0.9835434868145596, 0.1760746630648998;
 -0.3888024055806342, 0.1778420005184789, 0.9039938673831237]
2020/03/09 13:07:23 581558	INFO [input.cpp->run:256]	frame times (ms): 172.739
2020/03/09 13:07:23 581561	INFO [input.cpp->run:257]	FPS: 5.78908
2020/03/09 13:07:23 662190	INFO [input.cpp->run:173]	
frame_id 81
2020/03/09 13:07:23 714146	INFO [input.cpp->run:235]	rotation: 
[-0.9808155852837028, -0.003629958140782223, -0.1949041073668888;
 -0.0001903196965280685, -0.9998083046088803, 0.0195785038634139;
 -0.1949378142972796, 0.01923999581633968, 0.980626876603933]
2020/03/09 13:07:23 714205	INFO [input.cpp->run:256]	frame times (ms): 176.227
2020/03/09 13:07:23 714208	INFO [input.cpp->run:257]	FPS: 5.6745
2020/03/09 13:07:23 796272	INFO [input.cpp->run:173]	
frame_id 82
2020/03/09 13:07:23 847344	INFO [input.cpp->run:235]	rotation: 
[-0.983948381443171, -0.006090281712582991, -0.1783493513417573;
 -0.007805563702032391, -0.9969921595973128, 0.07710840989658614;
 -0.178282516895678, 0.07726281233651676, 0.9809412836654366]
2020/03/09 13:07:23 847401	INFO [input.cpp->run:256]	frame times (ms): 179.447
2020/03/09 13:07:23 847429	INFO [input.cpp->run:257]	FPS: 5.57268
2020/03/09 13:07:23 931170	INFO [input.cpp->run:173]	
frame_id 83
2020/03/09 13:07:23 982253	INFO [input.cpp->run:235]	rotation: 
[-0.9836234886901124, -0.01018769598989657, -0.1799473349274998;
 -0.01027157056535948, -0.9936100299224165, 0.1123993028256637;
 -0.1799425667684363, 0.1124069361204719, 0.9772335203915155]
2020/03/09 13:07:23 982305	INFO [input.cpp->run:256]	frame times (ms): 177.615
2020/03/09 13:07:23 982307	INFO [input.cpp->run:257]	FPS: 5.63016
2020/03/09 13:07:24 062978	INFO [input.cpp->run:173]	
frame_id 84
2020/03/09 13:07:24 115854	INFO [input.cpp->run:235]	rotation: 
[-0.9626073524161567, -0.01271987628384818, 0.2706017180686047;
 -0.009938939281527809, -0.9965662830170374, -0.08220012797778414;
 0.2707181238120476, -0.08181594160632502, 0.9591756091241872]
