		g3log created log at: Sun Mar 08 16:05:33 2020
		LOG format: [YYYY/MM/DD hh:mm:ss uuu* LEVEL FILE->FUNCTION:LINE] message		(uuu*: microseconds fractions of the seconds value)

2020/03/08 16:05:33 063818	INFO [g3logger.h->logBanner:29]	Starting log.
2020/03/08 16:05:33 066328	DEBUG [main.cpp->main:49]	Filepath: /home/mitchell/KITTI/data_odometry_gray/dataset/sequences/00/
2020/03/08 16:05:33 066332	DEBUG [main.cpp->main:53]	Calibration Filepath: /home/mitchell/visual_odom_ws/src/visual_odom/calibration/old/zed.yaml
2020/03/08 16:05:33 066403	INFO [main.cpp->main:67]	P_left: 
[718.85602, 0, 607.19281, 0;
 0, 718.85602, 185.2157, 0;
 0, 0, 1, 0]
2020/03/08 16:05:33 066410	INFO [main.cpp->main:68]	P_right: 
[718.85602, 0, 607.19281, -386.14481;
 0, 718.85602, 185.2157, 0;
 0, 0, 1, 0]
2020/03/08 16:05:33 116073	INFO [input.cpp->Input:22]	frame_pose [1, 0, 0, 0;
 0, 1, 0, 0;
 0, 0, 1, 0;
 0, 0, 0, 1]
2020/03/08 16:05:33 401414	INFO [input.cpp->run:173]	
frame_id 1
2020/03/08 16:05:33 489111	INFO [input.cpp->run:235]	rotation: 
[0.9999566174832041, 0.006590169006688393, 0.006582767200232461;
 -0.006655113496043891, 0.9999289150994348, 0.009893139664535817;
 -0.006517101802484525, -0.00993651953807374, 0.9999293939891784]
2020/03/08 16:05:33 489158	INFO [input.cpp->run:256]	frame times (ms): 121.629
2020/03/08 16:05:33 489162	INFO [input.cpp->run:257]	FPS: 8.22172
2020/03/08 16:05:33 496197	INFO [input.cpp->run:173]	
frame_id 2
2020/03/08 16:05:33 528928	INFO [input.cpp->run:235]	rotation: 
[0.9999974872671802, 0.002024150381835406, 0.000963470060473452;
 -0.002026534975553409, 0.9999948701305857, 0.002480497632711827;
 -0.0009584442177674616, -0.002482443905659464, 0.9999964594222005]
2020/03/08 16:05:33 528976	INFO [input.cpp->run:256]	frame times (ms): 47.774
2020/03/08 16:05:33 528977	INFO [input.cpp->run:257]	FPS: 20.9319
2020/03/08 16:05:33 532324	INFO [input.cpp->run:173]	
frame_id 3
2020/03/08 16:05:33 561455	INFO [input.cpp->run:235]	rotation: 
[0.9999957064184659, 0.002916161017798092, -0.0002883566395283538;
 -0.002915004263960182, 0.9999880141883911, 0.003933729744054862;
 0.0002998245726741619, -0.003932872293431707, 0.9999922212801203]
2020/03/08 16:05:33 561485	INFO [input.cpp->run:256]	frame times (ms): 42.688
2020/03/08 16:05:33 561487	INFO [input.cpp->run:257]	FPS: 23.4258
2020/03/08 16:05:33 592990	INFO [input.cpp->run:173]	
frame_id 4
2020/03/08 16:05:33 622341	INFO [input.cpp->run:235]	rotation: 
[0.9999933470151015, 0.003249290019251596, 0.001657721299147523;
 -0.003258726530642824, 0.9999783201852062, 0.005721875651557659;
 -0.001639093326610772, -0.005727239644383301, 0.9999822558921345]
2020/03/08 16:05:33 622365	INFO [input.cpp->run:256]	frame times (ms): 43.966
2020/03/08 16:05:33 622368	INFO [input.cpp->run:257]	FPS: 22.7448
2020/03/08 16:05:33 659221	INFO [input.cpp->run:173]	
frame_id 5
2020/03/08 16:05:33 688263	INFO [input.cpp->run:235]	rotation: 
[0.999988837235854, 0.004089809738539033, 0.002366191029318472;
 -0.004103744006424027, 0.9999740896760561, 0.005914326814838887;
 -0.002341941249138159, -0.005923971036858191, 0.9999797107333429]
2020/03/08 16:05:33 688285	INFO [input.cpp->run:256]	frame times (ms): 43.203
2020/03/08 16:05:33 688287	INFO [input.cpp->run:257]	FPS: 23.1465
2020/03/08 16:05:33 725857	INFO [input.cpp->run:173]	
frame_id 6
2020/03/08 16:05:33 755395	INFO [input.cpp->run:235]	rotation: 
[0.9999940046977313, 0.003357992013474857, 0.0008452563110378287;
 -0.003363411791222444, 0.9999732548297686, 0.006494388830459111;
 -0.0008234255986888188, -0.00649719283967817, 0.9999785539977782]
2020/03/08 16:05:33 755419	INFO [input.cpp->run:256]	frame times (ms): 43.442
2020/03/08 16:05:33 755422	INFO [input.cpp->run:257]	FPS: 23.0192
2020/03/08 16:05:33 792489	INFO [input.cpp->run:173]	
frame_id 7
2020/03/08 16:05:33 822817	INFO [input.cpp->run:235]	rotation: 
[0.999967800345166, 0.005987872144700892, 0.005342626697521329;
 -0.006037371547636087, 0.9999385516491963, 0.009297476566426875;
 -0.00528662630097369, -0.009329432613303863, 0.9999425049818953]
2020/03/08 16:05:33 822840	INFO [input.cpp->run:256]	frame times (ms): 46.317
2020/03/08 16:05:33 822842	INFO [input.cpp->run:257]	FPS: 21.5903
2020/03/08 16:05:33 859216	INFO [input.cpp->run:173]	
frame_id 8
2020/03/08 16:05:33 891310	INFO [input.cpp->run:235]	rotation: 
[0.9999959416451896, 0.002842007270313634, 0.0001992180363708767;
 -0.002843265112557846, 0.9999739997424339, 0.006626890871167533;
 -0.000180379184615186, -0.006627430406585693, 0.9999780220732631]
2020/03/08 16:05:33 891332	INFO [input.cpp->run:256]	frame times (ms): 47.591
2020/03/08 16:05:33 891335	INFO [input.cpp->run:257]	FPS: 21.0124
2020/03/08 16:05:33 926348	INFO [input.cpp->run:173]	
frame_id 9
2020/03/08 16:05:33 955362	INFO [input.cpp->run:235]	rotation: 
[0.9999922113763968, 0.003836208062565252, 0.0009277360855773283;
 -0.003843670403278435, 0.9999591541622787, 0.008180232569506373;
 -0.0008963171172829293, -0.008183734768488089, 0.9999661109761991]
2020/03/08 16:05:33 955385	INFO [input.cpp->run:256]	frame times (ms): 43.906
2020/03/08 16:05:33 955388	INFO [input.cpp->run:257]	FPS: 22.7759
2020/03/08 16:05:33 993034	INFO [input.cpp->run:173]	
frame_id 10
2020/03/08 16:05:34 025543	INFO [input.cpp->run:235]	rotation: 
[0.9999965768110493, 0.002612057808648629, -0.0001533629274361559;
 -0.002611547686981712, 0.9999913501183021, 0.003237206705488348;
 0.0001618173719182573, -0.003236795109319708, 0.9999947484724899]
2020/03/08 16:05:34 025566	INFO [input.cpp->run:256]	frame times (ms): 49.546
2020/03/08 16:05:34 025569	INFO [input.cpp->run:257]	FPS: 20.1833
2020/03/08 16:05:34 059281	INFO [input.cpp->run:173]	
frame_id 11
2020/03/08 16:05:34 087593	INFO [input.cpp->run:235]	rotation: 
[0.999991156694817, 0.004099336603304699, 0.0009391334169476796;
 -0.004106830942061866, 0.9999585812106623, 0.008122179681134599;
 -0.0009057989707130302, -0.00812596471639637, 0.9999665735541626]
2020/03/08 16:05:34 087615	INFO [input.cpp->run:256]	frame times (ms): 42.328
2020/03/08 16:05:34 087618	INFO [input.cpp->run:257]	FPS: 23.625
2020/03/08 16:05:34 126126	INFO [input.cpp->run:173]	
frame_id 12
2020/03/08 16:05:34 160986	INFO [input.cpp->run:235]	rotation: 
[0.9999941007459187, 0.003320681081774593, 0.0008783794820694956;
 -0.003324955519303974, 0.9999824160615383, 0.004910421420129554;
 -0.0008620580931853718, -0.0049133130250129, 0.9999875580280798]
2020/03/08 16:05:34 161012	INFO [input.cpp->run:256]	frame times (ms): 51.815
2020/03/08 16:05:34 161016	INFO [input.cpp->run:257]	FPS: 19.2994
2020/03/08 16:05:34 192553	INFO [input.cpp->run:173]	
frame_id 13
2020/03/08 16:05:34 222978	INFO [input.cpp->run:235]	rotation: 
[0.9999975751761488, 0.002182302201838157, -0.0002952946366834791;
 -0.002181462846315367, 0.9999936626630729, 0.00281351266968996;
 0.0003014327001958376, -0.002812861673138691, 0.9999959984657614]
2020/03/08 16:05:34 223002	INFO [input.cpp->run:256]	frame times (ms): 44.466
2020/03/08 16:05:34 223005	INFO [input.cpp->run:257]	FPS: 22.4891
2020/03/08 16:05:34 259377	INFO [input.cpp->run:173]	
frame_id 14
2020/03/08 16:05:34 294318	INFO [input.cpp->run:235]	rotation: 
[0.9999898527746633, 0.004417327271151564, 0.0008840630558115544;
 -0.004428051447380393, 0.9999118124522522, 0.01252037055487073;
 -0.0008286785181616547, -0.01252415818454327, 0.9999212262741911]
2020/03/08 16:05:34 294344	INFO [input.cpp->run:256]	frame times (ms): 52.93
2020/03/08 16:05:34 294346	INFO [input.cpp->run:257]	FPS: 18.8929
2020/03/08 16:05:34 325983	INFO [input.cpp->run:173]	
frame_id 15
2020/03/08 16:05:34 354708	INFO [input.cpp->run:235]	rotation: 
[0.9999973918671814, 0.002189072256810628, -0.000651322876444176;
 -0.002187117277709327, 0.9999931463310647, 0.002987274495483674;
 0.0006578577722143522, -0.002985842184758586, 0.9999953259738764]
2020/03/08 16:05:34 354732	INFO [input.cpp->run:256]	frame times (ms): 43.346
2020/03/08 16:05:34 354736	INFO [input.cpp->run:257]	FPS: 23.0702
2020/03/08 16:05:34 392526	INFO [input.cpp->run:173]	
frame_id 16
2020/03/08 16:05:34 422267	INFO [input.cpp->run:235]	rotation: 
[0.9999961897376698, 0.002700099404418436, -0.0005744330670539181;
 -0.002696836684616526, 0.9999806452039109, 0.005606807421909586;
 0.0005895608863996255, -0.005605236906334386, 0.9999841167424536]
2020/03/08 16:05:34 422290	INFO [input.cpp->run:256]	frame times (ms): 44.772
2020/03/08 16:05:34 422292	INFO [input.cpp->run:257]	FPS: 22.3354
2020/03/08 16:05:34 459104	INFO [input.cpp->run:173]	
frame_id 17
2020/03/08 16:05:34 487423	INFO [input.cpp->run:235]	rotation: 
[0.9999944940988095, 0.002853729456672924, 0.001693517125481544;
 -0.002862776663523433, 0.9999815153002598, 0.00536409988451244;
 -0.001678178131477006, -0.005368918511614605, 0.9999841790909367]
2020/03/08 16:05:34 487444	INFO [input.cpp->run:256]	frame times (ms): 42.519
2020/03/08 16:05:34 487446	INFO [input.cpp->run:257]	FPS: 23.5189
2020/03/08 16:05:34 525990	INFO [input.cpp->run:173]	
frame_id 18
2020/03/08 16:05:34 558988	INFO [input.cpp->run:235]	rotation: 
[0.9999789235471687, 0.004516823520488209, 0.00466377172797719;
 -0.004571836120517162, 0.9999192963518986, 0.01185323152608866;
 -0.004609856389634, -0.01187430370205732, 0.9999188717769348]
2020/03/08 16:05:34 559011	INFO [input.cpp->run:256]	frame times (ms): 47.868
2020/03/08 16:05:34 559014	INFO [input.cpp->run:257]	FPS: 20.8908
2020/03/08 16:05:34 592552	INFO [input.cpp->run:173]	
frame_id 19
2020/03/08 16:05:34 622204	INFO [input.cpp->run:235]	rotation: 
[0.9999565581106937, 0.006531824364090804, 0.006649598626346395;
 -0.006592377898363693, 0.9999366306826479, 0.009125523145495688;
 -0.006589570931403953, -0.009168963382546656, 0.9999362518007983]
2020/03/08 16:05:34 622226	INFO [input.cpp->run:256]	frame times (ms): 44.311
2020/03/08 16:05:34 622229	INFO [input.cpp->run:257]	FPS: 22.5678
2020/03/08 16:05:34 659224	INFO [input.cpp->run:173]	
frame_id 20
2020/03/08 16:05:34 687648	INFO [input.cpp->run:235]	rotation: 
[0.9999974902692865, 0.002190014768002455, -0.0004725361829502928;
 -0.002188419027218233, 0.9999919892137309, 0.003351466921640361;
 0.0004798721596167908, -0.003350424403187075, 0.9999942721731104]
2020/03/08 16:05:34 687669	INFO [input.cpp->run:256]	frame times (ms): 42.74
2020/03/08 16:05:34 687671	INFO [input.cpp->run:257]	FPS: 23.3973
2020/03/08 16:05:34 726349	INFO [input.cpp->run:173]	
frame_id 21
2020/03/08 16:05:34 754229	INFO [input.cpp->run:235]	rotation: 
[0.9999935323000866, 0.003370369386916976, 0.001255375717215461;
 -0.003375829040505782, 0.9999847419957134, 0.004372591228976218;
 -0.001240619315067743, -0.004376800882171226, 0.9999896521853379]
2020/03/08 16:05:34 754250	INFO [input.cpp->run:256]	frame times (ms): 42.692
2020/03/08 16:05:34 754252	INFO [input.cpp->run:257]	FPS: 23.4236
2020/03/08 16:05:34 793066	INFO [input.cpp->run:173]	
frame_id 22
2020/03/08 16:05:34 830443	INFO [input.cpp->run:235]	rotation: 
[0.9999937915608043, 0.003465980745686679, 0.0006354662204764001;
 -0.003470989776387623, 0.9999615056979031, 0.008058495663255009;
 -0.0006075111678396953, -0.008060651329329187, 0.9999673278814303]
2020/03/08 16:05:34 830470	INFO [input.cpp->run:256]	frame times (ms): 56.528
2020/03/08 16:05:34 830472	INFO [input.cpp->run:257]	FPS: 17.6903
2020/03/08 16:05:34 859255	INFO [input.cpp->run:173]	
frame_id 23
2020/03/08 16:05:34 888073	INFO [input.cpp->run:235]	rotation: 
[0.9999964262152804, 0.002671590160439111, -0.0001008101278693143;
 -0.002671240947209048, 0.9999909266035182, 0.003318310178255708;
 0.0001096743780005676, -0.003318029031188041, 0.9999944893122557]
2020/03/08 16:05:34 888097	INFO [input.cpp->run:256]	frame times (ms): 43.622
2020/03/08 16:05:34 888099	INFO [input.cpp->run:257]	FPS: 22.9242
2020/03/08 16:05:34 925925	INFO [input.cpp->run:173]	
frame_id 24
2020/03/08 16:05:34 957927	INFO [input.cpp->run:235]	rotation: 
[0.9999435630390292, 0.007194408037557444, 0.00781736719107712;
 -0.007278491587974252, 0.9999153898290515, 0.01078131454043287;
 -0.00773914058631759, -0.0108376047171453, 0.9999113220816035]
2020/03/08 16:05:34 957949	INFO [input.cpp->run:256]	frame times (ms): 48.119
2020/03/08 16:05:34 957951	INFO [input.cpp->run:257]	FPS: 20.7818
2020/03/08 16:05:34 992573	INFO [input.cpp->run:173]	
frame_id 25
2020/03/08 16:05:35 024768	INFO [input.cpp->run:235]	rotation: 
[0.9999918089263098, 0.003661424662108043, 0.001725123105877701;
 -0.003672228330390079, 0.9999734021572827, 0.006301564653223981;
 -0.00170200451709348, -0.006307848082586357, 0.9999786568888313]
2020/03/08 16:05:35 024791	INFO [input.cpp->run:256]	frame times (ms): 48.38
2020/03/08 16:05:35 024795	INFO [input.cpp->run:257]	FPS: 20.6697
2020/03/08 16:05:35 059099	INFO [input.cpp->run:173]	
frame_id 26
2020/03/08 16:05:35 088157	INFO [input.cpp->run:235]	rotation: 
[0.9999970335301525, 0.002284878421153221, -0.0008439558612205403;
 -0.002278889256637444, 0.9999726882518277, 0.00703060553358551;
 0.0008599968901819201, -0.007028661395560973, 0.9999749288478864]
2020/03/08 16:05:35 088178	INFO [input.cpp->run:256]	frame times (ms): 43.725
2020/03/08 16:05:35 088180	INFO [input.cpp->run:257]	FPS: 22.8702
2020/03/08 16:05:35 125895	INFO [input.cpp->run:173]	
frame_id 27
2020/03/08 16:05:35 155316	INFO [input.cpp->run:235]	rotation: 
[0.9999938661784994, 0.003306489967363262, 0.001155304926458072;
 -0.0033105696270442, 0.9999882281310379, 0.003547355083965174;
 -0.001143562032364061, -0.003551158042521797, 0.999993040747002]
2020/03/08 16:05:35 155338	INFO [input.cpp->run:256]	frame times (ms): 45.277
2020/03/08 16:05:35 155341	INFO [input.cpp->run:257]	FPS: 22.0863
2020/03/08 16:05:35 192508	INFO [input.cpp->run:173]	
frame_id 28
2020/03/08 16:05:35 227266	INFO [input.cpp->run:235]	rotation: 
[0.999995929136105, 0.002851299214935068, 0.0001086462377242132;
 -0.002851746493742177, 0.9999863986047719, 0.004366937988312791;
 -9.619331312604745e-05, -0.00436723004263009, 0.9999904589787851]
2020/03/08 16:05:35 227288	INFO [input.cpp->run:256]	frame times (ms): 52.954
2020/03/08 16:05:35 227290	INFO [input.cpp->run:257]	FPS: 18.8843
2020/03/08 16:05:35 259137	INFO [input.cpp->run:173]	
frame_id 29
2020/03/08 16:05:35 291402	INFO [input.cpp->run:235]	rotation: 
[0.9999966376021282, 0.002557961249755914, 0.0004261674350380735;
 -0.002559066094031445, 0.9999933130997032, 0.002612457962403916;
 -0.0004194820190644801, -0.00261353976891421, 0.9999964967162195]
2020/03/08 16:05:35 291426	INFO [input.cpp->run:256]	frame times (ms): 57.599
2020/03/08 16:05:35 291428	INFO [input.cpp->run:257]	FPS: 17.3614
2020/03/08 16:05:35 325963	INFO [input.cpp->run:173]	
frame_id 30
2020/03/08 16:05:35 354322	INFO [input.cpp->run:235]	rotation: 
[0.9999974478200234, 0.002235804959525336, -0.0003248532321771369;
 -0.00223481954396225, 0.9999929944827955, 0.003002759886765798;
 0.0003315645418593246, -0.003002026234829951, 0.9999954389413184]
2020/03/08 16:05:35 354347	INFO [input.cpp->run:256]	frame times (ms): 42.783
2020/03/08 16:05:35 354349	INFO [input.cpp->run:257]	FPS: 23.3738
2020/03/08 16:05:35 392509	INFO [input.cpp->run:173]	
frame_id 31
2020/03/08 16:05:35 422607	INFO [input.cpp->run:235]	rotation: 
[0.9999883932746374, 0.00472600040103561, 0.0009371425817781656;
 -0.004736312104551514, 0.9999246571172803, 0.01132463847271418;
 -0.0008835517287909047, -0.01132894563049936, 0.9999354350793074]
2020/03/08 16:05:35 422628	INFO [input.cpp->run:256]	frame times (ms): 45.076
2020/03/08 16:05:35 422630	INFO [input.cpp->run:257]	FPS: 22.1848
2020/03/08 16:05:35 459146	INFO [input.cpp->run:173]	
frame_id 32
2020/03/08 16:05:35 487624	INFO [input.cpp->run:235]	rotation: 
[0.9999689352389919, 0.005782493703972906, 0.005356428246544836;
 -0.005830814874741687, 0.9999420487739096, 0.009049900095178014;
 -0.005303786844638533, -0.009080851303689852, 0.9999447024634447]
2020/03/08 16:05:35 487645	INFO [input.cpp->run:256]	frame times (ms): 43.312
2020/03/08 16:05:35 487647	INFO [input.cpp->run:257]	FPS: 23.0883
2020/03/08 16:05:35 526506	INFO [input.cpp->run:173]	
frame_id 33
2020/03/08 16:05:35 558316	INFO [input.cpp->run:235]	rotation: 
[0.9999932163130246, 0.003630642587547561, 0.0006210976846052598;
 -0.003634885267389734, 0.9999690894509861, 0.006971925964809;
 -0.0005957659148097731, -0.006974136288269019, 0.9999755029429508]
2020/03/08 16:05:35 558341	INFO [input.cpp->run:256]	frame times (ms): 47.763
2020/03/08 16:05:35 558343	INFO [input.cpp->run:257]	FPS: 20.9367
2020/03/08 16:05:35 592664	INFO [input.cpp->run:173]	
frame_id 34
2020/03/08 16:05:35 620027	INFO [input.cpp->run:235]	rotation: 
[0.9999939587958258, 0.003211906086595634, 0.001328921044744437;
 -0.003219520866680879, 0.9999781813542847, 0.005768145348916926;
 -0.001310365308332424, -0.005772388991406893, 0.9999824810805891]
2020/03/08 16:05:35 620050	INFO [input.cpp->run:256]	frame times (ms): 42.725
2020/03/08 16:05:35 620052	INFO [input.cpp->run:257]	FPS: 23.4055
2020/03/08 16:05:35 659175	INFO [input.cpp->run:173]	
frame_id 35
2020/03/08 16:05:35 691260	INFO [input.cpp->run:235]	rotation: 
[0.9999983274708575, 0.001653747840150223, -0.0007811360758180452;
 -0.001651340637105572, 0.9999939169234107, 0.003072326524807854;
 0.0007862121774621065, -0.003071031464507098, 0.9999949753054542]
2020/03/08 16:05:35 691286	INFO [input.cpp->run:256]	frame times (ms): 47.494
2020/03/08 16:05:35 691287	INFO [input.cpp->run:257]	FPS: 21.0553
2020/03/08 16:05:35 725966	INFO [input.cpp->run:173]	
frame_id 36
2020/03/08 16:05:35 754368	INFO [input.cpp->run:235]	rotation: 
[0.9999966194239815, 0.002262359342640607, -0.001281745221747651;
 -0.002255421750581865, 0.9999829387031195, 0.005388448329544844;
 0.00129391395993258, -0.00538553923743381, 0.999984660759247]
2020/03/08 16:05:35 754391	INFO [input.cpp->run:256]	frame times (ms): 42.397
2020/03/08 16:05:35 754394	INFO [input.cpp->run:257]	FPS: 23.5866
2020/03/08 16:05:35 792516	INFO [input.cpp->run:173]	
frame_id 37
2020/03/08 16:05:35 822798	INFO [input.cpp->run:235]	rotation: 
[0.9999909437032058, 0.004221889637421075, 0.0005368048632466432;
 -0.004227733908886481, 0.9999261156523762, 0.01139690757822017;
 -0.0004886487157663874, -0.01139907383256541, 0.9999349090506803]
2020/03/08 16:05:35 822820	INFO [input.cpp->run:256]	frame times (ms): 45.246
2020/03/08 16:05:35 822822	INFO [input.cpp->run:257]	FPS: 22.1014
2020/03/08 16:05:35 859145	INFO [input.cpp->run:173]	
frame_id 38
2020/03/08 16:05:35 887502	INFO [input.cpp->run:235]	rotation: 
[0.9999942919752982, 0.00333566466487486, 0.0005379201293440933;
 -0.003339012614350514, 0.9999742768858326, 0.006347957263346559;
 -0.0005167316356257123, -0.006349717151147087, 0.9999797068343523]
2020/03/08 16:05:35 887523	INFO [input.cpp->run:256]	frame times (ms): 42.797
2020/03/08 16:05:35 887525	INFO [input.cpp->run:257]	FPS: 23.3661
2020/03/08 16:05:35 925956	INFO [input.cpp->run:173]	
frame_id 39
2020/03/08 16:05:35 955679	INFO [input.cpp->run:235]	rotation: 
[0.9999964454773284, 0.00249872084006966, -0.0009302832214658842;
 -0.002494104534056782, 0.9999847332972116, 0.00493078240016589;
 0.0009425896678495763, -0.004928444649987445, 0.9999874108997823]
2020/03/08 16:05:35 955699	INFO [input.cpp->run:256]	frame times (ms): 45.831
2020/03/08 16:05:35 955701	INFO [input.cpp->run:257]	FPS: 21.8193
2020/03/08 16:05:35 992632	INFO [input.cpp->run:173]	
frame_id 40
2020/03/08 16:05:36 027974	INFO [input.cpp->run:235]	rotation: 
[0.9999879449082408, 0.004202254229645618, 0.002539901097005714;
 -0.004228291021356058, 0.9999376612474172, 0.01033417505581159;
 -0.00249631593190146, -0.01034478991738664, 0.9999433752609861]
2020/03/08 16:05:36 027997	INFO [input.cpp->run:256]	frame times (ms): 52.131
2020/03/08 16:05:36 027999	INFO [input.cpp->run:257]	FPS: 19.1824
2020/03/08 16:05:36 059665	INFO [input.cpp->run:173]	
frame_id 41
2020/03/08 16:05:36 087841	INFO [input.cpp->run:235]	rotation: 
[0.9999955398423764, 0.002427943431146485, -0.001739363690923983;
 -0.002417163208885085, 0.9999780234909414, 0.006173318165449942;
 0.001754313933070255, -0.006169086305557291, 0.9999794321668716]
2020/03/08 16:05:36 087862	INFO [input.cpp->run:256]	frame times (ms): 42.613
2020/03/08 16:05:36 087865	INFO [input.cpp->run:257]	FPS: 23.467
2020/03/08 16:05:36 126025	INFO [input.cpp->run:173]	
frame_id 42
2020/03/08 16:05:36 155565	INFO [input.cpp->run:235]	rotation: 
[0.9999984283884945, 0.0014782099162418, -0.0009788339923043569;
 -0.001476209477563885, 0.9999968269980588, 0.002041273963195455;
 0.0009818483178763611, -0.002039825791089407, 0.9999974375390283]
2020/03/08 16:05:36 155587	INFO [input.cpp->run:256]	frame times (ms): 45.399
2020/03/08 16:05:36 155589	INFO [input.cpp->run:257]	FPS: 22.0269
2020/03/08 16:05:36 192527	INFO [input.cpp->run:173]	
frame_id 43
2020/03/08 16:05:36 222671	INFO [input.cpp->run:235]	rotation: 
[0.9999978907052959, 0.002010697059036122, -0.0004191447195007843;
 -0.002009535964204326, 0.9999941929900665, 0.002752408282614685;
 0.0004246765447623546, -0.002751560190586428, 0.9999961242756643]
2020/03/08 16:05:36 222692	INFO [input.cpp->run:256]	frame times (ms): 45.346
2020/03/08 16:05:36 222694	INFO [input.cpp->run:257]	FPS: 22.0527
2020/03/08 16:05:36 259160	INFO [input.cpp->run:173]	
frame_id 44
2020/03/08 16:05:36 288078	INFO [input.cpp->run:235]	rotation: 
[0.999996861959531, 0.002089574581533513, -0.001381936742053638;
 -0.002085472685184045, 0.999993435598721, 0.002963032761550939;
 0.001388119148409109, -0.002960141472106018, 0.9999946553295647]
2020/03/08 16:05:36 288100	INFO [input.cpp->run:256]	frame times (ms): 43.98
2020/03/08 16:05:36 288102	INFO [input.cpp->run:257]	FPS: 22.7376
2020/03/08 16:05:36 326399	INFO [input.cpp->run:173]	
frame_id 45
2020/03/08 16:05:36 357848	INFO [input.cpp->run:235]	rotation: 
[0.9999891873379069, 0.004013543379053471, 0.002348760698115047;
 -0.004028895359608331, 0.9999703116966344, 0.006568388502292567;
 -0.002322328455210481, -0.006577780391604663, 0.9999756695018464]
2020/03/08 16:05:36 357874	INFO [input.cpp->run:256]	frame times (ms): 46.962
2020/03/08 16:05:36 357876	INFO [input.cpp->run:257]	FPS: 21.2938
2020/03/08 16:05:36 392618	INFO [input.cpp->run:173]	
frame_id 46
2020/03/08 16:05:36 421073	INFO [input.cpp->run:235]	rotation: 
[0.9999973508876265, 0.001991569729785876, -0.001154065743637557;
 -0.001987657428346253, 0.9999923079691551, 0.003381304551524006;
 0.001160790970320262, -0.003379001706720138, 0.9999936174355261]
2020/03/08 16:05:36 421103	INFO [input.cpp->run:256]	frame times (ms): 43.086
2020/03/08 16:05:36 421105	INFO [input.cpp->run:257]	FPS: 23.2094
2020/03/08 16:05:36 459178	INFO [input.cpp->run:173]	
frame_id 47
2020/03/08 16:05:36 496132	INFO [input.cpp->run:235]	rotation: 
[0.9999977782392089, 0.001938664458258385, -0.0008277057232634051;
 -0.001938396344440593, 0.9999980686242221, 0.000324603507817282;
 0.0008283334219362515, -0.0003229983648776893, 0.9999996047678211]
2020/03/08 16:05:36 496163	INFO [input.cpp->run:256]	frame times (ms): 54.661
2020/03/08 16:05:36 496165	INFO [input.cpp->run:257]	FPS: 18.2946
2020/03/08 16:05:36 525757	INFO [input.cpp->run:173]	
frame_id 48
2020/03/08 16:05:36 555545	INFO [input.cpp->run:235]	rotation: 
[0.9999956479818002, 0.002941538363815774, -0.0002266484366402201;
 -0.002940138139561461, 0.999977984147009, 0.005948681282815123;
 0.0002441417209890719, -0.005947989016333076, 0.9999822807537549]
2020/03/08 16:05:36 555567	INFO [input.cpp->run:256]	frame times (ms): 44.495
2020/03/08 16:05:36 555569	INFO [input.cpp->run:257]	FPS: 22.4744
2020/03/08 16:05:36 592386	INFO [input.cpp->run:173]	
frame_id 49
2020/03/08 16:05:36 624106	INFO [input.cpp->run:235]	rotation: 
[0.9999844697246298, 0.004599157982188553, 0.003147706372236209;
 -0.004620387652715948, 0.9999664037095557, 0.006770780613523267;
 -0.003116460731274361, -0.006785219085092524, 0.9999721238486989]
2020/03/08 16:05:36 624128	INFO [input.cpp->run:256]	frame times (ms): 46.55
2020/03/08 16:05:36 624130	INFO [input.cpp->run:257]	FPS: 21.4823
2020/03/08 16:05:36 659103	INFO [input.cpp->run:173]	
frame_id 50
2020/03/08 16:05:36 692733	INFO [input.cpp->run:235]	rotation: 
[0.9999912253554142, 0.004134897478100857, 0.0006721867470206668;
 -0.004140688364028707, 0.9999522220650821, 0.008854845395418363;
 -0.0006355407534315265, -0.008857551013139, 0.9999605691616047]
2020/03/08 16:05:36 692756	INFO [input.cpp->run:256]	frame times (ms): 48.721
2020/03/08 16:05:36 692758	INFO [input.cpp->run:257]	FPS: 20.525
2020/03/08 16:05:36 725800	INFO [input.cpp->run:173]	
frame_id 51
2020/03/08 16:05:36 754385	INFO [input.cpp->run:235]	rotation: 
[0.9999848738368921, 0.004697408270522901, 0.002861197818228846;
 -0.004726776413269082, 0.9999353120569024, 0.01034549594771226;
 -0.002812415714999745, -0.01035886370241402, 0.9999423904708915]
2020/03/08 16:05:36 754409	INFO [input.cpp->run:256]	frame times (ms): 42.606
2020/03/08 16:05:36 754410	INFO [input.cpp->run:257]	FPS: 23.4709
2020/03/08 16:05:36 792424	INFO [input.cpp->run:173]	
frame_id 52
2020/03/08 16:05:36 822725	INFO [input.cpp->run:235]	rotation: 
[0.9999395253186423, 0.007474026807498113, 0.008067504497006084;
 -0.007561635907715691, 0.9999121742146969, 0.01088418667778213;
 -0.00798544725908064, -0.01094453199175117, 0.9999082207140583]
2020/03/08 16:05:36 822748	INFO [input.cpp->run:256]	frame times (ms): 45.609
2020/03/08 16:05:36 822749	INFO [input.cpp->run:257]	FPS: 21.9255
2020/03/08 16:05:36 859100	INFO [input.cpp->run:173]	
frame_id 53
2020/03/08 16:05:36 889336	INFO [input.cpp->run:235]	rotation: 
[0.9999858971188922, 0.00437172664558724, 0.003015554585907388;
 -0.004395279882237359, 0.9999595390189313, 0.007848683953577284;
 -0.002981120272837729, -0.007861827470925861, 0.999964651670616]
2020/03/08 16:05:36 889358	INFO [input.cpp->run:256]	frame times (ms): 45.181
2020/03/08 16:05:36 889360	INFO [input.cpp->run:257]	FPS: 22.1332
2020/03/08 16:05:36 925884	INFO [input.cpp->run:173]	
frame_id 54
2020/03/08 16:05:36 955837	INFO [input.cpp->run:235]	rotation: 
[0.9999935418652689, 0.003566949113760404, 0.0004394334700946692;
 -0.003568574104330448, 0.9999865849079426, 0.003754368523748526;
 -0.0004260359335757, -0.003755912428432724, 0.9999928557820867]
2020/03/08 16:05:36 955859	INFO [input.cpp->run:256]	frame times (ms): 45.251
2020/03/08 16:05:36 955861	INFO [input.cpp->run:257]	FPS: 22.099
2020/03/08 16:05:36 992492	INFO [input.cpp->run:173]	
frame_id 55
2020/03/08 16:05:37 022642	INFO [input.cpp->run:235]	rotation: 
[0.9999935981705901, 0.003366438019590684, 0.001212729523285362;
 -0.003371015977505927, 0.9999871251292503, 0.003792865277944024;
 -0.00119994546367464, -0.003796929127266928, 0.9999920716986144]
2020/03/08 16:05:37 022664	INFO [input.cpp->run:256]	frame times (ms): 44.732
2020/03/08 16:05:37 022667	INFO [input.cpp->run:257]	FPS: 22.3554
2020/03/08 16:05:37 059178	INFO [input.cpp->run:173]	
frame_id 56
2020/03/08 16:05:37 089211	INFO [input.cpp->run:235]	rotation: 
[0.9999298433117986, 0.007633835485723202, 0.009057207639160269;
 -0.00773425535291836, 0.999908430858186, 0.01110455730121635;
 -0.008971607914850249, -0.01117382899891782, 0.9998973226271411]
2020/03/08 16:05:37 089232	INFO [input.cpp->run:256]	frame times (ms): 45.114
2020/03/08 16:05:37 089234	INFO [input.cpp->run:257]	FPS: 22.1661
2020/03/08 16:05:37 126335	INFO [input.cpp->run:173]	
frame_id 57
2020/03/08 16:05:37 159670	INFO [input.cpp->run:235]	rotation: 
[0.9999936929376542, 0.003398708447047323, 0.00103095383246371;
 -0.003403160018416317, 0.9999847594575281, 0.004347338790439563;
 -0.001016162783098796, -0.004350819872366247, 0.9999900188400065]
2020/03/08 16:05:37 159698	INFO [input.cpp->run:256]	frame times (ms): 49.874
2020/03/08 16:05:37 159701	INFO [input.cpp->run:257]	FPS: 20.0505
2020/03/08 16:05:37 192695	INFO [input.cpp->run:173]	
frame_id 58
2020/03/08 16:05:37 222981	INFO [input.cpp->run:235]	rotation: 
[0.9999958111247066, 0.002893899578444993, 5.548215950433556e-05;
 -0.00289405992925106, 0.9999908552856122, 0.00314861275417044;
 -4.63698830138529e-05, -0.003148760133718875, 0.9999950415674341]
2020/03/08 16:05:37 223007	INFO [input.cpp->run:256]	frame times (ms): 45.927
2020/03/08 16:05:37 223009	INFO [input.cpp->run:257]	FPS: 21.7737
2020/03/08 16:05:37 258956	INFO [input.cpp->run:173]	
frame_id 59
2020/03/08 16:05:37 287636	INFO [input.cpp->run:235]	rotation: 
[0.9999387446012009, 0.007441469909098511, 0.008193385806022196;
 -0.007529914545487126, 0.9999131401695176, 0.01081723177491633;
 -0.008112178025167225, -0.01087826465602761, 0.9999079237238604]
2020/03/08 16:05:37 287658	INFO [input.cpp->run:256]	frame times (ms): 43.635
2020/03/08 16:05:37 287660	INFO [input.cpp->run:257]	FPS: 22.9174
2020/03/08 16:05:37 326003	INFO [input.cpp->run:173]	
frame_id 60
2020/03/08 16:05:37 361256	INFO [input.cpp->run:235]	rotation: 
[0.9999976847166347, 0.001984766315406689, -0.0008314229027761029;
 -0.001981614158299461, 0.9999909108681627, 0.003775100844995701;
 0.0008389080388581378, -0.003773444545171836, 0.9999925286468728]
2020/03/08 16:05:37 361279	INFO [input.cpp->run:256]	frame times (ms): 52.623
2020/03/08 16:05:37 361281	INFO [input.cpp->run:257]	FPS: 19.0031
2020/03/08 16:05:37 392381	INFO [input.cpp->run:173]	
frame_id 61
2020/03/08 16:05:37 421988	INFO [input.cpp->run:235]	rotation: 
[0.9999872704950905, 0.005045610892317768, 2.566129556123421e-05;
 -0.005045567911769214, 0.9999195757433388, 0.01163547548272947;
 3.304885006234243e-05, -0.01163545684469664, 0.9999323052346037]
2020/03/08 16:05:37 422012	INFO [input.cpp->run:256]	frame times (ms): 44.368
2020/03/08 16:05:37 422015	INFO [input.cpp->run:257]	FPS: 22.5388
2020/03/08 16:05:37 459047	INFO [input.cpp->run:173]	
frame_id 62
2020/03/08 16:05:37 488898	INFO [input.cpp->run:235]	rotation: 
[0.9999875555805153, 0.00305798013192313, -0.003941756159198486;
 -0.003071362828610374, 0.9999895252536946, -0.003393539931354793;
 0.003931337492615749, 0.003405604264067158, 0.9999864731310698]
2020/03/08 16:05:37 488921	INFO [input.cpp->run:256]	frame times (ms): 44.634
2020/03/08 16:05:37 488923	INFO [input.cpp->run:257]	FPS: 22.4044
2020/03/08 16:05:37 525761	INFO [input.cpp->run:173]	
frame_id 63
2020/03/08 16:05:37 554869	INFO [input.cpp->run:235]	rotation: 
[0.99999476504344, 0.003226618062236957, 0.0002425316386764535;
 -0.003227350190612769, 0.9999900442937086, 0.003081480847532922;
 -0.0002325864623416054, -0.003082247450644857, 0.9999952228156845]
2020/03/08 16:05:37 554890	INFO [input.cpp->run:256]	frame times (ms): 43.667
2020/03/08 16:05:37 554892	INFO [input.cpp->run:257]	FPS: 22.9006
2020/03/08 16:05:37 592455	INFO [input.cpp->run:173]	
frame_id 64
2020/03/08 16:05:37 625070	INFO [input.cpp->run:235]	rotation: 
[0.9999976104139072, 0.002015985625122933, -0.000845558061156322;
 -0.002013347721821156, 0.9999931400864631, 0.003109053065875013;
 0.0008518200669896805, -0.003107343234128949, 0.9999948093968282]
2020/03/08 16:05:37 625093	INFO [input.cpp->run:256]	frame times (ms): 49.454
2020/03/08 16:05:37 625095	INFO [input.cpp->run:257]	FPS: 20.2208
2020/03/08 16:05:37 659176	INFO [input.cpp->run:173]	
frame_id 65
2020/03/08 16:05:37 688740	INFO [input.cpp->run:235]	rotation: 
[0.9999972626360701, 0.002339452019929486, 4.104403813821853e-05;
 -0.002339644044881931, 0.999981810137297, 0.005559267962423691;
 -2.803765088877864e-05, -0.005559348773123501, 0.9999845463081461]
2020/03/08 16:05:37 688761	INFO [input.cpp->run:256]	frame times (ms): 44.602
2020/03/08 16:05:37 688763	INFO [input.cpp->run:257]	FPS: 22.4205
2020/03/08 16:05:37 726087	INFO [input.cpp->run:173]	
frame_id 66
2020/03/08 16:05:37 756780	INFO [input.cpp->run:235]	rotation: 
[0.9999962001742455, 0.002728618438521839, -0.0003927830028459343;
 -0.002727365261923429, 0.9999912991226331, 0.003156447014704339;
 0.0004013923248137342, -0.003155363758038244, 0.9999949412690826]
2020/03/08 16:05:37 756801	INFO [input.cpp->run:256]	frame times (ms): 45.248
2020/03/08 16:05:37 756804	INFO [input.cpp->run:257]	FPS: 22.1004
2020/03/08 16:05:37 792470	INFO [input.cpp->run:173]	
frame_id 67
2020/03/08 16:05:37 828313	INFO [input.cpp->run:235]	rotation: 
[0.9999963167879582, 0.002690372805217558, -0.0003581964355479448;
 -0.002688233151975699, 0.9999793010709047, 0.005845582286260577;
 0.0003739158168789402, -0.005844597840208549, 0.9999828502844677]
2020/03/08 16:05:37 828350	INFO [input.cpp->run:256]	frame times (ms): 53.058
2020/03/08 16:05:37 828354	INFO [input.cpp->run:257]	FPS: 18.8473
2020/03/08 16:05:37 859350	INFO [input.cpp->run:173]	
frame_id 68
2020/03/08 16:05:37 889079	INFO [input.cpp->run:235]	rotation: 
[0.9999963151738137, 0.002667346210737632, -0.0005048791802130917;
 -0.002665903729146902, 0.9999924235491602, 0.002836512221712369;
 0.0005124413151470982, -0.002835155810368558, 0.9999958496391019]
2020/03/08 16:05:37 889112	INFO [input.cpp->run:256]	frame times (ms): 44.148
2020/03/08 16:05:37 889114	INFO [input.cpp->run:257]	FPS: 22.6511
2020/03/08 16:05:37 926362	INFO [input.cpp->run:173]	
frame_id 69
2020/03/08 16:05:37 956016	INFO [input.cpp->run:235]	rotation: 
[0.9999974240063019, 0.002256862313773003, -0.0002419778031440865;
 -0.002256006546290236, 0.9999913987665713, 0.003480348738160469;
 0.0002498303897424588, -0.003479793869296103, 0.9999939142911839]
2020/03/08 16:05:37 956040	INFO [input.cpp->run:256]	frame times (ms): 44.826
2020/03/08 16:05:37 956042	INFO [input.cpp->run:257]	FPS: 22.3085
2020/03/08 16:05:37 992630	INFO [input.cpp->run:173]	
frame_id 70
2020/03/08 16:05:38 021924	INFO [input.cpp->run:235]	rotation: 
[0.9999965625776299, 0.00251473477924127, -0.0007422546155312112;
 -0.002512521228019198, 0.9999924384349905, 0.002968216622883415;
 0.0007497132804985694, -0.002966341489391078, 0.9999953193631285]
2020/03/08 16:05:38 021953	INFO [input.cpp->run:256]	frame times (ms): 44.395
2020/03/08 16:05:38 021957	INFO [input.cpp->run:257]	FPS: 22.5251
2020/03/08 16:05:38 059304	INFO [input.cpp->run:173]	
frame_id 71
2020/03/08 16:05:38 092905	INFO [input.cpp->run:235]	rotation: 
[0.9999952845433958, 0.003056809679882859, -0.0002946278226596816;
 -0.003054607117535225, 0.9999693652859006, 0.007206792980963465;
 0.0003166485913656898, -0.007205859025399787, 0.9999739873263582]
2020/03/08 16:05:38 092927	INFO [input.cpp->run:256]	frame times (ms): 50.048
2020/03/08 16:05:38 092929	INFO [input.cpp->run:257]	FPS: 19.9808
2020/03/08 16:05:38 125884	INFO [input.cpp->run:173]	
frame_id 72
2020/03/08 16:05:38 155771	INFO [input.cpp->run:235]	rotation: 
[0.999994458950544, 0.003269847852247549, 0.0006246304764452273;
 -0.003273943198417117, 0.9999723827440552, 0.006671959615455833;
 -0.0006027969330466078, -0.006673967650497517, 0.9999775471437634]
2020/03/08 16:05:38 155793	INFO [input.cpp->run:256]	frame times (ms): 43.456
2020/03/08 16:05:38 155796	INFO [input.cpp->run:257]	FPS: 23.0118
2020/03/08 16:05:38 192516	INFO [input.cpp->run:173]	
frame_id 73
2020/03/08 16:05:38 224856	INFO [input.cpp->run:235]	rotation: 
[0.9999961499040744, 0.002386361482199362, -0.001416141202069354;
 -0.002379603114748056, 0.9999858634880142, 0.004755030299257283;
 0.001427468403925116, -0.004751642137919135, 0.9999876920397315]
2020/03/08 16:05:38 224881	INFO [input.cpp->run:256]	frame times (ms): 47.931
2020/03/08 16:05:38 224883	INFO [input.cpp->run:257]	FPS: 20.8633
2020/03/08 16:05:38 259427	INFO [input.cpp->run:173]	
frame_id 74
2020/03/08 16:05:38 291600	INFO [input.cpp->run:235]	rotation: 
[0.9999958900094003, 0.002862370894042772, 0.0001636984191284901;
 -0.002863314329306349, 0.9999773748056213, 0.006086978553399875;
 -0.0001462715251760234, -0.006087422256004415, 0.9999814607756076]
2020/03/08 16:05:38 291629	INFO [input.cpp->run:256]	frame times (ms): 45.4
2020/03/08 16:05:38 291632	INFO [input.cpp->run:257]	FPS: 22.0264
2020/03/08 16:05:38 325974	INFO [input.cpp->run:173]	
frame_id 75
2020/03/08 16:05:38 358978	INFO [input.cpp->run:235]	rotation: 
[0.9999979939301359, 0.001929513469044064, -0.0005376927344638073;
 -0.001927937471982582, 0.9999938891056027, 0.002916300491322497;
 0.0005433164897580753, -0.00291525800304878, 0.9999956030293171]
2020/03/08 16:05:38 359000	INFO [input.cpp->run:256]	frame times (ms): 49.589
2020/03/08 16:05:38 359001	INFO [input.cpp->run:257]	FPS: 20.1658
2020/03/08 16:05:38 392433	INFO [input.cpp->run:173]	
frame_id 76
2020/03/08 16:05:38 423863	INFO [input.cpp->run:235]	rotation: 
[0.9999933957723538, 0.003298581895052644, 0.001525702840758856;
 -0.003309748828553856, 0.9999673230468537, 0.007375527181252004;
 -0.001501324205012067, -0.007380528164781411, 0.9999716365125765]
2020/03/08 16:05:38 423884	INFO [input.cpp->run:256]	frame times (ms): 46.884
2020/03/08 16:05:38 423886	INFO [input.cpp->run:257]	FPS: 21.3292
2020/03/08 16:05:38 459021	INFO [input.cpp->run:173]	
frame_id 77
2020/03/08 16:05:38 489498	INFO [input.cpp->run:235]	rotation: 
[0.999995166423594, 0.003053477726337614, 0.0005860061632968397;
 -0.003057076866030092, 0.9999758426200379, 0.006242472056825572;
 -0.0005669307575404909, -0.006244233349245089, 0.9999803438765166]
2020/03/08 16:05:38 489519	INFO [input.cpp->run:256]	frame times (ms): 44.769
2020/03/08 16:05:38 489521	INFO [input.cpp->run:257]	FPS: 22.3369
2020/03/08 16:05:38 525778	INFO [input.cpp->run:173]	
frame_id 78
2020/03/08 16:05:38 556936	INFO [input.cpp->run:235]	rotation: 
[0.9999970837312971, 0.002387201046085418, -0.0003657869142805731;
 -0.0023862468860524, 0.9999938063076852, 0.002587116554504676;
 0.0003719606160542317, -0.002586236151892476, 0.9999965865081074]
2020/03/08 16:05:38 556958	INFO [input.cpp->run:256]	frame times (ms): 46.22
2020/03/08 16:05:38 556959	INFO [input.cpp->run:257]	FPS: 21.6357
2020/03/08 16:05:38 592318	INFO [input.cpp->run:173]	
frame_id 79
2020/03/08 16:05:38 622619	INFO [input.cpp->run:235]	rotation: 
[0.9999979155343245, 0.001757898858884666, -0.001038613791488731;
 -0.001755305291926674, 0.9999953524164094, 0.002492799412977296;
 0.001042991053687818, -0.002490971132538016, 0.9999963536095913]
2020/03/08 16:05:38 622640	INFO [input.cpp->run:256]	frame times (ms): 45.264
2020/03/08 16:05:38 622642	INFO [input.cpp->run:257]	FPS: 22.0926
2020/03/08 16:05:38 659174	INFO [input.cpp->run:173]	
frame_id 80
2020/03/08 16:05:38 698123	INFO [input.cpp->run:235]	rotation: 
[0.9999883996112717, 0.004787937300684053, 0.0005256417907865143;
 -0.004793655688086396, 0.9999226381127108, 0.0114777460705858;
 -0.0004706463976064034, -0.01148013267002996, 0.9999339903442861]
2020/03/08 16:05:38 698150	INFO [input.cpp->run:256]	frame times (ms): 55.845
2020/03/08 16:05:38 698152	INFO [input.cpp->run:257]	FPS: 17.9067
2020/03/08 16:05:38 726043	INFO [input.cpp->run:173]	
frame_id 81
2020/03/08 16:05:38 757512	INFO [input.cpp->run:235]	rotation: 
[0.9999889416489627, 0.00469828692715185, 0.0002065907492550604;
 -0.004700441462749547, 0.9999158521688674, 0.01209108892793171;
 -0.0001497659600464466, -0.01209192628814954, 0.9999268787710425]
2020/03/08 16:05:38 757539	INFO [input.cpp->run:256]	frame times (ms): 46.004
2020/03/08 16:05:38 757542	INFO [input.cpp->run:257]	FPS: 21.7372
2020/03/08 16:05:38 792606	INFO [input.cpp->run:173]	
frame_id 82
2020/03/08 16:05:38 829868	INFO [input.cpp->run:235]	rotation: 
[0.9999986040733816, 0.001511556460393378, -0.0007120732794026905;
 -0.001509404327050119, 0.9999943209894294, 0.003013251975442632;
 0.0007166239360212832, -0.003012172962674884, 0.9999952066206004]
2020/03/08 16:05:38 829896	INFO [input.cpp->run:256]	frame times (ms): 53.418
2020/03/08 16:05:38 829899	INFO [input.cpp->run:257]	FPS: 18.7203
2020/03/08 16:05:38 859008	INFO [input.cpp->run:173]	
frame_id 83
2020/03/08 16:05:38 888646	INFO [input.cpp->run:235]	rotation: 
[0.9999938042585207, 0.003478896221470857, 0.0005373319752696498;
 -0.003482363555132205, 0.9999722044987437, 0.006592675783980607;
 -0.0005143818049837836, -0.006594506122753479, 0.9999781237108918]
