		g3log created log at: Mon Mar 09 16:22:45 2020
		LOG format: [YYYY/MM/DD hh:mm:ss uuu* LEVEL FILE->FUNCTION:LINE] message		(uuu*: microseconds fractions of the seconds value)

2020/03/09 16:22:45 269504	INFO [g3logger.h->logBanner:29]	Starting log.
2020/03/09 16:22:45 273396	DEBUG [main.cpp->main:48]	Filepath: /home/mitchell/KITTI/data_odometry_gray/dataset/sequences/00/
2020/03/09 16:22:45 273401	DEBUG [main.cpp->main:52]	Calibration Filepath: /home/mitchell/visual_odom_catkin_ws/tank_downsized.yaml
2020/03/09 16:22:45 273513	INFO [main.cpp->main:66]	P_left: 
[409.41, 0, 251.22, 0;
 0, 408.72, 191.78999, 0;
 0, 0, 1, 0]
2020/03/09 16:22:45 273524	INFO [main.cpp->main:67]	P_right: 
[409.41, 0, 251.22, -73.940002;
 0, 408.72, 191.78999, 0;
 0, 0, 1, 0]
2020/03/09 16:22:45 400827	INFO [input.cpp->Input:22]	frame_pose [1, 0, 0, 0;
 0, 1, 0, 0;
 0, 0, 1, 0;
 0, 0, 0, 1]
2020/03/09 16:22:49 044053	INFO [input.cpp->run:173]	
frame_id 1
2020/03/09 16:22:49 146032	WARNING [visualOdometry.cpp->trackingFrame2Frame:187]	The Estimated Rotation and translation matrices(using getTransformation function) are : 
    0.999976  -0.00693744 -0.000677685   0.00650901
  0.00693925     0.999972   0.00278238    0.0049203
 0.000658363  -0.00278704     0.999996 -0.000144541
           0            0            0            1
2020/03/09 16:22:49 153578	INFO [input.cpp->run:235]	rotation: 
[0.9999759793281555, -0.006937436759471893, -0.0006776847876608372;
 0.006939254701137543, 0.999971866607666, 0.002782384632155299;
 0.000658362521789968, -0.002787037752568722, 0.9999960064888]
2020/03/09 16:22:49 153711	INFO [input.cpp->run:258]	frame times (ms): 195.61
2020/03/09 16:22:49 153719	INFO [input.cpp->run:259]	FPS: 5.11221
2020/03/09 16:22:49 179266	INFO [input.cpp->run:173]	
frame_id 2
2020/03/09 16:22:49 208540	WARNING [visualOdometry.cpp->trackingFrame2Frame:187]	The Estimated Rotation and translation matrices(using getTransformation function) are : 
    0.999983  -0.00559309  -0.00166708   0.00615036
  0.00559397     0.999984   0.00049204   0.00239959
   0.0016643 -0.000501338     0.999998  6.26445e-05
           0            0            0            1
2020/03/09 16:22:49 211337	INFO [input.cpp->run:235]	rotation: 
[0.9999829530715942, -0.005593091249465942, -0.00166708417236805;
 0.005593970417976379, 0.9999840259552002, 0.0004920396022498608;
 0.001664295792579651, -0.0005013379268348217, 0.9999984502792358]
2020/03/09 16:22:49 211437	INFO [input.cpp->run:258]	frame times (ms): 154.276
2020/03/09 16:22:49 211446	INFO [input.cpp->run:259]	FPS: 6.48189
2020/03/09 16:22:49 308712	INFO [input.cpp->run:173]	
frame_id 3
2020/03/09 16:22:49 338825	WARNING [visualOdometry.cpp->trackingFrame2Frame:187]	The Estimated Rotation and translation matrices(using getTransformation function) are : 
    0.999977  -0.00633374  -0.00265167   0.00594649
  0.00633529      0.99998  0.000498801    0.0024056
  0.00264845 -0.000515567     0.999997   0.00102752
           0            0            0            1
2020/03/09 16:22:49 340154	INFO [input.cpp->run:235]	rotation: 
[0.999976634979248, -0.006333738565444946, -0.002651669085025787;
 0.006335288286209106, 0.9999797940254211, 0.0004988014698028564;
 0.002648446708917618, -0.0005155671387910843, 0.999996542930603]
2020/03/09 16:22:49 340213	INFO [input.cpp->run:258]	frame times (ms): 168.381
2020/03/09 16:22:49 340221	INFO [input.cpp->run:259]	FPS: 5.93891
2020/03/09 16:22:49 443713	INFO [input.cpp->run:173]	
frame_id 4
2020/03/09 16:22:49 512091	WARNING [visualOdometry.cpp->trackingFrame2Frame:187]	The Estimated Rotation and translation matrices(using getTransformation function) are : 
   0.999988 -0.00392511 -0.00284793  0.00563821
 0.00391564    0.999987  -0.0032654  -0.0012154
 0.00286071  0.00325421    0.999991  0.00108451
          0           0           0           1
2020/03/09 16:22:49 513460	INFO [input.cpp->run:235]	rotation: 
[0.9999881982803345, -0.003925114870071411, -0.002847932279109955;
 0.003915637731552124, 0.9999868869781494, -0.003265395760536194;
 0.002860713750123978, 0.003254208713769913, 0.9999905824661255]
2020/03/09 16:22:49 513517	INFO [input.cpp->run:258]	frame times (ms): 175.301
2020/03/09 16:22:49 513521	INFO [input.cpp->run:259]	FPS: 5.70447
2020/03/09 16:22:49 576698	INFO [input.cpp->run:173]	
frame_id 5
2020/03/09 16:22:49 604011	WARNING [visualOdometry.cpp->trackingFrame2Frame:187]	The Estimated Rotation and translation matrices(using getTransformation function) are : 
   0.999948 -0.00992331 -0.00249382  0.00622043
 0.00993502    0.999939  0.00474533  0.00812659
 0.00244658 -0.00476988    0.999986  0.00087285
          0           0           0           1
2020/03/09 16:22:49 605321	INFO [input.cpp->run:235]	rotation: 
[0.9999476671218872, -0.009923309087753296, -0.002493821084499359;
 0.00993502140045166, 0.9999394416809082, 0.004745326936244965;
 0.002446580678224564, -0.004769876599311829, 0.9999857544898987]
2020/03/09 16:22:49 605376	INFO [input.cpp->run:258]	frame times (ms): 148.697
2020/03/09 16:22:49 605380	INFO [input.cpp->run:259]	FPS: 6.72508
2020/03/09 16:22:49 709255	INFO [input.cpp->run:173]	
frame_id 6
2020/03/09 16:22:49 736713	WARNING [visualOdometry.cpp->trackingFrame2Frame:187]	The Estimated Rotation and translation matrices(using getTransformation function) are : 
    0.999973  -0.00665063  -0.00325718   0.00497368
   0.0066512     0.999978  0.000166334   0.00253083
  0.00325601 -0.000187993     0.999995  0.000593245
           0            0            0            1
2020/03/09 16:22:49 738145	INFO [input.cpp->run:235]	rotation: 
[0.9999728202819824, -0.006650634109973907, -0.003257183358073235;
 0.006651200354099274, 0.9999780654907227, 0.0001663342118263245;
 0.003256009891629219, -0.000187993049621582, 0.9999949336051941]
2020/03/09 16:22:49 738214	INFO [input.cpp->run:258]	frame times (ms): 154.625
2020/03/09 16:22:49 738221	INFO [input.cpp->run:259]	FPS: 6.46726
2020/03/09 16:22:49 843756	INFO [input.cpp->run:173]	
frame_id 7
2020/03/09 16:22:49 872053	WARNING [visualOdometry.cpp->trackingFrame2Frame:187]	The Estimated Rotation and translation matrices(using getTransformation function) are : 
    0.99996 -0.00873765 -0.00202905  0.00603244
 0.00873864    0.999961 0.000523597  0.00460143
  0.0020244  -0.0005413    0.999998 0.000708699
          0           0           0           1
2020/03/09 16:22:49 873424	INFO [input.cpp->run:235]	rotation: 
[0.9999597072601318, -0.008737653493881226, -0.002029048278927803;
 0.00873863697052002, 0.9999614953994751, 0.0005235970020294189;
 0.002024397253990173, -0.00054129958152771, 0.9999978542327881]
2020/03/09 16:22:49 873485	INFO [input.cpp->run:258]	frame times (ms): 161.407
2020/03/09 16:22:49 873489	INFO [input.cpp->run:259]	FPS: 6.19552
2020/03/09 16:22:49 979135	INFO [input.cpp->run:173]	
frame_id 8
2020/03/09 16:22:50 005417	WARNING [visualOdometry.cpp->trackingFrame2Frame:187]	The Estimated Rotation and translation matrices(using getTransformation function) are : 
   0.999991 -0.00242141 -0.00362973  0.00463843
 0.00241131    0.999993 -0.00276798 -0.00158121
 0.00363641   0.0027592    0.999989 0.000862062
          0           0           0           1
2020/03/09 16:22:50 006763	INFO [input.cpp->run:235]	rotation: 
[0.9999906420707703, -0.002421408891677856, -0.003629731014370918;
 0.002411305904388428, 0.9999932050704956, -0.002767980098724365;
 0.003636406734585762, 0.002759195864200592, 0.99998939037323]
2020/03/09 16:22:50 006834	INFO [input.cpp->run:258]	frame times (ms): 157.096
2020/03/09 16:22:50 006839	INFO [input.cpp->run:259]	FPS: 6.36553
2020/03/09 16:22:50 109229	INFO [input.cpp->run:173]	
frame_id 9
2020/03/09 16:22:50 133331	WARNING [visualOdometry.cpp->trackingFrame2Frame:187]	The Estimated Rotation and translation matrices(using getTransformation function) are : 
    0.999991  -0.00405893  -0.00151458   0.00597054
  0.00405622      0.99999  -0.00171146 -0.000127681
  0.00152152    0.0017053     0.999997 -0.000245273
           0            0            0            1
2020/03/09 16:22:50 134748	INFO [input.cpp->run:235]	rotation: 
[0.999990701675415, -0.004058927297592163, -0.001514581963419914;
 0.004056215286254883, 0.9999902248382568, -0.001711457967758179;
 0.001521516591310501, 0.001705296337604523, 0.9999974966049194]
2020/03/09 16:22:50 134814	INFO [input.cpp->run:258]	frame times (ms): 152.245
2020/03/09 16:22:50 134819	INFO [input.cpp->run:259]	FPS: 6.56836
2020/03/09 16:22:50 242748	INFO [input.cpp->run:173]	
frame_id 10
2020/03/09 16:22:50 271573	WARNING [visualOdometry.cpp->trackingFrame2Frame:187]	The Estimated Rotation and translation matrices(using getTransformation function) are : 
    0.999974  -0.00388305  -0.00614607    0.0031209
  0.00386237     0.999987   -0.0033761 -0.000995632
  0.00615934    0.0033523     0.999976   0.00228113
           0            0            0            1
2020/03/09 16:22:50 272970	INFO [input.cpp->run:235]	rotation: 
[0.9999738931655884, -0.003883054479956627, -0.006146073341369629;
 0.003862369805574417, 0.9999872446060181, -0.003376098349690437;
 0.006159335374832153, 0.003352299332618713, 0.999975860118866]
2020/03/09 16:22:50 273038	INFO [input.cpp->run:258]	frame times (ms): 171.206
2020/03/09 16:22:50 273042	INFO [input.cpp->run:259]	FPS: 5.84092
2020/03/09 16:22:50 376734	INFO [input.cpp->run:173]	
frame_id 11
2020/03/09 16:22:50 404931	WARNING [visualOdometry.cpp->trackingFrame2Frame:187]	The Estimated Rotation and translation matrices(using getTransformation function) are : 
    0.999992   -0.0028784  -0.00293748   0.00557813
  0.00287405     0.999995  -0.00154572 -0.000423243
  0.00294189   0.00153723     0.999994   0.00069505
           0            0            0            1
2020/03/09 16:22:50 406497	INFO [input.cpp->run:235]	rotation: 
[0.9999915957450867, -0.002878397703170776, -0.002937477082014084;
 0.002874046564102173, 0.9999947547912598, -0.001545719802379608;
 0.002941891551017761, 0.001537233591079712, 0.9999943375587463]
2020/03/09 16:22:50 406547	INFO [input.cpp->run:258]	frame times (ms): 169.918
2020/03/09 16:22:50 406551	INFO [input.cpp->run:259]	FPS: 5.88519
2020/03/09 16:22:50 508337	INFO [input.cpp->run:173]	
frame_id 12
2020/03/09 16:22:50 535944	WARNING [visualOdometry.cpp->trackingFrame2Frame:187]	The Estimated Rotation and translation matrices(using getTransformation function) are : 
   0.999972 -0.00624996 -0.00433941  0.00448906
 0.00626346    0.999976  0.00311816  0.00449062
 0.00431982 -0.00314523    0.999986   0.0015946
          0           0           0           1
2020/03/09 16:22:50 537471	INFO [input.cpp->run:235]	rotation: 
[0.9999715089797974, -0.006249964237213135, -0.004339411854743958;
 0.006263464689254761, 0.9999759197235107, 0.003118157386779785;
 0.004319824278354645, -0.003145232796669006, 0.9999860525131226]
2020/03/09 16:22:50 537518	INFO [input.cpp->run:258]	frame times (ms): 161.951
2020/03/09 16:22:50 537523	INFO [input.cpp->run:259]	FPS: 6.17471
2020/03/09 16:22:50 643456	INFO [input.cpp->run:173]	
frame_id 13
2020/03/09 16:22:50 672377	WARNING [visualOdometry.cpp->trackingFrame2Frame:187]	The Estimated Rotation and translation matrices(using getTransformation function) are : 
    0.999992  -0.00370318   -0.0014024   0.00624856
  0.00370049     0.999991  -0.00202989 -0.000656584
  0.00140987   0.00202465     0.999997   0.00014627
           0            0            0            1
2020/03/09 16:22:50 673794	INFO [input.cpp->run:235]	rotation: 
[0.9999923706054688, -0.003703176975250244, -0.001402396708726883;
 0.003700494766235352, 0.9999912977218628, -0.002029888331890106;
 0.001409873366355896, 0.002024650573730469, 0.9999969601631165]
2020/03/09 16:22:50 673867	INFO [input.cpp->run:258]	frame times (ms): 164.064
2020/03/09 16:22:50 673871	INFO [input.cpp->run:259]	FPS: 6.09518
2020/03/09 16:22:50 775911	INFO [input.cpp->run:173]	
frame_id 14
2020/03/09 16:22:50 803247	WARNING [visualOdometry.cpp->trackingFrame2Frame:187]	The Estimated Rotation and translation matrices(using getTransformation function) are : 
    0.999991  -0.00301024  -0.00315715   0.00596142
   0.0030086     0.999995 -0.000482649  0.000129506
  0.00315858  0.000473149     0.999995   0.00136197
           0            0            0            1
2020/03/09 16:22:50 804606	INFO [input.cpp->run:235]	rotation: 
[0.9999905824661255, -0.00301024317741394, -0.003157146275043488;
 0.003008604049682617, 0.9999953508377075, -0.0004826486110687256;
 0.003158584237098694, 0.0004731491208076477, 0.9999948143959045]
2020/03/09 16:22:50 804662	INFO [input.cpp->run:258]	frame times (ms): 155.047
2020/03/09 16:22:50 804668	INFO [input.cpp->run:259]	FPS: 6.44966
2020/03/09 16:22:50 912474	INFO [input.cpp->run:173]	
frame_id 15
2020/03/09 16:22:50 939430	WARNING [visualOdometry.cpp->trackingFrame2Frame:187]	The Estimated Rotation and translation matrices(using getTransformation function) are : 
    0.999967  -0.00283039  -0.00758451   0.00218773
  0.00282324     0.999996 -0.000950322 -3.79226e-05
  0.00758734  0.000928715     0.999971   0.00294471
           0            0            0            1
2020/03/09 16:22:50 940816	INFO [input.cpp->run:235]	rotation: 
[0.9999672174453735, -0.002830386161804199, -0.007584512233734131;
 0.002823241055011749, 0.9999956488609314, -0.0009503215551376343;
 0.007587343454360962, 0.0009287148714065552, 0.9999706745147705]
2020/03/09 16:22:50 940866	INFO [input.cpp->run:258]	frame times (ms): 167.142
2020/03/09 16:22:50 940870	INFO [input.cpp->run:259]	FPS: 5.98294
2020/03/09 16:22:51 043750	INFO [input.cpp->run:173]	
frame_id 16
2020/03/09 16:22:51 075638	WARNING [visualOdometry.cpp->trackingFrame2Frame:187]	The Estimated Rotation and translation matrices(using getTransformation function) are : 
    0.999984  -0.00461274  -0.00339743    0.0048179
  0.00461024     0.999989 -0.000773348   0.00120951
  0.00340094  0.000757672     0.999994   0.00115997
           0            0            0            1
2020/03/09 16:22:51 077210	INFO [input.cpp->run:235]	rotation: 
[0.9999839067459106, -0.004612743854522705, -0.003397427499294281;
 0.004610240459442139, 0.9999893307685852, -0.0007733479142189026;
 0.003400940448045731, 0.0007576718926429749, 0.9999943971633911]
2020/03/09 16:22:51 077258	INFO [input.cpp->run:258]	frame times (ms): 185.632
2020/03/09 16:22:51 077264	INFO [input.cpp->run:259]	FPS: 5.387
2020/03/09 16:22:51 176309	INFO [input.cpp->run:173]	
frame_id 17
2020/03/09 16:22:51 205604	WARNING [visualOdometry.cpp->trackingFrame2Frame:187]	The Estimated Rotation and translation matrices(using getTransformation function) are : 
    0.999974  -0.00508431  -0.00511338   0.00367594
  0.00508484     0.999987  0.000140719   0.00213537
  0.00511261 -0.000166714     0.999987   0.00230521
           0            0            0            1
2020/03/09 16:22:51 207260	INFO [input.cpp->run:235]	rotation: 
[0.9999737739562988, -0.005084306001663208, -0.005113378167152405;
 0.005084842443466187, 0.9999866485595703, 0.0001407191157341003;
 0.005112610757350922, -0.0001667141914367676, 0.9999868273735046]
2020/03/09 16:22:51 207311	INFO [input.cpp->run:258]	frame times (ms): 179.271
2020/03/09 16:22:51 207315	INFO [input.cpp->run:259]	FPS: 5.57815
2020/03/09 16:22:51 308513	INFO [input.cpp->run:173]	
frame_id 18
2020/03/09 16:22:51 339672	WARNING [visualOdometry.cpp->trackingFrame2Frame:187]	The Estimated Rotation and translation matrices(using getTransformation function) are : 
    0.999977  -0.00441366  -0.00511052   0.00338554
  0.00440937      0.99999 -0.000860684    0.0014195
  0.00511423  0.000838093     0.999987   0.00186694
           0            0            0            1
2020/03/09 16:22:51 341249	INFO [input.cpp->run:235]	rotation: 
[0.9999772906303406, -0.0044136643409729, -0.005110517144203186;
 0.004409372806549072, 0.9999898672103882, -0.0008606836199760437;
 0.005114234983921051, 0.0008380934596061707, 0.9999865293502808]
2020/03/09 16:22:51 341320	INFO [input.cpp->run:258]	frame times (ms): 188.121
2020/03/09 16:22:51 341325	INFO [input.cpp->run:259]	FPS: 5.31573
2020/03/09 16:22:51 442035	INFO [input.cpp->run:173]	
frame_id 19
2020/03/09 16:22:51 472495	WARNING [visualOdometry.cpp->trackingFrame2Frame:187]	The Estimated Rotation and translation matrices(using getTransformation function) are : 
    0.999986  -0.00415209  -0.00334029   0.00481701
  0.00415263     0.999991  0.000152506   0.00166904
   0.0033396 -0.000166386     0.999994   0.00130254
           0            0            0            1
2020/03/09 16:22:51 474426	INFO [input.cpp->run:235]	rotation: 
[0.9999857544898987, -0.004152089357376099, -0.003340288996696472;
 0.004152625799179077, 0.999991238117218, 0.0001525059342384338;
 0.003339603543281555, -0.0001663863658905029, 0.9999942183494568]
2020/03/09 16:22:51 474516	INFO [input.cpp->run:258]	frame times (ms): 190.959
2020/03/09 16:22:51 474523	INFO [input.cpp->run:259]	FPS: 5.23673
2020/03/09 16:22:51 575446	INFO [input.cpp->run:173]	
frame_id 20
2020/03/09 16:22:51 604727	WARNING [visualOdometry.cpp->trackingFrame2Frame:187]	The Estimated Rotation and translation matrices(using getTransformation function) are : 
    0.999981   -0.0047338  -0.00389356   0.00436604
  0.00473255     0.999989 -0.000361903     0.001925
  0.00389523  0.000343459     0.999992  0.000992894
           0            0            0            1
2020/03/09 16:22:51 606157	INFO [input.cpp->run:235]	rotation: 
[0.9999814033508301, -0.004733800888061523, -0.003893561661243439;
 0.00473254919052124, 0.9999886751174927, -0.0003619026392698288;
 0.003895226866006851, 0.0003434587270021439, 0.9999924898147583]
2020/03/09 16:22:51 606209	INFO [input.cpp->run:258]	frame times (ms): 187.227
2020/03/09 16:22:51 606212	INFO [input.cpp->run:259]	FPS: 5.34111
2020/03/09 16:22:51 712255	INFO [input.cpp->run:173]	
frame_id 21
2020/03/09 16:22:51 741246	WARNING [visualOdometry.cpp->trackingFrame2Frame:187]	The Estimated Rotation and translation matrices(using getTransformation function) are : 
   0.999991 -0.00422654 -0.00130334  0.00547487
 0.00422344    0.999989 -0.00222325 0.000206199
  0.0013127  0.00221772    0.999997 -0.00024575
          0           0           0           1
2020/03/09 16:22:51 742879	INFO [input.cpp->run:235]	rotation: 
[0.9999905228614807, -0.004226535558700562, -0.001303344964981079;
 0.004223436117172241, 0.9999887943267822, -0.00222325325012207;
 0.001312702894210815, 0.002217724919319153, 0.9999968409538269]
2020/03/09 16:22:51 742962	INFO [input.cpp->run:258]	frame times (ms): 186.557
2020/03/09 16:22:51 742967	INFO [input.cpp->run:259]	FPS: 5.36029
2020/03/09 16:22:51 843003	INFO [input.cpp->run:173]	
frame_id 22
2020/03/09 16:22:51 873488	WARNING [visualOdometry.cpp->trackingFrame2Frame:187]	The Estimated Rotation and translation matrices(using getTransformation function) are : 
    0.99997 -0.00331435 -0.00690817  0.00234097
 0.00332972    0.999992  0.00225054  0.00186606
 0.00690068 -0.00227344    0.999974  0.00348395
          0           0           0           1
2020/03/09 16:22:51 875472	INFO [input.cpp->run:235]	rotation: 
[0.9999704957008362, -0.003314346075057983, -0.006908170878887177;
 0.003329724073410034, 0.9999916553497314, 0.002250544726848602;
 0.006900675594806671, -0.002273440361022949, 0.9999735951423645]
2020/03/09 16:22:51 875554	INFO [input.cpp->run:258]	frame times (ms): 195.09
2020/03/09 16:22:51 875559	INFO [input.cpp->run:259]	FPS: 5.12584
2020/03/09 16:22:51 976760	INFO [input.cpp->run:173]	
frame_id 23
2020/03/09 16:22:52 006382	WARNING [visualOdometry.cpp->trackingFrame2Frame:187]	The Estimated Rotation and translation matrices(using getTransformation function) are : 
   0.999981 -0.00507358  -0.0033934  0.00332826
  0.0050768    0.999987   0.0009977  0.00174566
 0.00338831  -0.0010149    0.999994 0.000678539
          0           0           0           1
2020/03/09 16:22:52 008040	INFO [input.cpp->run:235]	rotation: 
[0.9999812841415405, -0.005073577165603638, -0.003393404185771942;
 0.005076795816421509, 0.9999865293502808, 0.0009976997971534729;
 0.003388307988643646, -0.00101490318775177, 0.9999938011169434]
2020/03/09 16:22:52 008118	INFO [input.cpp->run:258]	frame times (ms): 191
2020/03/09 16:22:52 008123	INFO [input.cpp->run:259]	FPS: 5.2356
2020/03/09 16:22:52 108979	INFO [input.cpp->run:173]	
frame_id 24
2020/03/09 16:22:52 142286	WARNING [visualOdometry.cpp->trackingFrame2Frame:187]	The Estimated Rotation and translation matrices(using getTransformation function) are : 
     0.99999  -0.00350169   -0.0028989   0.00375766
  0.00350003     0.999994 -0.000588542  0.000389904
  0.00290093  0.000578417     0.999996  0.000988722
           0            0            0            1
2020/03/09 16:22:52 143977	INFO [input.cpp->run:235]	rotation: 
[0.9999896883964539, -0.003501690924167633, -0.002898901700973511;
 0.003500029444694519, 0.9999938607215881, -0.0005885418504476547;
 0.002900928258895874, 0.0005784165114164352, 0.9999956488609314]
2020/03/09 16:22:52 144050	INFO [input.cpp->run:258]	frame times (ms): 200.104
2020/03/09 16:22:52 144054	INFO [input.cpp->run:259]	FPS: 4.9974
2020/03/09 16:22:52 244329	INFO [input.cpp->run:173]	
frame_id 25
2020/03/09 16:22:52 277498	WARNING [visualOdometry.cpp->trackingFrame2Frame:187]	The Estimated Rotation and translation matrices(using getTransformation function) are : 
    0.999994  -0.00269917  -0.00209758   0.00456572
  0.00269714     0.999996 -0.000957511 -0.000344355
  0.00210016  0.000951879     0.999997  0.000586689
           0            0            0            1
2020/03/09 16:22:52 279014	INFO [input.cpp->run:235]	rotation: 
[0.9999939799308777, -0.002699166536331177, -0.002097584307193756;
 0.002697139978408813, 0.9999957084655762, -0.0009575113654136658;
 0.002100162208080292, 0.0009518787264823914, 0.9999973177909851]
2020/03/09 16:22:52 279083	INFO [input.cpp->run:258]	frame times (ms): 213.209
2020/03/09 16:22:52 279088	INFO [input.cpp->run:259]	FPS: 4.69023
2020/03/09 16:22:52 375313	INFO [input.cpp->run:173]	
frame_id 26
2020/03/09 16:22:52 407053	WARNING [visualOdometry.cpp->trackingFrame2Frame:187]	The Estimated Rotation and translation matrices(using getTransformation function) are : 
    0.999994  -0.00245881  -0.00254854   0.00431973
  0.00245759     0.999997 -0.000460215  -0.00030213
  0.00254965  0.000453956     0.999997   0.00123709
           0            0            0            1
2020/03/09 16:22:52 408722	INFO [input.cpp->run:235]	rotation: 
[0.9999936819076538, -0.002458810806274414, -0.002548538148403168;
 0.002457588911056519, 0.9999967813491821, -0.0004602149128913879;
 0.002549648284912109, 0.0004539564251899719, 0.999996542930603]
2020/03/09 16:22:52 408790	INFO [input.cpp->run:258]	frame times (ms): 215.967
2020/03/09 16:22:52 408796	INFO [input.cpp->run:259]	FPS: 4.63034
2020/03/09 16:22:52 509208	INFO [input.cpp->run:173]	
frame_id 27
2020/03/09 16:22:52 541902	WARNING [visualOdometry.cpp->trackingFrame2Frame:187]	The Estimated Rotation and translation matrices(using getTransformation function) are : 
   0.999981 -0.00524887 -0.00310035  0.00324985
 0.00525671    0.999983  0.00252103  0.00323653
 0.00308705  -0.0025373    0.999992 0.000976801
          0           0           0           1
2020/03/09 16:22:52 543582	INFO [input.cpp->run:235]	rotation: 
[0.9999812841415405, -0.005248874425888062, -0.003100350499153137;
 0.005256712436676025, 0.9999827742576599, 0.002521034330129623;
 0.003087051212787628, -0.00253729522228241, 0.9999918937683105]
2020/03/09 16:22:52 543640	INFO [input.cpp->run:258]	frame times (ms): 220.142
2020/03/09 16:22:52 543644	INFO [input.cpp->run:259]	FPS: 4.54252
2020/03/09 16:22:52 642966	INFO [input.cpp->run:173]	
frame_id 28
2020/03/09 16:22:52 674754	WARNING [visualOdometry.cpp->trackingFrame2Frame:187]	The Estimated Rotation and translation matrices(using getTransformation function) are : 
     0.99999  -0.00346583  -0.00284114   0.00363266
  0.00346619     0.999994  2.34442e-05  0.000864895
  0.00284105 -3.33176e-05     0.999996  0.000916064
           0            0            0            1
2020/03/09 16:22:52 676225	INFO [input.cpp->run:235]	rotation: 
[0.9999901056289673, -0.003465831279754639, -0.002841143868863583;
 0.003466188907623291, 0.9999939799308777, 2.344418317079544e-05;
 0.002841050736606121, -3.331759944558144e-05, 0.9999960660934448]
2020/03/09 16:22:52 676285	INFO [input.cpp->run:258]	frame times (ms): 221.639
2020/03/09 16:22:52 676289	INFO [input.cpp->run:259]	FPS: 4.51184
2020/03/09 16:22:52 776090	INFO [input.cpp->run:173]	
frame_id 29
2020/03/09 16:22:52 806862	WARNING [visualOdometry.cpp->trackingFrame2Frame:187]	The Estimated Rotation and translation matrices(using getTransformation function) are : 
    0.999993  -0.00248623  -0.00262046   0.00331134
   0.0024882     0.999997  0.000767693  0.000458046
  0.00261843 -0.000774167     0.999996  0.000655174
           0            0            0            1
2020/03/09 16:22:52 808490	INFO [input.cpp->run:235]	rotation: 
[0.9999933242797852, -0.002486228942871094, -0.002620458602905273;
 0.002488195896148682, 0.9999966025352478, 0.0007676929235458374;
 0.00261843204498291, -0.0007741674780845642, 0.9999962449073792]
2020/03/09 16:22:52 808557	INFO [input.cpp->run:258]	frame times (ms): 235.947
2020/03/09 16:22:52 808561	INFO [input.cpp->run:259]	FPS: 4.23824
2020/03/09 16:22:52 910332	INFO [input.cpp->run:173]	
frame_id 30
2020/03/09 16:22:52 942348	WARNING [visualOdometry.cpp->trackingFrame2Frame:187]	The Estimated Rotation and translation matrices(using getTransformation function) are : 
   0.999982 -0.00398326 -0.00451808   0.0022594
 0.00399235     0.99999  0.00198259  0.00256675
 0.00451015 -0.00200059    0.999988  0.00191069
          0           0           0           1
2020/03/09 16:22:52 943962	INFO [input.cpp->run:235]	rotation: 
[0.9999815225601196, -0.003983259201049805, -0.004518080502748489;
 0.003992348909378052, 0.999989926815033, 0.001982592046260834;
 0.004510153084993362, -0.002000585198402405, 0.999987781047821]
2020/03/09 16:22:52 944023	INFO [input.cpp->run:258]	frame times (ms): 239.842
2020/03/09 16:22:52 944028	INFO [input.cpp->run:259]	FPS: 4.16941
2020/03/09 16:22:53 042979	INFO [input.cpp->run:173]	
frame_id 31
2020/03/09 16:22:53 075590	WARNING [visualOdometry.cpp->trackingFrame2Frame:187]	The Estimated Rotation and translation matrices(using getTransformation function) are : 
    0.999994  -0.00253081  -0.00240231   0.00364947
  0.00252989     0.999997 -0.000308871  2.94338e-05
  0.00240313  0.000302725     0.999997    0.0010249
           0            0            0            1
2020/03/09 16:22:53 077277	INFO [input.cpp->run:235]	rotation: 
[0.9999940395355225, -0.002530813217163086, -0.002402305603027344;
 0.002529889345169067, 0.9999968409538269, -0.0003088712692260742;
 0.002403128892183304, 0.0003027245402336121, 0.9999969005584717]
2020/03/09 16:22:53 077340	INFO [input.cpp->run:258]	frame times (ms): 244.973
2020/03/09 16:22:53 077345	INFO [input.cpp->run:259]	FPS: 4.08208
2020/03/09 16:22:53 178970	INFO [input.cpp->run:173]	
frame_id 32
2020/03/09 16:22:53 220561	WARNING [visualOdometry.cpp->trackingFrame2Frame:187]	The Estimated Rotation and translation matrices(using getTransformation function) are : 
    0.999988  -0.00494891 -0.000769224   0.00422865
  0.00494927     0.999988  0.000641331   0.00234146
 0.000766058 -0.000645123            1 -0.000316739
           0            0            0            1
2020/03/09 16:22:53 222366	INFO [input.cpp->run:235]	rotation: 
[0.9999878406524658, -0.004948914051055908, -0.0007692240178585052;
 0.004949271678924561, 0.9999879002571106, 0.0006413310766220093;
 0.0007660575211048126, -0.0006451234221458435, 0.9999997019767761]
2020/03/09 16:22:53 222435	INFO [input.cpp->run:258]	frame times (ms): 246.232
2020/03/09 16:22:53 222440	INFO [input.cpp->run:259]	FPS: 4.06121
2020/03/09 16:22:53 311886	INFO [input.cpp->run:173]	
frame_id 33
2020/03/09 16:22:53 350464	WARNING [visualOdometry.cpp->trackingFrame2Frame:187]	The Estimated Rotation and translation matrices(using getTransformation function) are : 
    0.999994  -0.00282496  -0.00218653   0.00318223
  0.00282645     0.999996  0.000710651   0.00101765
  0.00218451 -0.000716835     0.999997  0.000641406
           0            0            0            1
2020/03/09 16:22:53 352086	INFO [input.cpp->run:235]	rotation: 
[0.9999935626983643, -0.002824962139129639, -0.002186529338359833;
 0.002826452255249023, 0.9999956488609314, 0.0007106512784957886;
 0.002184510231018066, -0.0007168352603912354, 0.9999973177909851]
2020/03/09 16:22:53 352149	INFO [input.cpp->run:258]	frame times (ms): 247.584
2020/03/09 16:22:53 352154	INFO [input.cpp->run:259]	FPS: 4.03903
2020/03/09 16:22:53 443764	INFO [input.cpp->run:173]	
frame_id 34
2020/03/09 16:22:53 482949	WARNING [visualOdometry.cpp->trackingFrame2Frame:187]	The Estimated Rotation and translation matrices(using getTransformation function) are : 
    0.999992  -0.00300643  -0.00259111   0.00320709
   0.0030086     0.999995  0.000854336   0.00115867
  0.00258854 -0.000862151     0.999996   0.00109851
           0            0            0            1
2020/03/09 16:22:53 484612	INFO [input.cpp->run:235]	rotation: 
[0.9999922513961792, -0.003006428480148315, -0.002591114491224289;
 0.003008604049682617, 0.9999953508377075, 0.0008543357253074646;
 0.002588540315628052, -0.0008621513843536377, 0.9999964833259583]
2020/03/09 16:22:53 484684	INFO [input.cpp->run:258]	frame times (ms): 263.299
2020/03/09 16:22:53 484690	INFO [input.cpp->run:259]	FPS: 3.79796
2020/03/09 16:22:53 576427	INFO [input.cpp->run:173]	
frame_id 35
2020/03/09 16:22:53 609559	WARNING [visualOdometry.cpp->trackingFrame2Frame:187]	The Estimated Rotation and translation matrices(using getTransformation function) are : 
   0.999988 -0.00401464 -0.00272401  0.00264567
 0.00401819    0.999991  0.00137577  0.00195081
 0.00271849 -0.00138668    0.999995 0.000644565
          0           0           0           1
2020/03/09 16:22:53 611005	INFO [input.cpp->run:235]	rotation: 
[0.9999880790710449, -0.004014641046524048, -0.002724006772041321;
 0.004018187522888184, 0.9999908208847046, 0.001375768333673477;
 0.002718489617109299, -0.001386675983667374, 0.9999954104423523]
2020/03/09 16:22:53 611055	INFO [input.cpp->run:258]	frame times (ms): 274.083
2020/03/09 16:22:53 611060	INFO [input.cpp->run:259]	FPS: 3.64853
2020/03/09 16:22:53 709895	INFO [input.cpp->run:173]	
frame_id 36
2020/03/09 16:22:53 744408	WARNING [visualOdometry.cpp->trackingFrame2Frame:187]	The Estimated Rotation and translation matrices(using getTransformation function) are : 
    0.999997 -0.000864193  -0.00242269   0.00307485
 0.000870168     0.999996    0.0024539  0.000334709
  0.00242051  -0.00245599     0.999994  0.000530243
           0            0            0            1
2020/03/09 16:22:53 745901	INFO [input.cpp->run:235]	rotation: 
[0.9999966621398926, -0.0008641928434371948, -0.002422690391540527;
 0.0008701682090759277, 0.9999964833259583, 0.002453900873661041;
 0.002420514822006226, -0.002455994486808777, 0.9999942183494568]
2020/03/09 16:22:53 745952	INFO [input.cpp->run:258]	frame times (ms): 260.334
2020/03/09 16:22:53 745969	INFO [input.cpp->run:259]	FPS: 3.84122
2020/03/09 16:22:53 843381	INFO [input.cpp->run:173]	
frame_id 37
2020/03/09 16:22:53 877838	WARNING [visualOdometry.cpp->trackingFrame2Frame:187]	The Estimated Rotation and translation matrices(using getTransformation function) are : 
    0.999997  -0.00136155  -0.00191603   0.00287893
  0.00136122     0.999999 -0.000184081 -0.000418099
   0.0019162  0.000181528     0.999999  0.000574529
           0            0            0            1
2020/03/09 16:22:53 879424	INFO [input.cpp->run:235]	rotation: 
[0.9999974966049194, -0.001361548900604248, -0.001916030421853065;
 0.001361221075057983, 0.9999992847442627, -0.000184081494808197;
 0.001916196197271347, 0.0001815278083086014, 0.9999985098838806]
2020/03/09 16:22:53 879478	INFO [input.cpp->run:258]	frame times (ms): 268.032
2020/03/09 16:22:53 879482	INFO [input.cpp->run:259]	FPS: 3.7309
2020/03/09 16:22:53 976528	INFO [input.cpp->run:173]	
frame_id 38
2020/03/09 16:22:54 010754	WARNING [visualOdometry.cpp->trackingFrame2Frame:187]	The Estimated Rotation and translation matrices(using getTransformation function) are : 
    0.999995  -0.00255086  -0.00174814   0.00277063
  0.00255233     0.999996  0.000850156  0.000564527
  0.00174618 -0.000854693     0.999998  0.000671685
           0            0            0            1
2020/03/09 16:22:54 012521	INFO [input.cpp->run:235]	rotation: 
[0.9999950528144836, -0.002550855278968811, -0.001748144626617432;
 0.002552330493927002, 0.9999964237213135, 0.0008501559495925903;
 0.001746177673339844, -0.0008546933531761169, 0.9999980330467224]
2020/03/09 16:22:54 012591	INFO [input.cpp->run:258]	frame times (ms): 284.804
2020/03/09 16:22:54 012598	INFO [input.cpp->run:259]	FPS: 3.51119
2020/03/09 16:22:54 112756	INFO [input.cpp->run:173]	
frame_id 39
2020/03/09 16:22:54 149342	WARNING [visualOdometry.cpp->trackingFrame2Frame:187]	The Estimated Rotation and translation matrices(using getTransformation function) are : 
    0.999996   -0.0022794  -0.00187883   0.00261706
  0.00228062     0.999997  0.000666395 -0.000281746
  0.00187731 -0.000670753     0.999998  0.000805497
           0            0            0            1
2020/03/09 16:22:54 151230	INFO [input.cpp->run:235]	rotation: 
[0.9999955892562866, -0.002279400825500488, -0.001878827810287476;
 0.002280622720718384, 0.9999972581863403, 0.000666394829750061;
 0.001877307891845703, -0.0006707534193992615, 0.9999980330467224]
2020/03/09 16:22:54 151276	INFO [input.cpp->run:258]	frame times (ms): 315.515
2020/03/09 16:22:54 151290	INFO [input.cpp->run:259]	FPS: 3.16942
2020/03/09 16:22:54 245177	INFO [input.cpp->run:173]	
frame_id 40
2020/03/09 16:22:54 282175	WARNING [visualOdometry.cpp->trackingFrame2Frame:187]	The Estimated Rotation and translation matrices(using getTransformation function) are : 
   0.999997 -0.00193359 -0.00164506  0.00335801
 0.00193551    0.999998  0.00117122 6.89174e-05
 0.00164273  -0.0011743    0.999999 0.000773013
          0           0           0           1
2020/03/09 16:22:54 283900	INFO [input.cpp->run:235]	rotation: 
[0.9999972581863403, -0.001933589577674866, -0.001645058393478394;
 0.001935511827468872, 0.9999977350234985, 0.001171216368675232;
 0.001642733812332153, -0.001174300909042358, 0.9999985098838806]
2020/03/09 16:22:54 283945	INFO [input.cpp->run:258]	frame times (ms): 323.338
2020/03/09 16:22:54 283950	INFO [input.cpp->run:259]	FPS: 3.09274
2020/03/09 16:22:54 377409	INFO [input.cpp->run:173]	
frame_id 41
2020/03/09 16:22:54 412911	WARNING [visualOdometry.cpp->trackingFrame2Frame:187]	The Estimated Rotation and translation matrices(using getTransformation function) are : 
    0.999996  -0.00175905  -0.00203693   0.00207344
  0.00176109     0.999998  0.000997953 -0.000171432
  0.00203508  -0.00100165     0.999998   0.00068742
           0            0            0            1
2020/03/09 16:22:54 414419	INFO [input.cpp->run:235]	rotation: 
[0.9999964237213135, -0.001759052276611328, -0.002036929130554199;
 0.001761093735694885, 0.999998152256012, 0.0009979531168937683;
 0.002035081386566162, -0.001001648604869843, 0.9999977946281433]
2020/03/09 16:22:54 414470	INFO [input.cpp->run:258]	frame times (ms): 292.044
2020/03/09 16:22:54 414475	INFO [input.cpp->run:259]	FPS: 3.42414
2020/03/09 16:22:54 512140	INFO [input.cpp->run:173]	
frame_id 42
2020/03/09 16:22:54 546716	WARNING [visualOdometry.cpp->trackingFrame2Frame:187]	The Estimated Rotation and translation matrices(using getTransformation function) are : 
    0.999995  -0.00179923  -0.00281937   0.00111845
  0.00180262     0.999998   0.00119933 -0.000387795
  0.00281726  -0.00120447     0.999995  0.000841975
           0            0            0            1
2020/03/09 16:22:54 548304	INFO [input.cpp->run:235]	rotation: 
[0.9999945163726807, -0.001799225807189941, -0.002819372341036797;
 0.001802623271942139, 0.9999977946281433, 0.001199330203235149;
 0.002817260101437569, -0.001204470172524452, 0.9999953508377075]
2020/03/09 16:22:54 548350	INFO [input.cpp->run:258]	frame times (ms): 309.225
2020/03/09 16:22:54 548354	INFO [input.cpp->run:259]	FPS: 3.23389
2020/03/09 16:22:54 642709	INFO [input.cpp->run:173]	
frame_id 43
2020/03/09 16:22:54 679556	WARNING [visualOdometry.cpp->trackingFrame2Frame:187]	The Estimated Rotation and translation matrices(using getTransformation function) are : 
    0.999997  -0.00191754  -0.00157258   0.00232309
  0.00191875     0.999998  0.000891678 -0.000417635
  0.00157067 -0.000894792     0.999998  9.16123e-05
           0            0            0            1
2020/03/09 16:22:54 681134	INFO [input.cpp->run:235]	rotation: 
[0.9999969005584717, -0.001917541027069092, -0.001572579145431519;
 0.001918748021125793, 0.9999980926513672, 0.0008916780352592468;
 0.001570671796798706, -0.000894792377948761, 0.9999984502792358]
2020/03/09 16:22:54 681182	INFO [input.cpp->run:258]	frame times (ms): 327.524
2020/03/09 16:22:54 681193	INFO [input.cpp->run:259]	FPS: 3.05321
2020/03/09 16:22:54 776551	INFO [input.cpp->run:173]	
frame_id 44
2020/03/09 16:22:54 815050	WARNING [visualOdometry.cpp->trackingFrame2Frame:187]	The Estimated Rotation and translation matrices(using getTransformation function) are : 
    0.999997  -0.00215116  -0.00161198   0.00207776
  0.00215223     0.999998   0.00070674 -0.000209142
  0.00161028 -0.000710152     0.999999  0.000527203
           0            0            0            1
2020/03/09 16:22:54 816651	INFO [input.cpp->run:235]	rotation: 
[0.9999966621398926, -0.002151161432266235, -0.001611977815628052;
 0.002152234315872192, 0.999997615814209, 0.0007067397236824036;
 0.001610279083251953, -0.0007101520895957947, 0.9999988079071045]
2020/03/09 16:22:54 816695	INFO [input.cpp->run:258]	frame times (ms): 344.999
2020/03/09 16:22:54 816700	INFO [input.cpp->run:259]	FPS: 2.89856
2020/03/09 16:22:54 910379	INFO [input.cpp->run:173]	
frame_id 45
2020/03/09 16:22:54 946973	WARNING [visualOdometry.cpp->trackingFrame2Frame:187]	The Estimated Rotation and translation matrices(using getTransformation function) are : 
    0.999992  -0.00199008  -0.00348935   0.00085324
  0.00199673     0.999996   0.00192338 -0.000116472
  0.00348552  -0.00193037     0.999992   0.00126195
           0            0            0            1
2020/03/09 16:22:54 948512	INFO [input.cpp->run:235]	rotation: 
[0.9999920129776001, -0.001990079879760742, -0.003489350900053978;
 0.001996725797653198, 0.9999962449073792, 0.001923375762999058;
 0.003485516645014286, -0.001930369064211845, 0.9999920129776001]
2020/03/09 16:22:54 948558	INFO [input.cpp->run:258]	frame times (ms): 326.896
2020/03/09 16:22:54 948562	INFO [input.cpp->run:259]	FPS: 3.05908
2020/03/09 16:22:55 045795	INFO [input.cpp->run:173]	
frame_id 46
2020/03/09 16:22:55 083904	WARNING [visualOdometry.cpp->trackingFrame2Frame:187]	The Estimated Rotation and translation matrices(using getTransformation function) are : 
    0.999994  -0.00171936  -0.00321658   0.00137559
  0.00172105     0.999999  0.000518838 -0.000774236
  0.00321571 -0.000524383     0.999995   0.00113368
           0            0            0            1
2020/03/09 16:22:55 085479	INFO [input.cpp->run:235]	rotation: 
[0.9999935626983643, -0.001719355583190918, -0.00321657583117485;
 0.001721054315567017, 0.9999985694885254, 0.0005188379436731339;
 0.003215707838535309, -0.0005243825726211071, 0.9999948143959045]
2020/03/09 16:22:55 085528	INFO [input.cpp->run:258]	frame times (ms): 317.216
2020/03/09 16:22:55 085538	INFO [input.cpp->run:259]	FPS: 3.15243
2020/03/09 16:22:55 175779	INFO [input.cpp->run:173]	
frame_id 47
