		g3log created log at: Sun Mar 08 16:05:47 2020
		LOG format: [YYYY/MM/DD hh:mm:ss uuu* LEVEL FILE->FUNCTION:LINE] message		(uuu*: microseconds fractions of the seconds value)

2020/03/08 16:05:47 605439	INFO [g3logger.h->logBanner:29]	Starting log.
2020/03/08 16:05:47 612284	DEBUG [main.cpp->main:49]	Filepath: /home/mitchell/KITTI/data_odometry_gray/dataset/sequences/00/
2020/03/08 16:05:47 612289	DEBUG [main.cpp->main:53]	Calibration Filepath: /home/mitchell/visual_odom_ws/src/visual_odom/calibration/old/zed.yaml
2020/03/08 16:05:47 612368	INFO [main.cpp->main:67]	P_left: 
[718.85602, 0, 607.19281, 0;
 0, 718.85602, 185.2157, 0;
 0, 0, 1, 0]
2020/03/08 16:05:47 612375	INFO [main.cpp->main:68]	P_right: 
[718.85602, 0, 607.19281, -386.14481;
 0, 718.85602, 185.2157, 0;
 0, 0, 1, 0]
2020/03/08 16:05:47 664552	INFO [input.cpp->Input:22]	frame_pose [1, 0, 0, 0;
 0, 1, 0, 0;
 0, 0, 1, 0;
 0, 0, 0, 1]
2020/03/08 16:05:47 915075	INFO [input.cpp->run:173]	
frame_id 1
2020/03/08 16:05:48 004464	INFO [input.cpp->run:235]	rotation: 
[0.9999988637078022, 0.001297503918758753, -0.0007675067980946131;
 -0.001295641826178578, 0.9999962283340649, 0.002421699796218368;
 0.0007706460682910184, -0.002420702630550296, 0.9999967731464996]
2020/03/08 16:05:48 004514	INFO [input.cpp->run:256]	frame times (ms): 124.818
2020/03/08 16:05:48 004518	INFO [input.cpp->run:257]	FPS: 8.01167
2020/03/08 16:05:48 008854	INFO [input.cpp->run:173]	
frame_id 2
2020/03/08 16:05:48 041652	INFO [input.cpp->run:235]	rotation: 
[0.9999979373253401, 0.001911727151491414, 0.0006860352493650927;
 -0.00191285251819211, 0.9999968199426603, 0.001643502300037613;
 -0.0006828911397631423, -0.001644811194281382, 0.9999984141266557]
2020/03/08 16:05:48 041687	INFO [input.cpp->run:256]	frame times (ms): 47.442
2020/03/08 16:05:48 041690	INFO [input.cpp->run:257]	FPS: 21.0784
2020/03/08 16:05:48 045049	INFO [input.cpp->run:173]	
frame_id 3
2020/03/08 16:05:48 079865	INFO [input.cpp->run:235]	rotation: 
[0.9999889900972029, 0.004521964316633775, -0.00125360404250041;
 -0.004504979969536828, 0.9999022597104178, 0.01323541391397625;
 0.001313331584313153, -0.01322962073225438, 0.9999116222424012]
2020/03/08 16:05:48 079891	INFO [input.cpp->run:256]	frame times (ms): 50.353
2020/03/08 16:05:48 079895	INFO [input.cpp->run:257]	FPS: 19.8598
2020/03/08 16:05:48 106669	INFO [input.cpp->run:173]	
frame_id 4
2020/03/08 16:05:48 136036	INFO [input.cpp->run:235]	rotation: 
[0.999994019201296, 0.003458361708341872, 3.599905959132176e-05;
 -0.003458523944930858, 0.999972255989821, 0.006597413337835673;
 -1.318181917137119e-05, -0.006597498383644125, 0.9999782361838269]
2020/03/08 16:05:48 136060	INFO [input.cpp->run:256]	frame times (ms): 43.502
2020/03/08 16:05:48 136062	INFO [input.cpp->run:257]	FPS: 22.9874
2020/03/08 16:05:48 173177	INFO [input.cpp->run:173]	
frame_id 5
2020/03/08 16:05:48 202375	INFO [input.cpp->run:235]	rotation: 
[0.9999920915979496, 0.003697252154519268, 0.001465287706897586;
 -0.003709781755323517, 0.9999557711510163, 0.00864252631492946;
 -0.001433269299870517, -0.00864789386395798, 0.999961579097333]
2020/03/08 16:05:48 202398	INFO [input.cpp->run:256]	frame times (ms): 43.587
2020/03/08 16:05:48 202400	INFO [input.cpp->run:257]	FPS: 22.9426
2020/03/08 16:05:48 239678	INFO [input.cpp->run:173]	
frame_id 6
2020/03/08 16:05:48 270199	INFO [input.cpp->run:235]	rotation: 
[0.9999975111840769, 0.001394138122546078, -0.00174183941491768;
 -0.001388618623968948, 0.9999940241462981, 0.003165976944018648;
 0.001746242815092923, -0.0031635503138333, 0.9999934712714091]
2020/03/08 16:05:48 270227	INFO [input.cpp->run:256]	frame times (ms): 43.952
2020/03/08 16:05:48 270231	INFO [input.cpp->run:257]	FPS: 22.7521
2020/03/08 16:05:48 305945	INFO [input.cpp->run:173]	
frame_id 7
2020/03/08 16:05:48 335509	INFO [input.cpp->run:235]	rotation: 
[0.9999973317986143, 0.002157469493842167, -0.0008256639966288822;
 -0.002153191052246197, 0.999984430328365, 0.005148093739212201;
 0.0008367579965053642, -0.005146302190731649, 0.999986407612532]
2020/03/08 16:05:48 335533	INFO [input.cpp->run:256]	frame times (ms): 45.027
2020/03/08 16:05:48 335536	INFO [input.cpp->run:257]	FPS: 22.2089
2020/03/08 16:05:48 372831	INFO [input.cpp->run:173]	
frame_id 8
2020/03/08 16:05:48 402311	INFO [input.cpp->run:235]	rotation: 
[0.999998115101963, 0.001626851501165637, -0.0010597861643927;
 -0.001623769315050744, 0.9999944688183707, 0.002902706646593684;
 0.001064502575188391, -0.002900980327033368, 0.9999952255623071]
2020/03/08 16:05:48 402333	INFO [input.cpp->run:256]	frame times (ms): 44.608
2020/03/08 16:05:48 402335	INFO [input.cpp->run:257]	FPS: 22.4175
2020/03/08 16:05:48 439682	INFO [input.cpp->run:173]	
frame_id 9
2020/03/08 16:05:48 475668	INFO [input.cpp->run:235]	rotation: 
[0.9999980304547662, 0.001849675350746095, -0.0007195746559058995;
 -0.001847508562308923, 0.9999937924145167, 0.003000307408382901;
 0.0007251197837426581, -0.002998972078803738, 0.9999952401725569]
2020/03/08 16:05:48 475693	INFO [input.cpp->run:256]	frame times (ms): 53.088
2020/03/08 16:05:48 475695	INFO [input.cpp->run:257]	FPS: 18.8366
2020/03/08 16:05:48 506175	INFO [input.cpp->run:173]	
frame_id 10
2020/03/08 16:05:48 534427	INFO [input.cpp->run:235]	rotation: 
[0.9999930868427465, 0.003645400888562185, 0.0007330205161600158;
 -0.003651050815240166, 0.9999624438472383, 0.007860071437544212;
 -0.0007043398753269474, -0.007862693394787453, 0.9999688404935023]
2020/03/08 16:05:48 534449	INFO [input.cpp->run:256]	frame times (ms): 43.229
2020/03/08 16:05:48 534452	INFO [input.cpp->run:257]	FPS: 23.1326
2020/03/08 16:05:48 573210	INFO [input.cpp->run:173]	
frame_id 11
2020/03/08 16:05:48 604461	INFO [input.cpp->run:235]	rotation: 
[0.9999982606525732, 0.001803931692625046, 0.0004738378167334581;
 -0.001805787522975736, 0.9999905848146556, 0.003945809608301228;
 -0.0004667153844571114, -0.003946658395584811, 0.999992103000948]
2020/03/08 16:05:48 604483	INFO [input.cpp->run:256]	frame times (ms): 46.809
2020/03/08 16:05:48 604485	INFO [input.cpp->run:257]	FPS: 21.3634
2020/03/08 16:05:48 639534	INFO [input.cpp->run:173]	
frame_id 12
2020/03/08 16:05:48 669863	INFO [input.cpp->run:235]	rotation: 
[0.9999892864571089, 0.004370967047196741, 0.00152368568755034;
 -0.004382971269993836, 0.9999586639694447, 0.007966173189784395;
 -0.001488802823927393, -0.007972766114439282, 0.9999671086923989]
2020/03/08 16:05:48 669887	INFO [input.cpp->run:256]	frame times (ms): 45.687
2020/03/08 16:05:48 669890	INFO [input.cpp->run:257]	FPS: 21.8881
2020/03/08 16:05:48 705924	INFO [input.cpp->run:173]	
frame_id 13
2020/03/08 16:05:48 734299	INFO [input.cpp->run:235]	rotation: 
[0.9999977955073205, 0.002034122118189617, -0.0005208912626108736;
 -0.002031918840013013, 0.9999891324513698, 0.004195984388021618;
 0.0005294207464509993, -0.004194916729234653, 0.9999910611537025]
2020/03/08 16:05:48 734324	INFO [input.cpp->run:256]	frame times (ms): 43.471
2020/03/08 16:05:48 734327	INFO [input.cpp->run:257]	FPS: 23.0038
2020/03/08 16:05:48 773580	INFO [input.cpp->run:173]	
frame_id 14
2020/03/08 16:05:48 807014	INFO [input.cpp->run:235]	rotation: 
[0.9999978747519107, 0.001771365181860673, -0.001054873003921074;
 -0.001768091251609171, 0.9999936427134866, 0.003096511898525275;
 0.001060351351153418, -0.003094640205939488, 0.9999946494141896]
2020/03/08 16:05:48 807046	INFO [input.cpp->run:256]	frame times (ms): 49.328
2020/03/08 16:05:48 807047	INFO [input.cpp->run:257]	FPS: 20.2725
2020/03/08 16:05:48 839746	INFO [input.cpp->run:173]	
frame_id 15
2020/03/08 16:05:48 867563	INFO [input.cpp->run:235]	rotation: 
[0.999996914259434, 0.002143398506300194, -0.001255911801535422;
 -0.002137849649632174, 0.9999880215259589, 0.00440299937247115;
 0.001265334139906705, -0.004400300835352492, 0.9999895180861011]
2020/03/08 16:05:48 867585	INFO [input.cpp->run:256]	frame times (ms): 43.133
2020/03/08 16:05:48 867590	INFO [input.cpp->run:257]	FPS: 23.1841
2020/03/08 16:05:48 906262	INFO [input.cpp->run:173]	
frame_id 16
2020/03/08 16:05:48 937971	INFO [input.cpp->run:235]	rotation: 
[0.9999984785830776, 0.001504176627498761, -0.0008833369704980093;
 -0.001499911884772663, 0.999987311962647, 0.004808968502462855;
 0.0008905593007093147, -0.004807636258396487, 0.9999880466974287]
2020/03/08 16:05:48 937994	INFO [input.cpp->run:256]	frame times (ms): 47.57
2020/03/08 16:05:48 937997	INFO [input.cpp->run:257]	FPS: 21.0217
2020/03/08 16:05:48 972671	INFO [input.cpp->run:173]	
frame_id 17
2020/03/08 16:05:49 002415	INFO [input.cpp->run:235]	rotation: 
[0.9999982474242043, 0.001871454480458738, -5.297780212314441e-05;
 -0.001871222935253455, 0.9999899379745475, 0.00407706688529584;
 6.060731414876788e-05, -0.004076960606648707, 0.9999916873249324]
2020/03/08 16:05:49 002437	INFO [input.cpp->run:256]	frame times (ms): 42.71
2020/03/08 16:05:49 002439	INFO [input.cpp->run:257]	FPS: 23.4137
2020/03/08 16:05:49 039292	INFO [input.cpp->run:173]	
frame_id 18
2020/03/08 16:05:49 069284	INFO [input.cpp->run:235]	rotation: 
[0.9999957327079503, 0.002917928018458647, -0.0001423445420992116;
 -0.002917052936159304, 0.9999789092591074, 0.005802744103741913;
 0.000159273529551611, -0.005802304115173657, 0.9999831538075518]
2020/03/08 16:05:49 069307	INFO [input.cpp->run:256]	frame times (ms): 44.694
2020/03/08 16:05:49 069309	INFO [input.cpp->run:257]	FPS: 22.3744
2020/03/08 16:05:49 106236	INFO [input.cpp->run:173]	
frame_id 19
2020/03/08 16:05:49 134853	INFO [input.cpp->run:235]	rotation: 
[0.9999957158250722, 0.002415962063233953, -0.001652712561344731;
 -0.002409276972488547, 0.9999889569267704, 0.004035022797911372;
 0.001662442772322926, -0.004031023668851678, 0.9999904935209184]
2020/03/08 16:05:49 134874	INFO [input.cpp->run:256]	frame times (ms): 42.703
2020/03/08 16:05:49 134877	INFO [input.cpp->run:257]	FPS: 23.4176
2020/03/08 16:05:49 173079	INFO [input.cpp->run:173]	
frame_id 20
2020/03/08 16:05:49 202639	INFO [input.cpp->run:235]	rotation: 
[0.9999943184640484, 0.003216601559279351, 0.001008223205495352;
 -0.003223091945435229, 0.9999736588757051, 0.00650332476861964;
 -0.0009872780431713366, -0.006506537415838995, 0.999978344891989]
2020/03/08 16:05:49 202663	INFO [input.cpp->run:256]	frame times (ms): 45.3
2020/03/08 16:05:49 202666	INFO [input.cpp->run:257]	FPS: 22.0751
2020/03/08 16:05:49 239648	INFO [input.cpp->run:173]	
frame_id 21
2020/03/08 16:05:49 269720	INFO [input.cpp->run:235]	rotation: 
[0.9999936356729796, 0.003566823760989773, 7.988613296255572e-05;
 -0.003567243535336751, 0.9999751554146278, 0.006079747285087957;
 -5.819876114744049e-05, -0.006079993564879406, 0.9999815149747295]
2020/03/08 16:05:49 269742	INFO [input.cpp->run:256]	frame times (ms): 44.17
2020/03/08 16:05:49 269744	INFO [input.cpp->run:257]	FPS: 22.6398
2020/03/08 16:05:49 306199	INFO [input.cpp->run:173]	
frame_id 22
2020/03/08 16:05:49 337320	INFO [input.cpp->run:235]	rotation: 
[0.9999998143591085, 0.000609328932975064, -1.20912135295245e-08;
 -0.0006093278000706019, 0.9999979164326697, -0.001948294113199594;
 -1.175060784780841e-06, 0.00194829375888405, 0.9999981020732231]
2020/03/08 16:05:49 337346	INFO [input.cpp->run:256]	frame times (ms): 45.663
2020/03/08 16:05:49 337349	INFO [input.cpp->run:257]	FPS: 21.8996
2020/03/08 16:05:49 373146	INFO [input.cpp->run:173]	
frame_id 23
2020/03/08 16:05:49 411759	INFO [input.cpp->run:235]	rotation: 
[0.9996699876269544, 0.003847015502582263, 0.02539913993913513;
 -0.004317113970865072, 0.9998199168011926, 0.01847962376832058;
 -0.02532347458164932, -0.01858317624570701, 0.9995065718622032]
2020/03/08 16:05:49 411789	INFO [input.cpp->run:256]	frame times (ms): 54.692
2020/03/08 16:05:49 411791	INFO [input.cpp->run:257]	FPS: 18.2842
2020/03/08 16:05:49 439563	INFO [input.cpp->run:173]	
frame_id 24
2020/03/08 16:05:49 467615	INFO [input.cpp->run:235]	rotation: 
[0.9999973390599921, 0.001760557771651667, -0.001490741180709049;
 -0.001756710996702296, 0.9999951343574959, 0.002577833937204066;
 0.00149527235286757, -0.00257520827631722, 0.999995566221633]
2020/03/08 16:05:49 467635	INFO [input.cpp->run:256]	frame times (ms): 43.324
2020/03/08 16:05:49 467637	INFO [input.cpp->run:257]	FPS: 23.0819
2020/03/08 16:05:49 506193	INFO [input.cpp->run:173]	
frame_id 25
2020/03/08 16:05:49 536438	INFO [input.cpp->run:235]	rotation: 
[0.9999949307440567, 0.003183661530840135, -5.277732902652415e-05;
 -0.003183195311645271, 0.9999686597074338, 0.007248922025134595;
 7.585378916107237e-05, -0.007248717277947216, 0.9999737248268211]
2020/03/08 16:05:49 536459	INFO [input.cpp->run:256]	frame times (ms): 45.747
2020/03/08 16:05:49 536461	INFO [input.cpp->run:257]	FPS: 21.8594
2020/03/08 16:05:49 573264	INFO [input.cpp->run:173]	
frame_id 26
2020/03/08 16:05:49 603418	INFO [input.cpp->run:235]	rotation: 
[0.9999978498570581, 0.001642817982091085, -0.001265476328695238;
 -0.001640152226733939, 0.9999964400869036, 0.002104688621380079;
 0.001268929444023388, -0.002102608522180306, 0.9999969844231874]
2020/03/08 16:05:49 603443	INFO [input.cpp->run:256]	frame times (ms): 46.123
2020/03/08 16:05:49 603445	INFO [input.cpp->run:257]	FPS: 21.6812
2020/03/08 16:05:49 639961	INFO [input.cpp->run:173]	
frame_id 27
2020/03/08 16:05:49 674273	INFO [input.cpp->run:235]	rotation: 
[0.9999984446445933, 0.001583030132076317, -0.000777640016522554;
 -0.001581087386841278, 0.9999956436641174, 0.002492551997972573;
 0.0007815824137800038, -0.002491318604346719, 0.9999965912244612]
2020/03/08 16:05:49 674295	INFO [input.cpp->run:256]	frame times (ms): 52.085
2020/03/08 16:05:49 674298	INFO [input.cpp->run:257]	FPS: 19.1994
2020/03/08 16:05:49 706008	INFO [input.cpp->run:173]	
frame_id 28
2020/03/08 16:05:49 733793	INFO [input.cpp->run:235]	rotation: 
[0.9999954351386894, 0.003011805882588339, -0.0002423367675338486;
 -0.003010069087229922, 0.9999718457393434, 0.006873660796178653;
 0.0002630320767421765, -0.006872899968457769, 0.999976346750337]
2020/03/08 16:05:49 733823	INFO [input.cpp->run:256]	frame times (ms): 42.08
2020/03/08 16:05:49 733827	INFO [input.cpp->run:257]	FPS: 23.7643
2020/03/08 16:05:49 772788	INFO [input.cpp->run:173]	
frame_id 29
2020/03/08 16:05:49 801623	INFO [input.cpp->run:235]	rotation: 
[0.9999955383602729, 0.00294911487118247, -0.0004753746150582613;
 -0.002947460900896914, 0.9999897282385836, 0.003443238528119347;
 0.0004855242380719372, -0.003441822017538377, 0.9999939590454604]
2020/03/08 16:05:49 801646	INFO [input.cpp->run:256]	frame times (ms): 43.285
2020/03/08 16:05:49 801649	INFO [input.cpp->run:257]	FPS: 23.1027
2020/03/08 16:05:49 871980	INFO [input.cpp->run:173]	
frame_id 30
2020/03/08 16:05:49 934039	INFO [input.cpp->run:235]	rotation: 
[0.9999866385107611, 0.004893283028214195, -0.001666907662151607;
 -0.004869096883964256, 0.9998870762488464, 0.01421712509855849;
 0.001736287845640345, -0.01420881880169084, 0.9998975421375821]
2020/03/08 16:05:49 934079	INFO [input.cpp->run:256]	frame times (ms): 93.301
2020/03/08 16:05:49 934092	INFO [input.cpp->run:257]	FPS: 10.718
2020/03/08 16:05:49 939696	INFO [input.cpp->run:173]	
frame_id 31
2020/03/08 16:05:49 969052	INFO [input.cpp->run:235]	rotation: 
[0.9999899889992604, 0.004343314964177765, 0.001075879352482528;
 -0.004352428063861092, 0.9999533918721404, 0.008618030711856229;
 -0.001038398386007557, -0.008622627124231473, 0.9999622853039351]
2020/03/08 16:05:49 969075	INFO [input.cpp->run:256]	frame times (ms): 44.888
2020/03/08 16:05:49 969077	INFO [input.cpp->run:257]	FPS: 22.2777
2020/03/08 16:05:50 003092	INFO [input.cpp->run:173]	
frame_id 32
2020/03/08 16:05:50 030878	INFO [input.cpp->run:235]	rotation: 
[0.9999967665474753, 0.001708601356096213, -0.001883500995563988;
 -0.00170604059191931, 0.9999976194392213, 0.001360346054938464;
 0.001885820800889619, -0.001357128327170725, 0.9999973009376628]
2020/03/08 16:05:50 030900	INFO [input.cpp->run:256]	frame times (ms): 42.004
2020/03/08 16:05:50 030902	INFO [input.cpp->run:257]	FPS: 23.8073
2020/03/08 16:05:50 069733	INFO [input.cpp->run:173]	
frame_id 33
2020/03/08 16:05:50 100182	INFO [input.cpp->run:235]	rotation: 
[0.9999967871879327, 0.002003948150890576, -0.001552354863103381;
 -0.002000379427167232, 0.9999953609850923, 0.002297061262160485;
 0.001556950853374818, -0.002293948583402528, 0.9999961568445835]
2020/03/08 16:05:50 100203	INFO [input.cpp->run:256]	frame times (ms): 45.379
2020/03/08 16:05:50 100206	INFO [input.cpp->run:257]	FPS: 22.0366
2020/03/08 16:05:50 136191	INFO [input.cpp->run:173]	
frame_id 34
2020/03/08 16:05:50 165022	INFO [input.cpp->run:235]	rotation: 
[0.9999923193879787, 0.0037707840624461, 0.001068808965680694;
 -0.003777291559142384, 0.9999739337245251, 0.006153368181437252;
 -0.001045578083142838, -0.006157358122888028, 0.9999804966635192]
2020/03/08 16:05:50 165044	INFO [input.cpp->run:256]	frame times (ms): 43.437
2020/03/08 16:05:50 165046	INFO [input.cpp->run:257]	FPS: 23.0218
2020/03/08 16:05:50 203185	INFO [input.cpp->run:173]	
frame_id 35
2020/03/08 16:05:50 232821	INFO [input.cpp->run:235]	rotation: 
[0.9999885930704253, 0.004743684582576007, 0.0005578401315188811;
 -0.004750474671543932, 0.9999058182246299, 0.01287585612409367;
 -0.0004967085929615919, -0.0128783592555252, 0.9999169471228394]
2020/03/08 16:05:50 232842	INFO [input.cpp->run:256]	frame times (ms): 44.195
2020/03/08 16:05:50 232845	INFO [input.cpp->run:257]	FPS: 22.627
2020/03/08 16:05:50 269862	INFO [input.cpp->run:173]	
frame_id 36
2020/03/08 16:05:50 305334	INFO [input.cpp->run:235]	rotation: 
[0.9999973683537516, 0.002090108958351978, -0.0009459017461455384;
 -0.002086925025627925, 0.9999921957030523, 0.00335459042594356;
 0.0009529058235482946, -0.003352607571822434, 0.9999939259780335]
2020/03/08 16:05:50 305359	INFO [input.cpp->run:256]	frame times (ms): 52.326
2020/03/08 16:05:50 305363	INFO [input.cpp->run:257]	FPS: 19.111
2020/03/08 16:05:50 336365	INFO [input.cpp->run:173]	
frame_id 37
2020/03/08 16:05:50 365021	INFO [input.cpp->run:235]	rotation: 
[0.9999955981933417, 0.00291763912486254, -0.0005394217994962931;
 -0.002914191636538341, 0.9999760024489591, 0.006285062712883272;
 0.00055774639956745, -0.006283463068755716, 0.9999801033074694]
2020/03/08 16:05:50 365042	INFO [input.cpp->run:256]	frame times (ms): 44.191
2020/03/08 16:05:50 365044	INFO [input.cpp->run:257]	FPS: 22.629
2020/03/08 16:05:50 402889	INFO [input.cpp->run:173]	
frame_id 38
2020/03/08 16:05:50 432024	INFO [input.cpp->run:235]	rotation: 
[0.9999988123302216, 0.001422876638112931, -0.00059225013212772;
 -0.001421232451100892, 0.9999951608030286, 0.002767393872354885;
 0.000596184926202105, -0.00276654886049787, 0.9999959953774497]
2020/03/08 16:05:50 432045	INFO [input.cpp->run:256]	frame times (ms): 44.498
2020/03/08 16:05:50 432046	INFO [input.cpp->run:257]	FPS: 22.4729
2020/03/08 16:05:50 470125	INFO [input.cpp->run:173]	
frame_id 39
2020/03/08 16:05:50 499741	INFO [input.cpp->run:235]	rotation: 
[0.9999985629821705, 0.001382531182036702, -0.0009811427647048998;
 -0.001378865314586033, 0.9999921032629354, 0.003727216416442494;
 0.0009862880097963949, -0.00372585819663914, 0.9999925725807468]
2020/03/08 16:05:50 499761	INFO [input.cpp->run:256]	frame times (ms): 45.273
2020/03/08 16:05:50 499763	INFO [input.cpp->run:257]	FPS: 22.0882
2020/03/08 16:05:50 537038	INFO [input.cpp->run:173]	
frame_id 40
2020/03/08 16:05:50 574444	INFO [input.cpp->run:235]	rotation: 
[0.9999962214940447, 0.002708499865455099, -0.0004701341430295728;
 -0.002706724930214201, 0.9999893585582063, 0.003735827953657751;
 0.0004802476296342998, -0.003734541314004097, 0.999992911256569]
2020/03/08 16:05:50 574472	INFO [input.cpp->run:256]	frame times (ms): 56.296
2020/03/08 16:05:50 574475	INFO [input.cpp->run:257]	FPS: 17.7633
2020/03/08 16:05:50 602940	INFO [input.cpp->run:173]	
frame_id 41
2020/03/08 16:05:50 631744	INFO [input.cpp->run:235]	rotation: 
[0.9999935278471678, 0.003189220238897083, 0.001665274164662342;
 -0.003195711520097336, 0.999987249488091, 0.003910024184422835;
 -0.001652783003300735, -0.003915320613980869, 0.9999909692456396]
2020/03/08 16:05:50 631767	INFO [input.cpp->run:256]	frame times (ms): 43.572
2020/03/08 16:05:50 631769	INFO [input.cpp->run:257]	FPS: 22.9505
2020/03/08 16:05:50 669534	INFO [input.cpp->run:173]	
frame_id 42
2020/03/08 16:05:50 700250	INFO [input.cpp->run:235]	rotation: 
[0.9999993065191159, 0.001167162764387762, -0.0001571380557598958;
 -0.001166892017581576, 0.999997853378001, 0.001712192281659147;
 0.0001591361255205131, -0.001712007731143605, 0.9999985218515186]
2020/03/08 16:05:50 700273	INFO [input.cpp->run:256]	frame times (ms): 45.589
2020/03/08 16:05:50 700274	INFO [input.cpp->run:257]	FPS: 21.9351
2020/03/08 16:05:50 736463	INFO [input.cpp->run:173]	
frame_id 43
2020/03/08 16:05:50 766567	INFO [input.cpp->run:235]	rotation: 
[0.9999891849557602, 0.003230401871571424, -0.003345814588797117;
 -0.003195768200160319, 0.9999417904772377, 0.01030547052719144;
 0.003378910641805116, -0.01029466662520526, 0.9999412996781114]
2020/03/08 16:05:50 766589	INFO [input.cpp->run:256]	frame times (ms): 45.311
2020/03/08 16:05:50 766591	INFO [input.cpp->run:257]	FPS: 22.0697
2020/03/08 16:05:50 802895	INFO [input.cpp->run:173]	
frame_id 44
2020/03/08 16:05:50 832582	INFO [input.cpp->run:235]	rotation: 
[0.9999971828832274, 0.00225833246382522, -0.000730862567109552;
 -0.002255773029045007, 0.9999913865204249, 0.003484016790965506;
 0.0007387243400633075, -0.003482358316016544, 0.9999936637133798]
2020/03/08 16:05:50 832606	INFO [input.cpp->run:256]	frame times (ms): 45.879
2020/03/08 16:05:50 832609	INFO [input.cpp->run:257]	FPS: 21.7965
2020/03/08 16:05:50 869847	INFO [input.cpp->run:173]	
frame_id 45
2020/03/08 16:05:50 899495	INFO [input.cpp->run:235]	rotation: 
[0.999991561987934, 0.003693303931003616, 0.001798738170243841;
 -0.00370241107593285, 0.9999802104562969, 0.005086339352109923;
 -0.001779917176912645, -0.005092956101641313, 0.9999854467405964]
2020/03/08 16:05:50 899516	INFO [input.cpp->run:256]	frame times (ms): 45.461
2020/03/08 16:05:50 899518	INFO [input.cpp->run:257]	FPS: 21.9969
2020/03/08 16:05:50 936450	INFO [input.cpp->run:173]	
frame_id 46
2020/03/08 16:05:50 964613	INFO [input.cpp->run:235]	rotation: 
[0.9999944473210299, 0.003310037497739582, 0.0003859778120917834;
 -0.003312394750368749, 0.999974822859377, 0.006275483118878137;
 -0.0003651960098342126, -0.006276726784013528, 0.9999802344710386]
2020/03/08 16:05:50 964634	INFO [input.cpp->run:256]	frame times (ms): 43.028
2020/03/08 16:05:50 964636	INFO [input.cpp->run:257]	FPS: 23.2407
2020/03/08 16:05:51 002950	INFO [input.cpp->run:173]	
frame_id 47
2020/03/08 16:05:51 037237	INFO [input.cpp->run:235]	rotation: 
[0.9999930706421261, 0.003722572540738609, 3.348747156739422e-05;
 -0.003722697621911375, 0.999979071443964, 0.005291332203066224;
 -1.378940275990878e-05, -0.005291420201262526, 0.9999860002430564]
2020/03/08 16:05:51 037263	INFO [input.cpp->run:256]	frame times (ms): 51.593
2020/03/08 16:05:51 037266	INFO [input.cpp->run:257]	FPS: 19.3825
2020/03/08 16:05:51 069785	INFO [input.cpp->run:173]	
frame_id 48
2020/03/08 16:05:51 098088	INFO [input.cpp->run:235]	rotation: 
[0.9999962008402814, 0.002738294006671055, -0.0003163082937291539;
 -0.002736134006280173, 0.9999742217312921, 0.006638482024997322;
 0.0003344782553914074, -0.006637591342464878, 0.9999779150088601]
2020/03/08 16:05:51 098109	INFO [input.cpp->run:256]	frame times (ms): 43.165
2020/03/08 16:05:51 098111	INFO [input.cpp->run:257]	FPS: 23.1669
2020/03/08 16:05:51 136347	INFO [input.cpp->run:173]	
frame_id 49
2020/03/08 16:05:51 164410	INFO [input.cpp->run:235]	rotation: 
[0.9999978926257947, 0.002012543471751286, 0.0004054784134313931;
 -0.002013906862842214, 0.9999922241323776, 0.003390553631547135;
 -0.0003986516239081337, -0.003391363082141414, 0.9999941698496686]
2020/03/08 16:05:51 164432	INFO [input.cpp->run:256]	frame times (ms): 42.296
2020/03/08 16:05:51 164434	INFO [input.cpp->run:257]	FPS: 23.6429
2020/03/08 16:05:51 203253	INFO [input.cpp->run:173]	
frame_id 50
2020/03/08 16:05:51 235761	INFO [input.cpp->run:235]	rotation: 
[0.9999962265810602, 0.002178400123406509, -0.001673737298126646;
 -0.002172024546123959, 0.999990414996679, 0.003801608099320094;
 0.001682002678901787, -0.003797958355764797, 0.9999913731524468]
2020/03/08 16:05:51 235785	INFO [input.cpp->run:256]	frame times (ms): 48.339
2020/03/08 16:05:51 235788	INFO [input.cpp->run:257]	FPS: 20.6872
2020/03/08 16:05:51 269810	INFO [input.cpp->run:173]	
frame_id 51
2020/03/08 16:05:51 298829	INFO [input.cpp->run:235]	rotation: 
[0.9999985046200638, 0.00144906079368526, -0.0009439176089837854;
 -0.001447168476509095, 0.9999969481326632, 0.002002355802641763;
 0.0009468162635610822, -0.002000986800550928, 0.9999975497923917]
2020/03/08 16:05:51 298850	INFO [input.cpp->run:256]	frame times (ms): 43.071
2020/03/08 16:05:51 298852	INFO [input.cpp->run:257]	FPS: 23.2175
2020/03/08 16:05:51 336915	INFO [input.cpp->run:173]	
frame_id 52
2020/03/08 16:05:51 370852	INFO [input.cpp->run:235]	rotation: 
[0.9999973267915474, 0.002029331348690946, 0.001108252695158429;
 -0.002033073397838997, 0.9999922010917542, 0.003385907297533702;
 -0.001101372924174699, -0.003388151405370305, 0.9999936536837303]
2020/03/08 16:05:51 370878	INFO [input.cpp->run:256]	frame times (ms): 58.73
2020/03/08 16:05:51 370881	INFO [input.cpp->run:257]	FPS: 17.0271
2020/03/08 16:05:51 403041	INFO [input.cpp->run:173]	
frame_id 53
2020/03/08 16:05:51 430770	INFO [input.cpp->run:235]	rotation: 
[0.9999946898632212, 0.001609954818067228, -0.002833423872986914;
 -0.001603610730907994, 0.9999962057060132, 0.002239867451593027;
 0.002837019207539275, -0.002235311848662559, 0.999993477330205]
2020/03/08 16:05:51 430794	INFO [input.cpp->run:256]	frame times (ms): 42.72
2020/03/08 16:05:51 430796	INFO [input.cpp->run:257]	FPS: 23.4082
2020/03/08 16:05:51 469598	INFO [input.cpp->run:173]	
frame_id 54
2020/03/08 16:05:51 498324	INFO [input.cpp->run:235]	rotation: 
[0.9999935076308368, 0.003601893068488079, -0.0001051784132812305;
 -0.003601024180199861, 0.9999665849093138, 0.007339052367829817;
 0.0001316093805879697, -0.007338625969983076, 0.9999730632611279]
2020/03/08 16:05:51 498346	INFO [input.cpp->run:256]	frame times (ms): 43.118
2020/03/08 16:05:51 498348	INFO [input.cpp->run:257]	FPS: 23.1922
2020/03/08 16:05:51 536329	INFO [input.cpp->run:173]	
frame_id 55
2020/03/08 16:05:51 568133	INFO [input.cpp->run:235]	rotation: 
[0.999991002626078, 0.004175050919244473, 0.0007507441061918728;
 -0.004180718827242439, 0.9999615097107422, 0.007713668848279727;
 -0.0007185102496183092, -0.007716738095535985, 0.9999699673971144]
2020/03/08 16:05:51 568157	INFO [input.cpp->run:256]	frame times (ms): 47.614
2020/03/08 16:05:51 568159	INFO [input.cpp->run:257]	FPS: 21.0022
2020/03/08 16:05:51 603012	INFO [input.cpp->run:173]	
frame_id 56
2020/03/08 16:05:51 633505	INFO [input.cpp->run:235]	rotation: 
[0.9999942711258043, 0.003381831197165461, 0.0001446835352856416;
 -0.003382739099088292, 0.9999710342587973, 0.006818190344853183;
 -0.0001216213756033654, -0.00681864071095026, 0.9999767454031598]
2020/03/08 16:05:51 633529	INFO [input.cpp->run:256]	frame times (ms): 46.19
2020/03/08 16:05:51 633532	INFO [input.cpp->run:257]	FPS: 21.6497
2020/03/08 16:05:51 669740	INFO [input.cpp->run:173]	
frame_id 57
2020/03/08 16:05:51 700107	INFO [input.cpp->run:235]	rotation: 
[0.9999965714610192, 0.001976735156580468, -0.001717435392537337;
 -0.00196849422028899, 0.9999866051755597, 0.004786909228715041;
 0.001726874839555526, -0.004783512054966223, 0.9999870678742343]
2020/03/08 16:05:51 700129	INFO [input.cpp->run:256]	frame times (ms): 45.333
2020/03/08 16:05:51 700131	INFO [input.cpp->run:257]	FPS: 22.059
2020/03/08 16:05:51 736379	INFO [input.cpp->run:173]	
frame_id 58
2020/03/08 16:05:51 766706	INFO [input.cpp->run:235]	rotation: 
[0.9999986254273394, 0.001605799455806135, -0.000412978860754928;
 -0.00160468609510603, 0.9999951151826916, 0.002682273903173224;
 0.0004172840374026796, -0.002681607514757422, 0.9999963174208037]
2020/03/08 16:05:51 766728	INFO [input.cpp->run:256]	frame times (ms): 46.024
2020/03/08 16:05:51 766730	INFO [input.cpp->run:257]	FPS: 21.7278
2020/03/08 16:05:51 803078	INFO [input.cpp->run:173]	
frame_id 59
2020/03/08 16:05:51 831778	INFO [input.cpp->run:235]	rotation: 
[0.9999983386693287, 0.001625430466841291, -0.0008250056848192299;
 -0.001622614988312194, 0.9999928969009201, 0.003401950661838288;
 0.0008305294589745519, -0.003400606343483681, 0.9999938730298873]
2020/03/08 16:05:51 831801	INFO [input.cpp->run:256]	frame times (ms): 42.28
2020/03/08 16:05:51 831804	INFO [input.cpp->run:257]	FPS: 23.6518
2020/03/08 16:05:51 869695	INFO [input.cpp->run:173]	
frame_id 60
2020/03/08 16:05:51 899741	INFO [input.cpp->run:235]	rotation: 
[0.9999189800920221, 0.008412502092206141, 0.009553170169055172;
 -0.008520017821051443, 0.9999001922227302, 0.01127008825503012;
 -0.009457407047349931, -0.01135056833360468, 0.9998908550689145]
2020/03/08 16:05:51 899762	INFO [input.cpp->run:256]	frame times (ms): 45.331
2020/03/08 16:05:51 899764	INFO [input.cpp->run:257]	FPS: 22.06
2020/03/08 16:05:51 936532	INFO [input.cpp->run:173]	
frame_id 61
2020/03/08 16:05:51 966068	INFO [input.cpp->run:235]	rotation: 
[0.9999985471395915, 0.001538943993998477, -0.0007330553113676847;
 -0.001536294136014261, 0.99999233352131, 0.003601763308802826;
 0.0007385926034266478, -0.003600631887367286, 0.9999932449426735]
2020/03/08 16:05:51 966090	INFO [input.cpp->run:256]	frame times (ms): 45.209
2020/03/08 16:05:51 966092	INFO [input.cpp->run:257]	FPS: 22.1195
2020/03/08 16:05:52 003161	INFO [input.cpp->run:173]	
frame_id 62
2020/03/08 16:05:52 032635	INFO [input.cpp->run:235]	rotation: 
[0.999996628050293, 0.002517785972934563, 0.0006361146424710791;
 -0.002520228656404321, 0.9999893402135427, 0.003868837913769349;
 -0.0006263669557939821, -0.003870428022593193, 0.9999923136961397]
2020/03/08 16:05:52 032656	INFO [input.cpp->run:256]	frame times (ms): 44.422
2020/03/08 16:05:52 032659	INFO [input.cpp->run:257]	FPS: 22.5114
2020/03/08 16:05:52 070416	INFO [input.cpp->run:173]	
frame_id 63
2020/03/08 16:05:52 103067	INFO [input.cpp->run:235]	rotation: 
[0.9999958004379911, 0.002660431429030338, -0.001149439425500925;
 -0.002653761704127958, 0.9999798571343195, 0.005765663400137285;
 0.001164755424615905, -0.005762588848547705, 0.9999827178079447]
2020/03/08 16:05:52 103091	INFO [input.cpp->run:256]	frame times (ms): 48.784
2020/03/08 16:05:52 103093	INFO [input.cpp->run:257]	FPS: 20.4985
2020/03/08 16:05:52 136652	INFO [input.cpp->run:173]	
frame_id 64
2020/03/08 16:05:52 165440	INFO [input.cpp->run:235]	rotation: 
[0.9999971461609596, 0.002265863939233027, 0.0007573179948809046;
 -0.002269120159063588, 0.9999880647376311, 0.004326832096450371;
 -0.0007475049432734762, -0.004328538193897018, 0.9999903524501943]
2020/03/08 16:05:52 165472	INFO [input.cpp->run:256]	frame times (ms): 43.419
2020/03/08 16:05:52 165475	INFO [input.cpp->run:257]	FPS: 23.0314
2020/03/08 16:05:52 203041	INFO [input.cpp->run:173]	
frame_id 65
2020/03/08 16:05:52 232103	INFO [input.cpp->run:235]	rotation: 
[0.9999977489031995, 0.001779199817734546, -0.001156129984936214;
 -0.001775338031695365, 0.9999928704352619, 0.003332754644257831;
 0.001162051378688259, -0.003330694620372674, 0.9999937780356132]
2020/03/08 16:05:52 232128	INFO [input.cpp->run:256]	frame times (ms): 44.089
2020/03/08 16:05:52 232131	INFO [input.cpp->run:257]	FPS: 22.6814
2020/03/08 16:05:52 270128	INFO [input.cpp->run:173]	
frame_id 66
2020/03/08 16:05:52 300218	INFO [input.cpp->run:235]	rotation: 
[0.9999977508859446, 0.002012708275052318, -0.0006687514126625505;
 -0.00201006681044166, 0.9999902678663273, 0.003927315119588794;
 0.000676649443924343, -0.003925962051590129, 0.9999920644522633]
2020/03/08 16:05:52 300242	INFO [input.cpp->run:256]	frame times (ms): 45.141
2020/03/08 16:05:52 300244	INFO [input.cpp->run:257]	FPS: 22.1528
2020/03/08 16:05:52 336389	INFO [input.cpp->run:173]	
frame_id 67
2020/03/08 16:05:52 368255	INFO [input.cpp->run:235]	rotation: 
[0.9999966466947858, 0.00185371491026321, -0.001808408199266184;
 -0.001846492104239645, 0.9999903449489274, 0.003987540073065223;
 0.001815782501481373, -0.003984187490165117, 0.9999904145460348]
2020/03/08 16:05:52 368278	INFO [input.cpp->run:256]	frame times (ms): 47.8
2020/03/08 16:05:52 368281	INFO [input.cpp->run:257]	FPS: 20.9205
2020/03/08 16:05:52 402971	INFO [input.cpp->run:173]	
frame_id 68
2020/03/08 16:05:52 433044	INFO [input.cpp->run:235]	rotation: 
[0.999994146061109, 0.003416587514813766, 0.0001864759153271441;
 -0.003417686511305626, 0.9999746205557405, 0.006251212947357448;
 -0.0001651133665636617, -0.006251813669359355, 0.9999804435904833]
2020/03/08 16:05:52 433065	INFO [input.cpp->run:256]	frame times (ms): 44.902
2020/03/08 16:05:52 433068	INFO [input.cpp->run:257]	FPS: 22.2707
2020/03/08 16:05:52 469828	INFO [input.cpp->run:173]	
frame_id 69
2020/03/08 16:05:52 498041	INFO [input.cpp->run:235]	rotation: 
[0.9999973489338477, 0.002163960672715008, -0.0007870193665558207;
 -0.002160965283844537, 0.9999904938818708, 0.00378713281180463;
 0.0007952070915238459, -0.003785422050336178, 0.9999925190848091]
2020/03/08 16:05:52 498067	INFO [input.cpp->run:256]	frame times (ms): 43.564
2020/03/08 16:05:52 498070	INFO [input.cpp->run:257]	FPS: 22.9547
2020/03/08 16:05:52 536490	INFO [input.cpp->run:173]	
frame_id 70
2020/03/08 16:05:52 566080	INFO [input.cpp->run:235]	rotation: 
[0.9999947586346614, 0.003206312290929419, 0.0004497384778112524;
 -0.003209057580641764, 0.9999753668367973, 0.006242408914566434;
 -0.0004297122869021482, -0.006243819432492246, 0.9999804148413333]
2020/03/08 16:05:52 566103	INFO [input.cpp->run:256]	frame times (ms): 45.672
2020/03/08 16:05:52 566105	INFO [input.cpp->run:257]	FPS: 21.8953
2020/03/08 16:05:52 603045	INFO [input.cpp->run:173]	
frame_id 71
2020/03/08 16:05:52 632681	INFO [input.cpp->run:235]	rotation: 
[0.9999859300002407, 0.004588323046576215, 0.002662159494469385;
 -0.004607333668344147, 0.9999636135724356, 0.007179415548996824;
 -0.002629121150171365, -0.007191579991691148, 0.9999706840198871]
2020/03/08 16:05:52 632705	INFO [input.cpp->run:256]	frame times (ms): 44.537
2020/03/08 16:05:52 632706	INFO [input.cpp->run:257]	FPS: 22.4532
2020/03/08 16:05:52 669939	INFO [input.cpp->run:173]	
frame_id 72
2020/03/08 16:05:52 701723	INFO [input.cpp->run:235]	rotation: 
[0.9999978864018112, 0.002004903011094139, 0.0004555829523801114;
 -0.00200601750419827, 0.999994964210589, 0.002459155797351787;
 -0.0004506502892974438, -0.002460064507061636, 0.9999968724935783]
2020/03/08 16:05:52 701745	INFO [input.cpp->run:256]	frame times (ms): 46.888
2020/03/08 16:05:52 701747	INFO [input.cpp->run:257]	FPS: 21.3274
2020/03/08 16:05:52 736419	INFO [input.cpp->run:173]	
frame_id 73
2020/03/08 16:05:52 764491	INFO [input.cpp->run:235]	rotation: 
[0.999993804816405, 0.003170435349617859, 0.001529270578938279;
 -0.003177139302458217, 0.9999852664794235, 0.004401432713238946;
 -0.001515293589535719, -0.004406264151215644, 0.9999891443018605]
2020/03/08 16:05:52 764514	INFO [input.cpp->run:256]	frame times (ms): 42.815
2020/03/08 16:05:52 764517	INFO [input.cpp->run:257]	FPS: 23.3563
2020/03/08 16:05:52 803258	INFO [input.cpp->run:173]	
frame_id 74
2020/03/08 16:05:52 832483	INFO [input.cpp->run:235]	rotation: 
[0.9999969084363106, 0.002131516239211304, -0.00128052971188646;
 -0.002127159618751256, 0.9999919779992288, 0.003393984258412813;
 0.001287753772038558, -0.003391249874600581, 0.9999934205356107]
2020/03/08 16:05:52 832506	INFO [input.cpp->run:256]	frame times (ms): 44.167
2020/03/08 16:05:52 832508	INFO [input.cpp->run:257]	FPS: 22.6413
2020/03/08 16:05:52 870372	INFO [input.cpp->run:173]	
frame_id 75
2020/03/08 16:05:52 902411	INFO [input.cpp->run:235]	rotation: 
[0.9999926003821303, 0.003443603271434444, 0.001714869526774907;
 -0.003454731064737542, 0.9999727189170586, 0.006528878532758424;
 -0.001692339875802908, -0.006534754634578286, 0.9999772162242551]
2020/03/08 16:05:52 902442	INFO [input.cpp->run:256]	frame times (ms): 48.45
2020/03/08 16:05:52 902445	INFO [input.cpp->run:257]	FPS: 20.6398
2020/03/08 16:05:52 936647	INFO [input.cpp->run:173]	
frame_id 76
2020/03/08 16:05:52 964567	INFO [input.cpp->run:235]	rotation: 
[0.9999975359259907, 0.002080109432808862, -0.0007754267820746071;
 -0.002077491417340698, 0.999992190870302, 0.003361878615346252;
 0.0007824138020860347, -0.003360259388943998, 0.9999940482250288]
2020/03/08 16:05:52 964594	INFO [input.cpp->run:256]	frame times (ms): 42.974
2020/03/08 16:05:52 964596	INFO [input.cpp->run:257]	FPS: 23.2699
2020/03/08 16:05:53 003269	INFO [input.cpp->run:173]	
frame_id 77
2020/03/08 16:05:53 035094	INFO [input.cpp->run:235]	rotation: 
[0.9999931955832883, 0.00344198941255844, 0.001327213625337731;
 -0.003449120534261977, 0.9999794246675803, 0.005408679047169659;
 -0.001308569701459913, -0.005413219964032067, 0.9999844922272332]
2020/03/08 16:05:53 035116	INFO [input.cpp->run:256]	frame times (ms): 47.776
2020/03/08 16:05:53 035118	INFO [input.cpp->run:257]	FPS: 20.931
2020/03/08 16:05:53 069936	INFO [input.cpp->run:173]	
frame_id 78
2020/03/08 16:05:53 105662	INFO [input.cpp->run:235]	rotation: 
[0.9999979642200393, 0.001972855159050864, -0.000423554362910002;
 -0.001971541045593195, 0.9999933105105289, 0.003080902481186322;
 0.0004296297039020919, -0.003080061154335272, 0.9999951643091096]
2020/03/08 16:05:53 105691	INFO [input.cpp->run:256]	frame times (ms): 51.855
2020/03/08 16:05:53 105695	INFO [input.cpp->run:257]	FPS: 19.2845
2020/03/08 16:05:53 137134	INFO [input.cpp->run:173]	
frame_id 79
2020/03/08 16:05:53 165663	INFO [input.cpp->run:235]	rotation: 
[0.9999931243408995, 0.003671055776561259, 0.0005240423758279575;
 -0.003674706661378689, 0.999967724679245, 0.007144657498191266;
 -0.0004977970260119017, -0.007146534075971218, 0.9999743392951751]
2020/03/08 16:05:53 165685	INFO [input.cpp->run:256]	frame times (ms): 43.804
2020/03/08 16:05:53 165688	INFO [input.cpp->run:257]	FPS: 22.829
2020/03/08 16:05:53 203105	INFO [input.cpp->run:173]	
frame_id 80
2020/03/08 16:05:53 232654	INFO [input.cpp->run:235]	rotation: 
[0.999966212472605, 0.00412016312248464, 0.007113238997610648;
 -0.004188042807850871, 0.9999455858638171, 0.009554350260858775;
 -0.007073486455251039, -0.009583817992412064, 0.9999290555944735]
2020/03/08 16:05:53 232677	INFO [input.cpp->run:256]	frame times (ms): 44.919
2020/03/08 16:05:53 232678	INFO [input.cpp->run:257]	FPS: 22.2623
2020/03/08 16:05:53 269698	INFO [input.cpp->run:173]	
frame_id 81
2020/03/08 16:05:53 297968	INFO [input.cpp->run:235]	rotation: 
[0.9999979920044489, 0.001904066708420881, -0.0006249136259159089;
 -0.001902403569536403, 0.9999946757724041, 0.002651280351647957;
 0.0006299585133857999, -0.002650086189976213, 0.9999962900908469]
2020/03/08 16:05:53 297991	INFO [input.cpp->run:256]	frame times (ms): 42.753
2020/03/08 16:05:53 297994	INFO [input.cpp->run:257]	FPS: 23.3902
2020/03/08 16:05:53 336515	INFO [input.cpp->run:173]	
frame_id 82
2020/03/08 16:05:53 368433	INFO [input.cpp->run:235]	rotation: 
[0.999995837325629, 0.002352218000669652, -0.001671048141544384;
 -0.002348108467495266, 0.9999942248141758, 0.002456974749677863;
 0.001676817831164229, -0.00245304071980129, 0.9999955854268499]
2020/03/08 16:05:53 368454	INFO [input.cpp->run:256]	frame times (ms): 47.932
2020/03/08 16:05:53 368456	INFO [input.cpp->run:257]	FPS: 20.8629
2020/03/08 16:05:53 403043	INFO [input.cpp->run:173]	
frame_id 83
2020/03/08 16:05:53 430835	INFO [input.cpp->run:235]	rotation: 
[0.9999981785548411, 0.001744707598564416, -0.000773874922491449;
 -0.001742458404710511, 0.9999942838055336, 0.002897618844129911;
 0.0007789259964869962, -0.002896265121413205, 0.9999955024512053]
2020/03/08 16:05:53 430858	INFO [input.cpp->run:256]	frame times (ms): 41.971
