		g3log created log at: Mon Mar 09 16:01:04 2020
		LOG format: [YYYY/MM/DD hh:mm:ss uuu* LEVEL FILE->FUNCTION:LINE] message		(uuu*: microseconds fractions of the seconds value)

2020/03/09 16:01:04 107772	INFO [g3logger.h->logBanner:29]	Starting log.
2020/03/09 16:01:04 112420	DEBUG [main.cpp->main:48]	Filepath: /home/mitchell/KITTI/data_odometry_gray/dataset/sequences/00/
2020/03/09 16:01:04 112428	DEBUG [main.cpp->main:52]	Calibration Filepath: /home/mitchell/visual_odom_catkin_ws/tank_downsized.yaml
2020/03/09 16:01:04 112574	INFO [main.cpp->main:66]	P_left: 
[409.41, 0, 251.22, 0;
 0, 408.72, 191.78999, 0;
 0, 0, 1, 0]
2020/03/09 16:01:04 112591	INFO [main.cpp->main:67]	P_right: 
[409.41, 0, 251.22, -73.940002;
 0, 408.72, 191.78999, 0;
 0, 0, 1, 0]
2020/03/09 16:01:04 252425	INFO [input.cpp->Input:22]	frame_pose [1, 0, 0, 0;
 0, 1, 0, 0;
 0, 0, 1, 0;
 0, 0, 0, 1]
2020/03/09 16:01:04 691562	INFO [input.cpp->run:173]	
frame_id 1
2020/03/09 16:01:04 809748	WARNING [visualOdometry.cpp->trackingFrame2Frame:187]	The Estimated Rotation and translation matrices(using getTransformation function) are : 
           1  2.14875e-05  4.26359e-05 -0.000250772
-2.13683e-05            1 -1.07661e-05  0.000193119
-4.26993e-05  1.07735e-05            1  -0.00028187
           0            0            0            1
2020/03/09 16:01:04 814495	INFO [input.cpp->run:235]	rotation: 
[1, 2.148747444152832e-05, 4.263594746589661e-05;
 -2.136826515197754e-05, 0.9999998807907104, -1.076608896255493e-05;
 -4.269927740097046e-05, 1.077353954315186e-05, 1.000000238418579]
2020/03/09 16:01:04 814641	INFO [input.cpp->run:258]	frame times (ms): 683.8
2020/03/09 16:01:04 814648	INFO [input.cpp->run:259]	FPS: 1.46242
2020/03/09 16:01:04 827442	INFO [input.cpp->run:173]	
frame_id 2
2020/03/09 16:01:04 883545	WARNING [visualOdometry.cpp->trackingFrame2Frame:187]	The Estimated Rotation and translation matrices(using getTransformation function) are : 
           1  5.92293e-05  0.000227243  7.83652e-05
-5.90412e-05            1 -0.000868025 -0.000680476
-0.000227153  0.000868022            1  1.38879e-05
           0            0            0            1
2020/03/09 16:01:04 885637	INFO [input.cpp->run:235]	rotation: 
[0.9999998807907104, 5.922932177782059e-05, 0.0002272427082061768;
 -5.904119461774826e-05, 0.9999995827674866, -0.0008680252358317375;
 -0.0002271533012390137, 0.0008680215105414391, 0.9999995231628418]
2020/03/09 16:01:04 885701	INFO [input.cpp->run:258]	frame times (ms): 632.793
2020/03/09 16:01:04 885706	INFO [input.cpp->run:259]	FPS: 1.5803
2020/03/09 16:01:04 959042	INFO [input.cpp->run:173]	
frame_id 3
2020/03/09 16:01:05 017603	WARNING [visualOdometry.cpp->trackingFrame2Frame:187]	The Estimated Rotation and translation matrices(using getTransformation function) are : 
           1 -0.000259042 -0.000544347 -0.000472069
  0.00025928            1  0.000448886  0.000639528
  0.00054431 -0.000449046            1  0.000133693
           0            0            0            1
2020/03/09 16:01:05 019617	INFO [input.cpp->run:235]	rotation: 
[0.9999997615814209, -0.0002590417861938477, -0.0005443468689918518;
 0.0002592802047729492, 0.9999998807907104, 0.0004488863050937653;
 0.0005443096160888672, -0.0004490464925765991, 0.9999995827674866]
2020/03/09 16:01:05 019679	INFO [input.cpp->run:258]	frame times (ms): 651.723
2020/03/09 16:01:05 019683	INFO [input.cpp->run:259]	FPS: 1.53439
2020/03/09 16:01:05 089643	INFO [input.cpp->run:173]	
frame_id 4
2020/03/09 16:01:05 165141	WARNING [visualOdometry.cpp->trackingFrame2Frame:187]	The Estimated Rotation and translation matrices(using getTransformation function) are : 
           1  7.29859e-05 -2.15173e-05 -1.49012e-07
-7.29859e-05            1 -0.000480264 -0.000286579
 2.13683e-05   0.00048025            1  4.49419e-05
           0            0            0            1
2020/03/09 16:01:05 167109	INFO [input.cpp->run:235]	rotation: 
[1.00000011920929, 7.298588752746582e-05, -2.151727676391602e-05;
 -7.298588752746582e-05, 1, -0.00048026442527771;
 2.136826515197754e-05, 0.0004802495241165161, 1.000000238418579]
2020/03/09 16:01:05 167168	INFO [input.cpp->run:258]	frame times (ms): 701.921
2020/03/09 16:01:05 167184	INFO [input.cpp->run:259]	FPS: 1.42466
2020/03/09 16:01:05 223149	INFO [input.cpp->run:173]	
frame_id 5
2020/03/09 16:01:05 296758	WARNING [visualOdometry.cpp->trackingFrame2Frame:187]	The Estimated Rotation and translation matrices(using getTransformation function) are : 
           1 -0.000258684 -0.000263378 -0.000183016
 0.000258982            1  0.000127651  0.000246167
 0.000263318 -0.000127651            1 -7.63535e-05
           0            0            0            1
2020/03/09 16:01:05 298995	INFO [input.cpp->run:235]	rotation: 
[1.00000011920929, -0.0002586841583251953, -0.0002633780241012573;
 0.0002589821815490723, 1.00000011920929, 0.0001276507973670959;
 0.0002633184194564819, -0.0001276507973670959, 1.000000238418579]
2020/03/09 16:01:05 299069	INFO [input.cpp->run:258]	frame times (ms): 719.001
2020/03/09 16:01:05 299075	INFO [input.cpp->run:259]	FPS: 1.39082
2020/03/09 16:01:05 359109	INFO [input.cpp->run:173]	
frame_id 6
2020/03/09 16:01:05 418255	WARNING [visualOdometry.cpp->trackingFrame2Frame:187]	The Estimated Rotation and translation matrices(using getTransformation function) are : 
    0.999999 -0.000561923  -0.00095024 -0.000716165
  0.00056228            1   0.00026175  5.68032e-05
 0.000950105 -0.000262272     0.999999  -9.7394e-05
           0            0            0            1
2020/03/09 16:01:05 420160	INFO [input.cpp->run:235]	rotation: 
[0.9999994039535522, -0.0005619227886199951, -0.0009502395987510681;
 0.0005622804164886475, 0.9999997615814209, 0.0002617500722408295;
 0.0009501054883003235, -0.0002622716128826141, 0.999999463558197]
2020/03/09 16:01:05 420210	INFO [input.cpp->run:258]	frame times (ms): 704.969
2020/03/09 16:01:05 420214	INFO [input.cpp->run:259]	FPS: 1.4185
2020/03/09 16:01:05 489453	INFO [input.cpp->run:173]	
frame_id 7
2020/03/09 16:01:05 554841	WARNING [visualOdometry.cpp->trackingFrame2Frame:187]	The Estimated Rotation and translation matrices(using getTransformation function) are : 
           1 -0.000472277 -0.000566337 -0.000382736
 0.000472426            1  3.07597e-05 -0.000138313
 0.000566285  -3.1013e-05            1 -6.11544e-05
           0            0            0            1
2020/03/09 16:01:05 556771	INFO [input.cpp->run:235]	rotation: 
[0.9999996423721313, -0.0004722774028778076, -0.0005663372576236725;
 0.0004724264144897461, 0.9999998211860657, 3.075972199440002e-05;
 0.000566285103559494, -3.101304173469543e-05, 0.9999999403953552]
2020/03/09 16:01:05 556830	INFO [input.cpp->run:258]	frame times (ms): 717.516
2020/03/09 16:01:05 556835	INFO [input.cpp->run:259]	FPS: 1.3937
2020/03/09 16:01:05 624693	INFO [input.cpp->run:173]	
frame_id 8
2020/03/09 16:01:05 689963	WARNING [visualOdometry.cpp->trackingFrame2Frame:187]	The Estimated Rotation and translation matrices(using getTransformation function) are : 
           1 -0.000573874 -0.000266492 -5.13494e-05
 0.000573754            1  6.32405e-05 -0.000344783
 0.000266448 -6.34119e-05            1 -5.12004e-05
           0            0            0            1
2020/03/09 16:01:05 692078	INFO [input.cpp->run:235]	rotation: 
[0.9999998211860657, -0.0005738735198974609, -0.0002664923667907715;
 0.0005737543106079102, 0.9999997615814209, 6.324052810668945e-05;
 0.0002664476633071899, -6.34118914604187e-05, 0.9999998807907104]
2020/03/09 16:01:05 692132	INFO [input.cpp->run:258]	frame times (ms): 724.7
2020/03/09 16:01:05 692139	INFO [input.cpp->run:259]	FPS: 1.37988
2020/03/09 16:01:05 758518	INFO [input.cpp->run:173]	
frame_id 9
2020/03/09 16:01:05 823073	WARNING [visualOdometry.cpp->trackingFrame2Frame:187]	The Estimated Rotation and translation matrices(using getTransformation function) are : 
    0.999999 -0.000626668 -0.000874951 -0.000372007
 0.000626929            1  0.000259817  2.66731e-05
 0.000874817 -0.000260353            1  0.000113964
           0            0            0            1
2020/03/09 16:01:05 825074	INFO [input.cpp->run:235]	rotation: 
[0.9999993443489075, -0.0006266683340072632, -0.0008749514818191528;
 0.0006269291043281555, 0.9999997615814209, 0.0002598166465759277;
 0.0008748173713684082, -0.0002603530883789062, 0.9999996423721313]
2020/03/09 16:01:05 825160	INFO [input.cpp->run:258]	frame times (ms): 700.896
2020/03/09 16:01:05 825166	INFO [input.cpp->run:259]	FPS: 1.42675
2020/03/09 16:01:05 890354	INFO [input.cpp->run:173]	
frame_id 10
2020/03/09 16:01:05 953478	WARNING [visualOdometry.cpp->trackingFrame2Frame:187]	The Estimated Rotation and translation matrices(using getTransformation function) are : 
           1 -0.000617959 -0.000454873 -0.000341088
  0.00061807            1  0.000170534 -0.000213921
 0.000455111 -0.000170873            1  -0.00021106
           0            0            0            1
2020/03/09 16:01:05 955606	INFO [input.cpp->run:235]	rotation: 
[0.9999997019767761, -0.0006179586052894592, -0.0004548728466033936;
 0.0006180703639984131, 0.9999997615814209, 0.0001705344766378403;
 0.0004551112651824951, -0.0001708734780550003, 0.9999997615814209]
2020/03/09 16:01:05 955678	INFO [input.cpp->run:258]	frame times (ms): 700.569
2020/03/09 16:01:05 955686	INFO [input.cpp->run:259]	FPS: 1.42741
2020/03/09 16:01:06 026313	INFO [input.cpp->run:173]	
frame_id 11
2020/03/09 16:01:06 084668	WARNING [visualOdometry.cpp->trackingFrame2Frame:187]	The Estimated Rotation and translation matrices(using getTransformation function) are : 
    0.999999 -0.000788093  -0.00087069 -0.000548467
 0.000788182            1  0.000133306 -0.000172228
 0.000870608 -0.000134043            1  -0.00011462
           0            0            0            1
2020/03/09 16:01:06 086552	INFO [input.cpp->run:235]	rotation: 
[0.9999992847442627, -0.0007880926132202148, -0.0008706897497177124;
 0.0007881820201873779, 0.9999997615814209, 0.0001333057880401611;
 0.0008706077933311462, -0.0001340433955192566, 0.9999995231628418]
2020/03/09 16:01:06 086611	INFO [input.cpp->run:258]	frame times (ms): 716.49
2020/03/09 16:01:06 086617	INFO [input.cpp->run:259]	FPS: 1.39569
2020/03/09 16:01:06 157097	INFO [input.cpp->run:173]	
frame_id 12
2020/03/09 16:01:06 223741	WARNING [visualOdometry.cpp->trackingFrame2Frame:187]	The Estimated Rotation and translation matrices(using getTransformation function) are : 
           1  -0.00054127 -0.000173401  0.000122234
 0.000541359            1  0.000102276  -0.00029704
 0.000173349 -0.000102375            1   2.3663e-05
           0            0            0            1
2020/03/09 16:01:06 225591	INFO [input.cpp->run:235]	rotation: 
[1, -0.0005412697792053223, -0.0001734010875225067;
 0.0005413591861724854, 1, 0.0001022759824991226;
 0.0001733489334583282, -0.0001023747026920319, 0.9999999403953552]
2020/03/09 16:01:06 225648	INFO [input.cpp->run:258]	frame times (ms): 689.971
2020/03/09 16:01:06 225652	INFO [input.cpp->run:259]	FPS: 1.44934
2020/03/09 16:01:06 290488	INFO [input.cpp->run:173]	
frame_id 13
2020/03/09 16:01:06 353712	WARNING [visualOdometry.cpp->trackingFrame2Frame:187]	The Estimated Rotation and translation matrices(using getTransformation function) are : 
           1 -0.000426963 -0.000269532  3.92944e-05
 0.000426814            1 -0.000316568 -0.000544399
 0.000269622  0.000316426            1  6.79493e-05
           0            0            0            1
2020/03/09 16:01:06 355869	INFO [input.cpp->run:235]	rotation: 
[0.9999998211860657, -0.0004269629716873169, -0.0002695322036743164;
 0.0004268139600753784, 1, -0.0003165677189826965;
 0.0002696216106414795, 0.000316426157951355, 0.9999998807907104]
2020/03/09 16:01:06 355934	INFO [input.cpp->run:258]	frame times (ms): 707.969
2020/03/09 16:01:06 355939	INFO [input.cpp->run:259]	FPS: 1.41249
2020/03/09 16:01:06 424832	INFO [input.cpp->run:173]	
frame_id 14
2020/03/09 16:01:06 484838	WARNING [visualOdometry.cpp->trackingFrame2Frame:187]	The Estimated Rotation and translation matrices(using getTransformation function) are : 
           1 -0.000579804  -0.00068856 -0.000378624
 0.000580251            1  4.07994e-05 -0.000348955
 0.000688531 -4.11384e-05            1 -9.13739e-05
           0            0            0            1
2020/03/09 16:01:06 486694	INFO [input.cpp->run:235]	rotation: 
[1, -0.0005798041820526123, -0.0006885603070259094;
 0.0005802512168884277, 1, 4.079937934875488e-05;
 0.0006885305047035217, -4.113838076591492e-05, 1]
2020/03/09 16:01:06 486749	INFO [input.cpp->run:258]	frame times (ms): 718.249
2020/03/09 16:01:06 486753	INFO [input.cpp->run:259]	FPS: 1.39227
2020/03/09 16:01:06 559147	INFO [input.cpp->run:173]	
frame_id 15
2020/03/09 16:01:06 618907	WARNING [visualOdometry.cpp->trackingFrame2Frame:187]	The Estimated Rotation and translation matrices(using getTransformation function) are : 
           1 -0.000419825 -6.35684e-05  8.19266e-05
 0.000420004            1  5.47618e-05 -0.000467569
 6.35535e-05 -5.47841e-05            1 -0.000124872
           0            0            0            1
2020/03/09 16:01:06 620998	INFO [input.cpp->run:235]	rotation: 
[0.9999998807907104, -0.0004198253154754639, -6.35683536529541e-05;
 0.00042000412940979, 0.9999998211860657, 5.476176738739014e-05;
 6.355345249176025e-05, -5.478411912918091e-05, 1.000000238418579]
2020/03/09 16:01:06 621055	INFO [input.cpp->run:258]	frame times (ms): 706.46
2020/03/09 16:01:06 621059	INFO [input.cpp->run:259]	FPS: 1.41551
2020/03/09 16:01:06 693476	INFO [input.cpp->run:173]	
frame_id 16
2020/03/09 16:01:06 766323	WARNING [visualOdometry.cpp->trackingFrame2Frame:187]	The Estimated Rotation and translation matrices(using getTransformation function) are : 
           1  -0.00042969 -0.000355549 -3.98755e-05
 0.000429779            1 -0.000143602 -0.000400484
 0.000355624  0.000143424            1  6.45518e-05
           0            0            0            1
2020/03/09 16:01:06 768795	INFO [input.cpp->run:235]	rotation: 
[1, -0.000429689884185791, -0.000355549156665802;
 0.0004297792911529541, 1.00000011920929, -0.0001436024904251099;
 0.0003556236624717712, 0.0001434236764907837, 1.00000011920929]
2020/03/09 16:01:06 769091	INFO [input.cpp->run:258]	frame times (ms): 738.248
2020/03/09 16:01:06 769096	INFO [input.cpp->run:259]	FPS: 1.35456
2020/03/09 16:01:06 822325	INFO [input.cpp->run:173]	
frame_id 17
2020/03/09 16:01:06 892281	WARNING [visualOdometry.cpp->trackingFrame2Frame:187]	The Estimated Rotation and translation matrices(using getTransformation function) are : 
           1 -0.000443727 -0.000463471 -0.000290602
 0.000443727            1  3.52673e-05 -0.000500083
 0.000463471 -3.54573e-05            1 -3.67761e-05
           0            0            0            1
2020/03/09 16:01:06 894825	INFO [input.cpp->run:235]	rotation: 
[0.9999995827674866, -0.0004437267780303955, -0.0004634708166122437;
 0.0004437267780303955, 0.9999997615814209, 3.526732325553894e-05;
 0.0004634708166122437, -3.54573130607605e-05, 0.9999997019767761]
2020/03/09 16:01:06 894904	INFO [input.cpp->run:258]	frame times (ms): 722.477
2020/03/09 16:01:06 894909	INFO [input.cpp->run:259]	FPS: 1.38413
2020/03/09 16:01:06 958933	INFO [input.cpp->run:173]	
frame_id 18
2020/03/09 16:01:07 026880	WARNING [visualOdometry.cpp->trackingFrame2Frame:187]	The Estimated Rotation and translation matrices(using getTransformation function) are : 
           1 -0.000154555  5.23329e-05  1.70171e-05
 0.000154518            1 -0.000132371 -0.000191629
-5.24521e-05  0.000132389            1 -0.000119269
           0            0            0            1
2020/03/09 16:01:07 029166	INFO [input.cpp->run:235]	rotation: 
[1, -0.0001545548439025879, 5.233287811279297e-05;
 0.0001545175909996033, 1, -0.0001323707401752472;
 -5.245208740234375e-05, 0.0001323893666267395, 1.00000011920929]
2020/03/09 16:01:07 029245	INFO [input.cpp->run:258]	frame times (ms): 713.262
2020/03/09 16:01:07 029253	INFO [input.cpp->run:259]	FPS: 1.40201
2020/03/09 16:01:07 092581	INFO [input.cpp->run:173]	
frame_id 19
2020/03/09 16:01:07 161940	WARNING [visualOdometry.cpp->trackingFrame2Frame:187]	The Estimated Rotation and translation matrices(using getTransformation function) are : 
           1  -0.00027138 -0.000232838 -0.000204638
 0.000271201            1  -0.00015153 -0.000490606
 0.000232887  0.000151452            1 -1.16825e-05
           0            0            0            1
2020/03/09 16:01:07 163829	INFO [input.cpp->run:235]	rotation: 
[0.9999998807907104, -0.0002713799476623535, -0.0002328380942344666;
 0.0002712011337280273, 0.9999998807907104, -0.0001515299081802368;
 0.0002328865230083466, 0.0001514516770839691, 0.9999998807907104]
2020/03/09 16:01:07 163892	INFO [input.cpp->run:258]	frame times (ms): 727.861
2020/03/09 16:01:07 163896	INFO [input.cpp->run:259]	FPS: 1.37389
2020/03/09 16:01:07 222969	INFO [input.cpp->run:173]	
frame_id 20
2020/03/09 16:01:07 284717	WARNING [visualOdometry.cpp->trackingFrame2Frame:187]	The Estimated Rotation and translation matrices(using getTransformation function) are : 
           1 -0.000110209 -2.01315e-05 -0.000157818
 0.000110239            1 -0.000320837 -0.000316411
 2.01613e-05  0.000320788            1 -6.07967e-06
           0            0            0            1
2020/03/09 16:01:07 286956	INFO [input.cpp->run:235]	rotation: 
[1, -0.0001102089881896973, -2.013146877288818e-05;
 0.000110238790512085, 1, -0.0003208369016647339;
 2.016127109527588e-05, 0.0003207884728908539, 1.00000011920929]
2020/03/09 16:01:07 287016	INFO [input.cpp->run:258]	frame times (ms): 712.748
2020/03/09 16:01:07 287020	INFO [input.cpp->run:259]	FPS: 1.40302
2020/03/09 16:01:07 356264	INFO [input.cpp->run:173]	
frame_id 21
2020/03/09 16:01:07 416773	WARNING [visualOdometry.cpp->trackingFrame2Frame:187]	The Estimated Rotation and translation matrices(using getTransformation function) are : 
           1 -7.55265e-05  9.47118e-05 -0.000236258
 7.55414e-05            1 -0.000107661 -0.000552118
-9.47416e-05  0.000107674            1 -0.000250101
           0            0            0            1
2020/03/09 16:01:07 418909	INFO [input.cpp->run:235]	rotation: 
[1, -7.552653551101685e-05, 9.47117805480957e-05;
 7.554143667221069e-05, 1, -0.0001076608896255493;
 -9.47415828704834e-05, 0.0001076739281415939, 1]
2020/03/09 16:01:07 418961	INFO [input.cpp->run:258]	frame times (ms): 726.916
2020/03/09 16:01:07 418964	INFO [input.cpp->run:259]	FPS: 1.37567
2020/03/09 16:01:07 488888	INFO [input.cpp->run:173]	
frame_id 22
2020/03/09 16:01:07 554783	WARNING [visualOdometry.cpp->trackingFrame2Frame:187]	The Estimated Rotation and translation matrices(using getTransformation function) are : 
           1  0.000101298  0.000246733  2.44677e-05
-0.000101276            1 -6.55241e-05  -0.00028801
-0.000246763  6.54794e-05            1 -0.000164151
           0            0            0            1
2020/03/09 16:01:07 556801	INFO [input.cpp->run:235]	rotation: 
[1, 0.0001012980937957764, 0.0002467334270477295;
 -0.0001012757420539856, 1.000000238418579, -6.552413105964661e-05;
 -0.0002467632293701172, 6.547942757606506e-05, 1.00000011920929]
2020/03/09 16:01:07 556861	INFO [input.cpp->run:258]	frame times (ms): 741.979
2020/03/09 16:01:07 556866	INFO [input.cpp->run:259]	FPS: 1.34775
2020/03/09 16:01:07 625845	INFO [input.cpp->run:173]	
frame_id 23
2020/03/09 16:01:07 690593	WARNING [visualOdometry.cpp->trackingFrame2Frame:187]	The Estimated Rotation and translation matrices(using getTransformation function) are : 
           1 -1.21444e-05 -0.000231177 -0.000565201
 1.22488e-05            1  0.000332415  1.67489e-05
 0.000231028 -0.000332445            1 -0.000293374
           0            0            0            1
2020/03/09 16:01:07 692677	INFO [input.cpp->run:235]	rotation: 
[1, -1.214444637298584e-05, -0.0002311766147613525;
 1.224875450134277e-05, 1.00000011920929, 0.0003324151039123535;
 0.0002310276031494141, -0.0003324449062347412, 0.9999998807907104]
2020/03/09 16:01:07 692730	INFO [input.cpp->run:258]	frame times (ms): 733.849
2020/03/09 16:01:07 692734	INFO [input.cpp->run:259]	FPS: 1.36268
2020/03/09 16:01:07 758707	INFO [input.cpp->run:173]	
frame_id 24
2020/03/09 16:01:07 817622	WARNING [visualOdometry.cpp->trackingFrame2Frame:187]	The Estimated Rotation and translation matrices(using getTransformation function) are : 
           1 -0.000115246  3.08454e-06 -0.000451416
 0.000115246            1  2.74926e-05 -0.000269175
-3.18885e-06 -2.74777e-05            1 -0.000240088
           0            0            0            1
2020/03/09 16:01:07 819921	INFO [input.cpp->run:235]	rotation: 
[1.00000011920929, -0.0001152455806732178, 3.084540367126465e-06;
 0.0001152455806732178, 1, 2.749264240264893e-05;
 -3.188848495483398e-06, -2.747774124145508e-05, 1.000000238418579]
2020/03/09 16:01:07 819973	INFO [input.cpp->run:258]	frame times (ms): 731.683
2020/03/09 16:01:07 819979	INFO [input.cpp->run:259]	FPS: 1.36671
2020/03/09 16:01:07 890142	INFO [input.cpp->run:173]	
frame_id 25
2020/03/09 16:01:07 952204	WARNING [visualOdometry.cpp->trackingFrame2Frame:187]	The Estimated Rotation and translation matrices(using getTransformation function) are : 
           1  1.61529e-05   0.00010821 -0.000357494
-1.63019e-05            1 -7.79033e-05 -0.000139356
-0.000108199  7.78921e-05            1 -0.000130415
           0            0            0            1
2020/03/09 16:01:07 956702	INFO [input.cpp->run:235]	rotation: 
[1, 1.615285873413086e-05, 0.0001082103699445724;
 -1.630187034606934e-05, 1, -7.790327072143555e-05;
 -0.0001081991940736771, 7.789209485054016e-05, 0.9999999403953552]
2020/03/09 16:01:07 956756	INFO [input.cpp->run:258]	frame times (ms): 736.059
2020/03/09 16:01:07 956760	INFO [input.cpp->run:259]	FPS: 1.35859
2020/03/09 16:01:08 026909	INFO [input.cpp->run:173]	
frame_id 26
2020/03/09 16:01:08 087310	WARNING [visualOdometry.cpp->trackingFrame2Frame:187]	The Estimated Rotation and translation matrices(using getTransformation function) are : 
           1  6.25849e-05  0.000174657 -0.000354365
-6.24657e-05            1 -0.000135601 -0.000341892
-0.000174671  0.000135578            1  -0.00011903
           0            0            0            1
2020/03/09 16:01:08 089301	INFO [input.cpp->run:235]	rotation: 
[1.00000011920929, 6.258487701416016e-05, 0.0001746565103530884;
 -6.246566772460938e-05, 1, -0.0001356005668640137;
 -0.0001746714115142822, 0.0001355782151222229, 1.000000238418579]
2020/03/09 16:01:08 089355	INFO [input.cpp->run:258]	frame times (ms): 734.402
2020/03/09 16:01:08 089360	INFO [input.cpp->run:259]	FPS: 1.36165
2020/03/09 16:01:08 158358	INFO [input.cpp->run:173]	
frame_id 27
2020/03/09 16:01:08 224396	WARNING [visualOdometry.cpp->trackingFrame2Frame:187]	The Estimated Rotation and translation matrices(using getTransformation function) are : 
           1 -0.000148505  -0.00010046 -0.000607446
 0.000148356            1  3.74392e-05 -0.000142664
 0.000100465 -3.74503e-05            1 -0.000201166
           0            0            0            1
2020/03/09 16:01:08 226314	INFO [input.cpp->run:235]	rotation: 
[1, -0.0001485049724578857, -0.0001004599034786224;
 0.0001483559608459473, 1, 3.743916749954224e-05;
 0.0001004654914140701, -3.745034337043762e-05, 0.9999999403953552]
2020/03/09 16:01:08 226364	INFO [input.cpp->run:258]	frame times (ms): 742.705
2020/03/09 16:01:08 226368	INFO [input.cpp->run:259]	FPS: 1.34643
2020/03/09 16:01:08 293323	INFO [input.cpp->run:173]	
frame_id 28
2020/03/09 16:01:08 353913	WARNING [visualOdometry.cpp->trackingFrame2Frame:187]	The Estimated Rotation and translation matrices(using getTransformation function) are : 
           1 -3.39746e-05  8.26288e-05 -0.000512004
 3.41237e-05            1 -0.000137962 -0.000356227
-8.26493e-05  0.000137977            1 -0.000186384
           0            0            0            1
2020/03/09 16:01:08 355846	INFO [input.cpp->run:235]	rotation: 
[0.9999998807907104, -3.397464752197266e-05, 8.262880146503448e-05;
 3.412365913391113e-05, 1, -0.0001379624009132385;
 -8.264929056167603e-05, 0.0001379773020744324, 1.00000011920929]
2020/03/09 16:01:08 355902	INFO [input.cpp->run:258]	frame times (ms): 740.085
2020/03/09 16:01:08 355907	INFO [input.cpp->run:259]	FPS: 1.3512
2020/03/09 16:01:08 367826	INFO [input.cpp->run:173]	
frame_id 29
2020/03/09 16:01:08 429266	WARNING [visualOdometry.cpp->trackingFrame2Frame:187]	The Estimated Rotation and translation matrices(using getTransformation function) are : 
           1  2.21133e-05  0.000232197 -0.000478864
-2.22325e-05            1 -3.47383e-05  5.48363e-05
 -0.00023222  3.47346e-05            1 -0.000201285
           0            0            0            1
2020/03/09 16:01:08 431195	INFO [input.cpp->run:235]	rotation: 
[0.9999998807907104, 2.211332321166992e-05, 0.0002321973443031311;
 -2.22325325012207e-05, 1, -3.473833203315735e-05;
 -0.0002322196960449219, 3.473460674285889e-05, 1]
2020/03/09 16:01:08 431267	INFO [input.cpp->run:258]	frame times (ms): 725.637
2020/03/09 16:01:08 431272	INFO [input.cpp->run:259]	FPS: 1.3781
2020/03/09 16:01:08 557621	INFO [input.cpp->run:173]	
frame_id 30
2020/03/09 16:01:08 621309	WARNING [visualOdometry.cpp->trackingFrame2Frame:187]	The Estimated Rotation and translation matrices(using getTransformation function) are : 
           1  2.53022e-05  0.000412837 -0.000326663
-2.52426e-05            1 -0.000189373 -0.000116497
-0.000412896  0.000189357            1 -0.000140667
           0            0            0            1
2020/03/09 16:01:08 623794	INFO [input.cpp->run:235]	rotation: 
[1.00000011920929, 2.530217170715332e-05, 0.0004128366708755493;
 -2.524256706237793e-05, 1.000000238418579, -0.0001893732696771622;
 -0.0004128962755203247, 0.0001893565058708191, 1.00000011920929]
2020/03/09 16:01:08 623848	INFO [input.cpp->run:258]	frame times (ms): 728.551
2020/03/09 16:01:08 623852	INFO [input.cpp->run:259]	FPS: 1.37259
2020/03/09 16:01:08 632403	INFO [input.cpp->run:173]	
frame_id 31
2020/03/09 16:01:08 699366	WARNING [visualOdometry.cpp->trackingFrame2Frame:187]	The Estimated Rotation and translation matrices(using getTransformation function) are : 
           1 -0.000128567  7.53105e-05 -0.000666887
 0.000128523            1 -3.22163e-05  0.000118315
 -7.5385e-05  3.22051e-05            1 -0.000230193
           0            0            0            1
2020/03/09 16:01:08 701392	INFO [input.cpp->run:235]	rotation: 
[0.9999998211860657, -0.0001285672187805176, 7.531046867370605e-05;
 0.000128522515296936, 0.9999999403953552, -3.221631050109863e-05;
 -7.538497447967529e-05, 3.220513463020325e-05, 1.00000011920929]
2020/03/09 16:01:08 701440	INFO [input.cpp->run:258]	frame times (ms): 753.904
2020/03/09 16:01:08 701442	INFO [input.cpp->run:259]	FPS: 1.32643
2020/03/09 16:01:08 824868	INFO [input.cpp->run:173]	
frame_id 32
2020/03/09 16:01:08 893245	WARNING [visualOdometry.cpp->trackingFrame2Frame:187]	The Estimated Rotation and translation matrices(using getTransformation function) are : 
           1 -0.000151873  0.000144047 -0.000579447
 0.000151992            1 -8.63234e-05  0.000177056
 -0.00014405  8.63578e-05            1 -0.000206232
           0            0            0            1
2020/03/09 16:01:08 895335	INFO [input.cpp->run:235]	rotation: 
[1, -0.0001518726348876953, 0.0001440473133698106;
 0.0001519918441772461, 1, -8.632335811853409e-05;
 -0.0001440499909222126, 8.635781705379486e-05, 1.00000011920929]
2020/03/09 16:01:08 895389	INFO [input.cpp->run:258]	frame times (ms): 728.228
2020/03/09 16:01:08 895395	INFO [input.cpp->run:259]	FPS: 1.3732
2020/03/09 16:01:08 959910	INFO [input.cpp->run:173]	
frame_id 33
2020/03/09 16:01:09 018701	WARNING [visualOdometry.cpp->trackingFrame2Frame:187]	The Estimated Rotation and translation matrices(using getTransformation function) are : 
           1 -0.000313878 -0.000168264 -0.000891954
 0.000313818            1  0.000129621  0.000590742
 0.000168216 -0.000129672            1 -0.000181377
           0            0            0            1
2020/03/09 16:01:09 020656	INFO [input.cpp->run:235]	rotation: 
[1, -0.000313878059387207, -0.000168264377862215;
 0.0003138184547424316, 1, 0.0001296214759349823;
 0.0001682164147496223, -0.0001296717673540115, 1.00000011920929]
2020/03/09 16:01:09 020707	INFO [input.cpp->run:258]	frame times (ms): 717.148
2020/03/09 16:01:09 020712	INFO [input.cpp->run:259]	FPS: 1.39441
2020/03/09 16:01:09 092696	INFO [input.cpp->run:173]	
frame_id 34
2020/03/09 16:01:09 154691	WARNING [visualOdometry.cpp->trackingFrame2Frame:187]	The Estimated Rotation and translation matrices(using getTransformation function) are : 
           1 -0.000327617  0.000180529 -0.000631273
 0.000327617            1  1.45435e-05   0.00062719
 -0.00018052 -1.44895e-05            1 -0.000188828
           0            0            0            1
2020/03/09 16:01:09 156765	INFO [input.cpp->run:235]	rotation: 
[1, -0.0003276169300079346, 0.0001805294305086136;
 0.0003276169300079346, 1, 1.454353332519531e-05;
 -0.0001805201172828674, -1.448951661586761e-05, 0.9999999403953552]
2020/03/09 16:01:09 156819	INFO [input.cpp->run:258]	frame times (ms): 701.821
2020/03/09 16:01:09 156824	INFO [input.cpp->run:259]	FPS: 1.42486
2020/03/09 16:01:09 225828	INFO [input.cpp->run:173]	
frame_id 35
2020/03/09 16:01:09 289735	WARNING [visualOdometry.cpp->trackingFrame2Frame:187]	The Estimated Rotation and translation matrices(using getTransformation function) are : 
           1 -0.000334829  0.000359192 -0.000471696
 0.000334829            1  1.18874e-05  0.000383526
-0.000359222 -1.17645e-05            1 -0.000291228
           0            0            0            1
2020/03/09 16:01:09 291790	INFO [input.cpp->run:235]	rotation: 
[0.9999996423721313, -0.0003348290920257568, 0.0003591924905776978;
 0.0003348290920257568, 0.9999996423721313, 1.188740134239197e-05;
 -0.0003592222929000854, -1.176446676254272e-05, 0.9999998807907104]
2020/03/09 16:01:09 291845	INFO [input.cpp->run:258]	frame times (ms): 736.498
2020/03/09 16:01:09 291849	INFO [input.cpp->run:259]	FPS: 1.35778
2020/03/09 16:01:09 302137	INFO [input.cpp->run:173]	
frame_id 36
2020/03/09 16:01:09 360264	WARNING [visualOdometry.cpp->trackingFrame2Frame:187]	The Estimated Rotation and translation matrices(using getTransformation function) are : 
           1 -0.000414193  0.000329275 -0.000584915
 0.000414252            1 -0.000454791  0.000411868
-0.000329085  0.000454865            1 -6.92606e-05
           0            0            0            1
2020/03/09 16:01:09 362426	INFO [input.cpp->run:235]	rotation: 
[1, -0.0004141926765441895, 0.0003292746841907501;
 0.0004142522811889648, 0.9999998807907104, -0.0004547908902168274;
 -0.0003290846943855286, 0.0004548653960227966, 1.00000011920929]
2020/03/09 16:01:09 362486	INFO [input.cpp->run:258]	frame times (ms): 734.097
2020/03/09 16:01:09 362490	INFO [input.cpp->run:259]	FPS: 1.36222
2020/03/09 16:01:09 491405	INFO [input.cpp->run:173]	
frame_id 37
2020/03/09 16:01:09 555146	WARNING [visualOdometry.cpp->trackingFrame2Frame:187]	The Estimated Rotation and translation matrices(using getTransformation function) are : 
           1 -0.000182435  0.000297606 -0.000517517
 0.000182629            1 -0.000500005  0.000545651
-0.000297487  0.000500113            1 -5.87702e-05
           0            0            0            1
2020/03/09 16:01:09 557586	INFO [input.cpp->run:235]	rotation: 
[1.000000238418579, -0.0001824349164962769, 0.0002976059913635254;
 0.0001826286315917969, 0.9999998807907104, -0.0005000047385692596;
 -0.0002974867820739746, 0.000500112771987915, 1]
2020/03/09 16:01:09 557640	INFO [input.cpp->run:258]	frame times (ms): 741.872
2020/03/09 16:01:09 557647	INFO [input.cpp->run:259]	FPS: 1.34794
2020/03/09 16:01:09 567267	INFO [input.cpp->run:173]	
frame_id 38
2020/03/09 16:01:09 627198	WARNING [visualOdometry.cpp->trackingFrame2Frame:187]	The Estimated Rotation and translation matrices(using getTransformation function) are : 
           1 -0.000460237   8.1636e-05 -0.000764355
 0.000460416            1 -0.000308461  0.000958055
-8.14721e-05  0.000308499            1 -3.74317e-05
           0            0            0            1
2020/03/09 16:01:09 629105	INFO [input.cpp->run:235]	rotation: 
[1, -0.0004602372646331787, 8.163601160049438e-05;
 0.0004604160785675049, 0.9999999403953552, -0.0003084614872932434;
 -8.147209882736206e-05, 0.000308498740196228, 1.00000011920929]
2020/03/09 16:01:09 629157	INFO [input.cpp->run:258]	frame times (ms): 713.006
2020/03/09 16:01:09 629161	INFO [input.cpp->run:259]	FPS: 1.40251
2020/03/09 16:01:09 758769	INFO [input.cpp->run:173]	
frame_id 39
2020/03/09 16:01:09 822042	WARNING [visualOdometry.cpp->trackingFrame2Frame:187]	The Estimated Rotation and translation matrices(using getTransformation function) are : 
           1 -0.000445932  0.000218399  -0.00062713
 0.000445992            1 -0.000463188   0.00093165
-0.000218228  0.000463247            1  5.76377e-05
           0            0            0            1
2020/03/09 16:01:09 824393	INFO [input.cpp->run:235]	rotation: 
[0.9999999403953552, -0.000445932149887085, 0.0002183988690376282;
 0.0004459917545318604, 0.9999997615814209, -0.0004631876945495605;
 -0.0002182275056838989, 0.0004632472991943359, 1.00000011920929]
2020/03/09 16:01:09 824447	INFO [input.cpp->run:258]	frame times (ms): 730.236
2020/03/09 16:01:09 824452	INFO [input.cpp->run:259]	FPS: 1.36942
2020/03/09 16:01:09 833303	INFO [input.cpp->run:173]	
frame_id 40
2020/03/09 16:01:09 897000	WARNING [visualOdometry.cpp->trackingFrame2Frame:187]	The Estimated Rotation and translation matrices(using getTransformation function) are : 
           1  -0.00043425   0.00037336 -0.000412896
 0.000434309            1 -0.000465609  0.000907928
-0.000373166  0.000465754            1 -7.33137e-05
           0            0            0            1
2020/03/09 16:01:09 899008	INFO [input.cpp->run:235]	rotation: 
[1.00000011920929, -0.0004342496395111084, 0.0003733597695827484;
 0.0004343092441558838, 0.9999998807907104, -0.0004656091332435608;
 -0.0003731660544872284, 0.0004657544195652008, 1]
2020/03/09 16:01:09 899060	INFO [input.cpp->run:258]	frame times (ms): 715.555
2020/03/09 16:01:09 899067	INFO [input.cpp->run:259]	FPS: 1.39752
2020/03/09 16:01:10 024834	INFO [input.cpp->run:173]	
frame_id 41
2020/03/09 16:01:10 091942	WARNING [visualOdometry.cpp->trackingFrame2Frame:187]	The Estimated Rotation and translation matrices(using getTransformation function) are : 
           1 -0.000537917  0.000283673 -0.000496581
 0.000538215     0.999999 -0.000952572  0.000616044
-0.000283241  0.000952929            1  4.55976e-05
           0            0            0            1
2020/03/09 16:01:10 093936	INFO [input.cpp->run:235]	rotation: 
[1.00000011920929, -0.0005379170179367065, 0.0002836734056472778;
 0.0005382150411605835, 0.9999994039535522, -0.0009525716304779053;
 -0.0002832412719726562, 0.0009529292583465576, 0.9999996423721313]
2020/03/09 16:01:10 093993	INFO [input.cpp->run:258]	frame times (ms): 729.044
2020/03/09 16:01:10 093997	INFO [input.cpp->run:259]	FPS: 1.37166
2020/03/09 16:01:10 102523	INFO [input.cpp->run:173]	
frame_id 42
2020/03/09 16:01:10 161856	WARNING [visualOdometry.cpp->trackingFrame2Frame:187]	The Estimated Rotation and translation matrices(using getTransformation function) are : 
           1 -0.000341147  0.000630001 -0.000201508
 0.000341356            1 -0.000174372   0.00130314
-0.000629937  0.000174597            1 -0.000246167
           0            0            0            1
2020/03/09 16:01:10 163856	INFO [input.cpp->run:235]	rotation: 
[0.9999997615814209, -0.0003411471843719482, 0.0006300006061792374;
 0.0003413558006286621, 1, -0.000174371525645256;
 -0.0006299372762441635, 0.000174596905708313, 0.9999997019767761]
2020/03/09 16:01:10 163919	INFO [input.cpp->run:258]	frame times (ms): 729.652
2020/03/09 16:01:10 163923	INFO [input.cpp->run:259]	FPS: 1.37052
2020/03/09 16:01:10 291889	INFO [input.cpp->run:173]	
frame_id 43
2020/03/09 16:01:10 353304	WARNING [visualOdometry.cpp->trackingFrame2Frame:187]	The Estimated Rotation and translation matrices(using getTransformation function) are : 
           1 -0.000494167 -1.42157e-05 -0.000678062
 0.000493988            1 -0.000973642  0.000900447
 1.47372e-05  0.000973523            1  0.000212848
           0            0            0            1
2020/03/09 16:01:10 355241	INFO [input.cpp->run:235]	rotation: 
[0.9999997019767761, -0.0004941672086715698, -1.421570777893066e-05;
 0.0004939883947372437, 0.9999995231628418, -0.0009736418724060059;
 1.473724842071533e-05, 0.0009735226631164551, 0.9999995231628418]
2020/03/09 16:01:10 355294	INFO [input.cpp->run:258]	frame times (ms): 728.902
2020/03/09 16:01:10 355298	INFO [input.cpp->run:259]	FPS: 1.37193
2020/03/09 16:01:10 366468	INFO [input.cpp->run:173]	
frame_id 44
2020/03/09 16:01:10 430365	WARNING [visualOdometry.cpp->trackingFrame2Frame:187]	The Estimated Rotation and translation matrices(using getTransformation function) are : 
           1  0.000112951  2.36928e-05 -0.000514656
-0.000112861            1 -0.000354655   0.00140944
-2.35736e-05  0.000354648            1 -8.66652e-05
           0            0            0            1
2020/03/09 16:01:10 432320	INFO [input.cpp->run:235]	rotation: 
[1.000000238418579, 0.0001129508018493652, 2.369284629821777e-05;
 -0.0001128613948822021, 0.9999998211860657, -0.0003546550869941711;
 -2.357363700866699e-05, 0.0003546476364135742, 0.9999998807907104]
2020/03/09 16:01:10 432379	INFO [input.cpp->run:258]	frame times (ms): 725.733
2020/03/09 16:01:10 432384	INFO [input.cpp->run:259]	FPS: 1.37792
2020/03/09 16:01:10 558916	INFO [input.cpp->run:173]	
frame_id 45
2020/03/09 16:01:10 625500	WARNING [visualOdometry.cpp->trackingFrame2Frame:187]	The Estimated Rotation and translation matrices(using getTransformation function) are : 
           1 -0.000109613  0.000344411 -0.000200644
 0.000109732            1  8.02111e-05   0.00164944
-0.000344428 -8.01589e-05            1 -0.000248015
           0            0            0            1
2020/03/09 16:01:10 627642	INFO [input.cpp->run:235]	rotation: 
[0.9999999403953552, -0.0001096129417419434, 0.0003444114699959755;
 0.0001097321510314941, 1.00000011920929, 8.02110880613327e-05;
 -0.0003444282338023186, -8.015893399715424e-05, 1]
2020/03/09 16:01:10 627700	INFO [input.cpp->run:258]	frame times (ms): 730.002
2020/03/09 16:01:10 627704	INFO [input.cpp->run:259]	FPS: 1.36986
2020/03/09 16:01:10 691889	INFO [input.cpp->run:173]	
frame_id 46
2020/03/09 16:01:10 757764	WARNING [visualOdometry.cpp->trackingFrame2Frame:187]	The Estimated Rotation and translation matrices(using getTransformation function) are : 
           1 -8.39829e-05  -0.00010532 -0.000521213
 8.40127e-05            1  8.20532e-05   0.00178066
 0.000105323 -8.20719e-05            1 -0.000150263
           0            0            0            1
2020/03/09 16:01:10 759804	INFO [input.cpp->run:235]	rotation: 
[0.9999998807907104, -8.398294448852539e-05, -0.000105319544672966;
 8.401274681091309e-05, 0.9999999403953552, 8.205324411392212e-05;
 0.0001053232699632645, -8.207187056541443e-05, 0.9999998807907104]
2020/03/09 16:01:10 759876	INFO [input.cpp->run:258]	frame times (ms): 723.03
2020/03/09 16:01:10 759883	INFO [input.cpp->run:259]	FPS: 1.38307
2020/03/09 16:01:10 768401	INFO [input.cpp->run:173]	
frame_id 47
2020/03/09 16:01:10 828788	WARNING [visualOdometry.cpp->trackingFrame2Frame:187]	The Estimated Rotation and translation matrices(using getTransformation function) are : 
           1  0.000155866  0.000583284  6.82324e-05
-0.000155479            1 -0.000755519   0.00128469
-0.000583418  0.000755399            1 -6.52671e-05
           0            0            0            1
