		g3log created log at: Sun Mar 08 16:05:12 2020
		LOG format: [YYYY/MM/DD hh:mm:ss uuu* LEVEL FILE->FUNCTION:LINE] message		(uuu*: microseconds fractions of the seconds value)

2020/03/08 16:05:12 253674	INFO [g3logger.h->logBanner:29]	Starting log.
2020/03/08 16:05:12 258283	DEBUG [main.cpp->main:49]	Filepath: /home/mitchell/KITTI/data_odometry_gray/dataset/sequences/00/
2020/03/08 16:05:12 258289	DEBUG [main.cpp->main:53]	Calibration Filepath: /home/mitchell/visual_odom_ws/src/visual_odom/calibration/old/zed.yaml
2020/03/08 16:05:12 258369	INFO [main.cpp->main:67]	P_left: 
[718.85602, 0, 607.19281, 0;
 0, 718.85602, 185.2157, 0;
 0, 0, 1, 0]
2020/03/08 16:05:12 258378	INFO [main.cpp->main:68]	P_right: 
[718.85602, 0, 607.19281, -386.14481;
 0, 718.85602, 185.2157, 0;
 0, 0, 1, 0]
2020/03/08 16:05:12 305507	INFO [input.cpp->Input:22]	frame_pose [1, 0, 0, 0;
 0, 1, 0, 0;
 0, 0, 1, 0;
 0, 0, 0, 1]
2020/03/08 16:05:12 573689	INFO [input.cpp->run:173]	
frame_id 1
2020/03/08 16:05:12 678587	INFO [input.cpp->run:235]	rotation: 
[0.9999976737398976, 0.002066947710949816, 0.0006166376193609514;
 -0.002070190902821781, 0.9999837800096565, 0.005306036866135486;
 -0.0006056603167500457, -0.005307301080503561, 0.9999857327636338]
2020/03/08 16:05:12 678639	INFO [input.cpp->run:256]	frame times (ms): 127.606
2020/03/08 16:05:12 678642	INFO [input.cpp->run:257]	FPS: 7.83662
2020/03/08 16:05:12 691451	INFO [input.cpp->run:173]	
frame_id 2
2020/03/08 16:05:12 722825	INFO [input.cpp->run:235]	rotation: 
[0.9999969594125938, 0.002198073900646376, -0.001117871501758684;
 -0.002192008063493889, 0.999983023776902, 0.005398820116785218;
 0.001129719530115666, -0.005396353317854958, 0.9999848014368279]
2020/03/08 16:05:12 722855	INFO [input.cpp->run:256]	frame times (ms): 47.276
2020/03/08 16:05:12 722857	INFO [input.cpp->run:257]	FPS: 21.1524
2020/03/08 16:05:12 726273	INFO [input.cpp->run:173]	
frame_id 3
2020/03/08 16:05:12 755910	INFO [input.cpp->run:235]	rotation: 
[0.999996807865188, 0.001429811826036295, -0.002083242083033209;
 -0.001419978074477763, 0.99998787961223, 0.004714264619648321;
 0.002089957344635581, -0.004711291412998379, 0.9999867178175516]
2020/03/08 16:05:12 755934	INFO [input.cpp->run:256]	frame times (ms): 43.592
2020/03/08 16:05:12 755936	INFO [input.cpp->run:257]	FPS: 22.94
2020/03/08 16:05:12 765530	INFO [input.cpp->run:173]	
frame_id 4
2020/03/08 16:05:12 795278	INFO [input.cpp->run:235]	rotation: 
[0.9999921058467358, 0.003610577286482478, 0.001658908035170119;
 -0.003621874080871942, 0.9999699244737371, 0.006858000884420862;
 -0.001634096800413973, -0.006863955102325927, 0.9999751076141846]
2020/03/08 16:05:12 795315	INFO [input.cpp->run:256]	frame times (ms): 43.677
2020/03/08 16:05:12 795319	INFO [input.cpp->run:257]	FPS: 22.8953
2020/03/08 16:05:12 831859	INFO [input.cpp->run:173]	
frame_id 5
2020/03/08 16:05:12 862983	INFO [input.cpp->run:235]	rotation: 
[0.999999765256726, 0.0004389671751699822, -0.0005261124518860489;
 -0.000441048216956511, 0.9999920542207132, -0.003961940422132085;
 0.000524369109717331, 0.003962171533052042, 0.9999920130849943]
2020/03/08 16:05:12 863018	INFO [input.cpp->run:256]	frame times (ms): 45.309
2020/03/08 16:05:12 863021	INFO [input.cpp->run:257]	FPS: 22.0707
2020/03/08 16:05:12 898718	INFO [input.cpp->run:173]	
frame_id 6
2020/03/08 16:05:12 929420	INFO [input.cpp->run:235]	rotation: 
[0.9999421315939806, 0.008475247651983698, 0.006625982230881219;
 -0.008569872691981357, 0.9998597990591062, 0.01438539215756761;
 -0.006503133500831815, -0.01444134352203147, 0.9998745705597023]
2020/03/08 16:05:12 929451	INFO [input.cpp->run:256]	frame times (ms): 44.001
2020/03/08 16:05:12 929454	INFO [input.cpp->run:257]	FPS: 22.7268
2020/03/08 16:05:12 965365	INFO [input.cpp->run:173]	
frame_id 7
2020/03/08 16:05:12 994204	INFO [input.cpp->run:235]	rotation: 
[0.9999958450848963, 0.00217585503052333, -0.001890890750519345;
 -0.002196654125971296, 0.9999363343319788, -0.0110680618617697;
 0.001866687867616483, 0.01107216950788119, 0.9999369592823307]
2020/03/08 16:05:12 994245	INFO [input.cpp->run:256]	frame times (ms): 42.734
2020/03/08 16:05:12 994247	INFO [input.cpp->run:257]	FPS: 23.4006
2020/03/08 16:05:13 032175	INFO [input.cpp->run:173]	
frame_id 8
2020/03/08 16:05:13 063225	INFO [input.cpp->run:235]	rotation: 
[0.9999962709114295, 0.002568540903622949, -0.0009277719878215808;
 -0.002562606720089776, 0.9999766076438196, 0.006341704183952068;
 0.000944039211643945, -0.006339303020444776, 0.9999794608026616]
2020/03/08 16:05:13 063257	INFO [input.cpp->run:256]	frame times (ms): 47.602
2020/03/08 16:05:13 063259	INFO [input.cpp->run:257]	FPS: 21.0075
2020/03/08 16:05:13 098519	INFO [input.cpp->run:173]	
frame_id 9
2020/03/08 16:05:13 134199	INFO [input.cpp->run:235]	rotation: 
[0.9998914264508501, 0.009548136361625489, 0.0112235645899208;
 -0.009701893716395342, 0.9998587272775411, 0.01372584224196906;
 -0.01109092279299101, -0.01383324180933229, 0.9998428040710422]
2020/03/08 16:05:13 134224	INFO [input.cpp->run:256]	frame times (ms): 53.966
2020/03/08 16:05:13 134226	INFO [input.cpp->run:257]	FPS: 18.5302
2020/03/08 16:05:13 164987	INFO [input.cpp->run:173]	
frame_id 10
2020/03/08 16:05:13 193468	INFO [input.cpp->run:235]	rotation: 
[0.9999989984454779, 0.001202184631631047, -0.0007469003632165789;
 -0.001203261437769765, 0.999998235060061, -0.001442927120576981;
 0.0007451643801733762, 0.001443824391811713, 0.9999986800497149]
2020/03/08 16:05:13 193496	INFO [input.cpp->run:256]	frame times (ms): 43.271
2020/03/08 16:05:13 193499	INFO [input.cpp->run:257]	FPS: 23.1102
2020/03/08 16:05:13 231861	INFO [input.cpp->run:173]	
frame_id 11
2020/03/08 16:05:13 263771	INFO [input.cpp->run:235]	rotation: 
[0.9999999770000081, 0.0002021190240816497, -7.174875224034886e-05;
 -0.0002023375101925209, 0.9999953028497437, -0.003058322739896555;
 7.113027001816429e-05, 0.003058337187019044, 0.9999953207461199]
2020/03/08 16:05:13 263799	INFO [input.cpp->run:256]	frame times (ms): 47.712
2020/03/08 16:05:13 263801	INFO [input.cpp->run:257]	FPS: 20.9591
2020/03/08 16:05:13 298406	INFO [input.cpp->run:173]	
frame_id 12
2020/03/08 16:05:13 327258	INFO [input.cpp->run:235]	rotation: 
[0.9999954512206074, 0.002986667460193865, -0.0004211360539463261;
 -0.002983747142337131, 0.9999726155474581, 0.006772400472958256;
 0.0004413514294860291, -0.00677111310330505, 0.9999769783531308]
2020/03/08 16:05:13 327286	INFO [input.cpp->run:256]	frame times (ms): 43.248
2020/03/08 16:05:13 327288	INFO [input.cpp->run:257]	FPS: 23.1225
2020/03/08 16:05:13 364897	INFO [input.cpp->run:173]	
frame_id 13
2020/03/08 16:05:13 395283	INFO [input.cpp->run:235]	rotation: 
[0.999988949228799, 0.004559731563372061, -0.00114466953855413;
 -0.004545423058498597, 0.9999151716359896, 0.01220609115928386;
 0.001200228937234225, -0.0122007532652483, 0.9999248477111962]
2020/03/08 16:05:13 395316	INFO [input.cpp->run:256]	frame times (ms): 44.68
2020/03/08 16:05:13 395318	INFO [input.cpp->run:257]	FPS: 22.3814
2020/03/08 16:05:13 431698	INFO [input.cpp->run:173]	
frame_id 14
2020/03/08 16:05:13 462841	INFO [input.cpp->run:235]	rotation: 
[0.9999902014621949, 0.004409989589848357, -0.0003859681545468416;
 -0.004404920260779132, 0.9999149654840664, 0.01227430154812996;
 0.0004400648759815666, -0.01227248111897823, 0.9999245934319694]
2020/03/08 16:05:13 462873	INFO [input.cpp->run:256]	frame times (ms): 46.294
2020/03/08 16:05:13 462875	INFO [input.cpp->run:257]	FPS: 21.6011
2020/03/08 16:05:13 498279	INFO [input.cpp->run:173]	
frame_id 15
2020/03/08 16:05:13 526261	INFO [input.cpp->run:235]	rotation: 
[0.9999970349908451, 0.002254856917998106, -0.000919581316547819;
 -0.00224953275851428, 0.9999809367937491, 0.005750274033846697;
 0.0009325298315651213, -0.005748188355935852, 0.9999830442156197]
2020/03/08 16:05:13 526290	INFO [input.cpp->run:256]	frame times (ms): 42.91
2020/03/08 16:05:13 526292	INFO [input.cpp->run:257]	FPS: 23.3046
2020/03/08 16:05:13 565162	INFO [input.cpp->run:173]	
frame_id 16
2020/03/08 16:05:13 596942	INFO [input.cpp->run:235]	rotation: 
[0.9999989083139156, 0.001421520824360516, -0.0004032983050767825;
 -0.001420623645041561, 0.9999965350545877, 0.002216237188971851;
 0.0004064473349860163, -0.002215661834428354, 0.999997462818381]
2020/03/08 16:05:13 596966	INFO [input.cpp->run:256]	frame times (ms): 48.323
2020/03/08 16:05:13 596968	INFO [input.cpp->run:257]	FPS: 20.6941
2020/03/08 16:05:13 631584	INFO [input.cpp->run:173]	
frame_id 17
2020/03/08 16:05:13 660492	INFO [input.cpp->run:235]	rotation: 
[0.999987330769844, 0.003796505764282452, 0.003305275145022121;
 -0.003816031121620379, 0.9999751883162149, 0.00592120413677264;
 -0.00328271324994365, -0.005933742152493554, 0.9999770069845538]
2020/03/08 16:05:13 660520	INFO [input.cpp->run:256]	frame times (ms): 43.793
2020/03/08 16:05:13 660522	INFO [input.cpp->run:257]	FPS: 22.8347
2020/03/08 16:05:13 736053	INFO [input.cpp->run:173]	
frame_id 18
2020/03/08 16:05:13 793289	INFO [input.cpp->run:235]	rotation: 
[0.9999166523071222, 0.00837633882771632, 0.009824733419328852;
 -0.00847747604092379, 0.9999110370925577, 0.01029807265760709;
 -0.009737599236626465, -0.01038050327918081, 0.9998987070262556]
2020/03/08 16:05:13 793315	INFO [input.cpp->run:256]	frame times (ms): 83.954
2020/03/08 16:05:13 793317	INFO [input.cpp->run:257]	FPS: 11.9113
2020/03/08 16:05:13 801956	INFO [input.cpp->run:173]	
frame_id 19
2020/03/08 16:05:13 830110	INFO [input.cpp->run:235]	rotation: 
[0.9999943758438985, 0.002867551544036457, -0.001739375955374671;
 -0.002852047375634199, 0.9999567568385662, 0.008851569276898093;
 0.001764683070406554, -0.008846558711661968, 0.9999593113185267]
2020/03/08 16:05:13 830137	INFO [input.cpp->run:256]	frame times (ms): 43.518
2020/03/08 16:05:13 830139	INFO [input.cpp->run:257]	FPS: 22.979
2020/03/08 16:05:13 867270	INFO [input.cpp->run:173]	
frame_id 20
2020/03/08 16:05:13 895001	INFO [input.cpp->run:235]	rotation: 
[0.9999989161746947, 0.001027198894040538, -0.001054756781382073;
 -0.001024952765488853, 0.9999972108386748, 0.002127859652212582;
 0.001056939574576677, -0.002126776270104449, 0.9999971798467396]
2020/03/08 16:05:13 895026	INFO [input.cpp->run:256]	frame times (ms): 42.881
2020/03/08 16:05:13 895029	INFO [input.cpp->run:257]	FPS: 23.3204
2020/03/08 16:05:13 933998	INFO [input.cpp->run:173]	
frame_id 21
2020/03/08 16:05:13 965687	INFO [input.cpp->run:235]	rotation: 
[0.9999990102027839, 0.001010184721569625, -0.0009793468643721497;
 -0.001009078020843843, 0.9999988525703724, 0.001129875872149375;
 0.0009804871239838574, -0.001128886516405762, 0.9999988821294916]
2020/03/08 16:05:13 965710	INFO [input.cpp->run:256]	frame times (ms): 47.63
2020/03/08 16:05:13 965712	INFO [input.cpp->run:257]	FPS: 20.9952
2020/03/08 16:05:14 000764	INFO [input.cpp->run:173]	
frame_id 22
2020/03/08 16:05:14 028196	INFO [input.cpp->run:235]	rotation: 
[0.9999989061792072, 0.0007057480023684683, -0.001299830814526421;
 -0.000704616272636104, 0.9999993725009393, 0.0008709268832792235;
 0.001300444653791889, -0.0008700100486977003, 0.9999987759623596]
2020/03/08 16:05:14 028219	INFO [input.cpp->run:256]	frame times (ms): 41.53
2020/03/08 16:05:14 028222	INFO [input.cpp->run:257]	FPS: 24.079
2020/03/08 16:05:14 067421	INFO [input.cpp->run:173]	
frame_id 23
2020/03/08 16:05:14 102651	INFO [input.cpp->run:235]	rotation: 
[0.999991566333988, 0.003571503450356519, 0.00202771398411082;
 -0.003582506365536862, 0.9999787378024669, 0.005448815570932942;
 -0.002008210406843606, -0.005456033915697821, 0.9999830992496186]
2020/03/08 16:05:14 102676	INFO [input.cpp->run:256]	frame times (ms): 52.945
2020/03/08 16:05:14 102678	INFO [input.cpp->run:257]	FPS: 18.8875
2020/03/08 16:05:14 133854	INFO [input.cpp->run:173]	
frame_id 24
2020/03/08 16:05:14 161892	INFO [input.cpp->run:235]	rotation: 
[0.9999678722989007, 0.0003854084512464972, -0.008006611663812072;
 -0.000318562940047468, 0.9999651008642398, 0.00834838734270028;
 0.008009549779020794, -0.00834556851845563, 0.9999330970612189]
2020/03/08 16:05:14 161916	INFO [input.cpp->run:256]	frame times (ms): 42.488
2020/03/08 16:05:14 161918	INFO [input.cpp->run:257]	FPS: 23.5361
2020/03/08 16:05:14 200436	INFO [input.cpp->run:173]	
frame_id 25
2020/03/08 16:05:14 228190	INFO [input.cpp->run:235]	rotation: 
[0.9999936644857387, 0.00354020625602101, -0.0003713866565852147;
 -0.003536265146995751, 0.9999424974294591, 0.01012406357873607;
 0.0004072065741155924, -0.01012268611589714, 0.9999486813875025]
2020/03/08 16:05:14 228214	INFO [input.cpp->run:256]	frame times (ms): 42.009
2020/03/08 16:05:14 228216	INFO [input.cpp->run:257]	FPS: 23.8044
2020/03/08 16:05:14 267436	INFO [input.cpp->run:173]	
frame_id 26
2020/03/08 16:05:14 298764	INFO [input.cpp->run:235]	rotation: 
[0.9999893898127233, 0.001147262223584624, -0.004461395674858906;
 -0.001136615540316745, 0.999996502283425, 0.002388205608744802;
 0.004464119968238371, -0.002383109377780492, 0.9999871961293318]
2020/03/08 16:05:14 298788	INFO [input.cpp->run:256]	frame times (ms): 46.74
2020/03/08 16:05:14 298792	INFO [input.cpp->run:257]	FPS: 21.395
2020/03/08 16:05:14 333766	INFO [input.cpp->run:173]	
frame_id 27
2020/03/08 16:05:14 362977	INFO [input.cpp->run:235]	rotation: 
[0.9999391389427662, 0.007457067671999505, 0.008130839571315236;
 -0.00753539673665586, 0.9999250845926665, 0.009645879864994086;
 -0.008058300467247551, -0.009706561908519516, 0.9999204200582642]
2020/03/08 16:05:14 363001	INFO [input.cpp->run:256]	frame times (ms): 45.518
2020/03/08 16:05:14 363004	INFO [input.cpp->run:257]	FPS: 21.9693
2020/03/08 16:05:14 401027	INFO [input.cpp->run:173]	
frame_id 28
2020/03/08 16:05:14 432939	INFO [input.cpp->run:235]	rotation: 
[0.99994691982652, 0.0070670267323165, 0.00749764380455497;
 -0.007136221679964772, 0.9999318217092058, 0.009242633469065913;
 -0.007431814690212498, -0.00929564771674468, 0.9999291770240213]
2020/03/08 16:05:14 432964	INFO [input.cpp->run:256]	frame times (ms): 47.729
2020/03/08 16:05:14 432967	INFO [input.cpp->run:257]	FPS: 20.9516
2020/03/08 16:05:14 467137	INFO [input.cpp->run:173]	
frame_id 29
2020/03/08 16:05:14 495283	INFO [input.cpp->run:235]	rotation: 
[0.9999995086856279, 0.0007876563546726622, -0.0006018521162074921;
 -0.0007868783009191231, 0.9999988558939719, 0.001291910711676866;
 0.0006028690093065798, -0.00129143649257196, 0.9999989843698559]
2020/03/08 16:05:14 495307	INFO [input.cpp->run:256]	frame times (ms): 41.829
2020/03/08 16:05:14 495309	INFO [input.cpp->run:257]	FPS: 23.9069
2020/03/08 16:05:14 534259	INFO [input.cpp->run:173]	
frame_id 30
2020/03/08 16:05:14 564400	INFO [input.cpp->run:235]	rotation: 
[0.9999990345034657, 0.001203205442897279, -0.0006951897572887482;
 -0.001201564458715114, 0.9999965025133775, 0.002356099289972526;
 0.0006980221973615733, -0.002355261699862406, 0.9999969827491166]
2020/03/08 16:05:14 564427	INFO [input.cpp->run:256]	frame times (ms): 45.575
2020/03/08 16:05:14 564430	INFO [input.cpp->run:257]	FPS: 21.9419
2020/03/08 16:05:14 600825	INFO [input.cpp->run:173]	
frame_id 31
2020/03/08 16:05:14 632138	INFO [input.cpp->run:235]	rotation: 
[0.9999968532686389, 0.002150539027461331, -0.001291756444443062;
 -0.002143276289726645, 0.9999820359659185, 0.005597688112279552;
 0.001303771286035283, -0.005594901906899343, 0.999983498490393]
2020/03/08 16:05:14 632165	INFO [input.cpp->run:256]	frame times (ms): 46.898
2020/03/08 16:05:14 632168	INFO [input.cpp->run:257]	FPS: 21.3229
2020/03/08 16:05:14 667213	INFO [input.cpp->run:173]	
frame_id 32
2020/03/08 16:05:14 695927	INFO [input.cpp->run:235]	rotation: 
[0.9999976930259999, 0.002009391329906853, -0.0007591371162637509;
 -0.002007050914283098, 0.9999932694745488, 0.00307127859854725;
 0.0007653034074597184, -0.003069747886344113, 0.9999949954667817]
2020/03/08 16:05:14 695955	INFO [input.cpp->run:256]	frame times (ms): 43.501
2020/03/08 16:05:14 695957	INFO [input.cpp->run:257]	FPS: 22.988
2020/03/08 16:05:14 733848	INFO [input.cpp->run:173]	
frame_id 33
2020/03/08 16:05:14 761728	INFO [input.cpp->run:235]	rotation: 
[0.9999976388417243, 0.00181150829412288, -0.001200311908082339;
 -0.001805754906828332, 0.9999869591285003, 0.004777114416840573;
 0.001208950037357067, -0.00477493566819959, 0.999987869141007]
2020/03/08 16:05:14 761755	INFO [input.cpp->run:256]	frame times (ms): 42.058
2020/03/08 16:05:14 761758	INFO [input.cpp->run:257]	FPS: 23.7767
2020/03/08 16:05:14 800479	INFO [input.cpp->run:173]	
frame_id 34
2020/03/08 16:05:14 831431	INFO [input.cpp->run:235]	rotation: 
[0.9999956696032191, 0.002320708363783742, 0.001809720282205282;
 -0.002331955380711791, 0.9999778266946898, 0.006237636015940263;
 -0.001795204420652507, -0.00624182919145101, 0.9999789081822841]
2020/03/08 16:05:14 831454	INFO [input.cpp->run:256]	frame times (ms): 46.081
2020/03/08 16:05:14 831455	INFO [input.cpp->run:257]	FPS: 21.7009
2020/03/08 16:05:14 867141	INFO [input.cpp->run:173]	
frame_id 35
2020/03/08 16:05:14 895353	INFO [input.cpp->run:235]	rotation: 
[0.9999770456016597, 0.005653994122732656, 0.003733714000338414;
 -0.005705592778030606, 0.9998863215403477, 0.0139567262480699;
 -0.003654378309302898, -0.01397770893145164, 0.9998956291394618]
2020/03/08 16:05:14 895378	INFO [input.cpp->run:256]	frame times (ms): 43.242
2020/03/08 16:05:14 895380	INFO [input.cpp->run:257]	FPS: 23.1257
2020/03/08 16:05:14 933961	INFO [input.cpp->run:173]	
frame_id 36
2020/03/08 16:05:14 963760	INFO [input.cpp->run:235]	rotation: 
[0.9999683924423517, 0.0008729900993762321, 0.007902658068352412;
 -0.0009462540892121208, 0.9999565680663834, 0.009271816655802;
 -0.007894220636488048, -0.009279001518835371, 0.999925787951964]
2020/03/08 16:05:14 963783	INFO [input.cpp->run:256]	frame times (ms): 44.659
2020/03/08 16:05:14 963784	INFO [input.cpp->run:257]	FPS: 22.3919
2020/03/08 16:05:15 000593	INFO [input.cpp->run:173]	
frame_id 37
2020/03/08 16:05:15 029220	INFO [input.cpp->run:235]	rotation: 
[0.9999875384953215, 0.0008812220976621503, -0.004913888651825136;
 -0.000835411102291797, 0.9999562465603626, 0.009317030278016367;
 0.004921884025260199, -0.009312809056664807, 0.9999445217836418]
2020/03/08 16:05:15 029249	INFO [input.cpp->run:256]	frame times (ms): 43.117
2020/03/08 16:05:15 029251	INFO [input.cpp->run:257]	FPS: 23.1927
2020/03/08 16:05:15 067210	INFO [input.cpp->run:173]	
frame_id 38
2020/03/08 16:05:15 096335	INFO [input.cpp->run:235]	rotation: 
[0.9999951999060512, 0.0009655183816598443, -0.002944136394825055;
 -0.0009642122804203456, 0.9999994361279654, 0.0004450150891514368;
 0.002944564404957567, -0.0004421741805700774, 0.9999955670014038]
2020/03/08 16:05:15 096361	INFO [input.cpp->run:256]	frame times (ms): 43.75
2020/03/08 16:05:15 096363	INFO [input.cpp->run:257]	FPS: 22.8571
2020/03/08 16:05:15 133933	INFO [input.cpp->run:173]	
frame_id 39
2020/03/08 16:05:15 166146	INFO [input.cpp->run:235]	rotation: 
[0.9999616001044511, 0.005020234639962672, 0.007183004991327226;
 -0.005098251489639897, 0.9999277646855904, 0.01088454145229838;
 -0.007127843172664333, -0.01092074425294064, 0.9999149619826017]
2020/03/08 16:05:15 166167	INFO [input.cpp->run:256]	frame times (ms): 47.371
2020/03/08 16:05:15 166170	INFO [input.cpp->run:257]	FPS: 21.11
2020/03/08 16:05:15 200398	INFO [input.cpp->run:173]	
frame_id 40
2020/03/08 16:05:15 229218	INFO [input.cpp->run:235]	rotation: 
[0.9999874755481724, 0.004602971456623608, 0.001965044671975753;
 -0.004623201899675472, 0.999935045175124, 0.01041784213825141;
 -0.00191696400284123, -0.01042679645874982, 0.9999438020032024]
2020/03/08 16:05:15 229247	INFO [input.cpp->run:256]	frame times (ms): 43.932
2020/03/08 16:05:15 229251	INFO [input.cpp->run:257]	FPS: 22.7625
2020/03/08 16:05:15 267277	INFO [input.cpp->run:173]	
frame_id 41
2020/03/08 16:05:15 295748	INFO [input.cpp->run:235]	rotation: 
[0.9999731956859319, 0.006073546430524112, 0.004089002741657549;
 -0.006128790987406483, 0.9998882376949264, 0.01363634996496228;
 -0.004005724740630615, -0.01366104509510562, 0.9998986598731953]
2020/03/08 16:05:15 295773	INFO [input.cpp->run:256]	frame times (ms): 42.441
2020/03/08 16:05:15 295777	INFO [input.cpp->run:257]	FPS: 23.5621
2020/03/08 16:05:15 334272	INFO [input.cpp->run:173]	
frame_id 42
2020/03/08 16:05:15 363339	INFO [input.cpp->run:235]	rotation: 
[0.9999943523630221, 0.0008373602348183893, -0.003254853283481297;
 -0.0008339402755000296, 0.9999990989811407, 0.00105194131185887;
 0.003255731204621018, -0.00104922101763228, 0.9999941496576764]
2020/03/08 16:05:15 363363	INFO [input.cpp->run:256]	frame times (ms): 44.291
2020/03/08 16:05:15 363366	INFO [input.cpp->run:257]	FPS: 22.5779
2020/03/08 16:05:15 401186	INFO [input.cpp->run:173]	
frame_id 43
2020/03/08 16:05:15 431397	INFO [input.cpp->run:235]	rotation: 
[0.999968182601103, 0.005430773330556064, 0.00584298609267692;
 -0.00548809319535263, 0.999936534134508, 0.009839132896097828;
 -0.005789181161979565, -0.009870886692697433, 0.9999345233450907]
2020/03/08 16:05:15 431424	INFO [input.cpp->run:256]	frame times (ms): 45.441
2020/03/08 16:05:15 431426	INFO [input.cpp->run:257]	FPS: 22.0066
2020/03/08 16:05:15 467377	INFO [input.cpp->run:173]	
frame_id 44
2020/03/08 16:05:15 495629	INFO [input.cpp->run:235]	rotation: 
[0.9999380618198526, 0.001163105361003254, 0.01106886217621174;
 -0.001241153718727837, 0.9999743999816666, 0.007046908453532035;
 -0.01106038251613629, -0.007060210140298849, 0.9999139069796817]
2020/03/08 16:05:15 495656	INFO [input.cpp->run:256]	frame times (ms): 42.299
2020/03/08 16:05:15 495658	INFO [input.cpp->run:257]	FPS: 23.6412
2020/03/08 16:05:15 534076	INFO [input.cpp->run:173]	
frame_id 45
2020/03/08 16:05:15 564467	INFO [input.cpp->run:235]	rotation: 
[0.999991271890492, 0.0008582660428951722, -0.004088951239098235;
 -0.0008543968581356914, 0.9999991857393717, 0.0009479064312415997;
 0.004089761465528006, -0.000944404570718709, 0.9999911909367811]
2020/03/08 16:05:15 564489	INFO [input.cpp->run:256]	frame times (ms): 45.646
2020/03/08 16:05:15 564491	INFO [input.cpp->run:257]	FPS: 21.9077
2020/03/08 16:05:15 600591	INFO [input.cpp->run:173]	
frame_id 46
2020/03/08 16:05:15 628260	INFO [input.cpp->run:235]	rotation: 
[0.9999215643086553, 0.008268764171722547, 0.009407059562063762;
 -0.008462591457495651, 0.9997487817508076, 0.02075470870909852;
 -0.009233080545262201, -0.02083268890106234, 0.9997403409369836]
2020/03/08 16:05:15 628289	INFO [input.cpp->run:256]	frame times (ms): 41.689
2020/03/08 16:05:15 628292	INFO [input.cpp->run:257]	FPS: 23.9871
2020/03/08 16:05:15 667323	INFO [input.cpp->run:173]	
frame_id 47
2020/03/08 16:05:15 696855	INFO [input.cpp->run:235]	rotation: 
[0.9999747056450684, 0.005107532732840113, 0.004949866608479661;
 -0.005168481016276158, 0.9999100126180633, 0.01237955855953207;
 -0.004886192182381707, -0.012404828718183, 0.9999111187252742]
2020/03/08 16:05:15 696878	INFO [input.cpp->run:256]	frame times (ms): 45.355
2020/03/08 16:05:15 696880	INFO [input.cpp->run:257]	FPS: 22.0483
2020/03/08 16:05:15 733804	INFO [input.cpp->run:173]	
frame_id 48
2020/03/08 16:05:15 766584	INFO [input.cpp->run:235]	rotation: 
[0.9999561534850575, 0.006495730767758414, 0.006745115948656145;
 -0.006559496216012905, 0.9999335976175202, 0.009474880742013138;
 -0.006683121782530316, -0.009518709864054885, 0.9999323627354821]
2020/03/08 16:05:15 766608	INFO [input.cpp->run:256]	frame times (ms): 48.773
2020/03/08 16:05:15 766609	INFO [input.cpp->run:257]	FPS: 20.5031
2020/03/08 16:05:15 800745	INFO [input.cpp->run:173]	
frame_id 49
2020/03/08 16:05:15 828989	INFO [input.cpp->run:235]	rotation: 
[0.9999859660133753, 0.004596664032454866, 0.002634094924129191;
 -0.004627234785022497, 0.9999206158977638, 0.0117196672683504;
 -0.00258001444586367, -0.01173169137035669, 0.9999278528689206]
2020/03/08 16:05:15 829016	INFO [input.cpp->run:256]	frame times (ms): 43.065
2020/03/08 16:05:15 829020	INFO [input.cpp->run:257]	FPS: 23.2207
2020/03/08 16:05:15 867431	INFO [input.cpp->run:173]	
frame_id 50
2020/03/08 16:05:15 901324	INFO [input.cpp->run:235]	rotation: 
[0.9998641736059312, 0.00592989693667526, 0.01537760259756965;
 -0.006033908015473002, 0.9999591739198257, 0.006726250637662211;
 -0.01533708881728152, -0.006818124074864727, 0.9998591335236732]
2020/03/08 16:05:15 901350	INFO [input.cpp->run:256]	frame times (ms): 50.477
2020/03/08 16:05:15 901353	INFO [input.cpp->run:257]	FPS: 19.811
2020/03/08 16:05:15 934205	INFO [input.cpp->run:173]	
frame_id 51
2020/03/08 16:05:15 963073	INFO [input.cpp->run:235]	rotation: 
[0.9999994776652407, 0.0006974673202184475, -0.0007471335777400731;
 -0.0006919718158137557, 0.999972891166665, 0.007330627994059391;
 0.0007522261972829701, -0.007330107169639138, 0.9999728514737937]
2020/03/08 16:05:15 963102	INFO [input.cpp->run:256]	frame times (ms): 43.645
2020/03/08 16:05:15 963104	INFO [input.cpp->run:257]	FPS: 22.9121
2020/03/08 16:05:16 000918	INFO [input.cpp->run:173]	
frame_id 52
2020/03/08 16:05:16 033686	INFO [input.cpp->run:235]	rotation: 
[0.9999854079487338, 0.005157382566378912, 0.001607885153982832;
 -0.005176582203788505, 0.999912486606241, 0.01217465094412946;
 -0.00154495510996523, -0.01218279664067257, 0.999924593446786]
2020/03/08 16:05:16 033711	INFO [input.cpp->run:256]	frame times (ms): 48.953
2020/03/08 16:05:16 033715	INFO [input.cpp->run:257]	FPS: 20.4278
2020/03/08 16:05:16 067167	INFO [input.cpp->run:173]	
frame_id 53
2020/03/08 16:05:16 098914	INFO [input.cpp->run:235]	rotation: 
[0.9999675917787082, 0.006214874022500419, 0.005117688264750708;
 -0.006278598028232411, 0.9999017686857139, 0.01253124838078978;
 -0.005039305417475083, -0.01256297417276736, 0.9999083843437077]
2020/03/08 16:05:16 098938	INFO [input.cpp->run:256]	frame times (ms): 47.597
2020/03/08 16:05:16 098941	INFO [input.cpp->run:257]	FPS: 21.0097
2020/03/08 16:05:16 134597	INFO [input.cpp->run:173]	
frame_id 54
2020/03/08 16:05:16 161684	INFO [input.cpp->run:235]	rotation: 
[0.9999837466200797, 0.00109839513730973, -0.005594642418463255;
 -0.00108571881797117, 0.9999968379428384, 0.002268329555594858;
 0.00559711625003781, -0.002262218479019261, 0.9999817771625825]
2020/03/08 16:05:16 161710	INFO [input.cpp->run:256]	frame times (ms): 41.468
2020/03/08 16:05:16 161712	INFO [input.cpp->run:257]	FPS: 24.115
2020/03/08 16:05:16 201108	INFO [input.cpp->run:173]	
frame_id 55
2020/03/08 16:05:16 230688	INFO [input.cpp->run:235]	rotation: 
[0.9999896295260092, 0.004173129941214772, 0.001823684986102231;
 -0.004194943704351877, 0.9999176792905818, 0.01212588509984101;
 -0.001772931964886543, -0.01213340960451614, 0.9999248157154701]
2020/03/08 16:05:16 230717	INFO [input.cpp->run:256]	frame times (ms): 44.701
2020/03/08 16:05:16 230720	INFO [input.cpp->run:257]	FPS: 22.3709
2020/03/08 16:05:16 267307	INFO [input.cpp->run:173]	
frame_id 56
2020/03/08 16:05:16 296883	INFO [input.cpp->run:235]	rotation: 
[0.9999971846127665, 0.001260022530369424, -0.002010748558018683;
 -0.001256465336143124, 0.9999976453038246, 0.001769373240798862;
 0.002012973273464783, -0.001766841823465179, 0.9999964130978527]
2020/03/08 16:05:16 296909	INFO [input.cpp->run:256]	frame times (ms): 44.501
2020/03/08 16:05:16 296912	INFO [input.cpp->run:257]	FPS: 22.4714
2020/03/08 16:05:16 334152	INFO [input.cpp->run:173]	
frame_id 57
2020/03/08 16:05:16 363112	INFO [input.cpp->run:235]	rotation: 
[0.9999966357904142, 0.002560527475759277, -0.0004148576859791011;
 -0.002557646791192601, 0.9999735981502128, 0.006801576685453731;
 0.0004322623569503809, -0.006800492744094901, 0.9999767829543306]
2020/03/08 16:05:16 363134	INFO [input.cpp->run:256]	frame times (ms): 43.676
2020/03/08 16:05:16 363138	INFO [input.cpp->run:257]	FPS: 22.8959
2020/03/08 16:05:16 400610	INFO [input.cpp->run:173]	
frame_id 58
2020/03/08 16:05:16 432155	INFO [input.cpp->run:235]	rotation: 
[0.9999915760226971, 0.004000221009252127, -0.0009198453781007713;
 -0.003990557959211461, 0.9999392241746564, 0.01027732475697705;
 0.0009609010441504952, -0.01027356748473174, 0.9999467638231148]
2020/03/08 16:05:16 432176	INFO [input.cpp->run:256]	frame times (ms): 47.459
2020/03/08 16:05:16 432179	INFO [input.cpp->run:257]	FPS: 21.0708
2020/03/08 16:05:16 467431	INFO [input.cpp->run:173]	
frame_id 59
2020/03/08 16:05:16 498172	INFO [input.cpp->run:235]	rotation: 
[0.999975082790911, 0.004809091804413091, 0.005167826750914812;
 -0.004888604821172824, 0.9998681449346953, 0.01548529262731389;
 -0.005092675152918134, -0.0155101702398092, 0.999866740760447]
2020/03/08 16:05:16 498196	INFO [input.cpp->run:256]	frame times (ms): 46.382
2020/03/08 16:05:16 498198	INFO [input.cpp->run:257]	FPS: 21.5601
2020/03/08 16:05:16 534075	INFO [input.cpp->run:173]	
frame_id 60
2020/03/08 16:05:16 562867	INFO [input.cpp->run:235]	rotation: 
[0.9999963798833288, 0.001096444002214275, -0.00245724048215916;
 -0.001074567854607668, 0.9999599374732027, 0.008886436435071216;
 0.002466885518826788, -0.008883763793501361, 0.9999574957050416]
2020/03/08 16:05:16 562894	INFO [input.cpp->run:256]	frame times (ms): 43.786
2020/03/08 16:05:16 562898	INFO [input.cpp->run:257]	FPS: 22.8384
2020/03/08 16:05:16 600882	INFO [input.cpp->run:173]	
frame_id 61
2020/03/08 16:05:16 630507	INFO [input.cpp->run:235]	rotation: 
[0.9999584083028257, 0.006288521710119481, 0.006605767115237525;
 -0.00638815365896325, 0.999864501789526, 0.01517133988849782;
 -0.006509466745354182, -0.01521290754209091, 0.9998630877709243]
2020/03/08 16:05:16 630533	INFO [input.cpp->run:256]	frame times (ms): 44.999
2020/03/08 16:05:16 630536	INFO [input.cpp->run:257]	FPS: 22.2227
2020/03/08 16:05:16 667254	INFO [input.cpp->run:173]	
frame_id 62
2020/03/08 16:05:16 695552	INFO [input.cpp->run:235]	rotation: 
[0.9999992255276523, 0.001191154237403741, -0.0003606877850218716;
 -0.001190523069258475, 0.9999977686570506, 0.001745089035422779;
 0.0003627656504029162, -0.001744658276770709, 0.9999984122830297]
2020/03/08 16:05:16 695576	INFO [input.cpp->run:256]	frame times (ms): 42.545
2020/03/08 16:05:16 695579	INFO [input.cpp->run:257]	FPS: 23.5045
2020/03/08 16:05:16 734166	INFO [input.cpp->run:173]	
frame_id 63
2020/03/08 16:05:16 765971	INFO [input.cpp->run:235]	rotation: 
[0.999965190975504, 0.005989866320752015, 0.005808471294877379;
 -0.006068481833970147, 0.9998889263549413, 0.01361280577227154;
 -0.00572628723997217, -0.01364758052631805, 0.9998904705917658]
2020/03/08 16:05:16 765993	INFO [input.cpp->run:256]	frame times (ms): 47.437
2020/03/08 16:05:16 765996	INFO [input.cpp->run:257]	FPS: 21.0806
2020/03/08 16:05:16 800786	INFO [input.cpp->run:173]	
frame_id 64
2020/03/08 16:05:16 828994	INFO [input.cpp->run:235]	rotation: 
[0.9999967905580733, 0.001237740489180221, -0.002210627068121875;
 -0.001245419463159513, 0.999993184296627, -0.003475671252141707;
 0.002206310022107655, 0.003478413255153094, 0.9999915163826705]
2020/03/08 16:05:16 829020	INFO [input.cpp->run:256]	frame times (ms): 42.567
2020/03/08 16:05:16 829021	INFO [input.cpp->run:257]	FPS: 23.4924
2020/03/08 16:05:16 867412	INFO [input.cpp->run:173]	
frame_id 65
2020/03/08 16:05:16 897734	INFO [input.cpp->run:235]	rotation: 
[0.9999988705902514, 0.001488291135856869, -0.000209302930415339;
 -0.001487804445055054, 0.999996233155102, 0.002306537131752337;
 0.0002127349407713751, -0.002306223124896581, 0.9999973180357751]
2020/03/08 16:05:16 897757	INFO [input.cpp->run:256]	frame times (ms): 45.135
2020/03/08 16:05:16 897759	INFO [input.cpp->run:257]	FPS: 22.1558
2020/03/08 16:05:16 934351	INFO [input.cpp->run:173]	
frame_id 66
2020/03/08 16:05:16 962526	INFO [input.cpp->run:235]	rotation: 
[0.9999980757793673, 0.001338303553064968, -0.001434357404121226;
 -0.001336807079189837, 0.999998561757462, 0.001043757558259265;
 0.00143575220561615, -0.001041838090707518, 0.9999984265932607]
2020/03/08 16:05:16 962553	INFO [input.cpp->run:256]	frame times (ms): 42.596
2020/03/08 16:05:16 962554	INFO [input.cpp->run:257]	FPS: 23.4764
2020/03/08 16:05:17 001258	INFO [input.cpp->run:173]	
frame_id 67
2020/03/08 16:05:17 033392	INFO [input.cpp->run:235]	rotation: 
[0.9999987716656596, 0.001534918257386039, 0.0003173217848522106;
 -0.001535680977491269, 0.9999958986530593, 0.002417511322791491;
 -0.000313609801138689, -0.002417995658308057, 0.9999970274685266]
2020/03/08 16:05:17 033416	INFO [input.cpp->run:256]	frame times (ms): 48.259
2020/03/08 16:05:17 033419	INFO [input.cpp->run:257]	FPS: 20.7215
2020/03/08 16:05:17 067255	INFO [input.cpp->run:173]	
frame_id 68
2020/03/08 16:05:17 095090	INFO [input.cpp->run:235]	rotation: 
[0.999998183453265, 0.001138860042157143, -0.001528426633670269;
 -0.001133892121642072, 0.9999940846826975, 0.003247289372778758;
 0.001532115800653736, -0.003245550403007423, 0.9999935594911374]
2020/03/08 16:05:17 095122	INFO [input.cpp->run:256]	frame times (ms): 42.819
2020/03/08 16:05:17 095125	INFO [input.cpp->run:257]	FPS: 23.3541
2020/03/08 16:05:17 134293	INFO [input.cpp->run:173]	
frame_id 69
2020/03/08 16:05:17 163578	INFO [input.cpp->run:235]	rotation: 
[0.999997793261737, 0.001255101533817505, -0.001684693383447394;
 -0.001254867788340361, 0.9999992028815736, 0.0001397964636541564;
 0.00168486749930321, -0.0001376820876998327, 0.9999985711315554]
2020/03/08 16:05:17 163604	INFO [input.cpp->run:256]	frame times (ms): 43.942
2020/03/08 16:05:17 163605	INFO [input.cpp->run:257]	FPS: 22.7573
2020/03/08 16:05:17 200934	INFO [input.cpp->run:173]	
frame_id 70
2020/03/08 16:05:17 230630	INFO [input.cpp->run:235]	rotation: 
[0.9999897910057254, 0.0042227630354098, 0.001608153186876691;
 -0.004245979363962545, 0.9998826725833957, 0.01471776908117411;
 -0.001545814855178091, -0.0147244470127994, 0.9998903945516232]
2020/03/08 16:05:17 230658	INFO [input.cpp->run:256]	frame times (ms): 44.719
2020/03/08 16:05:17 230661	INFO [input.cpp->run:257]	FPS: 22.3619
2020/03/08 16:05:17 267283	INFO [input.cpp->run:173]	
frame_id 71
2020/03/08 16:05:17 295853	INFO [input.cpp->run:235]	rotation: 
[0.9999983345312079, 0.001537719682790022, -0.0009830325465347645;
 -0.001535162033061998, 0.9999954487043636, 0.002597277053133266;
 0.000987021956509287, -0.002595763613206685, 0.9999961438920261]
2020/03/08 16:05:17 295879	INFO [input.cpp->run:256]	frame times (ms): 43.273
2020/03/08 16:05:17 295881	INFO [input.cpp->run:257]	FPS: 23.1091
2020/03/08 16:05:17 334036	INFO [input.cpp->run:173]	
frame_id 72
2020/03/08 16:05:17 366157	INFO [input.cpp->run:235]	rotation: 
[0.9999892830654099, 0.003221258760100481, 0.003325243799780724;
 -0.003248709530769947, 0.9999604169512276, 0.008283140534341676;
 -0.003298430037485826, -0.008293854515690851, 0.9999601653748815]
2020/03/08 16:05:17 366180	INFO [input.cpp->run:256]	frame times (ms): 48.335
2020/03/08 16:05:17 366183	INFO [input.cpp->run:257]	FPS: 20.6889
2020/03/08 16:05:17 400730	INFO [input.cpp->run:173]	
frame_id 73
2020/03/08 16:05:17 429350	INFO [input.cpp->run:235]	rotation: 
[0.999994767337638, 0.0009838937514626777, -0.003081760929891868;
 -0.0009905714378173579, 0.9999971634617252, -0.002166064802865622;
 0.003079621010734233, 0.002169106172935187, 0.999992905431254]
2020/03/08 16:05:17 429378	INFO [input.cpp->run:256]	frame times (ms): 43.391
2020/03/08 16:05:17 429380	INFO [input.cpp->run:257]	FPS: 23.0463
2020/03/08 16:05:17 467324	INFO [input.cpp->run:173]	
frame_id 74
2020/03/08 16:05:17 496773	INFO [input.cpp->run:235]	rotation: 
[0.9999826125675322, 0.003759575137338059, 0.00454314399942602;
 -0.003800043054037346, 0.9999528892048698, 0.008931911532302097;
 -0.00450934977577407, -0.008949020372092031, 0.9999497891389245]
2020/03/08 16:05:17 496798	INFO [input.cpp->run:256]	frame times (ms): 44.14
2020/03/08 16:05:17 496802	INFO [input.cpp->run:257]	FPS: 22.6552
2020/03/08 16:05:17 534374	INFO [input.cpp->run:173]	
frame_id 75
2020/03/08 16:05:17 563748	INFO [input.cpp->run:235]	rotation: 
[0.9999784731395994, 0.003769238719084067, 0.00537085625147824;
 -0.003818109870088818, 0.9999511380374583, 0.009118309855008163;
 -0.00533622473434316, -0.009138620085689421, 0.9999440035964584]
2020/03/08 16:05:17 563773	INFO [input.cpp->run:256]	frame times (ms): 44.157
2020/03/08 16:05:17 563775	INFO [input.cpp->run:257]	FPS: 22.6465
2020/03/08 16:05:17 600859	INFO [input.cpp->run:173]	
frame_id 76
2020/03/08 16:05:17 629409	INFO [input.cpp->run:235]	rotation: 
[0.9999724771173915, 0.006730025381059474, 0.00312278178526618;
 -0.006774513164227955, 0.9998724799888853, 0.01446131848289743;
 -0.003025058527664731, -0.01448207579203976, 0.9998905532615346]
2020/03/08 16:05:17 629435	INFO [input.cpp->run:256]	frame times (ms): 44.467
2020/03/08 16:05:17 629437	INFO [input.cpp->run:257]	FPS: 22.4886
2020/03/08 16:05:17 667216	INFO [input.cpp->run:173]	
frame_id 77
2020/03/08 16:05:17 702192	INFO [input.cpp->run:235]	rotation: 
[0.9999707625485982, 0.006647366622313664, 0.003779757262531553;
 -0.006703942313898011, 0.9998626398382995, 0.01515779050649778;
 -0.003678478683781867, -0.01518268660598304, 0.9998779699653341]
2020/03/08 16:05:17 702224	INFO [input.cpp->run:256]	frame times (ms): 52.252
2020/03/08 16:05:17 702227	INFO [input.cpp->run:257]	FPS: 19.138
2020/03/08 16:05:17 734611	INFO [input.cpp->run:173]	
frame_id 78
2020/03/08 16:05:17 762723	INFO [input.cpp->run:235]	rotation: 
[0.9999988131450922, 0.001482420563067524, 0.0004196875995043793;
 -0.001483582065286814, 0.9999950328062274, 0.002780889628862882;
 -0.0004155630668653011, -0.002781508969346026, 0.9999960452497755]
2020/03/08 16:05:17 762746	INFO [input.cpp->run:256]	frame times (ms): 42.746
2020/03/08 16:05:17 762748	INFO [input.cpp->run:257]	FPS: 23.394
2020/03/08 16:05:17 801087	INFO [input.cpp->run:173]	
frame_id 79
2020/03/08 16:05:17 832999	INFO [input.cpp->run:235]	rotation: 
[0.9999964286027067, 0.001602849303107479, -0.002138610750758858;
 -0.001598562685435971, 0.9999967130834092, 0.00200459964042911;
 0.002141816792460372, -0.002001173777862545, 0.9999957039529411]
2020/03/08 16:05:17 833024	INFO [input.cpp->run:256]	frame times (ms): 47.561
2020/03/08 16:05:17 833027	INFO [input.cpp->run:257]	FPS: 21.0256
2020/03/08 16:05:17 867539	INFO [input.cpp->run:173]	
frame_id 80
2020/03/08 16:05:17 895991	INFO [input.cpp->run:235]	rotation: 
[0.9999868047645423, 0.00483119043629028, 0.001746395078330623;
 -0.00485151690246791, 0.999918270913344, 0.01182853657108403;
 -0.0016891064342984, -0.01183685315599977, 0.9999285153583815]
2020/03/08 16:05:17 896020	INFO [input.cpp->run:256]	frame times (ms): 42.652
2020/03/08 16:05:17 896024	INFO [input.cpp->run:257]	FPS: 23.4456
2020/03/08 16:05:17 934140	INFO [input.cpp->run:173]	
frame_id 81
2020/03/08 16:05:17 965994	INFO [input.cpp->run:235]	rotation: 
[0.9999521324829864, 0.007324980621725155, 0.006486709614228133;
 -0.007433126555248189, 0.9998311091572083, 0.01680778959531013;
 -0.006362497335294762, -0.01685520158164542, 0.9998376972325561]
2020/03/08 16:05:17 966017	INFO [input.cpp->run:256]	frame times (ms): 47.751
2020/03/08 16:05:17 966019	INFO [input.cpp->run:257]	FPS: 20.942
2020/03/08 16:05:18 000706	INFO [input.cpp->run:173]	
frame_id 82
2020/03/08 16:05:18 029021	INFO [input.cpp->run:235]	rotation: 
[0.9999854650029465, 0.005023068394815378, 0.00195922605684852;
 -0.005037597890328176, 0.9999593137665655, 0.007482875048710431;
 -0.00192155935016029, -0.007492636078194302, 0.9999700835596351]
2020/03/08 16:05:18 029048	INFO [input.cpp->run:256]	frame times (ms): 42.246
2020/03/08 16:05:18 029051	INFO [input.cpp->run:257]	FPS: 23.6709
2020/03/08 16:05:18 067476	INFO [input.cpp->run:173]	
frame_id 83
2020/03/08 16:05:18 097114	INFO [input.cpp->run:235]	rotation: 
[0.9999818187815745, 0.005277316338894218, 0.002917539811784239;
 -0.005307427848099957, 0.9999317157282813, 0.0104112962849377;
 -0.002862396885709411, -0.01042659162693086, 0.9999415447270474]
2020/03/08 16:05:18 097137	INFO [input.cpp->run:256]	frame times (ms): 44.269
2020/03/08 16:05:18 097139	INFO [input.cpp->run:257]	FPS: 22.5892
