		g3log created log at: Sun Mar 08 15:41:10 2020
		LOG format: [YYYY/MM/DD hh:mm:ss uuu* LEVEL FILE->FUNCTION:LINE] message		(uuu*: microseconds fractions of the seconds value)

2020/03/08 15:41:10 668495	INFO [g3logger.h->logBanner:29]	Starting log.
2020/03/08 15:41:10 674762	DEBUG [main.cpp->main:49]	Filepath: /home/mitchell/KITTI/data_odometry_gray/dataset/sequences/00/
2020/03/08 15:41:10 674767	DEBUG [main.cpp->main:53]	Calibration Filepath: /home/mitchell/visual_odom_ws/src/visual_odom/calibration/old/kitti00.yaml
2020/03/08 15:41:10 674842	INFO [main.cpp->main:67]	P_left: 
[718.85602, 0, 607.19281, 0;
 0, 718.85602, 185.2157, 0;
 0, 0, 1, 0]
2020/03/08 15:41:10 674848	INFO [main.cpp->main:68]	P_right: 
[718.85602, 0, 607.19281, -386.14481;
 0, 718.85602, 185.2157, 0;
 0, 0, 1, 0]
2020/03/08 15:41:10 745407	INFO [input.cpp->Input:22]	frame_pose [1, 0, 0, 0;
 0, 1, 0, 0;
 0, 0, 1, 0;
 0, 0, 0, 1]
2020/03/08 15:41:12 661312	INFO [input.cpp->run:173]	
frame_id 1
2020/03/08 15:41:12 695700	WARNING [visualOdometry.cpp->trackingFrame2Frame:179]	The Estimated Rotation and translation matrices(using getTransformation function) are : 
   0.999992 0.000136565   0.0040502   -0.014153
 -0.0001419    0.999999  0.00131531  -0.0030638
-0.00405005 -0.00131589    0.999991   -0.640514
          0           0           0           1
2020/03/08 15:41:12 721006	INFO [input.cpp->run:235]	rotation: 
[0.9999915957450867, 0.0001365654170513153, 0.004050195217132568;
 -0.0001418995670974255, 0.9999988079071045, 0.001315310597419739;
 -0.00405004620552063, -0.001315891742706299, 0.9999908804893494]
2020/03/08 15:41:12 721074	INFO [input.cpp->run:256]	frame times (ms): 74.634
2020/03/08 15:41:12 721079	INFO [input.cpp->run:257]	FPS: 13.3987
2020/03/08 15:41:12 769907	INFO [input.cpp->run:173]	
frame_id 2
2020/03/08 15:41:12 794028	WARNING [visualOdometry.cpp->trackingFrame2Frame:179]	The Estimated Rotation and translation matrices(using getTransformation function) are : 
    0.999951   -0.0026106   0.00959507    -0.242826
  0.00261154     0.999997 -8.45958e-05    0.0355114
 -0.00959478  0.000109654     0.999954    -0.632362
           0            0            0            1
2020/03/08 15:41:12 794800	INFO [input.cpp->run:235]	rotation: 
[0.9999507069587708, -0.002610599156469107, 0.00959506630897522;
 0.00261153606697917, 0.9999967217445374, -8.459575474262238e-05;
 -0.009594783186912537, 0.0001096539199352264, 0.9999541044235229]
2020/03/08 15:41:12 794823	INFO [input.cpp->run:256]	frame times (ms): 37.457
2020/03/08 15:41:12 794825	INFO [input.cpp->run:257]	FPS: 26.6973
2020/03/08 15:41:12 906446	INFO [input.cpp->run:173]	
frame_id 3
2020/03/08 15:41:12 948626	WARNING [visualOdometry.cpp->trackingFrame2Frame:179]	The Estimated Rotation and translation matrices(using getTransformation function) are : 
    0.999985  0.000957555   0.00533858    -0.084372
-0.000956723     0.999999 -0.000159288    0.0132926
 -0.00533872  0.000154177     0.999986    -0.504219
           0            0            0            1
2020/03/08 15:41:12 949381	INFO [input.cpp->run:235]	rotation: 
[0.9999852776527405, 0.0009575551375746727, 0.005338579416275024;
 -0.0009567225351929665, 0.999999463558197, -0.0001592878252267838;
 -0.005338720977306366, 0.000154176726937294, 0.9999856352806091]
2020/03/08 15:41:12 949404	INFO [input.cpp->run:256]	frame times (ms): 59.75
2020/03/08 15:41:12 949406	INFO [input.cpp->run:257]	FPS: 16.7364
2020/03/08 15:41:13 017070	INFO [input.cpp->run:173]	
frame_id 4
2020/03/08 15:41:13 051205	WARNING [visualOdometry.cpp->trackingFrame2Frame:179]	The Estimated Rotation and translation matrices(using getTransformation function) are : 
   0.999975 -0.00118986  0.00695875   -0.109065
    0.00118    0.999998  0.00142093  -0.0116558
-0.00696041 -0.00141269    0.999975   -0.819582
          0           0           0           1
2020/03/08 15:41:13 052043	INFO [input.cpp->run:235]	rotation: 
[0.9999752640724182, -0.00118985609151423, 0.006958745419979095;
 0.001180000370368361, 0.9999982714653015, 0.001420930027961731;
 -0.006960406899452209, -0.001412685960531235, 0.9999749064445496]
2020/03/08 15:41:13 052066	INFO [input.cpp->run:256]	frame times (ms): 50.124
2020/03/08 15:41:13 052069	INFO [input.cpp->run:257]	FPS: 19.9505
2020/03/08 15:41:13 139133	INFO [input.cpp->run:173]	
frame_id 5
2020/03/08 15:41:13 188385	WARNING [visualOdometry.cpp->trackingFrame2Frame:179]	The Estimated Rotation and translation matrices(using getTransformation function) are : 
    0.99998 -0.00149734  0.00618357   0.0159492
 0.00149088    0.999998  0.00105068  -0.0271804
-0.00618514 -0.00104144     0.99998    -1.12859
          0           0           0           1
2020/03/08 15:41:13 189157	INFO [input.cpp->run:235]	rotation: 
[0.9999797940254211, -0.001497344579547644, 0.006183572113513947;
 0.00149087724275887, 0.9999982714653015, 0.0010506771504879;
 -0.006185136735439301, -0.001041438430547714, 0.9999803900718689]
2020/03/08 15:41:13 189180	INFO [input.cpp->run:256]	frame times (ms): 69.522
2020/03/08 15:41:13 189182	INFO [input.cpp->run:257]	FPS: 14.3839
2020/03/08 15:41:13 275691	INFO [input.cpp->run:173]	
frame_id 6
2020/03/08 15:41:13 308881	WARNING [visualOdometry.cpp->trackingFrame2Frame:179]	The Estimated Rotation and translation matrices(using getTransformation function) are : 
    0.999992  5.64246e-05   0.00405678   -0.0388198
-5.17247e-05            1  -0.00116085    -0.045074
 -0.00405695   0.00116062     0.999991    -0.348186
           0            0            0            1
2020/03/08 15:41:13 309588	INFO [input.cpp->run:235]	rotation: 
[0.9999919533729553, 5.642464384436607e-05, 0.004056781530380249;
 -5.172472447156906e-05, 0.9999995231628418, -0.001160852611064911;
 -0.004056945443153381, 0.001160621643066406, 0.9999912977218628]
2020/03/08 15:41:13 309607	INFO [input.cpp->run:256]	frame times (ms): 49.915
2020/03/08 15:41:13 309609	INFO [input.cpp->run:257]	FPS: 20.0341
2020/03/08 15:41:13 411640	INFO [input.cpp->run:173]	
frame_id 7
2020/03/08 15:41:13 444318	WARNING [visualOdometry.cpp->trackingFrame2Frame:179]	The Estimated Rotation and translation matrices(using getTransformation function) are : 
    0.999997  0.000962704   0.00195567    -0.011673
-0.000956826     0.999995   -0.0029996   -0.0212184
 -0.00195856   0.00299772     0.999994    0.0611763
           0            0            0            1
2020/03/08 15:41:13 445137	INFO [input.cpp->run:235]	rotation: 
[0.9999974370002747, 0.0009627044200897217, 0.001955665647983551;
 -0.0009568259119987488, 0.9999948740005493, -0.002999596297740936;
 -0.001958563923835754, 0.002997715026140213, 0.9999935626983643]
2020/03/08 15:41:13 445158	INFO [input.cpp->run:256]	frame times (ms): 49.226
2020/03/08 15:41:13 445160	INFO [input.cpp->run:257]	FPS: 20.3145
2020/03/08 15:41:13 549434	INFO [input.cpp->run:173]	
frame_id 8
2020/03/08 15:41:13 583154	WARNING [visualOdometry.cpp->trackingFrame2Frame:179]	The Estimated Rotation and translation matrices(using getTransformation function) are : 
   0.999972  0.00179132  0.00725643  -0.0309725
 -0.0017704    0.999994 -0.00289227   0.0640035
 -0.0072616  0.00287934    0.999969    -2.25969
          0           0           0           1
2020/03/08 15:41:13 583831	INFO [input.cpp->run:235]	rotation: 
[0.9999719858169556, 0.001791323302313685, 0.00725642591714859;
 -0.00177040183916688, 0.9999943375587463, -0.00289226695895195;
 -0.007261604070663452, 0.002879340201616287, 0.999969482421875]
2020/03/08 15:41:13 583865	INFO [input.cpp->run:256]	frame times (ms): 49.912
2020/03/08 15:41:13 583869	INFO [input.cpp->run:257]	FPS: 20.0353
2020/03/08 15:41:13 665164	INFO [input.cpp->run:173]	
frame_id 9
2020/03/08 15:41:13 699258	WARNING [visualOdometry.cpp->trackingFrame2Frame:179]	The Estimated Rotation and translation matrices(using getTransformation function) are : 
     0.99999  -0.00243765   0.00388186   -0.0228271
  0.00243892     0.999997 -0.000318538    0.0752389
 -0.00388104  0.000327978     0.999992     -1.06314
           0            0            0            1
2020/03/08 15:41:13 699933	INFO [input.cpp->run:235]	rotation: 
[0.9999896883964539, -0.002437649760395288, 0.003881856799125671;
 0.002438920317217708, 0.9999969601631165, -0.0003185383975505829;
 -0.003881044685840607, 0.0003279782831668854, 0.999992311000824]
2020/03/08 15:41:13 699957	INFO [input.cpp->run:256]	frame times (ms): 49.408
2020/03/08 15:41:13 699959	INFO [input.cpp->run:257]	FPS: 20.2396
2020/03/08 15:41:13 782585	INFO [input.cpp->run:173]	
frame_id 10
2020/03/08 15:41:13 820332	WARNING [visualOdometry.cpp->trackingFrame2Frame:179]	The Estimated Rotation and translation matrices(using getTransformation function) are : 
    0.999993  0.000274888   0.00367522    -0.167342
-0.000274737            1 -4.10378e-05   0.00377059
 -0.00367524  4.00282e-05     0.999994    -0.384529
           0            0            0            1
2020/03/08 15:41:13 821871	INFO [input.cpp->run:235]	rotation: 
[0.9999934434890747, 0.0002748883562162519, 0.003675222396850586;
 -0.0002747370162978768, 1.000000238418579, -4.103779792785645e-05;
 -0.00367523729801178, 4.002824425697327e-05, 0.999993622303009]
2020/03/08 15:41:13 821892	INFO [input.cpp->run:256]	frame times (ms): 55.722
2020/03/08 15:41:13 821894	INFO [input.cpp->run:257]	FPS: 17.9462
2020/03/08 15:41:13 919223	INFO [input.cpp->run:173]	
frame_id 11
2020/03/08 15:41:13 952112	WARNING [visualOdometry.cpp->trackingFrame2Frame:179]	The Estimated Rotation and translation matrices(using getTransformation function) are : 
    0.999903   0.00423234    0.0132607    -0.201183
 -0.00424414     0.999991  0.000857461    0.0244493
  -0.0132569 -0.000913659     0.999912     -2.70312
           0            0            0            1
2020/03/08 15:41:13 952811	INFO [input.cpp->run:235]	rotation: 
[0.99990314245224, 0.004232342354953289, 0.01326065137982368;
 -0.004244142211973667, 0.9999907612800598, 0.0008574612438678741;
 -0.01325690653175116, -0.0009136591106653214, 0.9999117851257324]
2020/03/08 15:41:13 952830	INFO [input.cpp->run:256]	frame times (ms): 49.26
2020/03/08 15:41:13 952831	INFO [input.cpp->run:257]	FPS: 20.3004
2020/03/08 15:41:14 055317	INFO [input.cpp->run:173]	
frame_id 12
2020/03/08 15:41:14 087102	WARNING [visualOdometry.cpp->trackingFrame2Frame:179]	The Estimated Rotation and translation matrices(using getTransformation function) are : 
    0.999827    0.0177801     0.005469    -0.292004
   -0.017781     0.999842  9.80236e-05    -0.241738
 -0.00546641 -0.000195272     0.999985     -0.29681
           0            0            0            1
2020/03/08 15:41:14 087779	INFO [input.cpp->run:235]	rotation: 
[0.9998267292976379, 0.01778007298707962, 0.005468999966979027;
 -0.01778095029294491, 0.9998416900634766, 9.802356362342834e-05;
 -0.005466409027576447, -0.0001952722668647766, 0.9999850392341614]
2020/03/08 15:41:14 087800	INFO [input.cpp->run:256]	frame times (ms): 47.325
2020/03/08 15:41:14 087802	INFO [input.cpp->run:257]	FPS: 21.1305
2020/03/08 15:41:14 170396	INFO [input.cpp->run:173]	
frame_id 13
2020/03/08 15:41:14 203081	WARNING [visualOdometry.cpp->trackingFrame2Frame:179]	The Estimated Rotation and translation matrices(using getTransformation function) are : 
    0.999991   0.00316023   0.00300318    -0.160522
 -0.00316176     0.999995  0.000514179   -0.0319746
 -0.00300153 -0.000523668     0.999995    -0.563786
           0            0            0            1
2020/03/08 15:41:14 203733	INFO [input.cpp->run:235]	rotation: 
[0.9999905824661255, 0.003160228952765465, 0.003003180027008057;
 -0.003161759115755558, 0.9999947547912598, 0.0005141794681549072;
 -0.003001533448696136, -0.0005236677825450897, 0.9999952912330627]
2020/03/08 15:41:14 203752	INFO [input.cpp->run:256]	frame times (ms): 46.947
2020/03/08 15:41:14 203755	INFO [input.cpp->run:257]	FPS: 21.3006
2020/03/08 15:41:14 287950	INFO [input.cpp->run:173]	
frame_id 14
2020/03/08 15:41:14 323767	WARNING [visualOdometry.cpp->trackingFrame2Frame:179]	The Estimated Rotation and translation matrices(using getTransformation function) are : 
   0.999963 -0.00800236  0.00309972    0.123468
 0.00799648    0.999966  0.00187263    0.108871
-0.00311459 -0.00184777    0.999993    -1.53281
          0           0           0           1
2020/03/08 15:41:14 324472	INFO [input.cpp->run:235]	rotation: 
[0.9999631643295288, -0.008002357557415962, 0.003099724650382996;
 0.00799647718667984, 0.9999663233757019, 0.001872632652521133;
 -0.003114588558673859, -0.0018477663397789, 0.9999933838844299]
2020/03/08 15:41:14 324493	INFO [input.cpp->run:256]	frame times (ms): 52.016
2020/03/08 15:41:14 324495	INFO [input.cpp->run:257]	FPS: 19.2249
2020/03/08 15:41:14 421753	INFO [input.cpp->run:173]	
frame_id 15
2020/03/08 15:41:14 451604	WARNING [visualOdometry.cpp->trackingFrame2Frame:179]	The Estimated Rotation and translation matrices(using getTransformation function) are : 
    0.999993   0.00369027 -0.000667783    0.0834532
  -0.0036886      0.99999    0.0025452   -0.0373647
 0.000677168  -0.00254272     0.999997    -0.637707
           0            0            0            1
2020/03/08 15:41:14 452286	INFO [input.cpp->run:235]	rotation: 
[0.9999933242797852, 0.003690265119075775, -0.0006677825003862381;
 -0.003688603872433305, 0.9999902844429016, 0.002545202150940895;
 0.0006771683692932129, -0.002542722038924694, 0.9999967813491821]
2020/03/08 15:41:14 452305	INFO [input.cpp->run:256]	frame times (ms): 44.758
2020/03/08 15:41:14 452307	INFO [input.cpp->run:257]	FPS: 22.3424
2020/03/08 15:41:14 559533	INFO [input.cpp->run:173]	
frame_id 16
2020/03/08 15:41:14 591059	WARNING [visualOdometry.cpp->trackingFrame2Frame:179]	The Estimated Rotation and translation matrices(using getTransformation function) are : 
   0.999986 -0.00512267  0.00139351   0.0361004
 0.00512062    0.999986  0.00141048   0.0267105
-0.00140072 -0.00140332    0.999998   -0.876495
          0           0           0           1
2020/03/08 15:41:14 591732	INFO [input.cpp->run:235]	rotation: 
[0.9999858736991882, -0.00512266531586647, 0.001393510028719902;
 0.005120622459799051, 0.999985933303833, 0.001410484313964844;
 -0.001400716602802277, -0.001403320580720901, 0.9999980330467224]
2020/03/08 15:41:14 591751	INFO [input.cpp->run:256]	frame times (ms): 46.833
2020/03/08 15:41:14 591753	INFO [input.cpp->run:257]	FPS: 21.3525
2020/03/08 15:41:14 696144	INFO [input.cpp->run:173]	
frame_id 17
2020/03/08 15:41:14 727094	WARNING [visualOdometry.cpp->trackingFrame2Frame:179]	The Estimated Rotation and translation matrices(using getTransformation function) are : 
   0.999953  -0.0078953  0.00555372   0.0815411
 0.00790858    0.999966 -0.00237808    0.248311
-0.00553476  0.00242188    0.999982    -2.80063
          0           0           0           1
2020/03/08 15:41:14 727778	INFO [input.cpp->run:235]	rotation: 
[0.9999532699584961, -0.007895296439528465, 0.005553720518946648;
 0.007908575236797333, 0.9999657273292542, -0.002378076314926147;
 -0.005534761119633913, 0.002421882003545761, 0.9999819397926331]
2020/03/08 15:41:14 727797	INFO [input.cpp->run:256]	frame times (ms): 46.316
2020/03/08 15:41:14 727799	INFO [input.cpp->run:257]	FPS: 21.5908
2020/03/08 15:41:14 828920	INFO [input.cpp->run:173]	
frame_id 18
2020/03/08 15:41:14 858835	WARNING [visualOdometry.cpp->trackingFrame2Frame:179]	The Estimated Rotation and translation matrices(using getTransformation function) are : 
   0.999995 -0.00165368  -0.0028784    0.174968
 0.00164481    0.999994  -0.0030884   0.0826955
 0.00288348  0.00308365    0.999991   -0.233906
          0           0           0           1
2020/03/08 15:41:14 859512	INFO [input.cpp->run:235]	rotation: 
[0.9999946355819702, -0.001653681509196758, -0.002878398634493351;
 0.001644808799028397, 0.9999939799308777, -0.003088396042585373;
 0.002883483655750751, 0.003083653748035431, 0.9999912977218628]
2020/03/08 15:41:14 859531	INFO [input.cpp->run:256]	frame times (ms): 44.603
2020/03/08 15:41:14 859533	INFO [input.cpp->run:257]	FPS: 22.42
2020/03/08 15:41:14 965660	INFO [input.cpp->run:173]	
frame_id 19
2020/03/08 15:41:14 997813	WARNING [visualOdometry.cpp->trackingFrame2Frame:179]	The Estimated Rotation and translation matrices(using getTransformation function) are : 
   0.999985   0.0038451  0.00382162   -0.213081
-0.00384076    0.999992  -0.0011395  -0.0728785
-0.00382597   0.0011248    0.999992   -0.509262
          0           0           0           1
2020/03/08 15:41:14 998487	INFO [input.cpp->run:235]	rotation: 
[0.9999851584434509, 0.003845097264274955, 0.003821622813120484;
 -0.003840757301077247, 0.999991774559021, -0.001139499247074127;
 -0.003825972322374582, 0.001124799251556396, 0.9999918341636658]
2020/03/08 15:41:14 998506	INFO [input.cpp->run:256]	frame times (ms): 48.021
2020/03/08 15:41:14 998508	INFO [input.cpp->run:257]	FPS: 20.8242
2020/03/08 15:41:15 083329	INFO [input.cpp->run:173]	
frame_id 20
2020/03/08 15:41:15 121277	WARNING [visualOdometry.cpp->trackingFrame2Frame:179]	The Estimated Rotation and translation matrices(using getTransformation function) are : 
   0.999897   0.0136291 -0.00435977    0.416978
  -0.013619    0.999904  0.00231934   -0.264283
 0.00439096 -0.00225973    0.999988   -0.819763
          0           0           0           1
2020/03/08 15:41:15 121980	INFO [input.cpp->run:235]	rotation: 
[0.9998974204063416, 0.01362905744463205, -0.004359765909612179;
 -0.01361903268843889, 0.9999043345451355, 0.0023193359375;
 0.004390956833958626, -0.002259727567434311, 0.999987781047821]
2020/03/08 15:41:15 122003	INFO [input.cpp->run:256]	frame times (ms): 54.215
2020/03/08 15:41:15 122005	INFO [input.cpp->run:257]	FPS: 18.4451
2020/03/08 15:41:15 220394	INFO [input.cpp->run:173]	
frame_id 21
2020/03/08 15:41:15 253433	WARNING [visualOdometry.cpp->trackingFrame2Frame:179]	The Estimated Rotation and translation matrices(using getTransformation function) are : 
   0.999973  0.00721791 -0.00155944   0.0328846
-0.00721536    0.999973  0.00157861   -0.144423
  0.0015708  -0.0015673    0.999997    0.282417
          0           0           0           1
2020/03/08 15:41:15 254134	INFO [input.cpp->run:235]	rotation: 
[0.9999728202819824, 0.007217905018478632, -0.001559439930133522;
 -0.007215358782559633, 0.9999728202819824, 0.001578610390424728;
 0.001570795429870486, -0.001567304134368896, 0.9999974966049194]
2020/03/08 15:41:15 254152	INFO [input.cpp->run:256]	frame times (ms): 47.898
2020/03/08 15:41:15 254154	INFO [input.cpp->run:257]	FPS: 20.8777
2020/03/08 15:41:15 356284	INFO [input.cpp->run:173]	
frame_id 22
2020/03/08 15:41:15 388626	WARNING [visualOdometry.cpp->trackingFrame2Frame:179]	The Estimated Rotation and translation matrices(using getTransformation function) are : 
   0.999928  0.00986454  0.00681443   -0.307704
-0.00987548     0.99995  0.00157001   -0.119117
 -0.0067986 -0.00163719    0.999976    -1.01392
          0           0           0           1
2020/03/08 15:41:15 389352	INFO [input.cpp->run:235]	rotation: 
[0.9999279379844666, 0.009864542633295059, 0.006814425811171532;
 -0.009875479154288769, 0.9999499320983887, 0.001570012420415878;
 -0.006798600312322378, -0.00163719430565834, 0.9999756217002869]
2020/03/08 15:41:15 389371	INFO [input.cpp->run:256]	frame times (ms): 48.019
2020/03/08 15:41:15 389373	INFO [input.cpp->run:257]	FPS: 20.8251
2020/03/08 15:41:15 494271	INFO [input.cpp->run:173]	
frame_id 23
2020/03/08 15:41:15 527571	WARNING [visualOdometry.cpp->trackingFrame2Frame:179]	The Estimated Rotation and translation matrices(using getTransformation function) are : 
    0.999997     0.002226   8.1256e-05     0.423512
 -0.00222572     0.999994  -0.00257707     0.122251
-8.69893e-05   0.00257688     0.999997     -3.09076
           0            0            0            1
2020/03/08 15:41:15 528250	INFO [input.cpp->run:235]	rotation: 
[0.9999972581863403, 0.002225997159257531, 8.125603199005127e-05;
 -0.002225719159469008, 0.9999937415122986, -0.002577073872089386;
 -8.698925375938416e-05, 0.002576883882284164, 0.999996542930603]
2020/03/08 15:41:15 528269	INFO [input.cpp->run:256]	frame times (ms): 49.58
2020/03/08 15:41:15 528271	INFO [input.cpp->run:257]	FPS: 20.1694
2020/03/08 15:41:15 610032	INFO [input.cpp->run:173]	
frame_id 24
2020/03/08 15:41:15 644021	WARNING [visualOdometry.cpp->trackingFrame2Frame:179]	The Estimated Rotation and translation matrices(using getTransformation function) are : 
   0.998877   0.0282502   0.0380317    -2.70932
 -0.0284538    0.999584  0.00482282   -0.808788
 -0.0378796 -0.00589956    0.999265     1.59095
          0           0           0           1
2020/03/08 15:41:15 644677	INFO [input.cpp->run:235]	rotation: 
[0.9988773465156555, 0.02825018391013145, 0.0380316898226738;
 -0.02845378965139389, 0.9995836019515991, 0.004822820425033569;
 -0.03787959367036819, -0.005899559706449509, 0.9992650747299194]
2020/03/08 15:41:15 644696	INFO [input.cpp->run:256]	frame times (ms): 50.927
2020/03/08 15:41:15 644697	INFO [input.cpp->run:257]	FPS: 19.636
2020/03/08 15:41:15 737146	INFO [input.cpp->run:173]	
frame_id 25
2020/03/08 15:41:15 771074	WARNING [visualOdometry.cpp->trackingFrame2Frame:179]	The Estimated Rotation and translation matrices(using getTransformation function) are : 
   0.999994  0.00300751  0.00138676  0.00480556
-0.00300243    0.999989 -0.00365741  0.00463426
-0.00139775  0.00365322    0.999992    -1.63414
          0           0           0           1
2020/03/08 15:41:15 771746	INFO [input.cpp->run:235]	rotation: 
[0.9999943971633911, 0.003007510211318731, 0.001386763527989388;
 -0.003002431010827422, 0.9999887347221375, -0.00365741178393364;
 -0.00139775313436985, 0.003653224557638168, 0.9999924302101135]
2020/03/08 15:41:15 771766	INFO [input.cpp->run:256]	frame times (ms): 50.297
2020/03/08 15:41:15 771768	INFO [input.cpp->run:257]	FPS: 19.8819
2020/03/08 15:41:15 874019	INFO [input.cpp->run:173]	
frame_id 26
2020/03/08 15:41:15 906661	WARNING [visualOdometry.cpp->trackingFrame2Frame:179]	The Estimated Rotation and translation matrices(using getTransformation function) are : 
   0.997752   0.0454443    -0.04926     2.41192
 -0.0449661    0.998931   0.0107741    -1.28191
  0.0496969 -0.00853487    0.998728     2.80658
          0           0           0           1
2020/03/08 15:41:15 907346	INFO [input.cpp->run:235]	rotation: 
[0.9977520108222961, 0.04544432461261749, -0.04925999045372009;
 -0.04496606066823006, 0.998930811882019, 0.0107741467654705;
 0.04969692230224609, -0.00853487104177475, 0.9987279772758484]
2020/03/08 15:41:15 907368	INFO [input.cpp->run:256]	frame times (ms): 48.467
2020/03/08 15:41:15 907371	INFO [input.cpp->run:257]	FPS: 20.6326
2020/03/08 15:41:16 009958	INFO [input.cpp->run:173]	
frame_id 27
2020/03/08 15:41:16 042120	WARNING [visualOdometry.cpp->trackingFrame2Frame:179]	The Estimated Rotation and translation matrices(using getTransformation function) are : 
    0.999987  0.000459755   -0.0051668    0.0627413
-0.000465107     0.999999  -0.00103638   -0.0102983
  0.00516633   0.00103877     0.999986    -0.325668
           0            0            0            1
2020/03/08 15:41:16 042812	INFO [input.cpp->run:235]	rotation: 
[0.9999865889549255, 0.0004597547231242061, -0.005166798830032349;
 -0.0004651074414141476, 0.9999992847442627, -0.001036377623677254;
 0.005166331306099892, 0.001038774847984314, 0.999985933303833]
2020/03/08 15:41:16 042831	INFO [input.cpp->run:256]	frame times (ms): 48.79
2020/03/08 15:41:16 042833	INFO [input.cpp->run:257]	FPS: 20.496
2020/03/08 15:41:16 143030	INFO [input.cpp->run:173]	
frame_id 28
2020/03/08 15:41:16 172887	WARNING [visualOdometry.cpp->trackingFrame2Frame:179]	The Estimated Rotation and translation matrices(using getTransformation function) are : 
    0.999865   -0.0136932  -0.00909056     0.595165
   0.0136978     0.999906  0.000449173     0.292342
  0.00908356 -0.000573639     0.999959     -1.04239
           0            0            0            1
2020/03/08 15:41:16 173568	INFO [input.cpp->run:235]	rotation: 
[0.9998648762702942, -0.01369316875934601, -0.00909055769443512;
 0.01369780488312244, 0.9999061226844788, 0.0004491731524467468;
 0.009083559736609459, -0.0005736388266086578, 0.9999585747718811]
2020/03/08 15:41:16 173588	INFO [input.cpp->run:256]	frame times (ms): 44.777
2020/03/08 15:41:16 173590	INFO [input.cpp->run:257]	FPS: 22.3329
2020/03/08 15:41:16 263923	INFO [input.cpp->run:173]	
frame_id 29
2020/03/08 15:41:16 299559	WARNING [visualOdometry.cpp->trackingFrame2Frame:179]	The Estimated Rotation and translation matrices(using getTransformation function) are : 
    0.999994  0.000350622   0.00341539    -0.176311
-0.000369021     0.999985   0.00539019   -0.0267361
 -0.00341348   -0.0053914      0.99998     -1.04636
           0            0            0            1
2020/03/08 15:41:16 300245	INFO [input.cpp->run:235]	rotation: 
[0.9999940991401672, 0.0003506224602460861, 0.003415390849113464;
 -0.0003690212033689022, 0.9999853372573853, 0.005390185862779617;
 -0.003413476049900055, -0.005391404032707214, 0.999979555606842]
2020/03/08 15:41:16 300265	INFO [input.cpp->run:256]	frame times (ms): 51.61
2020/03/08 15:41:16 300267	INFO [input.cpp->run:257]	FPS: 19.3761
2020/03/08 15:41:16 378934	INFO [input.cpp->run:173]	
frame_id 30
2020/03/08 15:41:16 411762	WARNING [visualOdometry.cpp->trackingFrame2Frame:179]	The Estimated Rotation and translation matrices(using getTransformation function) are : 
    0.999997 -0.000301277  -0.00254668    0.0432239
 0.000307938     0.999997   0.00261103    0.0138535
  0.00254588   -0.0026118     0.999993    -0.459068
           0            0            0            1
2020/03/08 15:41:16 412474	INFO [input.cpp->run:235]	rotation: 
[0.9999969005584717, -0.0003012770903296769, -0.002546675503253937;
 0.0003079376183450222, 0.9999967217445374, 0.002611028030514717;
 0.002545878291130066, -0.002611801028251648, 0.9999932646751404]
2020/03/08 15:41:16 412494	INFO [input.cpp->run:256]	frame times (ms): 48.855
2020/03/08 15:41:16 412496	INFO [input.cpp->run:257]	FPS: 20.4687
2020/03/08 15:41:16 497548	INFO [input.cpp->run:173]	
frame_id 31
2020/03/08 15:41:16 532111	WARNING [visualOdometry.cpp->trackingFrame2Frame:179]	The Estimated Rotation and translation matrices(using getTransformation function) are : 
    0.999986 -0.000406484   0.00520636    -0.257968
 0.000413396     0.999999  -0.00132413     0.111418
 -0.00520581   0.00132627     0.999986     -2.49541
           0            0            0            1
2020/03/08 15:41:16 532850	INFO [input.cpp->run:235]	rotation: 
[0.9999862909317017, -0.0004064836539328098, 0.005206356756389141;
 0.0004133958136662841, 0.9999990463256836, -0.001324132084846497;
 -0.005205812864005566, 0.001326266676187515, 0.9999855756759644]
2020/03/08 15:41:16 532871	INFO [input.cpp->run:256]	frame times (ms): 51.53
2020/03/08 15:41:16 532872	INFO [input.cpp->run:257]	FPS: 19.4062
2020/03/08 15:41:16 634452	INFO [input.cpp->run:173]	
frame_id 32
2020/03/08 15:41:16 666193	WARNING [visualOdometry.cpp->trackingFrame2Frame:179]	The Estimated Rotation and translation matrices(using getTransformation function) are : 
   0.999952  0.00672093  0.00715949   -0.418463
-0.00669756    0.999972 -0.00328581   -0.123113
-0.00718138   0.0032377    0.999969    -1.25864
          0           0           0           1
2020/03/08 15:41:16 666950	INFO [input.cpp->run:235]	rotation: 
[0.9999518394470215, 0.006720926146954298, 0.007159490138292313;
 -0.00669755507260561, 0.9999722838401794, -0.003285814076662064;
 -0.007181376218795776, 0.00323769822716713, 0.9999691843986511]
2020/03/08 15:41:16 666970	INFO [input.cpp->run:256]	frame times (ms): 48.206
2020/03/08 15:41:16 666972	INFO [input.cpp->run:257]	FPS: 20.7443
2020/03/08 15:41:16 755969	INFO [input.cpp->run:173]	
frame_id 33
2020/03/08 15:41:16 786847	WARNING [visualOdometry.cpp->trackingFrame2Frame:179]	The Estimated Rotation and translation matrices(using getTransformation function) are : 
   0.999924  0.00111935   0.0122338      -0.597
-0.00109135    0.999997 -0.00229648   0.0216951
 -0.0122363  0.00228296    0.999923    -1.90825
          0           0           0           1
2020/03/08 15:41:16 787522	INFO [input.cpp->run:235]	rotation: 
[0.9999244809150696, 0.001119346241466701, 0.01223377324640751;
 -0.001091348705813289, 0.999996542930603, -0.002296481281518936;
 -0.01223630737513304, 0.002282958477735519, 0.999922513961792]
2020/03/08 15:41:16 787542	INFO [input.cpp->run:256]	frame times (ms): 46.37
2020/03/08 15:41:16 787544	INFO [input.cpp->run:257]	FPS: 21.5657
2020/03/08 15:41:16 870645	INFO [input.cpp->run:173]	
frame_id 34
2020/03/08 15:41:16 905557	WARNING [visualOdometry.cpp->trackingFrame2Frame:179]	The Estimated Rotation and translation matrices(using getTransformation function) are : 
    0.999974   0.00628069  -0.00372174    0.0600748
 -0.00628242     0.999981 -0.000458904   -0.0457711
  0.00371879  0.000482272     0.999993      1.32282
           0            0            0            1
2020/03/08 15:41:16 906294	INFO [input.cpp->run:235]	rotation: 
[0.9999735355377197, 0.006280685774981976, -0.00372174009680748;
 -0.006282415241003036, 0.9999805688858032, -0.0004589036107063293;
 0.003718791529536247, 0.0004822723567485809, 0.9999931454658508]
2020/03/08 15:41:16 906316	INFO [input.cpp->run:256]	frame times (ms): 51.989
2020/03/08 15:41:16 906317	INFO [input.cpp->run:257]	FPS: 19.2348
2020/03/08 15:41:16 988678	INFO [input.cpp->run:173]	
frame_id 35
2020/03/08 15:41:17 025885	WARNING [visualOdometry.cpp->trackingFrame2Frame:179]	The Estimated Rotation and translation matrices(using getTransformation function) are : 
   0.999972  0.00383385  0.00641647  -0.0996666
 -0.0038643    0.999981  0.00473674   0.0346322
-0.00639819 -0.00476139    0.999968    -3.05418
          0           0           0           1
2020/03/08 15:41:17 027417	INFO [input.cpp->run:235]	rotation: 
[0.9999720454216003, 0.003833847586065531, 0.00641646608710289;
 -0.003864302299916744, 0.9999814629554749, 0.004736736416816711;
 -0.006398186087608337, -0.004761386662721634, 0.9999681711196899]
2020/03/08 15:41:17 027437	INFO [input.cpp->run:256]	frame times (ms): 55.038
2020/03/08 15:41:17 027439	INFO [input.cpp->run:257]	FPS: 18.1693
2020/03/08 15:41:17 102112	INFO [input.cpp->run:173]	
frame_id 36
2020/03/08 15:41:17 124247	WARNING [visualOdometry.cpp->trackingFrame2Frame:179]	The Estimated Rotation and translation matrices(using getTransformation function) are : 
   0.999978 -0.00280507  0.00609138   -0.101819
 0.00277794    0.999986  0.00445845   0.0980177
-0.00610381 -0.00444143    0.999971    -3.09133
          0           0           0           1
2020/03/08 15:41:17 124963	INFO [input.cpp->run:235]	rotation: 
[0.999977707862854, -0.002805069088935852, 0.006091383751481771;
 0.00277794199064374, 0.9999862909317017, 0.00445844978094101;
 -0.006103808991611004, -0.004441428929567337, 0.9999713897705078]
2020/03/08 15:41:17 124984	INFO [input.cpp->run:256]	frame times (ms): 35.134
2020/03/08 15:41:17 124986	INFO [input.cpp->run:257]	FPS: 28.4625
2020/03/08 15:41:17 239339	INFO [input.cpp->run:173]	
frame_id 37
2020/03/08 15:41:17 279792	WARNING [visualOdometry.cpp->trackingFrame2Frame:179]	The Estimated Rotation and translation matrices(using getTransformation function) are : 
           1  0.000768554   8.8688e-05    -0.133926
-0.000768606     0.999999  0.000706486     -0.10092
-8.81515e-05 -0.000706561            1     0.427063
           0            0            0            1
2020/03/08 15:41:17 280613	INFO [input.cpp->run:235]	rotation: 
[0.9999996423721313, 0.0007685542805120349, 8.868798613548279e-05;
 -0.0007686063181608915, 0.9999992847442627, 0.0007064864039421082;
 -8.815154433250427e-05, -0.0007065609097480774, 0.9999996423721313]
2020/03/08 15:41:17 280637	INFO [input.cpp->run:256]	frame times (ms): 60.928
2020/03/08 15:41:17 280639	INFO [input.cpp->run:257]	FPS: 16.4128
2020/03/08 15:41:17 374998	INFO [input.cpp->run:173]	
frame_id 38
2020/03/08 15:41:17 406230	WARNING [visualOdometry.cpp->trackingFrame2Frame:179]	The Estimated Rotation and translation matrices(using getTransformation function) are : 
    0.999983  0.000213351   0.00590568    0.0773144
-0.000207986     0.999999  -0.00090171     0.110614
 -0.00590586  0.000900455     0.999982     -3.52947
           0            0            0            1
2020/03/08 15:41:17 406904	INFO [input.cpp->run:235]	rotation: 
[0.9999826550483704, 0.0002133514499291778, 0.005905678495764732;
 -0.0002079863916151226, 0.9999993443489075, -0.0009017102420330048;
 -0.005905864760279655, 0.0009004548192024231, 0.9999819993972778]
2020/03/08 15:41:17 406923	INFO [input.cpp->run:256]	frame times (ms): 46.699
2020/03/08 15:41:17 406925	INFO [input.cpp->run:257]	FPS: 21.4137
2020/03/08 15:41:17 512935	INFO [input.cpp->run:173]	
frame_id 39
2020/03/08 15:41:17 551867	WARNING [visualOdometry.cpp->trackingFrame2Frame:179]	The Estimated Rotation and translation matrices(using getTransformation function) are : 
    0.999994   0.00033387   -0.0034563   0.00844526
-0.000344809     0.999995  -0.00315432    -0.155642
  0.00345524   0.00315548     0.999989      1.76261
           0            0            0            1
2020/03/08 15:41:17 552695	INFO [input.cpp->run:235]	rotation: 
[0.9999938011169434, 0.0003338702081236988, -0.003456301987171173;
 -0.000344809319358319, 0.9999951124191284, -0.003154318779706955;
 0.003455239348113537, 0.003155481070280075, 0.9999892115592957]
2020/03/08 15:41:17 552716	INFO [input.cpp->run:256]	frame times (ms): 57.425
2020/03/08 15:41:17 552719	INFO [input.cpp->run:257]	FPS: 17.414
2020/03/08 15:41:17 630956	INFO [input.cpp->run:173]	
frame_id 40
2020/03/08 15:41:17 669895	WARNING [visualOdometry.cpp->trackingFrame2Frame:179]	The Estimated Rotation and translation matrices(using getTransformation function) are : 
    0.999974 -0.000868885   0.00716409   -0.0648551
 0.000885561     0.999997  -0.00233385      0.12871
 -0.00716204   0.00234015     0.999972     -2.18613
           0            0            0            1
2020/03/08 15:41:17 670635	INFO [input.cpp->run:235]	rotation: 
[0.9999738931655884, -0.0008688847883604467, 0.007164089009165764;
 0.0008855607593432069, 0.9999970197677612, -0.002333849668502808;
 -0.007162043359130621, 0.002340152859687805, 0.9999716281890869]
2020/03/08 15:41:17 670656	INFO [input.cpp->run:256]	frame times (ms): 56.786
2020/03/08 15:41:17 670658	INFO [input.cpp->run:257]	FPS: 17.61
2020/03/08 15:41:17 754197	INFO [input.cpp->run:173]	
frame_id 41
2020/03/08 15:41:17 780557	WARNING [visualOdometry.cpp->trackingFrame2Frame:179]	The Estimated Rotation and translation matrices(using getTransformation function) are : 
    0.999999  -0.00143819 -4.46066e-05   -0.0734425
  0.00143806     0.999995  -0.00274068   -0.0356455
  4.8548e-05   0.00274061     0.999996    0.0101357
           0            0            0            1
2020/03/08 15:41:17 781327	INFO [input.cpp->run:235]	rotation: 
[0.999998927116394, -0.001438188017345965, -4.460662603378296e-05;
 0.001438056817278266, 0.9999951124191284, -0.002740677446126938;
 4.854798316955566e-05, 0.002740610390901566, 0.9999963045120239]
2020/03/08 15:41:17 781349	INFO [input.cpp->run:256]	frame times (ms): 39.954
2020/03/08 15:41:17 781351	INFO [input.cpp->run:257]	FPS: 25.0288
2020/03/08 15:41:17 893063	INFO [input.cpp->run:173]	
frame_id 42
2020/03/08 15:41:17 933075	WARNING [visualOdometry.cpp->trackingFrame2Frame:179]	The Estimated Rotation and translation matrices(using getTransformation function) are : 
    0.999995  0.000929753   0.00292146    0.0395889
-0.000922627     0.999997  -0.00244057    0.0660205
 -0.00292372   0.00243786     0.999993      -2.3591
           0            0            0            1
2020/03/08 15:41:17 934807	INFO [input.cpp->run:235]	rotation: 
[0.9999954104423523, 0.0009297534124925733, 0.002921460196375847;
 -0.0009226270485669374, 0.9999967813491821, -0.002440568059682846;
 -0.002923717722296715, 0.002437863498926163, 0.9999926686286926]
2020/03/08 15:41:17 934830	INFO [input.cpp->run:256]	frame times (ms): 60.578
2020/03/08 15:41:17 934833	INFO [input.cpp->run:257]	FPS: 16.5076
2020/03/08 15:41:18 009681	INFO [input.cpp->run:173]	
frame_id 43
2020/03/08 15:41:18 049873	WARNING [visualOdometry.cpp->trackingFrame2Frame:179]	The Estimated Rotation and translation matrices(using getTransformation function) are : 
   0.999957 -0.00911796  0.00150021   -0.291007
 0.00912308    0.999953 -0.00345449 -0.00344729
-0.00146864  0.00346803    0.999993    0.274677
          0           0           0           1
2020/03/08 15:41:18 050733	INFO [input.cpp->run:235]	rotation: 
[0.9999573230743408, -0.009117959998548031, 0.001500213518738747;
 0.009123075753450394, 0.9999526143074036, -0.003454487770795822;
 -0.001468643546104431, 0.00346803292632103, 0.9999929070472717]
2020/03/08 15:41:18 050757	INFO [input.cpp->run:256]	frame times (ms): 59.437
2020/03/08 15:41:18 050759	INFO [input.cpp->run:257]	FPS: 16.8245
2020/03/08 15:41:18 128366	INFO [input.cpp->run:173]	
frame_id 44
2020/03/08 15:41:18 166800	WARNING [visualOdometry.cpp->trackingFrame2Frame:179]	The Estimated Rotation and translation matrices(using getTransformation function) are : 
    0.999995  -0.00294604   0.00069841   0.00501394
  0.00294692     0.999995   -0.0012644     0.131215
-0.000694677   0.00126643     0.999999     -1.16275
           0            0            0            1
2020/03/08 15:41:18 167549	INFO [input.cpp->run:235]	rotation: 
[0.9999954104423523, -0.00294604105874896, 0.0006984099745750427;
 0.002946923021227121, 0.9999948740005493, -0.001264400780200958;
 -0.0006946772336959839, 0.001266434788703918, 0.9999990463256836]
2020/03/08 15:41:18 167570	INFO [input.cpp->run:256]	frame times (ms): 55.705
2020/03/08 15:41:18 167572	INFO [input.cpp->run:257]	FPS: 17.9517
2020/03/08 15:41:18 264593	INFO [input.cpp->run:173]	
frame_id 45
2020/03/08 15:41:18 295621	WARNING [visualOdometry.cpp->trackingFrame2Frame:179]	The Estimated Rotation and translation matrices(using getTransformation function) are : 
    0.999759  -0.00781231    0.0205129    -0.925689
  0.00780444     0.999969  0.000464827     0.148494
  -0.0205159 -0.000304617     0.999789     -1.41581
           0            0            0            1
2020/03/08 15:41:18 296292	INFO [input.cpp->run:235]	rotation: 
[0.9997590780258179, -0.007812307681888342, 0.02051292173564434;
 0.007804442197084427, 0.9999693036079407, 0.0004648268222808838;
 -0.0205159168690443, -0.0003046169877052307, 0.9997894763946533]
2020/03/08 15:41:18 296311	INFO [input.cpp->run:256]	frame times (ms): 47.259
2020/03/08 15:41:18 296313	INFO [input.cpp->run:257]	FPS: 21.16
2020/03/08 15:41:18 400769	INFO [input.cpp->run:173]	
frame_id 46
2020/03/08 15:41:18 431291	WARNING [visualOdometry.cpp->trackingFrame2Frame:179]	The Estimated Rotation and translation matrices(using getTransformation function) are : 
   0.999997 -0.00150955 -0.00185976  -0.0411634
 0.00151378    0.999996  0.00228926  -0.0476058
 0.00185629 -0.00229207    0.999996   -0.210079
          0           0           0           1
2020/03/08 15:41:18 431974	INFO [input.cpp->run:235]	rotation: 
[0.9999968409538269, -0.001509552588686347, -0.001859759911894798;
 0.001513777882792056, 0.9999961256980896, 0.002289257943630219;
 0.00185629166662693, -0.002292070537805557, 0.9999955296516418]
2020/03/08 15:41:18 431994	INFO [input.cpp->run:256]	frame times (ms): 46.983
2020/03/08 15:41:18 431996	INFO [input.cpp->run:257]	FPS: 21.2843
2020/03/08 15:41:18 536103	INFO [input.cpp->run:173]	
frame_id 47
2020/03/08 15:41:18 566749	WARNING [visualOdometry.cpp->trackingFrame2Frame:179]	The Estimated Rotation and translation matrices(using getTransformation function) are : 
   0.999991  0.00324475  -0.0027417    0.384187
-0.00324152    0.999994   0.0011849 -0.00521004
