		g3log created log at: Sun Mar 08 15:42:52 2020
		LOG format: [YYYY/MM/DD hh:mm:ss uuu* LEVEL FILE->FUNCTION:LINE] message		(uuu*: microseconds fractions of the seconds value)

2020/03/08 15:42:52 308317	INFO [g3logger.h->logBanner:29]	Starting log.
2020/03/08 15:42:52 310799	DEBUG [main.cpp->main:49]	Filepath: /home/mitchell/KITTI/data_odometry_gray/dataset/sequences/00/
2020/03/08 15:42:52 310804	DEBUG [main.cpp->main:53]	Calibration Filepath: /home/mitchell/visual_odom_ws/src/visual_odom/calibration/old/kitti00.yaml
2020/03/08 15:42:52 310876	INFO [main.cpp->main:67]	P_left: 
[718.85602, 0, 607.19281, 0;
 0, 718.85602, 185.2157, 0;
 0, 0, 1, 0]
2020/03/08 15:42:52 310883	INFO [main.cpp->main:68]	P_right: 
[718.85602, 0, 607.19281, -386.14481;
 0, 718.85602, 185.2157, 0;
 0, 0, 1, 0]
2020/03/08 15:42:52 405000	INFO [input.cpp->Input:22]	frame_pose [1, 0, 0, 0;
 0, 1, 0, 0;
 0, 0, 1, 0;
 0, 0, 0, 1]
2020/03/08 15:42:54 979638	INFO [input.cpp->run:173]	
frame_id 1
2020/03/08 15:42:55 058171	INFO [input.cpp->run:235]	rotation: 
[0.9999912331902034, -0.0005904951310071344, 0.004145462367012951;
 0.0005847792994476728, 0.9999988769634232, 0.001379893134778129;
 -0.004146272531684481, -0.001377456856938609, 0.9999904554728012]
2020/03/08 15:42:55 058229	INFO [input.cpp->run:256]	frame times (ms): 91.884
2020/03/08 15:42:55 058232	INFO [input.cpp->run:257]	FPS: 10.8833
2020/03/08 15:42:55 089053	INFO [input.cpp->run:173]	
frame_id 2
2020/03/08 15:42:55 109592	INFO [input.cpp->run:235]	rotation: 
[0.9999871043492077, -0.001559601567361937, 0.004833091995601971;
 0.001556691906275596, 0.9999986048983832, 0.0006057322810223918;
 -0.004834029953962398, -0.0005982008345185832, 0.9999881370847185]
2020/03/08 15:42:55 109626	INFO [input.cpp->run:256]	frame times (ms): 34.855
2020/03/08 15:42:55 109628	INFO [input.cpp->run:257]	FPS: 28.6903
2020/03/08 15:42:55 198473	INFO [input.cpp->run:173]	
frame_id 3
2020/03/08 15:42:55 220577	INFO [input.cpp->run:235]	rotation: 
[0.9999911290356918, 0.0002865613377119094, 0.004202348453222155;
 -0.0002894469101260287, 0.9999997227676136, 0.0006860649984375538;
 -0.004202150688491355, -0.0006872752691544976, 0.9999909347500584]
2020/03/08 15:42:55 220604	INFO [input.cpp->run:256]	frame times (ms): 39.125
2020/03/08 15:42:55 220607	INFO [input.cpp->run:257]	FPS: 25.5591
2020/03/08 15:42:55 316506	INFO [input.cpp->run:173]	
frame_id 4
2020/03/08 15:42:55 343922	INFO [input.cpp->run:235]	rotation: 
[0.999987382669372, -0.002052464609277284, 0.004584963586169147;
 0.002046577060854766, 0.9999970757410217, 0.001288422189809579;
 -0.004587594619494607, -0.001279022452060514, 0.9999886589742777]
2020/03/08 15:42:55 343950	INFO [input.cpp->run:256]	frame times (ms): 50.458
2020/03/08 15:42:55 343952	INFO [input.cpp->run:257]	FPS: 19.8185
2020/03/08 15:42:55 453597	INFO [input.cpp->run:173]	
frame_id 5
2020/03/08 15:42:55 483338	INFO [input.cpp->run:235]	rotation: 
[0.9999829896104451, -0.003331986597402501, 0.004787311883634491;
 0.003327100264537532, 0.9999939364977319, 0.00102828575783728;
 -0.00479070909012144, -0.001012340399661502, 0.9999880120648093]
2020/03/08 15:42:55 483361	INFO [input.cpp->run:256]	frame times (ms): 50.374
2020/03/08 15:42:55 483363	INFO [input.cpp->run:257]	FPS: 19.8515
2020/03/08 15:42:55 592762	INFO [input.cpp->run:173]	
frame_id 6
2020/03/08 15:42:55 628204	INFO [input.cpp->run:235]	rotation: 
[0.9999890216386417, -0.0006073346536349954, 0.004646261595171046;
 0.0006132948585588831, 0.9999989908404856, -0.001281478609608114;
 -0.004645478619984443, 0.001284314069420702, 0.9999883849654266]
2020/03/08 15:42:55 628231	INFO [input.cpp->run:256]	frame times (ms): 65.436
2020/03/08 15:42:55 628234	INFO [input.cpp->run:257]	FPS: 15.2821
2020/03/08 15:42:55 728620	INFO [input.cpp->run:173]	
frame_id 7
2020/03/08 15:42:55 757130	INFO [input.cpp->run:235]	rotation: 
[0.999989055325356, 0.0006795679681735464, 0.004628975791558874;
 -0.0006675931646790943, 0.999996428340819, -0.002587977003704987;
 -0.004630717964709078, 0.002584858406540786, 0.9999859373801961]
2020/03/08 15:42:55 757155	INFO [input.cpp->run:256]	frame times (ms): 51.548
2020/03/08 15:42:55 757157	INFO [input.cpp->run:257]	FPS: 19.3994
2020/03/08 15:42:55 848818	INFO [input.cpp->run:173]	
frame_id 8
2020/03/08 15:42:55 896316	INFO [input.cpp->run:235]	rotation: 
[0.9999938006658792, 0.0007906978600574401, 0.003431242734627035;
 -0.0007809555304941777, 0.999995663062214, -0.002839712172435979;
 -0.00343347320787869, 0.00283701492012134, 0.9999900812548461]
2020/03/08 15:42:55 896344	INFO [input.cpp->run:256]	frame times (ms): 86.173
2020/03/08 15:42:55 896346	INFO [input.cpp->run:257]	FPS: 11.6046
2020/03/08 15:42:55 984117	INFO [input.cpp->run:173]	
frame_id 9
2020/03/08 15:42:56 014719	INFO [input.cpp->run:235]	rotation: 
[0.999995738362471, -0.001989361819882671, 0.00213674903675448;
 0.001987505042901977, 0.9999976458105997, 0.0008707450618958047;
 -0.002138476233423533, -0.0008664945516100053, 0.9999973380497525]
2020/03/08 15:42:56 014741	INFO [input.cpp->run:256]	frame times (ms): 51.668
2020/03/08 15:42:56 014743	INFO [input.cpp->run:257]	FPS: 19.3543
2020/03/08 15:42:56 121839	INFO [input.cpp->run:173]	
frame_id 10
2020/03/08 15:42:56 154715	INFO [input.cpp->run:235]	rotation: 
[0.9999980368592261, 0.0001958054693297636, 0.001971785463036922;
 -0.0001966133641362046, 0.9999998968092478, 0.000409542035470272;
 -0.001971705068996432, -0.0004099289108548461, 0.9999979721666484]
2020/03/08 15:42:56 154741	INFO [input.cpp->run:256]	frame times (ms): 55.445
2020/03/08 15:42:56 154743	INFO [input.cpp->run:257]	FPS: 18.0359
2020/03/08 15:42:56 239742	INFO [input.cpp->run:173]	
frame_id 11
2020/03/08 15:42:56 272439	INFO [input.cpp->run:235]	rotation: 
[0.9999947652303873, 0.00280859248336392, 0.001606648712379672;
 -0.002809695690729089, 0.9999958183161693, 0.0006848067613311288;
 -0.001604718650760299, -0.0006893173704891925, 0.9999984748586443]
2020/03/08 15:42:56 272465	INFO [input.cpp->run:256]	frame times (ms): 57.745
2020/03/08 15:42:56 272467	INFO [input.cpp->run:257]	FPS: 17.3175
2020/03/08 15:42:56 374600	INFO [input.cpp->run:173]	
frame_id 12
2020/03/08 15:42:56 401070	INFO [input.cpp->run:235]	rotation: 
[0.9999982202907288, -0.0002632717642584729, 0.001868181830837433;
 0.000265274641252354, 0.9999993902945215, -0.001071932810459943;
 -0.00186789848215456, 0.001072426483996152, 0.9999976804256582]
2020/03/08 15:42:56 401091	INFO [input.cpp->run:256]	frame times (ms): 47.696
2020/03/08 15:42:56 401093	INFO [input.cpp->run:257]	FPS: 20.9661
2020/03/08 15:42:56 509961	INFO [input.cpp->run:173]	
frame_id 13
2020/03/08 15:42:56 542709	INFO [input.cpp->run:235]	rotation: 
[0.9999975808295355, 0.001397345646312508, 0.001698752548614216;
 -0.001398777539290241, 0.9999986672169997, 0.0008420128382519053;
 -0.001697573701572027, -0.00084438697818913, 0.9999982026254641]
2020/03/08 15:42:56 542741	INFO [input.cpp->run:256]	frame times (ms): 60.103
2020/03/08 15:42:56 542744	INFO [input.cpp->run:257]	FPS: 16.6381
2020/03/08 15:42:56 632070	INFO [input.cpp->run:173]	
frame_id 14
2020/03/08 15:42:56 671158	INFO [input.cpp->run:235]	rotation: 
[0.9999949218731343, -0.002594943887885619, 0.001849998422369771;
 0.002591495738974585, 0.999994905125382, 0.001863832909112494;
 -0.001854825538675307, -0.001859029181303844, 0.999996551810417]
2020/03/08 15:42:56 671189	INFO [input.cpp->run:256]	frame times (ms): 71.47
2020/03/08 15:42:56 671191	INFO [input.cpp->run:257]	FPS: 13.9919
2020/03/08 15:42:56 767303	INFO [input.cpp->run:173]	
frame_id 15
2020/03/08 15:42:56 799141	INFO [input.cpp->run:235]	rotation: 
[0.999997920145982, -0.001613435787843517, 0.001247609181102701;
 0.00160993356324846, 0.9999947754254375, 0.002803076122909361;
 -0.001252125246208261, -0.00280106172502575, 0.9999952931067128]
2020/03/08 15:42:56 799163	INFO [input.cpp->run:256]	frame times (ms): 51.843
2020/03/08 15:42:56 799165	INFO [input.cpp->run:257]	FPS: 19.289
2020/03/08 15:42:56 906769	INFO [input.cpp->run:173]	
frame_id 16
2020/03/08 15:42:56 948406	INFO [input.cpp->run:235]	rotation: 
[0.9999886296308536, -0.004590138525353948, 0.00129276344533679;
 0.004588706833278285, 0.999988857698629, 0.001108263591954505;
 -0.001297836124386558, -0.001102318878132924, 0.9999985502561917]
2020/03/08 15:42:56 948435	INFO [input.cpp->run:256]	frame times (ms): 69.413
2020/03/08 15:42:56 948438	INFO [input.cpp->run:257]	FPS: 14.4065
2020/03/08 15:42:57 023293	INFO [input.cpp->run:173]	
frame_id 17
2020/03/08 15:42:57 055694	INFO [input.cpp->run:235]	rotation: 
[0.9999988808190207, -0.0008211799382136773, 0.001250609537454016;
 0.0008211717951467437, 0.999999662813711, 7.024747459889921e-06;
 -0.001250614884347313, -5.997774319027425e-06, 0.9999992179629131]
2020/03/08 15:42:57 055723	INFO [input.cpp->run:256]	frame times (ms): 55.276
2020/03/08 15:42:57 055726	INFO [input.cpp->run:257]	FPS: 18.091
2020/03/08 15:42:57 143741	INFO [input.cpp->run:173]	
frame_id 18
2020/03/08 15:42:57 180794	INFO [input.cpp->run:235]	rotation: 
[0.9999988812594569, 0.001019156184386005, 0.001094897486734583;
 -0.001017854849153133, 0.9999987757833364, -0.001188445764229744;
 -0.001096107358193256, 0.001187329987951086, 0.9999986943972272]
2020/03/08 15:42:57 180820	INFO [input.cpp->run:256]	frame times (ms): 61.306
2020/03/08 15:42:57 180822	INFO [input.cpp->run:257]	FPS: 16.3116
2020/03/08 15:42:57 279369	INFO [input.cpp->run:173]	
frame_id 19
2020/03/08 15:42:57 311401	INFO [input.cpp->run:235]	rotation: 
[0.9999984668636237, -0.001017439281681339, 0.001425162345220719;
 0.001019182349379824, 0.9999987329221564, -0.001222874245566571;
 -0.001423916339135092, 0.001224324871040831, 0.9999982367438801]
2020/03/08 15:42:57 311425	INFO [input.cpp->run:256]	frame times (ms): 54.683
2020/03/08 15:42:57 311427	INFO [input.cpp->run:257]	FPS: 18.2872
2020/03/08 15:42:57 417720	INFO [input.cpp->run:173]	
frame_id 20
2020/03/08 15:42:57 455713	INFO [input.cpp->run:235]	rotation: 
[0.9999995241768276, -6.912440932818951e-05, 0.0009730713923318029;
 6.86720313940578e-05, 0.9999998895655128, 0.0004649226970620764;
 -0.0009731034223779804, -0.0004648556530518809, 0.9999994184893065]
2020/03/08 15:42:57 455763	INFO [input.cpp->run:256]	frame times (ms): 61.881
2020/03/08 15:42:57 455766	INFO [input.cpp->run:257]	FPS: 16.16
2020/03/08 15:42:57 532829	INFO [input.cpp->run:173]	
frame_id 21
2020/03/08 15:42:57 563967	INFO [input.cpp->run:235]	rotation: 
[0.9999978739912817, -9.765673782351805e-06, 0.002062017834156486;
 7.13353393522326e-06, 0.9999991852596811, 0.001276490926991644;
 -0.002062028619941397, -0.001276473503686609, 0.9999970593223587]
2020/03/08 15:42:57 563993	INFO [input.cpp->run:256]	frame times (ms): 56.423
2020/03/08 15:42:57 563995	INFO [input.cpp->run:257]	FPS: 17.7233
2020/03/08 15:42:57 654160	INFO [input.cpp->run:173]	
frame_id 22
2020/03/08 15:42:57 691831	INFO [input.cpp->run:235]	rotation: 
[0.999999498685082, 0.0004265545978344902, 0.0009059143225670456;
 -0.0004271840956019721, 0.9999996673861977, 0.0006947958278053603;
 -0.0009056176528925318, -0.0006951824716844256, 0.9999993482887866]
2020/03/08 15:42:57 691856	INFO [input.cpp->run:256]	frame times (ms): 60.889
2020/03/08 15:42:57 691858	INFO [input.cpp->run:257]	FPS: 16.4233
2020/03/08 15:42:57 789808	INFO [input.cpp->run:173]	
frame_id 23
2020/03/08 15:42:57 819947	INFO [input.cpp->run:235]	rotation: 
[0.9999997900563076, 0.0002096981641793166, 0.0006131182763409465;
 -0.0002085946022704227, 0.9999983592738476, -0.001799427104566222;
 -0.0006134946069421581, 0.001799298833624854, 0.9999981930724048]
2020/03/08 15:42:57 819971	INFO [input.cpp->run:256]	frame times (ms): 51.278
2020/03/08 15:42:57 819973	INFO [input.cpp->run:257]	FPS: 19.5015
2020/03/08 15:42:57 927795	INFO [input.cpp->run:173]	
frame_id 24
2020/03/08 15:42:57 958722	INFO [input.cpp->run:235]	rotation: 
[0.9999980509170646, -0.001956277043875029, -0.0002667249508545587;
 0.001955296709362486, 0.9999915091253337, -0.003627463578867633;
 0.0002738190098532621, 0.003626934982221562, 0.9999933851610142]
2020/03/08 15:42:57 958750	INFO [input.cpp->run:256]	frame times (ms): 53.934
2020/03/08 15:42:57 958752	INFO [input.cpp->run:257]	FPS: 18.5412
2020/03/08 15:42:58 065345	INFO [input.cpp->run:173]	
frame_id 25
2020/03/08 15:42:58 092700	INFO [input.cpp->run:235]	rotation: 
[0.9999989273013358, -0.001095391543669543, -0.0009723752073321344;
 0.001091700459171865, 0.9999922280929749, -0.003788395934297114;
 0.0009765174269929306, 0.003787330328029524, 0.9999923512420988]
2020/03/08 15:42:58 092726	INFO [input.cpp->run:256]	frame times (ms): 48.038
2020/03/08 15:42:58 092728	INFO [input.cpp->run:257]	FPS: 20.8169
2020/03/08 15:42:58 199776	INFO [input.cpp->run:173]	
frame_id 26
2020/03/08 15:42:58 224880	INFO [input.cpp->run:235]	rotation: 
[0.9999966816408691, 0.002055381848172535, -0.001553097778183636;
 -0.002059876816446173, 0.9999936787689196, -0.002898159709866917;
 0.001547131135832925, 0.002901349282839135, 0.9999945942641828]
2020/03/08 15:42:58 224905	INFO [input.cpp->run:256]	frame times (ms): 46.136
2020/03/08 15:42:58 224907	INFO [input.cpp->run:257]	FPS: 21.675
2020/03/08 15:42:58 337815	INFO [input.cpp->run:173]	
frame_id 27
2020/03/08 15:42:58 367114	INFO [input.cpp->run:235]	rotation: 
[0.9999983706492459, -0.0007787275726190832, -0.001628582887362614;
 0.0007778302502117711, 0.999999545389343, -0.0005515443854492021;
 0.00162901164981195, 0.0005502767257551739, 0.9999985217571923]
2020/03/08 15:42:58 367138	INFO [input.cpp->run:256]	frame times (ms): 49.263
2020/03/08 15:42:58 367140	INFO [input.cpp->run:257]	FPS: 20.2992
2020/03/08 15:42:58 473858	INFO [input.cpp->run:173]	
frame_id 28
2020/03/08 15:42:58 508549	INFO [input.cpp->run:235]	rotation: 
[0.9999986623977432, -0.0004526639655551475, -0.001571718186822939;
 0.0004566766079922721, 0.9999966352565285, 0.002553609621136313;
 0.001570556971336848, -0.002554323972352599, 0.9999955043798168]
2020/03/08 15:42:58 508582	INFO [input.cpp->run:256]	frame times (ms): 63.008
2020/03/08 15:42:58 508585	INFO [input.cpp->run:257]	FPS: 15.871
2020/03/08 15:42:58 606756	INFO [input.cpp->run:173]	
frame_id 29
2020/03/08 15:42:58 639291	INFO [input.cpp->run:235]	rotation: 
[0.9999976927816299, -0.001874202173301841, -0.001049665485077914;
 0.001879618967704343, 0.9999847990332301, 0.005183506053495913;
 0.001039934590836971, -0.005185467065171021, 0.9999860146358862]
2020/03/08 15:42:58 639318	INFO [input.cpp->run:256]	frame times (ms): 54.292
2020/03/08 15:42:58 639320	INFO [input.cpp->run:257]	FPS: 18.4189
2020/03/08 15:42:58 740840	INFO [input.cpp->run:173]	
frame_id 30
2020/03/08 15:42:58 768470	INFO [input.cpp->run:235]	rotation: 
[0.999999094512334, -0.0002120317385721303, -0.00132891574372783;
 0.0002159275346789029, 0.999995678066217, 0.002932102349285736;
 0.001328288301483192, -0.002932386643803563, 0.9999948183659551]
2020/03/08 15:42:58 768495	INFO [input.cpp->run:256]	frame times (ms): 46.069
2020/03/08 15:42:58 768497	INFO [input.cpp->run:257]	FPS: 21.7066
2020/03/08 15:42:58 877877	INFO [input.cpp->run:173]	
frame_id 31
2020/03/08 15:42:58 906848	INFO [input.cpp->run:235]	rotation: 
[0.9999974466579691, 0.002179215495191934, -0.0005980780616932065;
 -0.002179943627297281, 0.9999968803110942, -0.001219513780520954;
 0.0005954186125486012, 0.001220814443144376, 0.9999990775439601]
2020/03/08 15:42:58 906873	INFO [input.cpp->run:256]	frame times (ms): 48.539
2020/03/08 15:42:58 906875	INFO [input.cpp->run:257]	FPS: 20.602
2020/03/08 15:42:59 013840	INFO [input.cpp->run:173]	
frame_id 32
2020/03/08 15:42:59 053764	INFO [input.cpp->run:235]	rotation: 
[0.9999989600183388, 0.001377671197387866, 0.0004265961940242237;
 -0.001375656833367978, 0.9999880707856119, -0.004686774450178459;
 -0.0004330479392354323, 0.004686182726049583, 0.9999889260191537]
2020/03/08 15:42:59 053794	INFO [input.cpp->run:256]	frame times (ms): 68.94
2020/03/08 15:42:59 053796	INFO [input.cpp->run:257]	FPS: 14.5054
2020/03/08 15:42:59 149620	INFO [input.cpp->run:173]	
frame_id 33
2020/03/08 15:42:59 187439	INFO [input.cpp->run:235]	rotation: 
[0.9999946886090205, 0.003223397184642567, 0.0004821455570283035;
 -0.003221832346302741, 0.9999896517542379, -0.003211881188696008;
 -0.0004924937364486355, 0.003210310736987975, 0.9999947256635364]
2020/03/08 15:42:59 187466	INFO [input.cpp->run:256]	frame times (ms): 66.742
2020/03/08 15:42:59 187468	INFO [input.cpp->run:257]	FPS: 14.9831
2020/03/08 15:42:59 267781	INFO [input.cpp->run:173]	
frame_id 34
2020/03/08 15:42:59 303436	INFO [input.cpp->run:235]	rotation: 
[0.9999778169614371, 0.006544169642424745, 0.001240737171989071;
 -0.006545004391586708, 0.9999783568265045, 0.0006699224419723004;
 -0.001236326232391661, -0.0006780282112964092, 0.9999990058871018]
2020/03/08 15:42:59 303464	INFO [input.cpp->run:256]	frame times (ms): 60.21
2020/03/08 15:42:59 303466	INFO [input.cpp->run:257]	FPS: 16.6085
2020/03/08 15:42:59 403733	INFO [input.cpp->run:173]	
frame_id 35
2020/03/08 15:42:59 430344	INFO [input.cpp->run:235]	rotation: 
[0.9999981972833851, 0.001250802666938781, 0.001428608647729051;
 -0.001256471162006759, 0.9999913148132319, 0.003973861890262688;
 -0.001423625722945739, -0.003975649732083498, 0.9999910837097543]
2020/03/08 15:42:59 430370	INFO [input.cpp->run:256]	frame times (ms): 44.934
2020/03/08 15:42:59 430372	INFO [input.cpp->run:257]	FPS: 22.2549
2020/03/08 15:42:59 539131	INFO [input.cpp->run:173]	
frame_id 36
2020/03/08 15:42:59 574821	INFO [input.cpp->run:235]	rotation: 
[0.9999982629257759, -0.0005044458582755849, 0.001794346623984685;
 0.0004964936788327373, 0.99999006653014, 0.004429484741270509;
 -0.001796563235128605, -0.004428586165170296, 0.9999885799273509]
2020/03/08 15:42:59 574855	INFO [input.cpp->run:256]	frame times (ms): 63.781
2020/03/08 15:42:59 574859	INFO [input.cpp->run:257]	FPS: 15.6787
2020/03/08 15:42:59 674168	INFO [input.cpp->run:173]	
frame_id 37
2020/03/08 15:42:59 702978	INFO [input.cpp->run:235]	rotation: 
[0.9999948121604264, -0.002211545993329422, 0.002341947171239746;
 0.002210100539041428, 0.9999973657659738, 0.00061961013602122;
 -0.002343311298316564, -0.0006144309828776726, 0.9999970656790581]
2020/03/08 15:42:59 703001	INFO [input.cpp->run:256]	frame times (ms): 48.645
2020/03/08 15:42:59 703003	INFO [input.cpp->run:257]	FPS: 20.5571
2020/03/08 15:42:59 794143	INFO [input.cpp->run:173]	
frame_id 38
2020/03/08 15:42:59 833696	INFO [input.cpp->run:235]	rotation: 
[0.999999878341122, -0.0003589968530681178, 0.0003382883393996965;
 0.0003594954595541623, 0.9999988475632384, -0.001475003460912854;
 -0.0003377584279430458, 0.001475124894587623, 0.9999988549622393]
2020/03/08 15:42:59 833721	INFO [input.cpp->run:256]	frame times (ms): 64.873
2020/03/08 15:42:59 833723	INFO [input.cpp->run:257]	FPS: 15.4147
2020/03/08 15:42:59 929214	INFO [input.cpp->run:173]	
frame_id 39
2020/03/08 15:42:59 958938	INFO [input.cpp->run:235]	rotation: 
[0.9999916974598727, -0.00375556543159551, 0.001581372698452191;
 0.003759842080011272, 0.9999892592581234, -0.00271015791477692;
 -0.001571177537957325, 0.002716081125197903, 0.9999950771401155]
2020/03/08 15:42:59 958964	INFO [input.cpp->run:256]	frame times (ms): 51.892
2020/03/08 15:42:59 958966	INFO [input.cpp->run:257]	FPS: 19.2708
2020/03/08 15:43:00 066696	INFO [input.cpp->run:173]	
frame_id 40
2020/03/08 15:43:00 095825	INFO [input.cpp->run:235]	rotation: 
[0.9999993546439149, -0.0005583286754033211, 0.0009894346082760354;
 0.0005594643815587205, 0.9999991846293634, -0.001147928662453685;
 -0.0009887928800305437, 0.001148481475052149, 0.9999988516388115]
2020/03/08 15:43:00 095851	INFO [input.cpp->run:256]	frame times (ms): 50.821
2020/03/08 15:43:00 095853	INFO [input.cpp->run:257]	FPS: 19.6769
2020/03/08 15:43:00 202717	INFO [input.cpp->run:173]	
frame_id 41
2020/03/08 15:43:00 245383	INFO [input.cpp->run:235]	rotation: 
[0.9999976633371268, -0.001686418890606861, 0.001352520466302701;
 0.001689439326086641, 0.9999960749071135, -0.002235165571051012;
 -0.001348745732091585, 0.002237445349487715, 0.999996587355806]
2020/03/08 15:43:00 245412	INFO [input.cpp->run:256]	frame times (ms): 71.607
2020/03/08 15:43:00 245414	INFO [input.cpp->run:257]	FPS: 13.9651
2020/03/08 15:43:00 340834	INFO [input.cpp->run:173]	
frame_id 42
2020/03/08 15:43:00 371486	INFO [input.cpp->run:235]	rotation: 
[0.9999999587269442, 0.0002535778372267368, -0.0001350717963062987;
 -0.0002540175824698649, 0.9999946355400293, -0.003265634123968397;
 0.0001342429792807245, 0.003265668299796856, 0.9999946586804243]
2020/03/08 15:43:00 371512	INFO [input.cpp->run:256]	frame times (ms): 52.874
2020/03/08 15:43:00 371514	INFO [input.cpp->run:257]	FPS: 18.9129
2020/03/08 15:43:00 457968	INFO [input.cpp->run:173]	
frame_id 43
2020/03/08 15:43:00 496471	INFO [input.cpp->run:235]	rotation: 
[0.999981052103452, -0.006143042345003222, 0.0003980764006661412;
 0.006144121454125913, 0.9999772915282762, -0.00276879022857279;
 -0.0003810585653408989, 0.00277118359557569, 0.9999960876602715]
2020/03/08 15:43:00 496496	INFO [input.cpp->run:256]	frame times (ms): 63.683
2020/03/08 15:43:00 496498	INFO [input.cpp->run:257]	FPS: 15.7028
2020/03/08 15:43:00 572704	INFO [input.cpp->run:173]	
frame_id 44
2020/03/08 15:43:00 603205	INFO [input.cpp->run:235]	rotation: 
[0.9999999045962032, 0.0004271634379386698, 9.131802452424363e-05;
 -0.0004271900595799618, 0.9999998662080549, 0.0002917062311022181;
 -9.119340607008175e-05, -0.0002917452134246734, 0.9999999532842455]
2020/03/08 15:43:00 603229	INFO [input.cpp->run:256]	frame times (ms): 53.141
2020/03/08 15:43:00 603231	INFO [input.cpp->run:257]	FPS: 18.8179
2020/03/08 15:43:00 693356	INFO [input.cpp->run:173]	
frame_id 45
2020/03/08 15:43:00 732451	INFO [input.cpp->run:235]	rotation: 
[0.9999999988054445, 4.589593093313202e-05, 1.681292162773537e-05;
 -4.593003754402381e-05, 0.9999979298709759, 0.002034242904463639;
 -1.671952335097385e-05, -0.002034243674251745, 0.9999979307844248]
2020/03/08 15:43:00 732477	INFO [input.cpp->run:256]	frame times (ms): 59.512
2020/03/08 15:43:00 732479	INFO [input.cpp->run:257]	FPS: 16.8033
2020/03/08 15:43:00 828836	INFO [input.cpp->run:173]	
frame_id 46
2020/03/08 15:43:00 857215	INFO [input.cpp->run:235]	rotation: 
[0.9999959785259213, -0.00280298421502974, -0.0004315222770546802;
 0.002803903164369091, 0.9999937709257791, 0.002143883552167728;
 0.0004255103173148004, -0.002145084877273724, 0.9999976087730605]
2020/03/08 15:43:00 857235	INFO [input.cpp->run:256]	frame times (ms): 48.21
2020/03/08 15:43:00 857237	INFO [input.cpp->run:257]	FPS: 20.7426
2020/03/08 15:43:00 967459	INFO [input.cpp->run:173]	
frame_id 47
2020/03/08 15:43:01 000837	INFO [input.cpp->run:235]	rotation: 
[0.9999985818317195, -0.0006089704630733134, 0.001570187735576103;
 0.0006089568513291751, 0.9999998145439262, 9.146938186112288e-06;
 -0.001570193014590433, -8.190748634762578e-06, 0.9999987672126444]
2020/03/08 15:43:01 000873	INFO [input.cpp->run:256]	frame times (ms): 63.051
2020/03/08 15:43:01 000876	INFO [input.cpp->run:257]	FPS: 15.8602
2020/03/08 15:43:01 103361	INFO [input.cpp->run:173]	
frame_id 48
2020/03/08 15:43:01 138830	INFO [input.cpp->run:235]	rotation: 
[0.9999977783770174, 0.001710434884641905, 0.001231930815816136;
 -0.001708956997597315, 0.9999978200830735, -0.001199706247948804;
 -0.001233980149727113, 0.001197598265865587, 0.9999985215245989]
2020/03/08 15:43:01 138858	INFO [input.cpp->run:256]	frame times (ms): 62.931
2020/03/08 15:43:01 138860	INFO [input.cpp->run:257]	FPS: 15.8904
2020/03/08 15:43:01 225319	INFO [input.cpp->run:173]	
frame_id 49
2020/03/08 15:43:01 262457	INFO [input.cpp->run:235]	rotation: 
[0.9999994389337997, -0.0008469259615835716, 0.0006362770632730697;
 0.0008476383879532383, 0.9999990132791909, -0.001120245422993219;
 -0.000635327670513173, 0.001120784127325581, 0.9999991701005011]
2020/03/08 15:43:01 262481	INFO [input.cpp->run:256]	frame times (ms): 61.698
2020/03/08 15:43:01 262483	INFO [input.cpp->run:257]	FPS: 16.208
2020/03/08 15:43:01 362679	INFO [input.cpp->run:173]	
frame_id 50
2020/03/08 15:43:01 390148	INFO [input.cpp->run:235]	rotation: 
[0.9999944511294946, -0.003293780092658348, 0.0004987212868599654;
 0.003291944452927844, 0.9999879645677464, 0.003637831960698434;
 -0.0005106975030262889, -0.003636170012066129, 0.9999932587051293]
2020/03/08 15:43:01 390170	INFO [input.cpp->run:256]	frame times (ms): 47.91
2020/03/08 15:43:01 390172	INFO [input.cpp->run:257]	FPS: 20.8725
2020/03/08 15:43:01 498158	INFO [input.cpp->run:173]	
frame_id 51
2020/03/08 15:43:01 532887	INFO [input.cpp->run:235]	rotation: 
[0.9999987058950036, -0.001264247019955259, 0.0009949310481760147;
 0.001260018799310892, 0.9999902216689726, 0.004238976181174826;
 -0.001000280432415588, -0.00423771706366985, 0.9999905205516424]
2020/03/08 15:43:01 532920	INFO [input.cpp->run:256]	frame times (ms): 65.34
2020/03/08 15:43:01 532923	INFO [input.cpp->run:257]	FPS: 15.3046
2020/03/08 15:43:01 636062	INFO [input.cpp->run:173]	
frame_id 52
2020/03/08 15:43:01 665174	INFO [input.cpp->run:235]	rotation: 
[0.9999983779530333, -0.00173351800959114, 0.0004888830256808149;
 0.001732696996645072, 0.9999970963691077, 0.001674817742732098;
 -0.0004917849328647676, -0.00167396793994875, 0.9999984779882997]
2020/03/08 15:43:01 665202	INFO [input.cpp->run:256]	frame times (ms): 50.121
2020/03/08 15:43:01 665204	INFO [input.cpp->run:257]	FPS: 19.9517
2020/03/08 15:43:01 772612	INFO [input.cpp->run:173]	
frame_id 53
2020/03/08 15:43:01 815066	INFO [input.cpp->run:235]	rotation: 
[0.9999990943707322, 0.001182464868570364, 0.0006426776408522014;
 -0.001180167392685262, 0.9999929541372925, -0.003563548890663838;
 -0.0006468868840044216, 0.003562787196213924, 0.9999934440208864]
2020/03/08 15:43:01 815094	INFO [input.cpp->run:256]	frame times (ms): 71.673
2020/03/08 15:43:01 815097	INFO [input.cpp->run:257]	FPS: 13.9523
2020/03/08 15:43:01 891364	INFO [input.cpp->run:173]	
frame_id 54
2020/03/08 15:43:01 935551	INFO [input.cpp->run:235]	rotation: 
[0.9999963593551451, 0.002676217071441168, 0.0003451646593839474;
 -0.002675070368402959, 0.9999910396967193, -0.003280933525459821;
 -0.0003539420569150167, 0.003279998240993525, 0.9999945581534728]
2020/03/08 15:43:01 935584	INFO [input.cpp->run:256]	frame times (ms): 75.903
2020/03/08 15:43:01 935586	INFO [input.cpp->run:257]	FPS: 13.1747
2020/03/08 15:43:02 008338	INFO [input.cpp->run:173]	
frame_id 55
2020/03/08 15:43:02 051930	INFO [input.cpp->run:235]	rotation: 
[0.9999979510293093, 0.001979661711770861, 0.0004229381632847455;
 -0.001979295849501817, 0.999997668182217, -0.0008637233750842942;
 -0.0004246470571652312, 0.0008628844855892283, 0.9999995375525138]
2020/03/08 15:43:02 051959	INFO [input.cpp->run:256]	frame times (ms): 66.458
2020/03/08 15:43:02 051984	INFO [input.cpp->run:257]	FPS: 15.0471
2020/03/08 15:43:02 120592	INFO [input.cpp->run:173]	
frame_id 56
2020/03/08 15:43:02 156245	INFO [input.cpp->run:235]	rotation: 
[0.9999950469753515, 0.003081342574263348, 0.0006413678387677101;
 -0.003082035791949854, 0.9999946644206907, 0.001082675171675898;
 -0.0006380283235981571, -0.001084646527793974, 0.9999992082305705]
2020/03/08 15:43:02 156273	INFO [input.cpp->run:256]	frame times (ms): 55.484
2020/03/08 15:43:02 156275	INFO [input.cpp->run:257]	FPS: 18.0232
2020/03/08 15:43:02 237957	INFO [input.cpp->run:173]	
frame_id 57
2020/03/08 15:43:02 273724	INFO [input.cpp->run:235]	rotation: 
[0.9999957970779898, 0.002764919919351778, 0.0008723784703395191;
 -0.002766182549918889, 0.9999951236220403, 0.001449471021048109;
 -0.0008683665449937547, -0.001451878087136029, 0.9999985689937579]
2020/03/08 15:43:02 273749	INFO [input.cpp->run:256]	frame times (ms): 59.267
2020/03/08 15:43:02 273751	INFO [input.cpp->run:257]	FPS: 16.8728
2020/03/08 15:43:02 352997	INFO [input.cpp->run:173]	
frame_id 58
2020/03/08 15:43:02 381996	INFO [input.cpp->run:235]	rotation: 
[0.9999983845512928, 0.001366814272348794, 0.001167353224038557;
 -0.001365478081374245, 0.9999984126057569, -0.001144663957512366;
 -0.00116891591402294, 0.00114306811312581, 0.9999986635145443]
2020/03/08 15:43:02 382024	INFO [input.cpp->run:256]	frame times (ms): 50.587
2020/03/08 15:43:02 382026	INFO [input.cpp->run:257]	FPS: 19.7679
2020/03/08 15:43:02 492108	INFO [input.cpp->run:173]	
frame_id 59
2020/03/08 15:43:02 526008	INFO [input.cpp->run:235]	rotation: 
[0.9999924734699378, 0.003568154707922912, 0.00152357325259126;
 -0.003561450247959424, 0.9999840624122203, -0.004380752638984597;
 -0.001539180173661847, 0.00437529353677994, 0.9999892438075821]
2020/03/08 15:43:02 526032	INFO [input.cpp->run:256]	frame times (ms): 54.861
2020/03/08 15:43:02 526034	INFO [input.cpp->run:257]	FPS: 18.2279
2020/03/08 15:43:02 607325	INFO [input.cpp->run:173]	
frame_id 60
2020/03/08 15:43:02 640176	INFO [input.cpp->run:235]	rotation: 
[0.9999990923451486, 0.001236892219063481, 0.0005342345153430889;
 -0.001234170454704931, 0.9999864095305878, -0.005065330928204438;
 -0.0005404925232573268, 0.005064666994177527, 0.9999870284239043]
2020/03/08 15:43:02 640202	INFO [input.cpp->run:256]	frame times (ms): 54.749
2020/03/08 15:43:02 640204	INFO [input.cpp->run:257]	FPS: 18.2652
2020/03/08 15:43:02 743728	INFO [input.cpp->run:173]	
frame_id 61
2020/03/08 15:43:02 773107	INFO [input.cpp->run:235]	rotation: 
[0.9999971052002282, -0.002392068226104874, 0.0002600014717234179;
 0.00239255092079872, 0.9999953850331981, -0.001872328068805361;
 -0.0002555215353430238, 0.001872944715551076, 0.9999982133918227]
2020/03/08 15:43:02 773133	INFO [input.cpp->run:256]	frame times (ms): 49.748
2020/03/08 15:43:02 773135	INFO [input.cpp->run:257]	FPS: 20.1013
2020/03/08 15:43:02 881866	INFO [input.cpp->run:173]	
frame_id 62
2020/03/08 15:43:02 913047	INFO [input.cpp->run:235]	rotation: 
[0.9999974256388796, -0.001722417880892015, 0.001477156815343753;
 0.001716922933853711, 0.9999916321873739, 0.003713183387766248;
 -0.001483540108234423, -0.00371063766427814, 0.9999920151065566]
2020/03/08 15:43:02 913072	INFO [input.cpp->run:256]	frame times (ms): 52.203
2020/03/08 15:43:02 913074	INFO [input.cpp->run:257]	FPS: 19.156
2020/03/08 15:43:03 018174	INFO [input.cpp->run:173]	
frame_id 63
2020/03/08 15:43:03 048091	INFO [input.cpp->run:235]	rotation: 
[0.9999967948069977, -0.002108754055342893, 0.001401260884135536;
 0.002097474247948302, 0.9999657753228034, 0.008003048471920073;
 -0.001418089387354375, -0.00800008371198598, 0.9999669932968241]
2020/03/08 15:43:03 048117	INFO [input.cpp->run:256]	frame times (ms): 49.441
2020/03/08 15:43:03 048118	INFO [input.cpp->run:257]	FPS: 20.2261
2020/03/08 15:43:03 135669	INFO [input.cpp->run:173]	
frame_id 64
2020/03/08 15:43:03 164795	INFO [input.cpp->run:235]	rotation: 
[0.9999930211645429, -0.003620027053251466, 0.0009235942527556233;
 0.003614980690046564, 0.9999788413367543, 0.005408215363029017;
 -0.0009431525966598288, -0.005404838844594732, 0.9999849489768551]
2020/03/08 15:43:03 164822	INFO [input.cpp->run:256]	frame times (ms): 51.743
2020/03/08 15:43:03 164824	INFO [input.cpp->run:257]	FPS: 19.3263
2020/03/08 15:43:03 261158	INFO [input.cpp->run:173]	
frame_id 65
2020/03/08 15:43:03 310002	INFO [input.cpp->run:235]	rotation: 
[0.9999917741177872, -0.003863841322818073, 0.001233866683503521;
 0.003864952788178201, 0.9999921263194953, -0.0008996882569828627;
 -0.001230380715766485, 0.0009044496927318797, 0.999998834066344]
2020/03/08 15:43:03 310033	INFO [input.cpp->run:256]	frame times (ms): 88.223
2020/03/08 15:43:03 310036	INFO [input.cpp->run:257]	FPS: 11.3349
2020/03/08 15:43:03 373048	INFO [input.cpp->run:173]	
frame_id 66
2020/03/08 15:43:03 401054	INFO [input.cpp->run:235]	rotation: 
[0.9999964231503791, -0.002510068701259728, 0.0009237107572277565;
 0.002512050513035268, 0.9999945322023462, -0.002150620289767118;
 -0.0009183075018866069, 0.00215293300540334, 0.9999972607916515]
2020/03/08 15:43:03 401086	INFO [input.cpp->run:256]	frame times (ms): 52.507
2020/03/08 15:43:03 401089	INFO [input.cpp->run:257]	FPS: 19.0451
2020/03/08 15:43:03 509079	INFO [input.cpp->run:173]	
frame_id 67
2020/03/08 15:43:03 537583	INFO [input.cpp->run:235]	rotation: 
[0.9999956188940442, -0.002749525888711163, 0.001096494461825811;
 0.00275084385197034, 0.999995493671058, -0.001202287685691909;
 -0.001093183799543594, 0.001205298703391202, 0.9999986761012316]
2020/03/08 15:43:03 537607	INFO [input.cpp->run:256]	frame times (ms): 49.863
2020/03/08 15:43:03 537609	INFO [input.cpp->run:257]	FPS: 20.055
2020/03/08 15:43:03 644312	INFO [input.cpp->run:173]	
frame_id 68
2020/03/08 15:43:03 668932	INFO [input.cpp->run:235]	rotation: 
[0.999998589445577, -0.001164060556919938, 0.001210813724862433;
 0.001163351785195361, 0.9999991516619902, 0.0005859077777203857;
 -0.001211494729817164, -0.0005844983489572206, 0.9999990953206906]
2020/03/08 15:43:03 668952	INFO [input.cpp->run:256]	frame times (ms): 45.302
2020/03/08 15:43:03 668954	INFO [input.cpp->run:257]	FPS: 22.0741
2020/03/08 15:43:03 769524	INFO [input.cpp->run:173]	
frame_id 69
2020/03/08 15:43:03 800554	INFO [input.cpp->run:235]	rotation: 
[0.9999970536116295, -0.001933731473884248, 0.001467464018855878;
 0.001935011861156825, 0.9999977480192892, -0.0008715993616722701;
 -0.00146577527503693, 0.000874436353884354, 0.9999985434308922]
2020/03/08 15:43:03 800581	INFO [input.cpp->run:256]	frame times (ms): 54.593
2020/03/08 15:43:03 800583	INFO [input.cpp->run:257]	FPS: 18.3174
2020/03/08 15:43:03 907149	INFO [input.cpp->run:173]	
frame_id 70
2020/03/08 15:43:03 938117	INFO [input.cpp->run:235]	rotation: 
[0.9999978838465884, -0.00126326923542595, 0.001623715856875384;
 0.001264610121691843, 0.9999988600244482, -0.0008250521464341065;
 -0.001622671742884791, 0.0008271037680045482, 0.9999983414165105]
2020/03/08 15:43:03 938148	INFO [input.cpp->run:256]	frame times (ms): 59.569
2020/03/08 15:43:03 938150	INFO [input.cpp->run:257]	FPS: 16.7873
2020/03/08 15:43:04 043516	INFO [input.cpp->run:173]	
frame_id 71
2020/03/08 15:43:04 075411	INFO [input.cpp->run:235]	rotation: 
[0.9999983062364922, -0.0006306427335313636, 0.001729107830437689;
 0.0006319378716700966, 0.9999995201433635, -0.0007485770295772909;
 -0.00172863491604963, 0.0007496684503870904, 0.9999982249076953]
2020/03/08 15:43:04 075444	INFO [input.cpp->run:256]	frame times (ms): 57.809
2020/03/08 15:43:04 075446	INFO [input.cpp->run:257]	FPS: 17.2983
2020/03/08 15:43:04 181201	INFO [input.cpp->run:173]	
frame_id 72
2020/03/08 15:43:04 223321	INFO [input.cpp->run:235]	rotation: 
[0.9999990408136199, -0.0004672980121573812, 0.001303842171454106;
 0.0004673527305346627, 0.9999998899228179, -4.166266358416348e-05;
 -0.00130382255905096, 4.227197782091933e-05, 0.9999991491295452]
2020/03/08 15:43:04 223345	INFO [input.cpp->run:256]	frame times (ms): 73.608
2020/03/08 15:43:04 223347	INFO [input.cpp->run:257]	FPS: 13.5855
2020/03/08 15:43:04 317707	INFO [input.cpp->run:173]	
frame_id 73
2020/03/08 15:43:04 345970	INFO [input.cpp->run:235]	rotation: 
[0.9999951567552269, -0.002776826491357313, 0.001405596217337815;
 0.002780365307467611, 0.9999929545165804, -0.002522000388043798;
 -0.001398583156744238, 0.002525896244337595, 0.9999958318979717]
2020/03/08 15:43:04 345995	INFO [input.cpp->run:256]	frame times (ms): 47.929
2020/03/08 15:43:04 345997	INFO [input.cpp->run:257]	FPS: 20.8642
2020/03/08 15:43:04 453529	INFO [input.cpp->run:173]	
frame_id 74
2020/03/08 15:43:04 488330	INFO [input.cpp->run:235]	rotation: 
[0.9999987477728803, -0.001161026204152457, 0.00107539333482311;
 0.001165579781554738, 0.9999903173026754, -0.004243433122765132;
 -0.001070456185063845, 0.004244681265751384, 0.9999904183563501]
2020/03/08 15:43:04 488364	INFO [input.cpp->run:256]	frame times (ms): 64.642
2020/03/08 15:43:04 488367	INFO [input.cpp->run:257]	FPS: 15.4698
2020/03/08 15:43:04 588123	INFO [input.cpp->run:173]	
frame_id 75
2020/03/08 15:43:04 617832	INFO [input.cpp->run:235]	rotation: 
[0.9999906832635233, -0.003652235738493028, 0.002300991147849173;
 0.003654798055524916, 0.9999927047581648, -0.001110352026720627;
 -0.002296919094207991, 0.001118751339836337, 0.9999967362737312]
2020/03/08 15:43:04 617859	INFO [input.cpp->run:256]	frame times (ms): 51.162
2020/03/08 15:43:04 617861	INFO [input.cpp->run:257]	FPS: 19.5458
2020/03/08 15:43:04 722793	INFO [input.cpp->run:173]	
frame_id 76
2020/03/08 15:43:04 748601	INFO [input.cpp->run:235]	rotation: 
[0.9999902837595751, -0.004185192242346832, 0.001384396019584679;
 0.004180337039144438, 0.9999851666887998, 0.00349158769223425;
 -0.001398988450130709, -0.003485766525171254, 0.9999929461066455]
2020/03/08 15:43:04 748627	INFO [input.cpp->run:256]	frame times (ms): 46.362
2020/03/08 15:43:04 748629	INFO [input.cpp->run:257]	FPS: 21.5694
2020/03/08 15:43:04 861269	INFO [input.cpp->run:173]	
frame_id 77
2020/03/08 15:43:04 892474	INFO [input.cpp->run:235]	rotation: 
[0.9999982479009948, -0.001564240517056888, 0.001028273575196341;
 0.001556570020736111, 0.9999712707964208, 0.007418535675044927;
 -0.001039848407795601, -0.007416922097215685, 0.999971953597646]
2020/03/08 15:43:04 892506	INFO [input.cpp->run:256]	frame times (ms): 60.724
2020/03/08 15:43:04 892508	INFO [input.cpp->run:257]	FPS: 16.468
2020/03/08 15:43:04 998261	INFO [input.cpp->run:173]	
frame_id 78
2020/03/08 15:43:05 025004	INFO [input.cpp->run:235]	rotation: 
[0.9999989024678048, 0.0001321350939710928, 0.001475670526498053;
 -0.0001403065979736144, 0.9999846511334016, 0.005538755425873983;
 -0.001474916012659318, -0.005538956393222884, 0.9999835721574778]
2020/03/08 15:43:05 025038	INFO [input.cpp->run:256]	frame times (ms): 46.348
2020/03/08 15:43:05 025041	INFO [input.cpp->run:257]	FPS: 21.5759
2020/03/08 15:43:05 134056	INFO [input.cpp->run:173]	
frame_id 79
2020/03/08 15:43:05 167795	INFO [input.cpp->run:235]	rotation: 
[0.9999989138789835, -0.001397039299755136, 0.000469597751453866;
 0.001396313926932561, 0.9999978370967252, 0.001541463359565527;
 -0.0004717502206517972, -0.001540805979469364, 0.9999987016834887]
2020/03/08 15:43:05 167827	INFO [input.cpp->run:256]	frame times (ms): 61.062
2020/03/08 15:43:05 167831	INFO [input.cpp->run:257]	FPS: 16.3768
2020/03/08 15:43:05 272090	INFO [input.cpp->run:173]	
frame_id 80
2020/03/08 15:43:05 307366	INFO [input.cpp->run:235]	rotation: 
[0.9999969410814786, -0.002341480776934914, 0.0007970542371120836;
 0.002344299842672647, 0.99999093489213, -0.003554488966281707;
 -0.0007887242441430701, 0.003556346627512237, 0.9999933651343551]
2020/03/08 15:43:05 307396	INFO [input.cpp->run:256]	frame times (ms): 63.107
2020/03/08 15:43:05 307399	INFO [input.cpp->run:257]	FPS: 15.8461
2020/03/08 15:43:05 405022	INFO [input.cpp->run:173]	
frame_id 81
2020/03/08 15:43:05 436040	INFO [input.cpp->run:235]	rotation: 
[0.9999994949889355, -0.0003434948754602427, 0.000944475062939315;
 0.0003455885979557769, 0.9999974815349943, -0.002217541925113298;
 -0.0009437109700245255, 0.002217867205042896, 0.9999970952331141]
2020/03/08 15:43:05 436064	INFO [input.cpp->run:256]	frame times (ms): 51.891
2020/03/08 15:43:05 436066	INFO [input.cpp->run:257]	FPS: 19.2712
2020/03/08 15:43:05 518616	INFO [input.cpp->run:173]	
frame_id 82
2020/03/08 15:43:05 547909	INFO [input.cpp->run:235]	rotation: 
[0.9999961863424419, 0.002458181908017887, 0.001258825754138015;
 -0.002462643319974953, 0.9999906489730768, 0.003554905664464655;
 -0.001250075378035399, -0.00355799214610624, 0.9999928889764355]
2020/03/08 15:43:05 547949	INFO [input.cpp->run:256]	frame times (ms): 51.03
2020/03/08 15:43:05 547952	INFO [input.cpp->run:257]	FPS: 19.5963
2020/03/08 15:43:05 646433	INFO [input.cpp->run:173]	
frame_id 83
2020/03/08 15:43:05 675115	INFO [input.cpp->run:235]	rotation: 
[0.9999712353656911, 0.00757958662899499, -0.0002798352144116313;
 -0.007578035125412367, 0.9999578597715555, 0.005181897792143157;
