		g3log created log at: Sun Mar 08 15:37:11 2020
		LOG format: [YYYY/MM/DD hh:mm:ss uuu* LEVEL FILE->FUNCTION:LINE] message		(uuu*: microseconds fractions of the seconds value)

2020/03/08 15:37:11 440643	INFO [g3logger.h->logBanner:29]	Starting log.
2020/03/08 15:37:11 446562	DEBUG [main.cpp->main:49]	Filepath: /home/mitchell/KITTI/data_odometry_gray/dataset/sequences/00/
2020/03/08 15:37:11 446568	DEBUG [main.cpp->main:53]	Calibration Filepath: /home/mitchell/visual_odom_ws/src/visual_odom/calibration/old/kitti00.yaml
2020/03/08 15:37:11 446653	INFO [main.cpp->main:67]	P_left: 
[718.85602, 0, 607.19281, 0;
 0, 718.85602, 185.2157, 0;
 0, 0, 1, 0]
2020/03/08 15:37:11 446662	INFO [main.cpp->main:68]	P_right: 
[718.85602, 0, 607.19281, -386.14481;
 0, 718.85602, 185.2157, 0;
 0, 0, 1, 0]
2020/03/08 15:37:11 520246	INFO [input.cpp->Input:22]	frame_pose [1, 0, 0, 0;
 0, 1, 0, 0;
 0, 0, 1, 0;
 0, 0, 0, 1]
2020/03/08 15:37:14 110097	INFO [input.cpp->run:173]	
frame_id 1
2020/03/08 15:37:14 160841	INFO [input.cpp->run:235]	rotation: 
[0.9999907186371327, -0.004235667701417426, -0.0007885167810353115;
 0.004238531229762969, 0.9999842975397116, 0.003665996047993281;
 0.0007729764583278614, -0.003669304175555299, 0.9999929693324159]
2020/03/08 15:37:14 160888	INFO [input.cpp->run:256]	frame times (ms): 53.845
2020/03/08 15:37:14 160893	INFO [input.cpp->run:257]	FPS: 18.5718
2020/03/08 15:37:14 218398	INFO [input.cpp->run:173]	
frame_id 2
2020/03/08 15:37:14 221966	INFO [input.cpp->run:235]	rotation: 
[0.9999912096661232, -0.004177002067915462, -0.0003650263115964626;
 0.004178186042479331, 0.9999858087550829, 0.003305306315165143;
 0.0003512148601051347, -0.003306802408259318, 0.9999944708376916]
2020/03/08 15:37:14 221984	INFO [input.cpp->run:256]	frame times (ms): 6.149
2020/03/08 15:37:14 221987	INFO [input.cpp->run:257]	FPS: 162.628
2020/03/08 15:37:14 354319	INFO [input.cpp->run:173]	
frame_id 3
2020/03/08 15:37:14 359132	INFO [input.cpp->run:235]	rotation: 
[0.9999972638156553, 0.002037309212628099, 0.001149666201480415;
 -0.002035808169711069, 0.9999970758381461, -0.001305296998081115;
 -0.00115232213326977, 0.001302952926702489, 0.9999984872325417]
2020/03/08 15:37:14 359162	INFO [input.cpp->run:256]	frame times (ms): 9.985
2020/03/08 15:37:14 359165	INFO [input.cpp->run:257]	FPS: 100.15
2020/03/08 15:37:14 490796	INFO [input.cpp->run:173]	
frame_id 4
2020/03/08 15:37:14 497463	INFO [input.cpp->run:235]	rotation: 
[0.9999964464988242, -0.002615521312551147, 0.0005157887046277412;
 0.002614589477908562, 0.9999949635773997, 0.001799094688180186;
 -0.0005204916773980852, -0.001797739719375153, 0.9999982486086239]
2020/03/08 15:37:14 497497	INFO [input.cpp->run:256]	frame times (ms): 13.71
2020/03/08 15:37:14 497501	INFO [input.cpp->run:257]	FPS: 72.9395
2020/03/08 15:37:14 629294	INFO [input.cpp->run:173]	
frame_id 5
2020/03/08 15:37:14 637948	INFO [input.cpp->run:235]	rotation: 
[0.9999926938054379, 0.003518041041245974, 0.001495233418561098;
 -0.003515104586992111, 0.9999918972878096, -0.00196198839688456;
 -0.001502123658817738, 0.001956718160367395, 0.9999969574346487]
2020/03/08 15:37:14 637982	INFO [input.cpp->run:256]	frame times (ms): 15.11
2020/03/08 15:37:14 637986	INFO [input.cpp->run:257]	FPS: 66.1813
2020/03/08 15:37:14 765640	INFO [input.cpp->run:173]	
frame_id 6
2020/03/08 15:37:14 768465	INFO [input.cpp->run:196]	Not enough points
2020/03/08 15:37:14 903646	INFO [input.cpp->run:173]	
frame_id 7
2020/03/08 15:37:14 909775	INFO [input.cpp->run:235]	rotation: 
[0.9999996117042746, 0.0003463062209822983, 0.000810347642274131;
 -0.0003457542148520601, 0.9999997081845975, -0.0006812376550925309;
 -0.0008105833226401336, 0.0006809572094580497, 0.9999994396258209]
2020/03/08 15:37:14 909809	INFO [input.cpp->run:256]	frame times (ms): 13.362
2020/03/08 15:37:14 909815	INFO [input.cpp->run:257]	FPS: 74.8391
2020/03/08 15:37:15 039974	INFO [input.cpp->run:173]	
frame_id 8
2020/03/08 15:37:15 046896	INFO [input.cpp->run:235]	rotation: 
[0.9999984700074586, 0.001453180034443289, 0.0009737815615043097;
 -0.001451703852219721, 0.9999977987789692, -0.001514923477193278;
 -0.0009759808745466238, 0.001513507516927601, 0.9999983783768496]
2020/03/08 15:37:15 046932	INFO [input.cpp->run:256]	frame times (ms): 13.175
2020/03/08 15:37:15 046936	INFO [input.cpp->run:257]	FPS: 75.9013
2020/03/08 15:37:15 178221	INFO [input.cpp->run:173]	
frame_id 9
2020/03/08 15:37:15 200935	INFO [input.cpp->run:235]	rotation: 
[0.9999981779860152, -0.001330893931534287, -0.001368483099213188;
 0.001333367868125627, 0.9999974757720448, 0.001808474403175338;
 0.001366072757241372, -0.001810295799502248, 0.9999974283338634]
2020/03/08 15:37:15 200958	INFO [input.cpp->run:256]	frame times (ms): 29.68
2020/03/08 15:37:15 200961	INFO [input.cpp->run:257]	FPS: 33.6927
2020/03/08 15:37:15 304790	INFO [input.cpp->run:173]	
frame_id 10
2020/03/08 15:37:15 321861	INFO [input.cpp->run:235]	rotation: 
[0.9999936524837536, 0.003402981390869108, 0.001055798207654026;
 -0.003400639138607946, 0.9999917704674712, -0.002212385766861543;
 -0.001063318226522385, 0.002208781334999524, 0.9999969953151676]
2020/03/08 15:37:15 321923	INFO [input.cpp->run:256]	frame times (ms): 26.631
2020/03/08 15:37:15 321932	INFO [input.cpp->run:257]	FPS: 37.5502
2020/03/08 15:37:15 443122	INFO [input.cpp->run:173]	
frame_id 11
2020/03/08 15:37:15 451643	INFO [input.cpp->run:235]	rotation: 
[0.9999998254684445, 0.0004450037298640593, -0.0003886319092951504;
 -0.0004446236147004585, 0.9999994232798076, 0.0009776246178657931;
 0.0003890667317646381, -0.0009774516523151492, 0.9999994466075197]
2020/03/08 15:37:15 451678	INFO [input.cpp->run:256]	frame times (ms): 14.725
2020/03/08 15:37:15 451681	INFO [input.cpp->run:257]	FPS: 67.9117
2020/03/08 15:37:15 579585	INFO [input.cpp->run:173]	
frame_id 12
2020/03/08 15:37:15 587451	INFO [input.cpp->run:235]	rotation: 
[0.9999996041773438, -0.0008305273471712382, 0.000319169988274185;
 0.0008303772478468861, 0.9999995447278047, 0.0004701253124796617;
 -0.0003195602948935755, -0.0004698600948969533, 0.9999998385563416]
2020/03/08 15:37:15 587485	INFO [input.cpp->run:256]	frame times (ms): 12.786
2020/03/08 15:37:15 587489	INFO [input.cpp->run:257]	FPS: 78.2105
2020/03/08 15:37:15 717700	INFO [input.cpp->run:173]	
frame_id 13
2020/03/08 15:37:15 721087	INFO [input.cpp->run:196]	Not enough points
2020/03/08 15:37:15 854078	INFO [input.cpp->run:173]	
frame_id 14
2020/03/08 15:37:15 859365	INFO [input.cpp->run:235]	rotation: 
[0.9999983545422506, -0.001798296968387642, -0.000238832168725455;
 0.001798687725855787, 0.999997027523415, 0.001646106557660047;
 0.0002358712703701426, -0.001646533433551681, 0.9999986166452411]
2020/03/08 15:37:15 859403	INFO [input.cpp->run:256]	frame times (ms): 11.303
2020/03/08 15:37:15 859410	INFO [input.cpp->run:257]	FPS: 88.4721
2020/03/08 15:37:15 981933	INFO [input.cpp->run:173]	
frame_id 15
2020/03/08 15:37:16 011620	INFO [input.cpp->run:235]	rotation: 
[0.9999532103543641, -0.009655160825808173, 0.0005957947872631726;
 0.009648817385452953, 0.9999048138095902, 0.009862233188841047;
 -0.0006909595233669903, -0.009856023023343456, 0.9999511895013178]
2020/03/08 15:37:16 011650	INFO [input.cpp->run:256]	frame times (ms): 34.206
2020/03/08 15:37:16 011653	INFO [input.cpp->run:257]	FPS: 29.2346
2020/03/08 15:37:16 119411	INFO [input.cpp->run:173]	
frame_id 16
2020/03/08 15:37:16 125806	INFO [input.cpp->run:235]	rotation: 
[0.9999985579190697, -0.001690710502256941, -0.0001601804563524418;
 0.001690974338466162, 0.9999971899155173, 0.001661555552911924;
 0.0001573707968084354, -0.001661824017855562, 0.9999986067867125]
2020/03/08 15:37:16 125841	INFO [input.cpp->run:256]	frame times (ms): 13.332
2020/03/08 15:37:16 125844	INFO [input.cpp->run:257]	FPS: 75.0075
2020/03/08 15:37:16 255313	INFO [input.cpp->run:173]	
frame_id 17
2020/03/08 15:37:16 260549	INFO [input.cpp->run:235]	rotation: 
[0.9999997322059555, 0.0007304707460249482, -4.472702131042479e-05;
 -0.0007304862364758938, 0.9999996728855777, -0.0003473018802285044;
 4.447331281602466e-05, 0.0003473344596965951, 0.9999999386904469]
2020/03/08 15:37:16 260585	INFO [input.cpp->run:256]	frame times (ms): 11.021
2020/03/08 15:37:16 260589	INFO [input.cpp->run:257]	FPS: 90.7359
2020/03/08 15:37:16 393715	INFO [input.cpp->run:173]	
frame_id 18
2020/03/08 15:37:16 398915	INFO [input.cpp->run:235]	rotation: 
[0.9999831931573223, 0.005758925119211345, 0.0006694657247679971;
 -0.00575696034620661, 0.9999792216773471, -0.002900624267190555;
 -0.0006861562923468805, 0.002896721429224196, 0.9999955690874355]
2020/03/08 15:37:16 398948	INFO [input.cpp->run:256]	frame times (ms): 10.801
2020/03/08 15:37:16 398952	INFO [input.cpp->run:257]	FPS: 92.584
2020/03/08 15:37:16 536353	INFO [input.cpp->run:173]	
frame_id 19
2020/03/08 15:37:16 564515	INFO [input.cpp->run:235]	rotation: 
[0.9999929915387061, 0.0036116579502993, 0.0009863064022947662;
 -0.003609246195591337, 0.9999905191678751, -0.002436168356926913;
 -0.0009950956581039048, 0.002432591460505108, 0.9999965461357442]
2020/03/08 15:37:16 564548	INFO [input.cpp->run:256]	frame times (ms): 42.039
2020/03/08 15:37:16 564551	INFO [input.cpp->run:257]	FPS: 23.7874
2020/03/08 15:37:16 673766	INFO [input.cpp->run:173]	
frame_id 20
2020/03/08 15:37:16 683171	INFO [input.cpp->run:235]	rotation: 
[0.9999910688773456, 0.004146323390206672, 0.0008186378244959917;
 -0.004144328352522685, 0.9999884746564531, -0.002423859890077191;
 -0.0008286784963706346, 0.002420445538340709, 0.9999967273623177]
2020/03/08 15:37:16 683202	INFO [input.cpp->run:256]	frame times (ms): 15.474
2020/03/08 15:37:16 683205	INFO [input.cpp->run:257]	FPS: 64.6245
2020/03/08 15:37:16 812985	INFO [input.cpp->run:173]	
frame_id 21
2020/03/08 15:37:16 852579	INFO [input.cpp->run:235]	rotation: 
[0.9999509062671584, 0.009623043454263628, 0.002362644739669855;
 -0.009608224122018196, 0.9999345843750972, -0.006205562006998856;
 -0.002422206578639263, 0.006182556532616098, 0.9999779542119973]
2020/03/08 15:37:16 852605	INFO [input.cpp->run:256]	frame times (ms): 46.152
2020/03/08 15:37:16 852607	INFO [input.cpp->run:257]	FPS: 21.6675
2020/03/08 15:37:16 949921	INFO [input.cpp->run:173]	
frame_id 22
2020/03/08 15:37:16 952895	INFO [input.cpp->run:196]	Not enough points
2020/03/08 15:37:17 088424	INFO [input.cpp->run:173]	
frame_id 23
2020/03/08 15:37:17 128441	INFO [input.cpp->run:235]	rotation: 
[0.9999868037473951, 0.005062046993254085, 0.0008763625429534838;
 -0.005058907081756834, 0.9999809066247719, -0.003548780781822207;
 -0.0008943099053209564, 0.003544300514539837, 0.9999933190495104]
2020/03/08 15:37:17 128467	INFO [input.cpp->run:256]	frame times (ms): 46.249
2020/03/08 15:37:17 128469	INFO [input.cpp->run:257]	FPS: 21.6221
2020/03/08 15:37:17 213283	INFO [input.cpp->run:173]	
frame_id 24
2020/03/08 15:37:17 226607	INFO [input.cpp->run:235]	rotation: 
[0.9999968865499094, 0.002396239240686996, 0.0006963677111385781;
 -0.002394732907787348, 0.9999948085077858, -0.002155971191169901;
 -0.0007015303187210994, 0.002154296863987417, 0.9999974334268232]
2020/03/08 15:37:17 226668	INFO [input.cpp->run:256]	frame times (ms): 19.729
2020/03/08 15:37:17 226673	INFO [input.cpp->run:257]	FPS: 50.6868
2020/03/08 15:37:17 350286	INFO [input.cpp->run:173]	
frame_id 25
2020/03/08 15:37:17 355489	INFO [input.cpp->run:235]	rotation: 
[0.9999909792828248, 0.00405688943109967, 0.001258173724471111;
 -0.004052633012853717, 0.999986118599158, -0.003367309705654947;
 -0.001271817062413424, 0.003362180413734754, 0.999993539091241]
2020/03/08 15:37:17 355524	INFO [input.cpp->run:256]	frame times (ms): 11.386
2020/03/08 15:37:17 355528	INFO [input.cpp->run:257]	FPS: 87.8272
2020/03/08 15:37:17 488071	INFO [input.cpp->run:173]	
frame_id 26
2020/03/08 15:37:17 493488	INFO [input.cpp->run:235]	rotation: 
[0.9999984548979147, 0.0014435625349218, 0.00100315950423197;
 -0.001441912954816089, 0.9999976104418657, -0.001643166938929361;
 -0.001005529121355678, 0.001641717931383798, 0.9999981468349928]
2020/03/08 15:37:17 493522	INFO [input.cpp->run:256]	frame times (ms): 12.45
2020/03/08 15:37:17 493526	INFO [input.cpp->run:257]	FPS: 80.3213
2020/03/08 15:37:17 627167	INFO [input.cpp->run:173]	
frame_id 27
2020/03/08 15:37:17 634018	INFO [input.cpp->run:235]	rotation: 
[0.9999958638006171, 0.002857401177175919, 0.000328085614438603;
 -0.002856840608449332, 0.999994480080295, -0.001696546692053843;
 -0.0003329315179473635, 0.001695602386492086, 0.9999985070434612]
2020/03/08 15:37:17 634053	INFO [input.cpp->run:256]	frame times (ms): 12.968
2020/03/08 15:37:17 634058	INFO [input.cpp->run:257]	FPS: 77.1129
2020/03/08 15:37:17 763946	INFO [input.cpp->run:173]	
frame_id 28
2020/03/08 15:37:17 771461	INFO [input.cpp->run:235]	rotation: 
[0.9999993117980953, 0.001167396811871082, -0.0001165676600950352;
 -0.001167347827891792, 0.9999992306981946, 0.0004194068043764964;
 0.0001170571845856301, -0.0004192704407351204, 0.9999999052549521]
2020/03/08 15:37:17 771496	INFO [input.cpp->run:256]	frame times (ms): 14.363
2020/03/08 15:37:17 771500	INFO [input.cpp->run:257]	FPS: 69.6233
2020/03/08 15:37:17 899996	INFO [input.cpp->run:173]	
frame_id 29
2020/03/08 15:37:17 902870	INFO [input.cpp->run:196]	Not enough points
2020/03/08 15:37:18 038060	INFO [input.cpp->run:173]	
frame_id 30
2020/03/08 15:37:18 040942	INFO [input.cpp->run:196]	Not enough points
2020/03/08 15:37:18 176895	INFO [input.cpp->run:173]	
frame_id 31
2020/03/08 15:37:18 179992	INFO [input.cpp->run:196]	Not enough points
2020/03/08 15:37:18 313966	INFO [input.cpp->run:173]	
frame_id 32
2020/03/08 15:37:18 354272	INFO [input.cpp->run:235]	rotation: 
[0.9999987984741513, -0.001299145019617805, -0.000845737826816767;
 0.001299660526426556, 0.9999989698351264, 0.0006092710415218428;
 0.000844945424128175, -0.000610369481536157, 0.9999994567580156]
2020/03/08 15:37:18 354299	INFO [input.cpp->run:256]	frame times (ms): 46.934
2020/03/08 15:37:18 354302	INFO [input.cpp->run:257]	FPS: 21.3065
2020/03/08 15:37:18 452567	INFO [input.cpp->run:173]	
frame_id 33
2020/03/08 15:37:18 484431	INFO [input.cpp->run:235]	rotation: 
[0.9999781070570147, 0.006439221754807111, 0.001523755184402693;
 -0.006432092605460821, 0.9999685570946936, -0.004638211581124116;
 -0.001553573746029292, 0.004628309102568288, 0.9999880825107201]
2020/03/08 15:37:18 484454	INFO [input.cpp->run:256]	frame times (ms): 38.754
2020/03/08 15:37:18 484456	INFO [input.cpp->run:257]	FPS: 25.8038
2020/03/08 15:37:18 589251	INFO [input.cpp->run:173]	
frame_id 34
2020/03/08 15:37:18 594758	INFO [input.cpp->run:235]	rotation: 
[0.9999965352708948, 0.002241899225630162, 0.00137961373870271;
 -0.002239988491721555, 0.9999965321521711, -0.001384967576768826;
 -0.001382713912150082, 0.001381872459333638, 0.9999980892635462]
2020/03/08 15:37:18 594792	INFO [input.cpp->run:256]	frame times (ms): 12.278
2020/03/08 15:37:18 594795	INFO [input.cpp->run:257]	FPS: 81.4465
2020/03/08 15:37:18 725538	INFO [input.cpp->run:173]	
frame_id 35
2020/03/08 15:37:18 728158	INFO [input.cpp->run:196]	Not enough points
2020/03/08 15:37:18 863510	INFO [input.cpp->run:173]	
frame_id 36
2020/03/08 15:37:18 866328	INFO [input.cpp->run:196]	Not enough points
2020/03/08 15:37:19 002396	INFO [input.cpp->run:173]	
frame_id 37
2020/03/08 15:37:19 045893	INFO [input.cpp->run:235]	rotation: 
[0.9999499520644427, -0.008755905513652544, -0.00484019472280172;
 0.0087680656479438, 0.9999584425480001, 0.002496838355058817;
 0.004818131495922098, -0.002539152538532083, 0.9999851690466585]
2020/03/08 15:37:19 045920	INFO [input.cpp->run:256]	frame times (ms): 50.318
2020/03/08 15:37:19 045922	INFO [input.cpp->run:257]	FPS: 19.8736
2020/03/08 15:37:19 139293	INFO [input.cpp->run:173]	
frame_id 38
2020/03/08 15:37:19 144059	INFO [input.cpp->run:235]	rotation: 
[0.9999930305262544, 0.003647814279755753, 0.0007952043121235579;
 -0.003646032246489267, 0.9999908644500645, -0.002231023368394707;
 -0.0008033354063965546, 0.002228108478771365, 0.9999971950884821]
2020/03/08 15:37:19 144092	INFO [input.cpp->run:256]	frame times (ms): 11.235
2020/03/08 15:37:19 144095	INFO [input.cpp->run:257]	FPS: 89.0076
2020/03/08 15:37:19 275172	INFO [input.cpp->run:173]	
frame_id 39
2020/03/08 15:37:19 277977	INFO [input.cpp->run:196]	Not enough points
2020/03/08 15:37:19 412977	INFO [input.cpp->run:173]	
frame_id 40
2020/03/08 15:37:19 415993	INFO [input.cpp->run:196]	Not enough points
2020/03/08 15:37:19 549186	INFO [input.cpp->run:173]	
frame_id 41
2020/03/08 15:37:19 552183	INFO [input.cpp->run:196]	Not enough points
2020/03/08 15:37:19 687477	INFO [input.cpp->run:173]	
frame_id 42
2020/03/08 15:37:19 690358	INFO [input.cpp->run:196]	Not enough points
2020/03/08 15:37:19 823903	INFO [input.cpp->run:173]	
frame_id 43
2020/03/08 15:37:19 838492	INFO [input.cpp->run:235]	rotation: 
[0.9999999202921009, -0.0001814036559884579, 0.0003556803415754506;
 0.0001815297877869438, 0.9999999206454322, -0.0003546210166630112;
 -0.0003556159838016778, 0.0003546855549738412, 0.9999998738677066]
2020/03/08 15:37:19 838529	INFO [input.cpp->run:256]	frame times (ms): 21.171
2020/03/08 15:37:19 838532	INFO [input.cpp->run:257]	FPS: 47.2344
2020/03/08 15:37:19 962301	INFO [input.cpp->run:173]	
frame_id 44
2020/03/08 15:37:19 968700	INFO [input.cpp->run:235]	rotation: 
[0.9999952256240446, 0.003056974955710675, 0.0004512573946747613;
 -0.003056338137926891, 0.9999943420677584, -0.001405215164162955;
 -0.0004555505490552298, 0.001403829259952097, 0.99999891086796]
2020/03/08 15:37:19 968734	INFO [input.cpp->run:256]	frame times (ms): 13.542
2020/03/08 15:37:19 968738	INFO [input.cpp->run:257]	FPS: 73.8443
2020/03/08 15:37:20 098916	INFO [input.cpp->run:173]	
frame_id 45
2020/03/08 15:37:20 101760	INFO [input.cpp->run:196]	Not enough points
2020/03/08 15:37:20 237550	INFO [input.cpp->run:173]	
frame_id 46
2020/03/08 15:37:20 259446	INFO [input.cpp->run:235]	rotation: 
[0.9999987225381421, -0.000185276873270997, 0.001587638045687255;
 0.0001836366059645278, 0.9999994493535268, 0.001033232906976714;
 -0.00158782860562233, -0.001032940038598875, 0.9999982059159885]
2020/03/08 15:37:20 259466	INFO [input.cpp->run:256]	frame times (ms): 27.674
2020/03/08 15:37:20 259468	INFO [input.cpp->run:257]	FPS: 36.135
2020/03/08 15:37:20 372389	INFO [input.cpp->run:173]	
frame_id 47
2020/03/08 15:37:20 374736	INFO [input.cpp->run:196]	Not enough points
2020/03/08 15:37:20 509275	INFO [input.cpp->run:173]	
frame_id 48
2020/03/08 15:37:20 548338	INFO [input.cpp->run:235]	rotation: 
[0.9999999445989217, 0.000244842499555035, 0.0002255089883453282;
 -0.000244920973608953, 0.9999999094463226, 0.0003480245155483348;
 -0.0002254237567323668, -0.0003480797281483844, 0.9999999140123127]
2020/03/08 15:37:20 548365	INFO [input.cpp->run:256]	frame times (ms): 45.944
2020/03/08 15:37:20 548368	INFO [input.cpp->run:257]	FPS: 21.7656
2020/03/08 15:37:20 647694	INFO [input.cpp->run:173]	
frame_id 49
2020/03/08 15:37:20 650537	INFO [input.cpp->run:196]	Not enough points
2020/03/08 15:37:20 784252	INFO [input.cpp->run:173]	
frame_id 50
2020/03/08 15:37:20 799430	INFO [input.cpp->run:235]	rotation: 
[0.9999954721211611, -0.002568894296909627, -0.001567328704290956;
 0.002574229284179221, 0.9999908677920443, 0.003411403832258636;
 0.001558550855270148, -0.003415423049283934, 0.999992952877482]
2020/03/08 15:37:20 799465	INFO [input.cpp->run:256]	frame times (ms): 21.617
2020/03/08 15:37:20 799469	INFO [input.cpp->run:257]	FPS: 46.2599
2020/03/08 15:37:20 922638	INFO [input.cpp->run:173]	
frame_id 51
2020/03/08 15:37:20 925517	INFO [input.cpp->run:196]	Not enough points
2020/03/08 15:37:21 059106	INFO [input.cpp->run:173]	
frame_id 52
2020/03/08 15:37:21 064370	INFO [input.cpp->run:235]	rotation: 
[0.9999820295834642, -0.005878786111919218, -0.001174897436443094;
 0.005883807043711094, 0.9999733729103913, 0.004316744709588807;
 0.001149488933496341, -0.004323580005700479, 0.9999899926154892]
2020/03/08 15:37:21 064404	INFO [input.cpp->run:256]	frame times (ms): 10.81
2020/03/08 15:37:21 064408	INFO [input.cpp->run:257]	FPS: 92.5069
2020/03/08 15:37:21 197993	INFO [input.cpp->run:173]	
frame_id 53
2020/03/08 15:37:21 206460	INFO [input.cpp->run:235]	rotation: 
[0.9999867782568955, 0.0050855294919997, 0.0007620375189980191;
 -0.005083178329380419, 0.9999824103969867, -0.003056173212430043;
 -0.0007775663740650511, 0.0030522592318902, 0.9999950395397545]
2020/03/08 15:37:21 206496	INFO [input.cpp->run:256]	frame times (ms): 15.259
2020/03/08 15:37:21 206502	INFO [input.cpp->run:257]	FPS: 65.5351
2020/03/08 15:37:21 324919	INFO [input.cpp->run:173]	
frame_id 54
2020/03/08 15:37:21 328896	INFO [input.cpp->run:235]	rotation: 
[0.9997891604720371, -0.02034821066723678, -0.002754074302008268;
 0.02037826902581866, 0.9997277368590003, 0.01136566347790099;
 0.002522053554267008, -0.01141939041382174, 0.9999316160460405]
2020/03/08 15:37:21 328913	INFO [input.cpp->run:256]	frame times (ms): 7.631
2020/03/08 15:37:21 328915	INFO [input.cpp->run:257]	FPS: 131.044
2020/03/08 15:37:21 463378	INFO [input.cpp->run:173]	
frame_id 55
2020/03/08 15:37:21 474974	INFO [input.cpp->run:235]	rotation: 
[0.9999993837415969, 0.001016997410258479, 0.000445233302920827;
 -0.001016786536147984, 0.9999993709255361, -0.0004735965285132938;
 -0.0004457146692789311, 0.0004731435294275988, 0.9999997887367947]
2020/03/08 15:37:21 475005	INFO [input.cpp->run:256]	frame times (ms): 18.069
2020/03/08 15:37:21 475008	INFO [input.cpp->run:257]	FPS: 55.3434
2020/03/08 15:37:21 602429	INFO [input.cpp->run:173]	
frame_id 56
2020/03/08 15:37:21 610897	INFO [input.cpp->run:235]	rotation: 
[0.9999773893868447, 0.006724455783322143, 4.908654685580119e-05;
 -0.006724252002604208, 0.9999717046141778, -0.003372596332340437;
 -7.176403284483693e-05, 0.003372190005558441, 0.9999943115760659]
2020/03/08 15:37:21 610932	INFO [input.cpp->run:256]	frame times (ms): 15.317
2020/03/08 15:37:21 610936	INFO [input.cpp->run:257]	FPS: 65.2869
2020/03/08 15:37:21 739427	INFO [input.cpp->run:173]	
frame_id 57
2020/03/08 15:37:21 777910	INFO [input.cpp->run:235]	rotation: 
[0.9999843531414848, 0.005511561350010527, 0.0009571644014038503;
 -0.005508700306872803, 0.9999804270704178, -0.002966428322732991;
 -0.0009734953185835748, 0.002961109175616989, 0.9999951420578576]
2020/03/08 15:37:21 777938	INFO [input.cpp->run:256]	frame times (ms): 45.521
2020/03/08 15:37:21 777940	INFO [input.cpp->run:257]	FPS: 21.9679
2020/03/08 15:37:21 872681	INFO [input.cpp->run:173]	
frame_id 58
2020/03/08 15:37:21 888510	INFO [input.cpp->run:235]	rotation: 
[0.9999992874051575, 0.0008316629868666416, -0.0008564612387179112;
 -0.0008323131458038089, 0.9999993655517931, -0.0007590460056034546;
 0.0008558294248694247, 0.0007597583086590421, 0.9999993451614396]
2020/03/08 15:37:21 888538	INFO [input.cpp->run:256]	frame times (ms): 23.841
2020/03/08 15:37:21 888541	INFO [input.cpp->run:257]	FPS: 41.9445
2020/03/08 15:37:22 009342	INFO [input.cpp->run:173]	
frame_id 59
2020/03/08 15:37:22 018825	INFO [input.cpp->run:235]	rotation: 
[0.9999761524658625, 0.006813772993427294, 0.001125609685560215;
 -0.006807727362838032, 0.9999628334682591, -0.00529022970049171;
 -0.001161614274814346, 0.005282440697702069, 0.9999853731293032]
2020/03/08 15:37:22 018854	INFO [input.cpp->run:256]	frame times (ms): 16.158
2020/03/08 15:37:22 018857	INFO [input.cpp->run:257]	FPS: 61.8888
2020/03/08 15:37:22 147680	INFO [input.cpp->run:173]	
frame_id 60
2020/03/08 15:37:22 151542	INFO [input.cpp->run:196]	Not enough points
2020/03/08 15:37:22 287282	INFO [input.cpp->run:173]	
frame_id 61
2020/03/08 15:37:22 290203	INFO [input.cpp->run:196]	Not enough points
2020/03/08 15:37:22 413925	INFO [input.cpp->run:173]	
frame_id 62
2020/03/08 15:37:22 415291	INFO [input.cpp->run:196]	Not enough points
2020/03/08 15:37:22 541869	INFO [input.cpp->run:173]	
frame_id 63
2020/03/08 15:37:22 543171	INFO [input.cpp->run:196]	Not enough points
2020/03/08 15:37:22 682201	INFO [input.cpp->run:173]	
frame_id 64
2020/03/08 15:37:22 685182	INFO [input.cpp->run:196]	Not enough points
2020/03/08 15:37:22 791559	INFO [input.cpp->run:173]	
frame_id 65
2020/03/08 15:37:22 794472	INFO [input.cpp->run:235]	rotation: 
[0.999980507537966, -0.006197450784863852, -0.0007590440574068222;
 0.006200425897176385, 0.9999728487997048, 0.003982007294863786;
 0.0007343451542146995, -0.003986636072168414, 0.9999917837012575]
2020/03/08 15:37:22 794494	INFO [input.cpp->run:256]	frame times (ms): 6.163
2020/03/08 15:37:22 794498	INFO [input.cpp->run:257]	FPS: 162.259
2020/03/08 15:37:22 929525	INFO [input.cpp->run:173]	
frame_id 66
2020/03/08 15:37:22 932467	INFO [input.cpp->run:196]	Not enough points
2020/03/08 15:37:23 068001	INFO [input.cpp->run:173]	
frame_id 67
2020/03/08 15:37:23 070951	INFO [input.cpp->run:196]	Not enough points
2020/03/08 15:37:23 204897	INFO [input.cpp->run:173]	
frame_id 68
2020/03/08 15:37:23 207766	INFO [input.cpp->run:196]	Not enough points
2020/03/08 15:37:23 343378	INFO [input.cpp->run:173]	
frame_id 69
2020/03/08 15:37:23 346274	INFO [input.cpp->run:196]	Not enough points
2020/03/08 15:37:23 480009	INFO [input.cpp->run:173]	
frame_id 70
2020/03/08 15:37:23 482793	INFO [input.cpp->run:196]	Not enough points
2020/03/08 15:37:23 618328	INFO [input.cpp->run:173]	
frame_id 71
2020/03/08 15:37:23 621256	INFO [input.cpp->run:196]	Not enough points
2020/03/08 15:37:23 754961	INFO [input.cpp->run:173]	
frame_id 72
2020/03/08 15:37:23 757773	INFO [input.cpp->run:196]	Not enough points
2020/03/08 15:37:23 893339	INFO [input.cpp->run:173]	
frame_id 73
2020/03/08 15:37:23 896279	INFO [input.cpp->run:196]	Not enough points
2020/03/08 15:37:24 032303	INFO [input.cpp->run:173]	
frame_id 74
2020/03/08 15:37:24 038959	INFO [input.cpp->run:235]	rotation: 
[0.9999992501039231, -0.001203306680038772, -0.0002276941482914792;
 0.001203429056091723, 0.9999991311103361, 0.0005380864983965204;
 0.0002270464673724281, -0.0005383601086415223, 0.999999829309133]
2020/03/08 15:37:24 038995	INFO [input.cpp->run:256]	frame times (ms): 13.275
2020/03/08 15:37:24 038999	INFO [input.cpp->run:257]	FPS: 75.3296
2020/03/08 15:37:24 169659	INFO [input.cpp->run:173]	
frame_id 75
2020/03/08 15:37:24 175505	INFO [input.cpp->run:235]	rotation: 
[0.999988722004052, -0.004699046284840689, -0.0006890781636844043;
 0.004701062488740195, 0.9999845864979983, 0.002954112033153911;
 0.0006751860334023541, -0.002957318116197478, 0.9999953991861062]
2020/03/08 15:37:24 175538	INFO [input.cpp->run:256]	frame times (ms): 12.247
2020/03/08 15:37:24 175542	INFO [input.cpp->run:257]	FPS: 81.6526
2020/03/08 15:37:24 308192	INFO [input.cpp->run:173]	
frame_id 76
2020/03/08 15:37:24 311002	INFO [input.cpp->run:196]	Not enough points
2020/03/08 15:37:24 444471	INFO [input.cpp->run:173]	
frame_id 77
2020/03/08 15:37:24 448617	INFO [input.cpp->run:235]	rotation: 
[0.9999993223651303, -0.001062840161949841, -0.0004750158631552387;
 0.001064090697891099, 0.9999959486083284, 0.002640166266757266;
 0.000472207863937392, -0.002640669937649877, 0.9999964019345338]
2020/03/08 15:37:24 448635	INFO [input.cpp->run:256]	frame times (ms): 10.544
2020/03/08 15:37:24 448637	INFO [input.cpp->run:257]	FPS: 94.8407
2020/03/08 15:37:24 583168	INFO [input.cpp->run:173]	
frame_id 78
2020/03/08 15:37:24 588812	INFO [input.cpp->run:235]	rotation: 
[0.9999967375338042, -0.002508210025409342, -0.0004835330559401108;
 0.002509973053543303, 0.9999900762673695, 0.003680679563746693;
 0.0004742963401052369, -0.003681881210594947, 0.999993109373126]
2020/03/08 15:37:24 588844	INFO [input.cpp->run:256]	frame times (ms): 11.758
2020/03/08 15:37:24 588847	INFO [input.cpp->run:257]	FPS: 85.0485
2020/03/08 15:37:24 722395	INFO [input.cpp->run:173]	
frame_id 79
2020/03/08 15:37:24 726728	INFO [input.cpp->run:235]	rotation: 
[0.9999999356352982, 0.0001806352987397602, 0.0003100004648271107;
 -0.0001808181094390724, 0.9999998097295827, 0.0005897843755305682;
 -0.0003098938699663269, -0.000589840391267248, 0.9999997780270264]
2020/03/08 15:37:24 726771	INFO [input.cpp->run:256]	frame times (ms): 10.821
2020/03/08 15:37:24 726779	INFO [input.cpp->run:257]	FPS: 92.4129
2020/03/08 15:37:24 859264	INFO [input.cpp->run:173]	
frame_id 80
2020/03/08 15:37:24 863905	INFO [input.cpp->run:235]	rotation: 
[0.9999961749759471, -0.002722881015379191, -0.000485749370642582;
 0.002723591131577421, 0.9999952145642645, 0.001467276360673167;
 0.0004817518271733936, -0.001468593730983847, 0.9999988055731018]
2020/03/08 15:37:24 863922	INFO [input.cpp->run:256]	frame times (ms): 11.667
2020/03/08 15:37:24 863924	INFO [input.cpp->run:257]	FPS: 85.7118
2020/03/08 15:37:24 998059	INFO [input.cpp->run:173]	
frame_id 81
2020/03/08 15:37:25 004181	INFO [input.cpp->run:235]	rotation: 
[0.9999982755011623, -0.001806638451737257, 0.0004301769476556215;
 0.001806102194215286, 0.9999975955502515, 0.001243739755584715;
 -0.0004324229013831615, -0.00124296066722789, 0.9999991340292321]
2020/03/08 15:37:25 004216	INFO [input.cpp->run:256]	frame times (ms): 12.963
2020/03/08 15:37:25 004221	INFO [input.cpp->run:257]	FPS: 77.1426
2020/03/08 15:37:25 135247	INFO [input.cpp->run:173]	
frame_id 82
2020/03/08 15:37:25 140012	INFO [input.cpp->run:235]	rotation: 
[0.9999987221978991, 0.001549815769214373, 0.0003920123092910727;
 -0.001550097361777247, 0.9999985400852487, 0.0007190448805577834;
 -0.0003908973498918584, -0.0007196516190071407, 0.9999996646503483]
2020/03/08 15:37:25 140044	INFO [input.cpp->run:256]	frame times (ms): 10.28
2020/03/08 15:37:25 140047	INFO [input.cpp->run:257]	FPS: 97.2763
2020/03/08 15:37:25 273323	INFO [input.cpp->run:173]	
frame_id 83
2020/03/08 15:37:25 312364	INFO [input.cpp->run:235]	rotation: 
[0.6029347245675358, -0.1557356353521697, 0.7824424130836253;
 -0.1561064497277958, -0.9848331209098534, -0.0757264835598568;
 0.7823685156395633, -0.0764861807153039, -0.6181014236316984]
2020/03/08 15:37:25 312390	INFO [input.cpp->run:256]	frame times (ms): 46.084
2020/03/08 15:37:25 312392	INFO [input.cpp->run:257]	FPS: 21.6995
2020/03/08 15:37:25 396451	INFO [input.cpp->run:173]	
frame_id 84
2020/03/08 15:37:25 402395	INFO [input.cpp->run:235]	rotation: 
[0.999993748355784, 0.003462025209986821, 0.000719465631110663;
 -0.003461732819239818, 0.9999939252587871, -0.0004072485870988687;
 -0.0007208711654184103, 0.0004047554433380638, 0.9999996582588386]
2020/03/08 15:37:25 402448	INFO [input.cpp->run:256]	frame times (ms): 14.618
2020/03/08 15:37:25 402454	INFO [input.cpp->run:257]	FPS: 68.4088
2020/03/08 15:37:25 533357	INFO [input.cpp->run:173]	
frame_id 85
2020/03/08 15:37:25 540127	INFO [input.cpp->run:235]	rotation: 
[0.9999941877255696, -0.003172557998683217, -0.001248755709991241;
 0.003175392516762729, 0.9999923717954555, 0.002274474282999086;
 0.001241530282647931, -0.002278426352667139, 0.9999966336822903]
2020/03/08 15:37:25 540162	INFO [input.cpp->run:256]	frame times (ms): 13.39
2020/03/08 15:37:25 540166	INFO [input.cpp->run:257]	FPS: 74.6826
2020/03/08 15:37:25 669702	INFO [input.cpp->run:173]	
frame_id 86
2020/03/08 15:37:25 673912	INFO [input.cpp->run:235]	rotation: 
[0.9999897311085911, -0.004155144094942305, -0.001808992791003882;
 0.004159485033697227, 0.9999884631962787, 0.002402531706186831;
 0.001798989055577245, -0.00241003151328988, 0.9999954776830158]
2020/03/08 15:37:25 673946	INFO [input.cpp->run:256]	frame times (ms): 11.41
2020/03/08 15:37:25 673949	INFO [input.cpp->run:257]	FPS: 87.6424
2020/03/08 15:37:25 805412	INFO [input.cpp->run:173]	
frame_id 87
2020/03/08 15:37:25 810134	INFO [input.cpp->run:235]	rotation: 
[0.999996047442015, 0.002802490417038677, 0.0002261588152558866;
 -0.002801919615187836, 0.9999929846614767, -0.002485935297144281;
 -0.0002331240385228626, 0.002485291792520259, 0.9999968844840911]
2020/03/08 15:37:25 810166	INFO [input.cpp->run:256]	frame times (ms): 10.461
2020/03/08 15:37:25 810169	INFO [input.cpp->run:257]	FPS: 95.5932
2020/03/08 15:37:25 943233	INFO [input.cpp->run:173]	
frame_id 88
2020/03/08 15:37:25 948822	INFO [input.cpp->run:235]	rotation: 
[0.9999837494311956, 0.005693604867157128, 0.0002893737108881405;
 -0.005692235756952743, 0.9999735371665313, -0.004530277998452724;
 -0.0003151596661013843, 0.004528557195474167, 0.9999896963689737]
2020/03/08 15:37:25 948853	INFO [input.cpp->run:256]	frame times (ms): 12.327
2020/03/08 15:37:25 948859	INFO [input.cpp->run:257]	FPS: 81.1227
2020/03/08 15:37:26 082599	INFO [input.cpp->run:173]	
frame_id 89
2020/03/08 15:37:26 090040	INFO [input.cpp->run:235]	rotation: 
[0.9999822962975071, 0.005946789608591766, -0.000206845149633666;
 -0.005947688580075539, 0.9999714664563515, -0.00465738914933219;
 0.0001791427342121437, 0.004658536946834617, 0.999989132911651]
2020/03/08 15:37:26 090073	INFO [input.cpp->run:256]	frame times (ms): 13.257
2020/03/08 15:37:26 090077	INFO [input.cpp->run:257]	FPS: 75.4318
2020/03/08 15:37:26 219476	INFO [input.cpp->run:173]	
frame_id 90
2020/03/08 15:37:26 224523	INFO [input.cpp->run:235]	rotation: 
[0.9999911360084316, -0.003325041344519567, -0.002583022381554813;
 0.003331184298163795, 0.9999916251913581, 0.002377553010588546;
 0.002575095287177655, -0.002386136459577947, 0.9999938375995415]
2020/03/08 15:37:26 224558	INFO [input.cpp->run:256]	frame times (ms): 11.467
2020/03/08 15:37:26 224562	INFO [input.cpp->run:257]	FPS: 87.2068
2020/03/08 15:37:26 357859	INFO [input.cpp->run:173]	
frame_id 91
2020/03/08 15:37:26 367697	INFO [input.cpp->run:235]	rotation: 
[0.9999885966284036, -0.002256467489943337, -0.004208915254899715;
 0.002263959765449675, 0.9999958598226837, 0.001776182330748351;
 0.004204889931558705, -0.001785690891074491, 0.9999895650499084]
2020/03/08 15:37:26 367731	INFO [input.cpp->run:256]	frame times (ms): 16.471
2020/03/08 15:37:26 367735	INFO [input.cpp->run:257]	FPS: 60.7128
2020/03/08 15:37:26 494820	INFO [input.cpp->run:173]	
frame_id 92
2020/03/08 15:37:26 501229	INFO [input.cpp->run:235]	rotation: 
[0.9999850535941287, -0.003998441494678016, -0.003728948103847341;
 0.004008539983476294, 0.999988308296634, 0.002704602972138432;
 0.003718090309341815, -0.002719510185615269, 0.9999893899781147]
2020/03/08 15:37:26 501263	INFO [input.cpp->run:256]	frame times (ms): 12.666
2020/03/08 15:37:26 501268	INFO [input.cpp->run:257]	FPS: 78.9515
2020/03/08 15:37:26 633347	INFO [input.cpp->run:173]	
frame_id 93
2020/03/08 15:37:26 641472	INFO [input.cpp->run:235]	rotation: 
[0.9999901277098611, 0.003111298317409149, -0.003172428974110363;
 -0.003116925236560398, 0.9999935753947696, -0.001770295527574469;
 0.003166900675010324, 0.001780166274633989, 0.9999934008523003]
2020/03/08 15:37:26 641506	INFO [input.cpp->run:256]	frame times (ms): 15.012
2020/03/08 15:37:26 641509	INFO [input.cpp->run:257]	FPS: 66.6134
2020/03/08 15:37:26 763729	INFO [input.cpp->run:173]	
frame_id 94
2020/03/08 15:37:26 772505	INFO [input.cpp->run:235]	rotation: 
[0.9999822379438075, 0.004672945182979423, -0.003699645957563486;
 -0.004683139013790277, 0.9999852486157018, -0.002751501402971104;
 0.003686733767437224, 0.002768778486969648, 0.9999893708734199]
2020/03/08 15:37:26 772566	INFO [input.cpp->run:256]	frame times (ms): 17.773
2020/03/08 15:37:26 772578	INFO [input.cpp->run:257]	FPS: 56.2651
2020/03/08 15:37:26 900158	INFO [input.cpp->run:173]	
frame_id 95
2020/03/08 15:37:26 939329	INFO [input.cpp->run:235]	rotation: 
[0.6104749095264727, -0.03316830001668139, -0.7913407917658791;
 -0.362541350768911, 0.8766074458669728, -0.3164224309893908;
 0.7041904244032992, 0.4800617144957363, 0.5231219709151164]
2020/03/08 15:37:26 939355	INFO [input.cpp->run:256]	frame times (ms): 44.769
2020/03/08 15:37:26 939357	INFO [input.cpp->run:257]	FPS: 22.3369
2020/03/08 15:37:27 018227	INFO [input.cpp->run:173]	
frame_id 96
2020/03/08 15:37:27 026422	INFO [input.cpp->run:235]	rotation: 
[0.9999722110360028, 0.005373254292382597, -0.005167716524479597;
 -0.00539298493528951, 0.9999781929672734, -0.00381173233508468;
 0.005147122424785318, 0.003839495828358418, 0.9999793824887233]
2020/03/08 15:37:27 026462	INFO [input.cpp->run:256]	frame times (ms): 15.187
2020/03/08 15:37:27 026467	INFO [input.cpp->run:257]	FPS: 65.8458
2020/03/08 15:37:27 154618	INFO [input.cpp->run:173]	
frame_id 97
2020/03/08 15:37:27 170532	INFO [input.cpp->run:235]	rotation: 
[0.9998732306315661, 0.01361470933668034, -0.008256049665110636;
 -0.01363546312603033, 0.9999039999984696, -0.002462708346375082;
 0.008221728026013236, 0.002574971211168666, 0.9999628856670271]
2020/03/08 15:37:27 170567	INFO [input.cpp->run:256]	frame times (ms): 22.35
2020/03/08 15:37:27 170571	INFO [input.cpp->run:257]	FPS: 44.7427
2020/03/08 15:37:27 292750	INFO [input.cpp->run:173]	
frame_id 98
2020/03/08 15:37:27 306784	INFO [input.cpp->run:235]	rotation: 
[0.9999546657162547, 0.004064771131421407, -0.00861069961980028;
 -0.004065276344611207, 0.9999917358824598, -4.11707016325518e-05;
 0.008610461110487064, 7.617370866320879e-05, 0.9999629263912893]
2020/03/08 15:37:27 306815	INFO [input.cpp->run:256]	frame times (ms): 20.784
2020/03/08 15:37:27 306818	INFO [input.cpp->run:257]	FPS: 48.1139
2020/03/08 15:37:27 429193	INFO [input.cpp->run:173]	
frame_id 99
2020/03/08 15:37:27 451687	INFO [input.cpp->run:235]	rotation: 
[0.9999234299846487, 0.007429733994303569, -0.009896121488207744;
 -0.007493209464656519, 0.9999514919516939, -0.006392617265268069;
 0.009848146000860218, 0.006466281493664761, 0.9999305982036906]
2020/03/08 15:37:27 451721	INFO [input.cpp->run:256]	frame times (ms): 29.572
2020/03/08 15:37:27 451724	INFO [input.cpp->run:257]	FPS: 33.8158
2020/03/08 15:37:27 565062	INFO [input.cpp->run:173]	
frame_id 100
2020/03/08 15:37:27 571708	INFO [input.cpp->run:235]	rotation: 
[0.999942005108242, 0.004082201197433515, -0.009966045027595464;
 -0.004127323149803809, 0.9999813069303088, -0.004511207551035382;
 0.009947443074754512, 0.004552079012396144, 0.9999401616861578]
2020/03/08 15:37:27 571741	INFO [input.cpp->run:256]	frame times (ms): 12.708
2020/03/08 15:37:27 571745	INFO [input.cpp->run:257]	FPS: 78.6906
2020/03/08 15:37:27 703394	INFO [input.cpp->run:173]	
frame_id 101
2020/03/08 15:37:27 720815	INFO [input.cpp->run:235]	rotation: 
[0.999845698150216, -0.0095077849653356, -0.01477098221379638;
 0.009662384214746264, 0.9998989159103089, 0.01043054613506332;
 0.01467031771278226, -0.0105716595878793, 0.9998364975293531]
2020/03/08 15:37:27 720852	INFO [input.cpp->run:256]	frame times (ms): 24.061
2020/03/08 15:37:27 720856	INFO [input.cpp->run:257]	FPS: 41.561
2020/03/08 15:37:27 842045	INFO [input.cpp->run:173]	
frame_id 102
2020/03/08 15:37:27 874274	INFO [input.cpp->run:235]	rotation: 
[0.99990857816642, 0.007874287731035034, -0.01099231103713966;
 -0.007920502044050015, 0.9999599498449695, -0.004167055725120793;
 0.01095905819760762, 0.00425373938728427, 0.9999308999849172]
2020/03/08 15:37:27 874293	INFO [input.cpp->run:256]	frame times (ms): 38.611
2020/03/08 15:37:27 874295	INFO [input.cpp->run:257]	FPS: 25.8994
2020/03/08 15:37:27 958991	INFO [input.cpp->run:173]	
frame_id 103
2020/03/08 15:37:27 979343	INFO [input.cpp->run:235]	rotation: 
[0.9998863581514059, 0.003476729195788123, -0.01466912188297724;
 -0.00348221816444116, 0.9999938762777408, -0.0003486598249293736;
 0.01466781985755631, 0.0003997012852596428, 0.9998923418546163]
2020/03/08 15:37:27 979372	INFO [input.cpp->run:256]	frame times (ms): 26.679
2020/03/08 15:37:27 979374	INFO [input.cpp->run:257]	FPS: 37.4827
2020/03/08 15:37:28 097741	INFO [input.cpp->run:173]	
frame_id 104
2020/03/08 15:37:28 120516	INFO [input.cpp->run:235]	rotation: 
[0.9998694194592986, 0.008307608709313938, -0.01386101250479727;
 -0.008362851121163837, 0.9999572991078589, -0.003932261695404633;
 0.0138277529356893, 0.004047665802512477, 0.999896199437872]
2020/03/08 15:37:28 120552	INFO [input.cpp->run:256]	frame times (ms): 28.714
2020/03/08 15:37:28 120556	INFO [input.cpp->run:257]	FPS: 34.8262
