		g3log created log at: Sun Mar 08 16:07:25 2020
		LOG format: [YYYY/MM/DD hh:mm:ss uuu* LEVEL FILE->FUNCTION:LINE] message		(uuu*: microseconds fractions of the seconds value)

2020/03/08 16:07:25 925405	INFO [g3logger.h->logBanner:29]	Starting log.
2020/03/08 16:07:25 927940	DEBUG [main.cpp->main:49]	Filepath: /home/mitchell/KITTI/data_odometry_gray/dataset/sequences/00/
2020/03/08 16:07:25 927943	DEBUG [main.cpp->main:53]	Calibration Filepath: /home/mitchell/visual_odom_ws/src/visual_odom/calibration/old/zed.yaml
2020/03/08 16:07:25 928013	INFO [main.cpp->main:67]	P_left: 
[718.85602, 0, 607.19281, 0;
 0, 718.85602, 185.2157, 0;
 0, 0, 1, 0]
2020/03/08 16:07:25 928019	INFO [main.cpp->main:68]	P_right: 
[718.85602, 0, 607.19281, -386.14481;
 0, 718.85602, 185.2157, 0;
 0, 0, 1, 0]
2020/03/08 16:07:25 993165	INFO [input.cpp->Input:22]	frame_pose [1, 0, 0, 0;
 0, 1, 0, 0;
 0, 0, 1, 0;
 0, 0, 0, 1]
2020/03/08 16:07:26 276068	INFO [input.cpp->run:173]	
frame_id 1
2020/03/08 16:07:26 376912	INFO [input.cpp->run:235]	rotation: 
[0.999983961868835, 0.004715738845459682, 0.00313652869425535;
 -0.004736576178241636, 0.9999665405893888, 0.006669523805924039;
 -0.003104972015361562, -0.006684273246322012, 0.9999728394511285]
2020/03/08 16:07:26 376955	INFO [input.cpp->run:256]	frame times (ms): 128.469
2020/03/08 16:07:26 376956	INFO [input.cpp->run:257]	FPS: 7.78398
2020/03/08 16:07:26 390215	INFO [input.cpp->run:173]	
frame_id 2
2020/03/08 16:07:26 421778	INFO [input.cpp->run:235]	rotation: 
[0.9999946401749031, 0.003254818258175326, -0.0003546541587760462;
 -0.003253348469105273, 0.9999864297343076, 0.004068915208163546;
 0.0003678929255353807, -0.00406773958592518, 0.9999916590399424]
2020/03/08 16:07:26 421808	INFO [input.cpp->run:256]	frame times (ms): 47.046
2020/03/08 16:07:26 421811	INFO [input.cpp->run:257]	FPS: 21.2558
2020/03/08 16:07:26 426565	INFO [input.cpp->run:173]	
frame_id 3
2020/03/08 16:07:26 457618	INFO [input.cpp->run:235]	rotation: 
[0.9999718955459204, 0.004552703781966545, 0.005956593537631383;
 -0.004625438700326605, 0.9999142117376996, 0.01225456983350876;
 -0.005900291105395172, -0.01228177728378469, 0.9999071679469165]
2020/03/08 16:07:26 457650	INFO [input.cpp->run:256]	frame times (ms): 43.154
2020/03/08 16:07:26 457653	INFO [input.cpp->run:257]	FPS: 23.1728
2020/03/08 16:07:26 468625	INFO [input.cpp->run:173]	
frame_id 4
2020/03/08 16:07:26 500221	INFO [input.cpp->run:235]	rotation: 
[0.9999945837855271, 0.003223510717404774, 0.0006643630523155114;
 -0.003226543168305305, 0.999984145137386, 0.004615072375860898;
 -0.0006494757836654048, -0.004617190975706825, 0.9999891298052695]
2020/03/08 16:07:26 500250	INFO [input.cpp->run:256]	frame times (ms): 45.903
2020/03/08 16:07:26 500253	INFO [input.cpp->run:257]	FPS: 21.7851
2020/03/08 16:07:26 533800	INFO [input.cpp->run:173]	
frame_id 5
2020/03/08 16:07:26 564336	INFO [input.cpp->run:235]	rotation: 
[0.9999897361983876, 0.004451487974061203, 0.0008436543700275033;
 -0.004459957216671883, 0.9999368234169065, 0.01031784650651081;
 -0.0007976713011851508, -0.01032150326857718, 0.9999464137096408]
2020/03/08 16:07:26 564368	INFO [input.cpp->run:256]	frame times (ms): 45.057
2020/03/08 16:07:26 564371	INFO [input.cpp->run:257]	FPS: 22.1941
2020/03/08 16:07:26 600492	INFO [input.cpp->run:173]	
frame_id 6
2020/03/08 16:07:26 633945	INFO [input.cpp->run:235]	rotation: 
[0.9999987822575656, -0.0005380760597490503, -0.001464908713869532;
 0.0005401726901502727, 0.9999988299150462, 0.001431216965853847;
 0.001464136896216254, -0.00143200652668101, 0.9999979028280293]
2020/03/08 16:07:26 633979	INFO [input.cpp->run:256]	frame times (ms): 48.632
2020/03/08 16:07:26 633982	INFO [input.cpp->run:257]	FPS: 20.5626
2020/03/08 16:07:26 666943	INFO [input.cpp->run:173]	
frame_id 7
2020/03/08 16:07:26 702058	INFO [input.cpp->run:235]	rotation: 
[0.9999999136704137, 0.0001175937975900513, 0.0003985359002111514;
 -0.0001186155323020323, 0.9999967042002681, 0.002564667416451478;
 -0.0003982329977355823, -0.002564714467592745, 0.9999966318194173]
2020/03/08 16:07:26 702091	INFO [input.cpp->run:256]	frame times (ms): 49.35
2020/03/08 16:07:26 702094	INFO [input.cpp->run:257]	FPS: 20.2634
2020/03/08 16:07:26 733663	INFO [input.cpp->run:173]	
frame_id 8
2020/03/08 16:07:26 765267	INFO [input.cpp->run:235]	rotation: 
[0.9999978158826204, -0.000236203937903733, -0.002076640962829149;
 0.0002425383331401553, 0.9999953175396266, 0.003050585841850286;
 0.002075910678651372, -0.003051082844050386, 0.9999931907209834]
2020/03/08 16:07:26 765297	INFO [input.cpp->run:256]	frame times (ms): 46.641
2020/03/08 16:07:26 765298	INFO [input.cpp->run:257]	FPS: 21.4404
2020/03/08 16:07:26 800313	INFO [input.cpp->run:173]	
frame_id 9
2020/03/08 16:07:26 838358	INFO [input.cpp->run:235]	rotation: 
[0.9999898093589298, 0.004430627652919273, 0.0008664392030228256;
 -0.004437429430430563, 0.9999580530562501, 0.008012574368062126;
 -0.0008309021249801056, -0.008016337477611863, 0.9999675234401884]
2020/03/08 16:07:26 838381	INFO [input.cpp->run:256]	frame times (ms): 53.879
2020/03/08 16:07:26 838383	INFO [input.cpp->run:257]	FPS: 18.5601
2020/03/08 16:07:26 866941	INFO [input.cpp->run:173]	
frame_id 10
2020/03/08 16:07:26 899601	INFO [input.cpp->run:235]	rotation: 
[0.9999795024450426, 0.005008345526372068, 0.003988880150304872;
 -0.005070514865658893, 0.9998634015976438, 0.01573111644436323;
 -0.003909548408980184, -0.01575101967103882, 0.9998683017330634]
2020/03/08 16:07:26 899629	INFO [input.cpp->run:256]	frame times (ms): 47.534
2020/03/08 16:07:26 899631	INFO [input.cpp->run:257]	FPS: 21.0376
2020/03/08 16:07:26 933771	INFO [input.cpp->run:173]	
frame_id 11
2020/03/08 16:07:26 964726	INFO [input.cpp->run:235]	rotation: 
[0.9999779077500368, 0.005472422831568595, 0.003773141954833957;
 -0.005505145412804866, 0.9999468491206277, 0.00871735669297664;
 -0.003725236347223488, -0.008737935802078076, 0.9999548845283351]
2020/03/08 16:07:26 964752	INFO [input.cpp->run:256]	frame times (ms): 45.365
2020/03/08 16:07:26 964753	INFO [input.cpp->run:257]	FPS: 22.0434
2020/03/08 16:07:27 000329	INFO [input.cpp->run:173]	
frame_id 12
2020/03/08 16:07:27 034282	INFO [input.cpp->run:235]	rotation: 
[0.9999930512538795, 0.003721946855136488, -0.0002110818882504412;
 -0.003720600065039094, 0.9999747324403455, 0.006057360482545075;
 0.0002336217285246745, -0.006056533040197768, 0.9999816317455141]
2020/03/08 16:07:27 034303	INFO [input.cpp->run:256]	frame times (ms): 49.356
2020/03/08 16:07:27 034305	INFO [input.cpp->run:257]	FPS: 20.261
2020/03/08 16:07:27 067576	INFO [input.cpp->run:173]	
frame_id 13
2020/03/08 16:07:27 100240	INFO [input.cpp->run:235]	rotation: 
[0.9999879397967583, 0.003692992528600455, 0.003237602078510189;
 -0.003716759713198933, 0.9999659635664291, 0.007365962659249186;
 -0.003210289437015558, -0.00737790721321522, 0.999967629739525]
2020/03/08 16:07:27 100264	INFO [input.cpp->run:256]	frame times (ms): 47.024
2020/03/08 16:07:27 100267	INFO [input.cpp->run:257]	FPS: 21.2657
2020/03/08 16:07:27 133867	INFO [input.cpp->run:173]	
frame_id 14
2020/03/08 16:07:27 164868	INFO [input.cpp->run:235]	rotation: 
[0.9999922188897717, 0.003914342562272905, 0.0004899818528130306;
 -0.003917128766984584, 0.9999753871053312, 0.005820763331895714;
 -0.0004671853312863408, -0.00582263736190557, 0.999982939170473]
2020/03/08 16:07:27 164897	INFO [input.cpp->run:256]	frame times (ms): 46.469
2020/03/08 16:07:27 164900	INFO [input.cpp->run:257]	FPS: 21.5197
2020/03/08 16:07:27 200351	INFO [input.cpp->run:173]	
frame_id 15
2020/03/08 16:07:27 231242	INFO [input.cpp->run:235]	rotation: 
[0.9999971745154975, 0.002373587407185286, -0.0001305520667382825;
 -0.002373372077144646, 0.9999958623864978, 0.001625519876174795;
 0.0001344098400725063, -0.001625205434663767, 0.999998670319761]
2020/03/08 16:07:27 231271	INFO [input.cpp->run:256]	frame times (ms): 45.882
2020/03/08 16:07:27 231274	INFO [input.cpp->run:257]	FPS: 21.795
2020/03/08 16:07:27 267129	INFO [input.cpp->run:173]	
frame_id 16
2020/03/08 16:07:27 302543	INFO [input.cpp->run:235]	rotation: 
[0.9999925448376005, 0.003196231714494824, 0.002166649959479383;
 -0.003209014803230107, 0.9999773136953251, 0.005922357526710129;
 -0.00214767157924683, -0.005929266186366367, 0.9999801154569419]
2020/03/08 16:07:27 302571	INFO [input.cpp->run:256]	frame times (ms): 50.598
2020/03/08 16:07:27 302573	INFO [input.cpp->run:257]	FPS: 19.7636
2020/03/08 16:07:27 333993	INFO [input.cpp->run:173]	
frame_id 17
2020/03/08 16:07:27 370337	INFO [input.cpp->run:235]	rotation: 
[0.9999990454496884, 0.001160499047020764, -0.0007498944418182748;
 -0.001159917476167301, 0.9999990265896738, 0.0007755070298757797;
 0.0007507936870324102, -0.000774636473946957, 0.9999994181234171]
2020/03/08 16:07:27 370370	INFO [input.cpp->run:256]	frame times (ms): 51.813
2020/03/08 16:07:27 370373	INFO [input.cpp->run:257]	FPS: 19.3002
2020/03/08 16:07:27 400372	INFO [input.cpp->run:173]	
frame_id 18
2020/03/08 16:07:27 429225	INFO [input.cpp->run:235]	rotation: 
[0.9999820876306893, 0.005300595789118228, 0.002779946411150461;
 -0.005323890556084368, 0.9999502082896154, 0.008440209174038439;
 -0.002735069855656688, -0.008454858120339399, 0.9999605166040555]
2020/03/08 16:07:27 429252	INFO [input.cpp->run:256]	frame times (ms): 43.464
2020/03/08 16:07:27 429255	INFO [input.cpp->run:257]	FPS: 23.0075
2020/03/08 16:07:27 467007	INFO [input.cpp->run:173]	
frame_id 19
2020/03/08 16:07:27 496611	INFO [input.cpp->run:235]	rotation: 
[0.9999805662703619, 0.00513503250459247, 0.003535324989740656;
 -0.005163605511683001, 0.999953692017793, 0.008121021986445898;
 -0.003493459564103026, -0.008139119188302844, 0.9999607744702352]
2020/03/08 16:07:27 496636	INFO [input.cpp->run:256]	frame times (ms): 44.397
2020/03/08 16:07:27 496639	INFO [input.cpp->run:257]	FPS: 22.524
2020/03/08 16:07:27 533688	INFO [input.cpp->run:173]	
frame_id 20
2020/03/08 16:07:27 567059	INFO [input.cpp->run:235]	rotation: 
[0.9999780330733259, 0.005409419793600853, 0.00383034571533353;
 -0.005440421603062987, 0.9999521504031299, 0.008130111741993786;
 -0.00378618324745385, -0.008150771844002197, 0.9999596140518695]
2020/03/08 16:07:27 567081	INFO [input.cpp->run:256]	frame times (ms): 49.585
2020/03/08 16:07:27 567083	INFO [input.cpp->run:257]	FPS: 20.1674
2020/03/08 16:07:27 600330	INFO [input.cpp->run:173]	
frame_id 21
2020/03/08 16:07:27 632304	INFO [input.cpp->run:235]	rotation: 
[0.9999999858168991, -5.261891815735571e-05, 0.0001599920344452685;
 5.23876273944481e-05, 0.9999989541812785, 0.001445299929328686;
 -0.0001600679172412978, -0.001445291527226765, 0.9999989427547727]
2020/03/08 16:07:27 632326	INFO [input.cpp->run:256]	frame times (ms): 46.217
2020/03/08 16:07:27 632328	INFO [input.cpp->run:257]	FPS: 21.6371
2020/03/08 16:07:27 667058	INFO [input.cpp->run:173]	
frame_id 22
2020/03/08 16:07:27 697516	INFO [input.cpp->run:235]	rotation: 
[0.9999898923760511, 0.004460050064298426, 0.0005684181187549708;
 -0.004465587564263511, 0.9999385715857293, 0.01014453462694449;
 -0.0005231380694161115, -0.01014697041068576, 0.9999483813267788]
2020/03/08 16:07:27 697537	INFO [input.cpp->run:256]	frame times (ms): 45.756
2020/03/08 16:07:27 697539	INFO [input.cpp->run:257]	FPS: 21.8551
2020/03/08 16:07:27 733654	INFO [input.cpp->run:173]	
frame_id 23
2020/03/08 16:07:27 765288	INFO [input.cpp->run:235]	rotation: 
[0.9999999777116837, 5.783213291792525e-06, -0.0002110525681672122;
 -5.556245475714278e-06, 0.9999994217486246, 0.001075393669631837;
 0.0002110586653567385, -0.001075392473003246, 0.9999993994924541]
2020/03/08 16:07:27 765320	INFO [input.cpp->run:256]	frame times (ms): 47.092
2020/03/08 16:07:27 765323	INFO [input.cpp->run:257]	FPS: 21.235
2020/03/08 16:07:27 800271	INFO [input.cpp->run:173]	
frame_id 24
2020/03/08 16:07:27 834346	INFO [input.cpp->run:235]	rotation: 
[0.9999998499683749, -0.0003097908541317534, 0.0004517663714729765;
 0.0003089819391590412, 0.9999983510508478, 0.001789532270346783;
 -0.0004523200072637283, -0.001789392414210844, 0.9999982967392489]
2020/03/08 16:07:27 834368	INFO [input.cpp->run:256]	frame times (ms): 49.255
2020/03/08 16:07:27 834370	INFO [input.cpp->run:257]	FPS: 20.3025
2020/03/08 16:07:27 867049	INFO [input.cpp->run:173]	
frame_id 25
2020/03/08 16:07:27 896136	INFO [input.cpp->run:235]	rotation: 
[0.9999784979170653, 0.005395361182157234, 0.003727436283003742;
 -0.005428463662139044, 0.9999454055880435, 0.008928472749144404;
 -0.003679060450525083, -0.008948515020798098, 0.9999531932011237]
2020/03/08 16:07:27 896159	INFO [input.cpp->run:256]	frame times (ms): 43.861
2020/03/08 16:07:27 896163	INFO [input.cpp->run:257]	FPS: 22.7993
2020/03/08 16:07:27 933828	INFO [input.cpp->run:173]	
frame_id 26
2020/03/08 16:07:27 968330	INFO [input.cpp->run:235]	rotation: 
[0.9999800156654456, 0.00542625086160485, 0.003244082508520315;
 -0.005450273399689134, 0.9999574499857484, 0.007442629768303228;
 -0.003203558896570483, -0.007460162168902559, 0.9999670410522589]
2020/03/08 16:07:27 968352	INFO [input.cpp->run:256]	frame times (ms): 52.386
2020/03/08 16:07:27 968354	INFO [input.cpp->run:257]	FPS: 19.0891
2020/03/08 16:07:28 000313	INFO [input.cpp->run:173]	
frame_id 27
2020/03/08 16:07:28 029319	INFO [input.cpp->run:235]	rotation: 
[0.9999741861489817, 0.00567773963375078, 0.004403442781843893;
 -0.005716452063306469, 0.9999446820313357, 0.008829215880179658;
 -0.004353069203396234, -0.008854160033692242, 0.9999513261347315]
2020/03/08 16:07:28 029340	INFO [input.cpp->run:256]	frame times (ms): 44.303
2020/03/08 16:07:28 029341	INFO [input.cpp->run:257]	FPS: 22.5718
2020/03/08 16:07:28 067107	INFO [input.cpp->run:173]	
frame_id 28
2020/03/08 16:07:28 096817	INFO [input.cpp->run:235]	rotation: 
[0.9999787894727066, 0.005558463380609202, 0.003394714943394745;
 -0.005608736024140526, 0.999872008428151, 0.0149836191244635;
 -0.003310994550280835, -0.01500234137399581, 0.999881976569428]
2020/03/08 16:07:28 096838	INFO [input.cpp->run:256]	frame times (ms): 45.011
2020/03/08 16:07:28 096840	INFO [input.cpp->run:257]	FPS: 22.2168
2020/03/08 16:07:28 134515	INFO [input.cpp->run:173]	
frame_id 29
2020/03/08 16:07:28 164053	INFO [input.cpp->run:235]	rotation: 
[0.9999756611557152, 0.005396521983085892, 0.004422063621908921;
 -0.005432357983646382, 0.9999521758609997, 0.008132372199416748;
 -0.004377965615174811, -0.00815619649949679, 0.999957154019978]
2020/03/08 16:07:28 164077	INFO [input.cpp->run:256]	frame times (ms): 45.526
2020/03/08 16:07:28 164079	INFO [input.cpp->run:257]	FPS: 21.9655
2020/03/08 16:07:28 200551	INFO [input.cpp->run:173]	
frame_id 30
2020/03/08 16:07:28 230007	INFO [input.cpp->run:235]	rotation: 
[0.9999780485124263, 0.005446621752405815, 0.003773169061374849;
 -0.005480486407182983, 0.9999442670952959, 0.009023689488904627;
 -0.003723810148245896, -0.009044170207249812, 0.9999521669676216]
2020/03/08 16:07:28 230039	INFO [input.cpp->run:256]	frame times (ms): 44.977
2020/03/08 16:07:28 230042	INFO [input.cpp->run:257]	FPS: 22.2336
2020/03/08 16:07:28 267048	INFO [input.cpp->run:173]	
frame_id 31
2020/03/08 16:07:28 298084	INFO [input.cpp->run:235]	rotation: 
[0.9999842686174142, 0.005029480105950541, 0.00248331382614685;
 -0.00506001130478149, 0.9999097517551294, 0.01244526538852758;
 -0.002420496496747703, -0.01245763520333, 0.9999194710184666]
2020/03/08 16:07:28 298106	INFO [input.cpp->run:256]	frame times (ms): 47.31
2020/03/08 16:07:28 298108	INFO [input.cpp->run:257]	FPS: 21.1372
2020/03/08 16:07:28 333607	INFO [input.cpp->run:173]	
frame_id 32
2020/03/08 16:07:28 364008	INFO [input.cpp->run:235]	rotation: 
[0.9999572047229207, 0.006689714995274929, 0.006390339271504969;
 -0.006756486932012675, 0.9999222034495057, 0.01048508145046425;
 -0.006319699918547308, -0.01052780898227743, 0.9999246104736957]
2020/03/08 16:07:28 364030	INFO [input.cpp->run:256]	frame times (ms): 45.471
2020/03/08 16:07:28 364031	INFO [input.cpp->run:257]	FPS: 21.992
2020/03/08 16:07:28 400298	INFO [input.cpp->run:173]	
frame_id 33
2020/03/08 16:07:28 429183	INFO [input.cpp->run:235]	rotation: 
[0.9999816517869883, 0.00511868371867033, 0.003239624415693046;
 -0.005144072600853715, 0.9999557385468067, 0.007877782961430659;
 -0.003199157145824714, -0.007894303281384645, 0.9999637220265832]
2020/03/08 16:07:28 429205	INFO [input.cpp->run:256]	frame times (ms): 43.356
2020/03/08 16:07:28 429207	INFO [input.cpp->run:257]	FPS: 23.0649
2020/03/08 16:07:28 467217	INFO [input.cpp->run:173]	
frame_id 34
2020/03/08 16:07:28 506752	INFO [input.cpp->run:235]	rotation: 
[0.9999751053753541, 0.005761136190066813, 0.004074056866190705;
 -0.005797607385094789, 0.9999427134611513, 0.008997641055196862;
 -0.004021986842065443, -0.009021036844474816, 0.9999512210683543]
2020/03/08 16:07:28 506782	INFO [input.cpp->run:256]	frame times (ms): 58.196
2020/03/08 16:07:28 506801	INFO [input.cpp->run:257]	FPS: 17.1833
2020/03/08 16:07:28 533583	INFO [input.cpp->run:173]	
frame_id 35
2020/03/08 16:07:28 564228	INFO [input.cpp->run:235]	rotation: 
[0.9999575638675436, 0.006610285766202376, 0.006416742645339222;
 -0.006677974408542358, 0.9999216752072669, 0.01058527791282379;
 -0.00634626834338307, -0.01062767955773997, 0.9999233857177917]
2020/03/08 16:07:28 564250	INFO [input.cpp->run:256]	frame times (ms): 45.725
2020/03/08 16:07:28 564254	INFO [input.cpp->run:257]	FPS: 21.8699
2020/03/08 16:07:28 600469	INFO [input.cpp->run:173]	
frame_id 36
2020/03/08 16:07:28 631377	INFO [input.cpp->run:235]	rotation: 
[0.9999768354277915, 0.005601724088235105, 0.003866431825195559;
 -0.005636701465346796, 0.9999427471837821, 0.009095600647640244;
 -0.003815259415839999, -0.009117183873877005, 0.9999511591841872]
2020/03/08 16:07:28 631400	INFO [input.cpp->run:256]	frame times (ms): 46.712
2020/03/08 16:07:28 631404	INFO [input.cpp->run:257]	FPS: 21.4078
g3log g3FileSink shutdown at: 16:07:28 800119
