		g3log created log at: Sun Mar 08 16:09:26 2020
		LOG format: [YYYY/MM/DD hh:mm:ss uuu* LEVEL FILE->FUNCTION:LINE] message		(uuu*: microseconds fractions of the seconds value)

2020/03/08 16:09:26 705372	INFO [g3logger.h->logBanner:29]	Starting log.
2020/03/08 16:09:26 709718	DEBUG [main.cpp->main:49]	Filepath: /home/mitchell/KITTI/data_odometry_gray/dataset/sequences/00/
2020/03/08 16:09:26 709723	DEBUG [main.cpp->main:53]	Calibration Filepath: /home/mitchell/visual_odom_ws/src/visual_odom/calibration/old/zed.yaml
2020/03/08 16:09:26 709805	INFO [main.cpp->main:67]	P_left: 
[718.85602, 0, 607.19281, 0;
 0, 718.85602, 185.2157, 0;
 0, 0, 1, 0]
2020/03/08 16:09:26 709811	INFO [main.cpp->main:68]	P_right: 
[718.85602, 0, 607.19281, -386.14481;
 0, 718.85602, 185.2157, 0;
 0, 0, 1, 0]
2020/03/08 16:09:26 783574	INFO [input.cpp->Input:22]	frame_pose [1, 0, 0, 0;
 0, 1, 0, 0;
 0, 0, 1, 0;
 0, 0, 0, 1]
2020/03/08 16:09:27 045659	INFO [input.cpp->run:173]	
frame_id 1
2020/03/08 16:09:27 133189	INFO [input.cpp->run:235]	rotation: 
[0.9999960464100049, 0.001887006501428314, 0.002084795151285439;
 -0.001883638542967276, 0.9999969197827756, -0.001616270645837752;
 -0.002087838642880268, 0.001612337255265145, 0.9999965206431354]
2020/03/08 16:09:27 133235	INFO [input.cpp->run:256]	frame times (ms): 117.569
2020/03/08 16:09:27 133238	INFO [input.cpp->run:257]	FPS: 8.50564
2020/03/08 16:09:27 138061	INFO [input.cpp->run:173]	
frame_id 2
2020/03/08 16:09:27 182082	INFO [input.cpp->run:235]	rotation: 
[0.9999967087696566, 0.001648164643345932, 0.001966215441671967;
 -0.001648806449841431, 0.9999985879568467, 0.0003248408896319704;
 -0.001965677274021911, -0.0003280817292077841, 0.999998014235645]
2020/03/08 16:09:27 182109	INFO [input.cpp->run:256]	frame times (ms): 64.147
2020/03/08 16:09:27 182111	INFO [input.cpp->run:257]	FPS: 15.5892
2020/03/08 16:09:27 186559	INFO [input.cpp->run:173]	
frame_id 3
2020/03/08 16:09:27 225040	INFO [input.cpp->run:235]	rotation: 
[0.9999975723758464, 0.001383469103384941, 0.00171500893692927;
 -0.001381385288155788, 0.9999983070005405, -0.001215635939910977;
 -0.001716687828183898, 0.001213263900689278, 0.999997790484363]
2020/03/08 16:09:27 225066	INFO [input.cpp->run:256]	frame times (ms): 59.254
2020/03/08 16:09:27 225069	INFO [input.cpp->run:257]	FPS: 16.8765
2020/03/08 16:09:27 244413	INFO [input.cpp->run:173]	
frame_id 4
2020/03/08 16:09:27 283423	INFO [input.cpp->run:235]	rotation: 
[0.9999957989986437, 0.001749563121291919, 0.002311063380543675;
 -0.001746182379253228, 0.9999974036844115, -0.001464059949075835;
 -0.002313618845588058, 0.001460018260405561, 0.9999962577502561]
2020/03/08 16:09:27 283452	INFO [input.cpp->run:256]	frame times (ms): 60.374
2020/03/08 16:09:27 283454	INFO [input.cpp->run:257]	FPS: 16.5634
2020/03/08 16:09:27 310336	INFO [input.cpp->run:173]	
frame_id 5
2020/03/08 16:09:27 351218	INFO [input.cpp->run:235]	rotation: 
[0.9999710570679192, -0.0006190813373553557, 0.007582991808375321;
 0.0006586642538357508, 0.9999861662186684, -0.005218575733890754;
 -0.007579656184080377, 0.005223419338649037, 0.9999576314537251]
2020/03/08 16:09:27 351246	INFO [input.cpp->run:256]	frame times (ms): 66.379
2020/03/08 16:09:27 351248	INFO [input.cpp->run:257]	FPS: 15.065
2020/03/08 16:09:27 377169	INFO [input.cpp->run:173]	
frame_id 6
2020/03/08 16:09:27 416063	INFO [input.cpp->run:235]	rotation: 
[0.9999966897798831, 0.00143069191155358, 0.00213858596519569;
 -0.001428949653286267, 0.9999986461357696, -0.0008159837719863203;
 -0.002139750491223189, 0.000812925139226934, 0.9999973803068453]
2020/03/08 16:09:27 416091	INFO [input.cpp->run:256]	frame times (ms): 60.099
2020/03/08 16:09:27 416094	INFO [input.cpp->run:257]	FPS: 16.6392
2020/03/08 16:09:27 443908	INFO [input.cpp->run:173]	
frame_id 7
2020/03/08 16:09:27 480820	INFO [input.cpp->run:235]	rotation: 
[0.9999941493517712, 0.001256645793009807, 0.003181525354043283;
 -0.001252508126013409, 0.9999983677636941, -0.001302187905777606;
 -0.003183156549995595, 0.001298195400775184, 0.9999940910840822]
2020/03/08 16:09:27 480849	INFO [input.cpp->run:256]	frame times (ms): 59.132
2020/03/08 16:09:27 480852	INFO [input.cpp->run:257]	FPS: 16.9113
2020/03/08 16:09:27 510409	INFO [input.cpp->run:173]	
frame_id 8
2020/03/08 16:09:27 548577	INFO [input.cpp->run:235]	rotation: 
[0.9999768896018134, -0.0002763344675833741, 0.006792930262026017;
 0.0002989711472035189, 0.9999944055182172, -0.003331598493296111;
 -0.006791971623605568, 0.003333552388881645, 0.9999713778653541]
2020/03/08 16:09:27 548603	INFO [input.cpp->run:256]	frame times (ms): 59.346
2020/03/08 16:09:27 548605	INFO [input.cpp->run:257]	FPS: 16.8503
2020/03/08 16:09:27 577021	INFO [input.cpp->run:173]	
frame_id 9
2020/03/08 16:09:27 614215	INFO [input.cpp->run:235]	rotation: 
[0.9999968165910019, 0.002344453339476923, 0.0009329235772386309;
 -0.002344098116493241, 0.9999971797602614, -0.000381674656888146;
 -0.0009338157645944204, 0.0003794865774613717, 0.9999994919888986]
2020/03/08 16:09:27 614246	INFO [input.cpp->run:256]	frame times (ms): 59.34
2020/03/08 16:09:27 614248	INFO [input.cpp->run:257]	FPS: 16.852
2020/03/08 16:09:27 643619	INFO [input.cpp->run:173]	
frame_id 10
2020/03/08 16:09:27 681038	INFO [input.cpp->run:235]	rotation: 
[0.9999970111948516, 0.001194311624568021, 0.002133359113507317;
 -0.001190560215693004, 0.9999977444918035, -0.001758856923854578;
 -0.002135454924968461, 0.001756311774487621, 0.9999961775933017]
2020/03/08 16:09:27 681069	INFO [input.cpp->run:256]	frame times (ms): 59.088
2020/03/08 16:09:27 681071	INFO [input.cpp->run:257]	FPS: 16.9239
2020/03/08 16:09:27 710314	INFO [input.cpp->run:173]	
frame_id 11
2020/03/08 16:09:27 747542	INFO [input.cpp->run:235]	rotation: 
[0.9999965999535153, 0.001643989931368415, 0.00202419823995285;
 -0.001639758524005355, 0.999996470913489, -0.002090299631755679;
 -0.002027627527930295, 0.002086973328321525, 0.9999957666255067]
2020/03/08 16:09:27 747578	INFO [input.cpp->run:256]	frame times (ms): 60.377
2020/03/08 16:09:27 747580	INFO [input.cpp->run:257]	FPS: 16.5626
2020/03/08 16:09:27 777007	INFO [input.cpp->run:173]	
frame_id 12
2020/03/08 16:09:27 814683	INFO [input.cpp->run:235]	rotation: 
[0.999982045744075, 0.0002237770098639423, 0.005988164438675344;
 -0.0002035204955989867, 0.9999942564073955, -0.003383154094633078;
 -0.005988887117205566, 0.003381874638424342, 0.9999763477978003]
2020/03/08 16:09:27 814714	INFO [input.cpp->run:256]	frame times (ms): 60.602
2020/03/08 16:09:27 814716	INFO [input.cpp->run:257]	FPS: 16.5011
2020/03/08 16:09:27 844272	INFO [input.cpp->run:173]	
frame_id 13
2020/03/08 16:09:27 882404	INFO [input.cpp->run:235]	rotation: 
[0.9999869326064659, 0.0002190605589241511, 0.005107507100642066;
 -0.0002021773535028896, 0.9999945152292091, -0.00330584872867349;
 -0.005108203268206528, 0.003304772907578583, 0.9999814921964306]
2020/03/08 16:09:27 882427	INFO [input.cpp->run:256]	frame times (ms): 60.725
2020/03/08 16:09:27 882429	INFO [input.cpp->run:257]	FPS: 16.4677
2020/03/08 16:09:27 910735	INFO [input.cpp->run:173]	
frame_id 14
2020/03/08 16:09:27 949443	INFO [input.cpp->run:235]	rotation: 
[0.9999960851639709, 0.001652736362523741, 0.002257901514287981;
 -0.001649722984026961, 0.9999977470186722, -0.001335803748970341;
 -0.002260104158707148, 0.001332073607493907, 0.9999965587486269]
2020/03/08 16:09:27 949474	INFO [input.cpp->run:256]	frame times (ms): 60.51
2020/03/08 16:09:27 949476	INFO [input.cpp->run:257]	FPS: 16.5262
2020/03/08 16:09:27 977142	INFO [input.cpp->run:173]	
frame_id 15
2020/03/08 16:09:28 015125	INFO [input.cpp->run:235]	rotation: 
[0.9999947669184293, 0.0009581917227436306, 0.003089984527291376;
 -0.0009516706320673978, 0.9999973186255836, -0.002111176129812506;
 -0.003091999153378757, 0.002108224434327443, 0.999992997440967]
2020/03/08 16:09:28 015155	INFO [input.cpp->run:256]	frame times (ms): 60.231
2020/03/08 16:09:28 015158	INFO [input.cpp->run:257]	FPS: 16.6027
2020/03/08 16:09:28 043580	INFO [input.cpp->run:173]	
frame_id 16
2020/03/08 16:09:28 082167	INFO [input.cpp->run:235]	rotation: 
[0.9999960003388262, 0.001570433261125241, 0.002352242700619157;
 -0.001566907087192861, 0.9999976471547165, -0.001500162394977088;
 -0.002354593071078175, 0.001496470649077405, 0.9999961082259601]
2020/03/08 16:09:28 082192	INFO [input.cpp->run:256]	frame times (ms): 59.779
2020/03/08 16:09:28 082194	INFO [input.cpp->run:257]	FPS: 16.7283
2020/03/08 16:09:28 110225	INFO [input.cpp->run:173]	
frame_id 17
2020/03/08 16:09:28 148472	INFO [input.cpp->run:235]	rotation: 
[0.9999971390260312, 0.001479779733273882, 0.00187941259267806;
 -0.001474536252509833, 0.999995025591827, -0.002788285215231455;
 -0.001883529291664785, 0.002785505976018709, 0.9999943466209521]
2020/03/08 16:09:28 148502	INFO [input.cpp->run:256]	frame times (ms): 60.023
2020/03/08 16:09:28 148505	INFO [input.cpp->run:257]	FPS: 16.6603
2020/03/08 16:09:28 177083	INFO [input.cpp->run:173]	
frame_id 18
2020/03/08 16:09:28 215682	INFO [input.cpp->run:235]	rotation: 
[0.9999965904656287, 0.001534558602827424, 0.002112862279474911;
 -0.001532061971041397, 0.9999981269463115, -0.001182746796893216;
 -0.002114673316242564, 0.001179505728328929, 0.9999970684572043]
2020/03/08 16:09:28 215710	INFO [input.cpp->run:256]	frame times (ms): 59.603
2020/03/08 16:09:28 215712	INFO [input.cpp->run:257]	FPS: 16.7777
2020/03/08 16:09:28 243788	INFO [input.cpp->run:173]	
frame_id 19
2020/03/08 16:09:28 281336	INFO [input.cpp->run:235]	rotation: 
[0.9999725013740721, -0.0004885163645840613, 0.007399854555515915;
 0.0005258008793491773, 0.9999871737846419, -0.005037439790182656;
 -0.007397298771614656, 0.005041192117542577, 0.9999599323737514]
2020/03/08 16:09:28 281366	INFO [input.cpp->run:256]	frame times (ms): 59.106
2020/03/08 16:09:28 281369	INFO [input.cpp->run:257]	FPS: 16.9188
2020/03/08 16:09:28 310175	INFO [input.cpp->run:173]	
frame_id 20
2020/03/08 16:09:28 347897	INFO [input.cpp->run:235]	rotation: 
[0.9999959578918864, 0.001380412354281301, 0.002485691376764556;
 -0.00137716490268227, 0.999998196672248, -0.00130769609732543;
 -0.002487492054096707, 0.001304267604553444, 0.9999960556268692]
2020/03/08 16:09:28 347924	INFO [input.cpp->run:256]	frame times (ms): 59.282
2020/03/08 16:09:28 347927	INFO [input.cpp->run:257]	FPS: 16.8685
2020/03/08 16:09:28 377076	INFO [input.cpp->run:173]	
frame_id 21
2020/03/08 16:09:28 415147	INFO [input.cpp->run:235]	rotation: 
[0.9999959125005299, 0.001725018485308561, 0.002280195925340494;
 -0.001722326591866942, 0.9999978182424268, -0.001181990480973658;
 -0.002282229905934904, 0.001178058407511313, 0.9999967017970834]
2020/03/08 16:09:28 415176	INFO [input.cpp->run:256]	frame times (ms): 60.75
2020/03/08 16:09:28 415178	INFO [input.cpp->run:257]	FPS: 16.4609
2020/03/08 16:09:28 443545	INFO [input.cpp->run:173]	
frame_id 22
2020/03/08 16:09:28 481362	INFO [input.cpp->run:235]	rotation: 
[0.999996729370014, 0.001178438033936116, 0.002269919178066739;
 -0.001175526179556522, 0.9999984851145648, -0.001283708213185861;
 -0.002271428509982132, 0.001281035665231991, 0.9999965997742934]
2020/03/08 16:09:28 481394	INFO [input.cpp->run:256]	frame times (ms): 59.484
2020/03/08 16:09:28 481396	INFO [input.cpp->run:257]	FPS: 16.8112
2020/03/08 16:09:28 510229	INFO [input.cpp->run:173]	
frame_id 23
2020/03/08 16:09:28 547235	INFO [input.cpp->run:235]	rotation: 
[0.9999961573713624, 0.001545574181928468, 0.002301400216727733;
 -0.0015424541347184, 0.999997889860222, -0.001356875213724106;
 -0.002303492511750021, 0.001353320195476619, 0.9999964312169803]
2020/03/08 16:09:28 547268	INFO [input.cpp->run:256]	frame times (ms): 58.624
2020/03/08 16:09:28 547272	INFO [input.cpp->run:257]	FPS: 17.0579
2020/03/08 16:09:28 577267	INFO [input.cpp->run:173]	
frame_id 24
2020/03/08 16:09:28 615275	INFO [input.cpp->run:235]	rotation: 
[0.9999972010322368, 0.0008275939066868546, 0.002216532431056086;
 -0.0008238121901683919, 0.9999982045756262, -0.001706510767429647;
 -0.002217940749352554, 0.001704679984524414, 0.9999960873948371]
2020/03/08 16:09:28 615299	INFO [input.cpp->run:256]	frame times (ms): 59.624
2020/03/08 16:09:28 615301	INFO [input.cpp->run:257]	FPS: 16.7718
2020/03/08 16:09:28 643676	INFO [input.cpp->run:173]	
frame_id 25
2020/03/08 16:09:28 681689	INFO [input.cpp->run:235]	rotation: 
[0.9999934122919868, 0.001262606834339212, 0.003403115720974642;
 -0.001255828927040577, 0.9999972252619601, -0.001993078545023689;
 -0.003405622752812318, 0.001988791684039721, 0.9999922231904121]
2020/03/08 16:09:28 681715	INFO [input.cpp->run:256]	frame times (ms): 59.929
2020/03/08 16:09:28 681717	INFO [input.cpp->run:257]	FPS: 16.6864
2020/03/08 16:09:28 710539	INFO [input.cpp->run:173]	
frame_id 26
2020/03/08 16:09:28 748590	INFO [input.cpp->run:235]	rotation: 
[0.9999913071183429, 0.0004583578176871211, 0.004144345045823038;
 -0.0004463756844894987, 0.9999957195061814, -0.002891663545943231;
 -0.004145652722572091, 0.002889788474197644, 0.9999872312615188]
2020/03/08 16:09:28 748617	INFO [input.cpp->run:256]	frame times (ms): 60.615
2020/03/08 16:09:28 748620	INFO [input.cpp->run:257]	FPS: 16.4976
2020/03/08 16:09:28 777062	INFO [input.cpp->run:173]	
frame_id 27
2020/03/08 16:09:28 815734	INFO [input.cpp->run:235]	rotation: 
[0.9999820248834904, 0.0001040869509364675, 0.00599492083526505;
 -8.118454864261409e-05, 0.9999926988821959, -0.003820417695886177;
 -0.005995274721271073, 0.003819862328490819, 0.9999747323471768]
2020/03/08 16:09:28 815754	INFO [input.cpp->run:256]	frame times (ms): 60.66
2020/03/08 16:09:28 815757	INFO [input.cpp->run:257]	FPS: 16.4853
2020/03/08 16:09:28 843513	INFO [input.cpp->run:173]	
frame_id 28
2020/03/08 16:09:28 881200	INFO [input.cpp->run:235]	rotation: 
[0.9999927713113881, 0.0009398189242924779, 0.003684299846573608;
 -0.0009343181905834073, 0.9999984468226084, -0.001494457055103698;
 -0.003685698643224311, 0.001491003943772785, 0.9999920962351407]
2020/03/08 16:09:28 881230	INFO [input.cpp->run:256]	frame times (ms): 59.08
2020/03/08 16:09:28 881231	INFO [input.cpp->run:257]	FPS: 16.9262
2020/03/08 16:09:28 910199	INFO [input.cpp->run:173]	
frame_id 29
2020/03/08 16:09:28 948652	INFO [input.cpp->run:235]	rotation: 
[0.9999959329429743, 0.001245914607189713, 0.002565500789716158;
 -0.001240767519270351, 0.9999972164495664, -0.002006885418282432;
 -0.002567994056372916, 0.00200369406611445, 0.999994695294238]
2020/03/08 16:09:28 948678	INFO [input.cpp->run:256]	frame times (ms): 60.561
2020/03/08 16:09:28 948680	INFO [input.cpp->run:257]	FPS: 16.5123
2020/03/08 16:09:28 977095	INFO [input.cpp->run:173]	
frame_id 30
2020/03/08 16:09:29 014867	INFO [input.cpp->run:235]	rotation: 
[0.9999883545511756, 0.0006957727571735944, 0.004775632136452976;
 -0.0006792135724651365, 0.999993755180437, -0.003468179501014336;
 -0.004778015378305777, 0.003464895438343263, 0.9999825823826363]
2020/03/08 16:09:29 014895	INFO [input.cpp->run:256]	frame times (ms): 60.328
2020/03/08 16:09:29 014897	INFO [input.cpp->run:257]	FPS: 16.5761
2020/03/08 16:09:29 043534	INFO [input.cpp->run:173]	
frame_id 31
2020/03/08 16:09:29 081901	INFO [input.cpp->run:235]	rotation: 
[0.9999962840073887, 0.001117948698637846, 0.002486395407232236;
 -0.001112788558673234, 0.9999972264452749, -0.002075765733706735;
 -0.00248870911067918, 0.002072991187815101, 0.9999947545034912]
2020/03/08 16:09:29 081929	INFO [input.cpp->run:256]	frame times (ms): 60.93
2020/03/08 16:09:29 081933	INFO [input.cpp->run:257]	FPS: 16.4123
2020/03/08 16:09:29 110549	INFO [input.cpp->run:173]	
frame_id 32
2020/03/08 16:09:29 147694	INFO [input.cpp->run:235]	rotation: 
[0.9999958840895531, 0.001309771719578912, 0.002552704839136935;
 -0.001303825330678804, 0.9999964362157032, -0.002329720026124233;
 -0.00255574714325227, 0.002326382155974227, 0.9999940280334698]
2020/03/08 16:09:29 147725	INFO [input.cpp->run:256]	frame times (ms): 60.828
2020/03/08 16:09:29 147727	INFO [input.cpp->run:257]	FPS: 16.4398
2020/03/08 16:09:29 177079	INFO [input.cpp->run:173]	
frame_id 33
2020/03/08 16:09:29 214200	INFO [input.cpp->run:235]	rotation: 
[0.9999941055030809, 0.001343271156938571, 0.003159838871207323;
 -0.001337747985034428, 0.999997575024371, -0.001749392953568152;
 -0.003162181117771749, 0.001745155573693786, 0.9999934775000295]
2020/03/08 16:09:29 214232	INFO [input.cpp->run:256]	frame times (ms): 59.802
2020/03/08 16:09:29 214234	INFO [input.cpp->run:257]	FPS: 16.7218
2020/03/08 16:09:29 243639	INFO [input.cpp->run:173]	
frame_id 34
2020/03/08 16:09:29 282011	INFO [input.cpp->run:235]	rotation: 
[0.9999878516908844, 0.0001272624184845002, 0.004927501895123551;
 -0.0001137198998306154, 0.9999962163003868, -0.002748536464089445;
 -0.004927833036334249, 0.002747942718996936, 0.9999840825095063]
2020/03/08 16:09:29 282043	INFO [input.cpp->run:256]	frame times (ms): 59.439
2020/03/08 16:09:29 282046	INFO [input.cpp->run:257]	FPS: 16.824
2020/03/08 16:09:29 310354	INFO [input.cpp->run:173]	
frame_id 35
2020/03/08 16:09:29 348097	INFO [input.cpp->run:235]	rotation: 
[0.9999954886577838, 0.001535235243712463, 0.002581804955195886;
 -0.001531182206631011, 0.9999975935742801, -0.001571090926385561;
 -0.002584210736435303, 0.001567130624848351, 0.9999954329678082]
2020/03/08 16:09:29 348129	INFO [input.cpp->run:256]	frame times (ms): 60.548
2020/03/08 16:09:29 348130	INFO [input.cpp->run:257]	FPS: 16.5158
2020/03/08 16:09:29 377331	INFO [input.cpp->run:173]	
frame_id 36
2020/03/08 16:09:29 414502	INFO [input.cpp->run:235]	rotation: 
[0.9999904573223526, 0.0009594958089064247, 0.004261998595121825;
 -0.000952550275451539, 0.9999982156327697, -0.001631373424239617;
 -0.004263556286114517, 0.00162729808863315, 0.9999895869401471]
2020/03/08 16:09:29 414536	INFO [input.cpp->run:256]	frame times (ms): 60.412
2020/03/08 16:09:29 414539	INFO [input.cpp->run:257]	FPS: 16.553
2020/03/08 16:09:29 443445	INFO [input.cpp->run:173]	
frame_id 37
2020/03/08 16:09:29 480665	INFO [input.cpp->run:235]	rotation: 
[0.9999899951828829, 0.0002933500541262727, 0.004463572547141975;
 -0.0002793069214372536, 0.9999950108683104, -0.003146462478946167;
 -0.004464473292729237, 0.003145184292457746, 0.9999850880358091]
2020/03/08 16:09:29 480695	INFO [input.cpp->run:256]	frame times (ms): 59.293
2020/03/08 16:09:29 480697	INFO [input.cpp->run:257]	FPS: 16.8654
2020/03/08 16:09:29 510612	INFO [input.cpp->run:173]	
frame_id 38
2020/03/08 16:09:29 547936	INFO [input.cpp->run:235]	rotation: 
[0.9999920084962715, 0.0007964344525469622, 0.003917733497297933;
 -0.0007875762960163907, 0.9999971313898168, -0.002262064480804829;
 -0.003919523844934123, 0.002258960889471515, 0.9999897671619089]
2020/03/08 16:09:29 547968	INFO [input.cpp->run:256]	frame times (ms): 59.434
2020/03/08 16:09:29 547971	INFO [input.cpp->run:257]	FPS: 16.8254
2020/03/08 16:09:29 577232	INFO [input.cpp->run:173]	
frame_id 39
2020/03/08 16:09:29 614457	INFO [input.cpp->run:235]	rotation: 
[0.9999960713783199, 0.001142327867778887, 0.002559749004979134;
 -0.001138746303605533, 0.9999983713378625, -0.001400206584181518;
 -0.002561344331014606, 0.001397286178581997, 0.9999957435442178]
2020/03/08 16:09:29 614490	INFO [input.cpp->run:256]	frame times (ms): 59.3
2020/03/08 16:09:29 614492	INFO [input.cpp->run:257]	FPS: 16.8634
2020/03/08 16:09:29 643497	INFO [input.cpp->run:173]	
frame_id 40
2020/03/08 16:09:29 683152	INFO [input.cpp->run:235]	rotation: 
[0.9999960332284419, 0.001751065514368346, 0.002206195128560049;
 -0.001748492357128051, 0.9999977895974808, -0.001167721983006821;
 -0.002208235009675592, 0.00116385983559985, 0.9999968845593595]
2020/03/08 16:09:29 683176	INFO [input.cpp->run:256]	frame times (ms): 62.176
2020/03/08 16:09:29 683180	INFO [input.cpp->run:257]	FPS: 16.0834
2020/03/08 16:09:29 710174	INFO [input.cpp->run:173]	
frame_id 41
2020/03/08 16:09:29 747582	INFO [input.cpp->run:235]	rotation: 
[0.999981481927544, 0.0003168682169049636, 0.0060774498374075;
 -0.0003016679222910879, 0.9999968248636206, -0.002501851143044789;
 -0.006078223297786085, 0.00249997144191877, 0.9999784024389387]
2020/03/08 16:09:29 747615	INFO [input.cpp->run:256]	frame times (ms): 60.152
2020/03/08 16:09:29 747618	INFO [input.cpp->run:257]	FPS: 16.6246
2020/03/08 16:09:29 777372	INFO [input.cpp->run:173]	
frame_id 42
2020/03/08 16:09:29 815260	INFO [input.cpp->run:235]	rotation: 
[0.9999954865709799, 0.001358339052414655, 0.00267987923006604;
 -0.001354695470161424, 0.9999981563005739, -0.001360953943457497;
 -0.002681722926064177, 0.001357317380634923, 0.9999954830156365]
2020/03/08 16:09:29 815290	INFO [input.cpp->run:256]	frame times (ms): 59.16
2020/03/08 16:09:29 815293	INFO [input.cpp->run:257]	FPS: 16.9033
2020/03/08 16:09:29 843703	INFO [input.cpp->run:173]	
frame_id 43
2020/03/08 16:09:29 881495	INFO [input.cpp->run:235]	rotation: 
[0.999990238359594, 0.0006839984551740906, 0.004365241303254829;
 -0.0006729350417012088, 0.9999965594488704, -0.002535399150297952;
 -0.004366960493520987, 0.002532436876804719, 0.9999872581285789]
2020/03/08 16:09:29 881525	INFO [input.cpp->run:256]	frame times (ms): 59.504
2020/03/08 16:09:29 881529	INFO [input.cpp->run:257]	FPS: 16.8056
2020/03/08 16:09:29 910293	INFO [input.cpp->run:173]	
frame_id 44
2020/03/08 16:09:29 947734	INFO [input.cpp->run:235]	rotation: 
[0.9999951162694319, 0.001153260583810763, 0.002904724997499027;
 -0.001145364748444436, 0.9999956490175423, -0.002718471183809009;
 -0.002907847464756031, 0.00271513093791213, 0.9999920862122418]
2020/03/08 16:09:29 947767	INFO [input.cpp->run:256]	frame times (ms): 59.721
2020/03/08 16:09:29 947770	INFO [input.cpp->run:257]	FPS: 16.7445
2020/03/08 16:09:29 976931	INFO [input.cpp->run:173]	
frame_id 45
2020/03/08 16:09:30 016222	INFO [input.cpp->run:235]	rotation: 
[0.9999959523415568, 0.002025926830226018, 0.00199772895595998;
 -0.002023712899787395, 0.9999973366578998, -0.001109623001857487;
 -0.001999971650335246, 0.00110557568062412, 0.9999973889044972]
2020/03/08 16:09:30 016244	INFO [input.cpp->run:256]	frame times (ms): 60.972
2020/03/08 16:09:30 016246	INFO [input.cpp->run:257]	FPS: 16.401
2020/03/08 16:09:30 043559	INFO [input.cpp->run:173]	
frame_id 46
2020/03/08 16:09:30 080950	INFO [input.cpp->run:235]	rotation: 
[0.9999956017367451, 0.001413952669433002, 0.002607152664059063;
 -0.00140977113513851, 0.9999977182400172, -0.001605010936313872;
 -0.002609416124660315, 0.001601328388482557, 0.9999953133364579]
2020/03/08 16:09:30 080983	INFO [input.cpp->run:256]	frame times (ms): 59.87
2020/03/08 16:09:30 080986	INFO [input.cpp->run:257]	FPS: 16.7029
2020/03/08 16:09:30 110246	INFO [input.cpp->run:173]	
frame_id 47
2020/03/08 16:09:30 146963	INFO [input.cpp->run:235]	rotation: 
[0.9999961610782272, 0.001667629598447944, 0.002212880550471549;
 -0.001663236880989504, 0.9999966458591034, -0.001985425299681583;
 -0.002216184082153651, 0.001981737133244403, 0.9999955806132589]
2020/03/08 16:09:30 146998	INFO [input.cpp->run:256]	frame times (ms): 58.802
2020/03/08 16:09:30 147001	INFO [input.cpp->run:257]	FPS: 17.0062
2020/03/08 16:09:30 177157	INFO [input.cpp->run:173]	
frame_id 48
2020/03/08 16:09:30 214866	INFO [input.cpp->run:235]	rotation: 
[0.9999837265276006, 0.0003689603598899107, 0.005693026280083177;
 -0.0003465486232581952, 0.9999921892109866, -0.003937184408942907;
 -0.005694434478032531, 0.003935147426861562, 0.9999760437284007]
2020/03/08 16:09:30 214896	INFO [input.cpp->run:256]	frame times (ms): 60.983
2020/03/08 16:09:30 214898	INFO [input.cpp->run:257]	FPS: 16.398
2020/03/08 16:09:30 243526	INFO [input.cpp->run:173]	
frame_id 49
2020/03/08 16:09:30 280924	INFO [input.cpp->run:235]	rotation: 
[0.9999802005341882, 0.0001390025153358496, 0.006291201626508412;
 -0.0001151999276324495, 0.9999928352343344, -0.003783676647666194;
 -0.006291682492094246, 0.003782876986917671, 0.9999730519234609]
2020/03/08 16:09:30 280956	INFO [input.cpp->run:256]	frame times (ms): 58.549
2020/03/08 16:09:30 280959	INFO [input.cpp->run:257]	FPS: 17.0797
2020/03/08 16:09:30 310489	INFO [input.cpp->run:173]	
frame_id 50
2020/03/08 16:09:30 348614	INFO [input.cpp->run:235]	rotation: 
[0.999988204428882, 0.001106658530941203, 0.004729303330971729;
 -0.001088387071553399, 0.9999919413222548, -0.003864285720637135;
 -0.004733541663798962, 0.003859092826577214, 0.9999813503190311]
2020/03/08 16:09:30 348646	INFO [input.cpp->run:256]	frame times (ms): 60.361
2020/03/08 16:09:30 348648	INFO [input.cpp->run:257]	FPS: 16.567
2020/03/08 16:09:30 377075	INFO [input.cpp->run:173]	
frame_id 51
2020/03/08 16:09:30 414185	INFO [input.cpp->run:235]	rotation: 
[0.9999929622734004, 0.001484048154089189, 0.003445722673963655;
 -0.001478610289511481, 0.9999976583991309, -0.001580160709208431;
 -0.003448059640040112, 0.00157505470746885, 0.9999928150178816]
2020/03/08 16:09:30 414219	INFO [input.cpp->run:256]	frame times (ms): 59.389
2020/03/08 16:09:30 414222	INFO [input.cpp->run:257]	FPS: 16.8381
2020/03/08 16:09:30 443462	INFO [input.cpp->run:173]	
frame_id 52
2020/03/08 16:09:30 481477	INFO [input.cpp->run:235]	rotation: 
[0.9999837064377998, 0.0005150667455042558, 0.005685205815801226;
 -0.0004984317808258381, 0.9999955919963923, -0.002927038357224977;
 -0.005686688375514101, 0.00292415697808431, 0.9999795552316494]
2020/03/08 16:09:30 481507	INFO [input.cpp->run:256]	frame times (ms): 60.164
2020/03/08 16:09:30 481509	INFO [input.cpp->run:257]	FPS: 16.6212
2020/03/08 16:09:30 510319	INFO [input.cpp->run:173]	
frame_id 53
2020/03/08 16:09:30 548587	INFO [input.cpp->run:235]	rotation: 
[0.9999917860184899, 0.0009866270206136682, 0.003931216436782646;
 -0.0009761659386785543, 0.9999959802601395, -0.00266206003368448;
 -0.003933827094674963, 0.002658200647989424, 0.9999887294233392]
2020/03/08 16:09:30 548616	INFO [input.cpp->run:256]	frame times (ms): 60.768
2020/03/08 16:09:30 548618	INFO [input.cpp->run:257]	FPS: 16.456
2020/03/08 16:09:30 577065	INFO [input.cpp->run:173]	
frame_id 54
2020/03/08 16:09:30 615323	INFO [input.cpp->run:235]	rotation: 
[0.9999858280127861, 0.000281375126996841, 0.005316446333814183;
 -0.0002640886264172844, 0.999994677569083, -0.003251936454348598;
 -0.005317333051428675, 0.003250486354937029, 0.9999805799652695]
2020/03/08 16:09:30 615351	INFO [input.cpp->run:256]	frame times (ms): 75.009
2020/03/08 16:09:30 615353	INFO [input.cpp->run:257]	FPS: 13.3317
2020/03/08 16:09:30 643528	INFO [input.cpp->run:173]	
frame_id 55
2020/03/08 16:09:30 681282	INFO [input.cpp->run:235]	rotation: 
[0.9999952328150647, 0.00167726759301654, 0.00259251240419539;
 -0.001673657730352133, 0.9999976278676911, -0.001393961546270475;
 -0.002594844300940426, 0.001389615922571676, 0.9999956678659371]
2020/03/08 16:09:30 681312	INFO [input.cpp->run:256]	frame times (ms): 60.61
2020/03/08 16:09:30 681314	INFO [input.cpp->run:257]	FPS: 16.4989
2020/03/08 16:09:30 710246	INFO [input.cpp->run:173]	
frame_id 56
2020/03/08 16:09:30 747550	INFO [input.cpp->run:235]	rotation: 
[0.9999912348872345, 0.0007620170398242722, 0.004116974463697944;
 -0.0007491392829544862, 0.9999948253024292, -0.003128603314382419;
 -0.004119337208636598, 0.003125491704523893, 0.9999866310919194]
2020/03/08 16:09:30 747583	INFO [input.cpp->run:256]	frame times (ms): 59.905
2020/03/08 16:09:30 747585	INFO [input.cpp->run:257]	FPS: 16.6931
2020/03/08 16:09:30 776909	INFO [input.cpp->run:173]	
frame_id 57
2020/03/08 16:09:30 814374	INFO [input.cpp->run:235]	rotation: 
[0.9999863504147046, 0.0005556349946179121, 0.005195214531881399;
 -0.0005391418350451319, 0.9999948126072916, -0.003175544770496677;
 -0.005196952026064881, 0.003172700468131301, 0.9999814626588727]
2020/03/08 16:09:30 814404	INFO [input.cpp->run:256]	frame times (ms): 59.745
2020/03/08 16:09:30 814406	INFO [input.cpp->run:257]	FPS: 16.7378
2020/03/08 16:09:30 843665	INFO [input.cpp->run:173]	
frame_id 58
2020/03/08 16:09:30 881560	INFO [input.cpp->run:235]	rotation: 
[0.9999845956709577, 6.82471355080069e-05, 0.005550113793414113;
 -4.905033470940758e-05, 0.9999940168721176, -0.003458874677044502;
 -0.005550316644662314, 0.003458549160461618, 0.9999786159827863]
2020/03/08 16:09:30 881589	INFO [input.cpp->run:256]	frame times (ms): 59.475
2020/03/08 16:09:30 881591	INFO [input.cpp->run:257]	FPS: 16.8138
2020/03/08 16:09:30 910284	INFO [input.cpp->run:173]	
frame_id 59
2020/03/08 16:09:30 948236	INFO [input.cpp->run:235]	rotation: 
[0.9999899777980006, 0.0006596756695212798, 0.004428219909318571;
 -0.0006424008274636124, 0.9999921832865177, -0.00390136989278009;
 -0.004430758933988373, 0.003898486100329014, 0.999982584939055]
2020/03/08 16:09:30 948269	INFO [input.cpp->run:256]	frame times (ms): 77.352
2020/03/08 16:09:30 948272	INFO [input.cpp->run:257]	FPS: 12.9279
2020/03/08 16:09:30 976978	INFO [input.cpp->run:173]	
frame_id 60
2020/03/08 16:09:31 014478	INFO [input.cpp->run:235]	rotation: 
[0.9999912112686847, 0.000721823491968547, 0.0041299341683796;
 -0.0007187313666547474, 0.9999994603531505, -0.0007501457395170077;
 -0.00413047341249082, 0.0007471708334586222, 0.9999911904237628]
2020/03/08 16:09:31 014508	INFO [input.cpp->run:256]	frame times (ms): 59.819
2020/03/08 16:09:31 014510	INFO [input.cpp->run:257]	FPS: 16.7171
2020/03/08 16:09:31 043705	INFO [input.cpp->run:173]	
frame_id 61
2020/03/08 16:09:31 081873	INFO [input.cpp->run:235]	rotation: 
[0.9999907397214367, 0.0005808745662427499, 0.004264159484834992;
 -0.0005692476371715625, 0.9999961186941108, -0.0027273712327986;
 -0.004265727194909506, 0.002724918613869974, 0.9999871891129638]
2020/03/08 16:09:31 081902	INFO [input.cpp->run:256]	frame times (ms): 60.563
2020/03/08 16:09:31 081904	INFO [input.cpp->run:257]	FPS: 16.5117
2020/03/08 16:09:31 110684	INFO [input.cpp->run:173]	
frame_id 62
2020/03/08 16:09:31 149069	INFO [input.cpp->run:235]	rotation: 
[0.9999910210461432, 0.0005022632598744919, 0.004207797370332263;
 -0.0004912668246762901, 0.9999964628941627, -0.002613973234451429;
 -0.004209095389625582, 0.00261188261245337, 0.9999877307173423]
2020/03/08 16:09:31 149105	INFO [input.cpp->run:256]	frame times (ms): 61.188
2020/03/08 16:09:31 149107	INFO [input.cpp->run:257]	FPS: 16.3431
2020/03/08 16:09:31 177060	INFO [input.cpp->run:173]	
frame_id 63
2020/03/08 16:09:31 214787	INFO [input.cpp->run:235]	rotation: 
[0.9999959783992015, 0.001513867519918025, 0.00239820569504626;
 -0.001510971346684617, 0.9999981276483159, -0.001208993569888759;
 -0.002400031460859032, 0.001205365087710583, 0.9999963934654925]
2020/03/08 16:09:31 214816	INFO [input.cpp->run:256]	frame times (ms): 62.142
2020/03/08 16:09:31 214818	INFO [input.cpp->run:257]	FPS: 16.0922
2020/03/08 16:09:31 243427	INFO [input.cpp->run:173]	
frame_id 64
2020/03/08 16:09:31 280978	INFO [input.cpp->run:235]	rotation: 
[0.9999967326237723, 0.001916418410553655, 0.00169176897218733;
 -0.001913519715083368, 0.9999967013973793, -0.001713369971892128;
 -0.001695046925471988, 0.001710127140386166, 0.9999971011363403]
2020/03/08 16:09:31 281011	INFO [input.cpp->run:256]	frame times (ms): 59.675
2020/03/08 16:09:31 281015	INFO [input.cpp->run:257]	FPS: 16.7574
2020/03/08 16:09:31 310295	INFO [input.cpp->run:173]	
frame_id 65
2020/03/08 16:09:31 349570	INFO [input.cpp->run:235]	rotation: 
[0.9999941891524727, 0.0009025118116648854, 0.003287420526547052;
 -0.0008974660215964917, 0.9999984175818487, -0.001536030122935747;
 -0.003288801609802162, 0.001533070849077631, 0.9999934167172018]
2020/03/08 16:09:31 349595	INFO [input.cpp->run:256]	frame times (ms): 61.881
2020/03/08 16:09:31 349597	INFO [input.cpp->run:257]	FPS: 16.16
2020/03/08 16:09:31 376859	INFO [input.cpp->run:173]	
frame_id 66
2020/03/08 16:09:31 414176	INFO [input.cpp->run:235]	rotation: 
[0.9999863064339407, 0.000400543354658258, 0.00521790279957996;
 -0.0003833744525064696, 0.9999945112603146, -0.003290968440108768;
 -0.005219192335408866, 0.003288922964386014, 0.999980971327505]
2020/03/08 16:09:31 414213	INFO [input.cpp->run:256]	frame times (ms): 59.888
2020/03/08 16:09:31 414216	INFO [input.cpp->run:257]	FPS: 16.6978
2020/03/08 16:09:31 443524	INFO [input.cpp->run:173]	
frame_id 67
2020/03/08 16:09:31 481137	INFO [input.cpp->run:235]	rotation: 
[0.9999975321338613, 0.002000819471223513, 0.0009656332795713137;
 -0.00200150017000536, 0.999997748854233, 0.0007044739426720505;
 -0.000964221580608576, -0.0007064049192978865, 0.9999992856341616]
2020/03/08 16:09:31 481169	INFO [input.cpp->run:256]	frame times (ms): 60.056
2020/03/08 16:09:31 481172	INFO [input.cpp->run:257]	FPS: 16.6511
2020/03/08 16:09:31 510093	INFO [input.cpp->run:173]	
frame_id 68
2020/03/08 16:09:31 547453	INFO [input.cpp->run:235]	rotation: 
[0.9999831429393959, 0.0001794798666220004, 0.005803587168731058;
 -0.0001561999048081014, 0.9999919416616631, -0.004011510105526885;
 -0.005804260386760777, 0.004010535963494622, 0.999975112771637]
2020/03/08 16:09:31 547485	INFO [input.cpp->run:256]	frame times (ms): 59.675
2020/03/08 16:09:31 547487	INFO [input.cpp->run:257]	FPS: 16.7574
2020/03/08 16:09:31 576822	INFO [input.cpp->run:173]	
frame_id 69
2020/03/08 16:09:31 613849	INFO [input.cpp->run:235]	rotation: 
[0.999986434389908, 0.0004036582701224286, 0.005193081566769977;
 -0.0003908681055346749, 0.999996888689791, -0.002463703079081782;
 -0.00519405990360528, 0.002461639847492538, 0.9999834808990492]
2020/03/08 16:09:31 613882	INFO [input.cpp->run:256]	frame times (ms): 59.271
2020/03/08 16:09:31 613884	INFO [input.cpp->run:257]	FPS: 16.8717
2020/03/08 16:09:31 643390	INFO [input.cpp->run:173]	
frame_id 70
2020/03/08 16:09:31 681007	INFO [input.cpp->run:235]	rotation: 
[0.9999974694608578, 0.001314804943248647, 0.001825475237320035;
 -0.001311314254998658, 0.9999973121801048, -0.001912089822855181;
 -0.001827984355922399, 0.001909691212536196, 0.9999965057702288]
2020/03/08 16:09:31 681041	INFO [input.cpp->run:256]	frame times (ms): 59.739
2020/03/08 16:09:31 681044	INFO [input.cpp->run:257]	FPS: 16.7395
2020/03/08 16:09:31 710827	INFO [input.cpp->run:173]	
frame_id 71
2020/03/08 16:09:31 749528	INFO [input.cpp->run:235]	rotation: 
[0.9999946593634401, 0.001688010530662098, 0.002798546952564338;
 -0.001683101501339527, 0.9999970425792484, -0.001755563183997357;
 -0.002801502085225337, 0.001750843569595003, 0.9999945430515415]
2020/03/08 16:09:31 749556	INFO [input.cpp->run:256]	frame times (ms): 60.265
2020/03/08 16:09:31 749558	INFO [input.cpp->run:257]	FPS: 16.5934
2020/03/08 16:09:31 777520	INFO [input.cpp->run:173]	
frame_id 72
2020/03/08 16:09:31 816388	INFO [input.cpp->run:235]	rotation: 
[0.9999961229522831, 0.001717241812106767, 0.0021920677364037;
 -0.001714545120338186, 0.9999977718792997, -0.001231491561581735;
 -0.002194177621013005, 0.001227728387989286, 0.9999968391287908]
2020/03/08 16:09:31 816413	INFO [input.cpp->run:256]	frame times (ms): 60.91
2020/03/08 16:09:31 816415	INFO [input.cpp->run:257]	FPS: 16.4177
2020/03/08 16:09:31 843634	INFO [input.cpp->run:173]	
frame_id 73
2020/03/08 16:09:31 882031	INFO [input.cpp->run:235]	rotation: 
[0.9999848567805741, 0.0004151771162979653, 0.005487607629625127;
 -0.0003894878005721261, 0.9999889655285557, -0.004681572426268345;
 -0.005489490758515119, 0.004679364175963771, 0.999973984182649]
2020/03/08 16:09:31 882065	INFO [input.cpp->run:256]	frame times (ms): 60.558
2020/03/08 16:09:31 882068	INFO [input.cpp->run:257]	FPS: 16.5131
2020/03/08 16:09:31 910388	INFO [input.cpp->run:173]	
frame_id 74
2020/03/08 16:09:31 948152	INFO [input.cpp->run:235]	rotation: 
[0.999996456720196, 0.001612181332565229, 0.002118352757228675;
 -0.001609831596623152, 0.9999980876528289, -0.001110465179807201;
 -0.002120138977436121, 0.001107051053916976, 0.9999971397202496]
2020/03/08 16:09:31 948182	INFO [input.cpp->run:256]	frame times (ms): 60.382
2020/03/08 16:09:31 948184	INFO [input.cpp->run:257]	FPS: 16.5612
2020/03/08 16:09:31 976998	INFO [input.cpp->run:173]	
frame_id 75
2020/03/08 16:09:32 015061	INFO [input.cpp->run:235]	rotation: 
[0.9999975375783191, 0.001995128076772133, 0.0009717516429700754;
 -0.001995013849035028, 0.9999980029363452, -0.0001185034319477056;
 -0.0009719861318444606, 0.0001165644821567377, 0.9999995208277257]
2020/03/08 16:09:32 015090	INFO [input.cpp->run:256]	frame times (ms): 60.652
2020/03/08 16:09:32 015092	INFO [input.cpp->run:257]	FPS: 16.4875
2020/03/08 16:09:32 043465	INFO [input.cpp->run:173]	
frame_id 76
2020/03/08 16:09:32 082932	INFO [input.cpp->run:235]	rotation: 
[0.9999963254988957, 0.001510404664258611, 0.002251147808730179;
 -0.001505538462772688, 0.9999965300186076, -0.00216178275531897;
 -0.002254405164045918, 0.002158385622234418, 0.9999951295025702]
2020/03/08 16:09:32 082958	INFO [input.cpp->run:256]	frame times (ms): 61.985
2020/03/08 16:09:32 082960	INFO [input.cpp->run:257]	FPS: 16.1329
2020/03/08 16:09:32 110300	INFO [input.cpp->run:173]	
frame_id 77
2020/03/08 16:09:32 147420	INFO [input.cpp->run:235]	rotation: 
[0.9999958043587397, 0.001423163670112335, 0.00252306759427149;
 -0.001418052180811368, 0.999996941136561, -0.00202653535224216;
 -0.002525943968041781, 0.002022949008122429, 0.9999947636284806]
2020/03/08 16:09:32 147458	INFO [input.cpp->run:256]	frame times (ms): 59.536
2020/03/08 16:09:32 147462	INFO [input.cpp->run:257]	FPS: 16.7966
2020/03/08 16:09:32 176924	INFO [input.cpp->run:173]	
frame_id 78
2020/03/08 16:09:32 214904	INFO [input.cpp->run:235]	rotation: 
[0.9999962511941287, 0.001216624934381187, 0.002453043305396571;
 -0.001211394397241469, 0.9999969922146782, -0.002132624020138086;
 -0.002455630530727483, 0.00212964442242829, 0.9999947172327115]
2020/03/08 16:09:32 214937	INFO [input.cpp->run:256]	frame times (ms): 59.806
2020/03/08 16:09:32 214939	INFO [input.cpp->run:257]	FPS: 16.7207
2020/03/08 16:09:32 243531	INFO [input.cpp->run:173]	
frame_id 79
2020/03/08 16:09:32 280836	INFO [input.cpp->run:235]	rotation: 
[0.9999950574607782, 0.001560002317933944, 0.002729733830064406;
 -0.001556301712030045, 0.9999978678762359, -0.001357264883239428;
 -0.002731845346297941, 0.001353009885471393, 0.9999953531818304]
2020/03/08 16:09:32 280872	INFO [input.cpp->run:256]	frame times (ms): 59.805
2020/03/08 16:09:32 280874	INFO [input.cpp->run:257]	FPS: 16.721
2020/03/08 16:09:32 310066	INFO [input.cpp->run:173]	
frame_id 80
2020/03/08 16:09:32 347533	INFO [input.cpp->run:235]	rotation: 
[0.9999875044943284, 0.0004860601292996729, 0.004975399557460784;
 -0.0004731407703346244, 0.9999965145719125, -0.002597495300899293;
 -0.004976644754965232, 0.002595108779502689, 0.999984249084657]
2020/03/08 16:09:32 347567	INFO [input.cpp->run:256]	frame times (ms): 59.76
2020/03/08 16:09:32 347570	INFO [input.cpp->run:257]	FPS: 16.7336
2020/03/08 16:09:32 376868	INFO [input.cpp->run:173]	
frame_id 81
2020/03/08 16:09:32 414814	INFO [input.cpp->run:235]	rotation: 
[0.9999863364712069, 0.0004108894433635426, 0.005211337713038334;
 -0.0003995767785248913, 0.9999975621671854, -0.002171634887408467;
 -0.005212217310518325, 0.002169522885677473, 0.9999840628535819]
2020/03/08 16:09:32 414844	INFO [input.cpp->run:256]	frame times (ms): 60.975
2020/03/08 16:09:32 414846	INFO [input.cpp->run:257]	FPS: 16.4002
2020/03/08 16:09:32 443383	INFO [input.cpp->run:173]	
frame_id 82
2020/03/08 16:09:32 480570	INFO [input.cpp->run:235]	rotation: 
[0.9999948335326342, 0.001414117991049083, 0.002886724501348782;
 -0.001408101165059094, 0.9999968344274285, -0.002085278454098459;
 -0.002889664192991167, 0.002081202880441823, 0.9999936591976082]
2020/03/08 16:09:32 480605	INFO [input.cpp->run:256]	frame times (ms): 59.231
2020/03/08 16:09:32 480608	INFO [input.cpp->run:257]	FPS: 16.8831
2020/03/08 16:09:32 510327	INFO [input.cpp->run:173]	
frame_id 83
2020/03/08 16:09:32 548431	INFO [input.cpp->run:235]	rotation: 
[0.9999904105470919, 0.0005693621312244191, 0.004342193065950677;
 -0.0005560483712273948, 0.9999951429817688, -0.003066728400186363;
 -0.004343918054857609, 0.003064284522556911, 0.9999858701683226]
2020/03/08 16:09:32 548470	INFO [input.cpp->run:256]	frame times (ms): 60.314
