		g3log created log at: Sun Mar 08 15:48:12 2020
		LOG format: [YYYY/MM/DD hh:mm:ss uuu* LEVEL FILE->FUNCTION:LINE] message		(uuu*: microseconds fractions of the seconds value)

2020/03/08 15:48:12 440203	INFO [g3logger.h->logBanner:29]	Starting log.
2020/03/08 15:48:12 447091	DEBUG [main.cpp->main:49]	Filepath: /home/mitchell/KITTI/data_odometry_gray/dataset/sequences/00/
2020/03/08 15:48:12 447096	DEBUG [main.cpp->main:53]	Calibration Filepath: /home/mitchell/visual_odom_ws/src/visual_odom/calibration/old/zed.yaml
2020/03/08 15:48:12 447178	INFO [main.cpp->main:67]	P_left: 
[718.85602, 0, 607.19281, 0;
 0, 718.85602, 185.2157, 0;
 0, 0, 1, 0]
2020/03/08 15:48:12 447187	INFO [main.cpp->main:68]	P_right: 
[718.85602, 0, 607.19281, -386.14481;
 0, 718.85602, 185.2157, 0;
 0, 0, 1, 0]
2020/03/08 15:48:12 506245	INFO [input.cpp->Input:22]	frame_pose [1, 0, 0, 0;
 0, 1, 0, 0;
 0, 0, 1, 0;
 0, 0, 0, 1]
2020/03/08 15:48:12 760862	INFO [input.cpp->run:173]	
frame_id 1
2020/03/08 15:48:12 866158	INFO [input.cpp->run:235]	rotation: 
[0.9999958272570914, 0.0009998299978550343, -0.002710315181117804;
 -0.000994137136741868, 0.9999972987907941, 0.002100976551188786;
 0.002712408479370155, -0.002098273359379956, 0.9999941200272882]
2020/03/08 15:48:12 866202	INFO [input.cpp->run:256]	frame times (ms): 129.434
2020/03/08 15:48:12 866204	INFO [input.cpp->run:257]	FPS: 7.72594
2020/03/08 15:48:12 879531	INFO [input.cpp->run:173]	
frame_id 2
2020/03/08 15:48:12 918814	INFO [input.cpp->run:235]	rotation: 
[0.9999926927646365, 0.002731907614124255, 0.002674153720169894;
 -0.00275941098873817, 0.9999427767238193, 0.0103358080890362;
 -0.00264576422351645, -0.01034311165201483, 0.9999430083624904]
2020/03/08 15:48:12 918850	INFO [input.cpp->run:256]	frame times (ms): 59.01
2020/03/08 15:48:12 918853	INFO [input.cpp->run:257]	FPS: 16.9463
2020/03/08 15:48:12 922519	INFO [input.cpp->run:173]	
frame_id 3
2020/03/08 15:48:12 952113	INFO [input.cpp->run:235]	rotation: 
[0.99999407950469, 0.002751851602160313, 0.002065978781928249;
 -0.002765909589241928, 0.9999728310687029, 0.006832778979853694;
 -0.002047119857709743, -0.006838452836941896, 0.999974522106981]
2020/03/08 15:48:12 952143	INFO [input.cpp->run:256]	frame times (ms): 49.385
2020/03/08 15:48:12 952144	INFO [input.cpp->run:257]	FPS: 20.2491
2020/03/08 15:48:13 000616	INFO [input.cpp->run:173]	
frame_id 4
2020/03/08 15:48:13 045348	INFO [input.cpp->run:235]	rotation: 
[0.999983335064317, 0.002790245185966695, -0.005054119651138379;
 -0.002770690653661004, 0.9999886657412221, 0.003871906816023231;
 0.00506486593579228, -0.003857838888865278, 0.9999797319006821]
2020/03/08 15:48:13 045379	INFO [input.cpp->run:256]	frame times (ms): 63.62
2020/03/08 15:48:13 045382	INFO [input.cpp->run:257]	FPS: 15.7183
2020/03/08 15:48:13 067498	INFO [input.cpp->run:173]	
frame_id 5
2020/03/08 15:48:13 113354	INFO [input.cpp->run:235]	rotation: 
[0.9999873621435611, 0.003344973362163232, -0.003753226128116866;
 -0.003329948587117947, 0.9999864464424529, 0.00400229606630649;
 0.003766562832279837, -0.003989747435820921, 0.9999849473466232]
2020/03/08 15:48:13 113387	INFO [input.cpp->run:256]	frame times (ms): 64.921
2020/03/08 15:48:13 113390	INFO [input.cpp->run:257]	FPS: 15.4033
2020/03/08 15:48:13 133458	INFO [input.cpp->run:173]	
frame_id 6
2020/03/08 15:48:13 167352	INFO [input.cpp->run:235]	rotation: 
[0.9999985804019039, 0.0003420703532098463, 0.001649903648837251;
 -0.0003507284260230593, 0.9999861561423564, 0.005250191730399352;
 -0.001648084872866373, -0.005250762945347013, 0.9999848565377095]
2020/03/08 15:48:13 167381	INFO [input.cpp->run:256]	frame times (ms): 52.209
2020/03/08 15:48:13 167384	INFO [input.cpp->run:257]	FPS: 19.1538
2020/03/08 15:48:13 199744	INFO [input.cpp->run:173]	
frame_id 7
2020/03/08 15:48:13 232329	INFO [input.cpp->run:235]	rotation: 
[0.9999939626936603, -0.002368466977706449, 0.002542624708055989;
 0.002341611045237166, 0.9999419866715362, 0.01051380754503773;
 -0.002567378807914023, -0.01050779023186051, 0.9999414957438759]
2020/03/08 15:48:13 232359	INFO [input.cpp->run:256]	frame times (ms): 51.739
2020/03/08 15:48:13 232362	INFO [input.cpp->run:257]	FPS: 19.3278
2020/03/08 15:48:13 266399	INFO [input.cpp->run:173]	
frame_id 8
2020/03/08 15:48:13 306166	INFO [input.cpp->run:235]	rotation: 
[0.999996799839291, -0.0005244516058883631, -0.002474926602949542;
 0.0005420655824749778, 0.9999744936417756, 0.007121673313124313;
 0.002471128503579348, -0.007122992095155805, 0.9999715778498562]
2020/03/08 15:48:13 306196	INFO [input.cpp->run:256]	frame times (ms): 58.192
2020/03/08 15:48:13 306198	INFO [input.cpp->run:257]	FPS: 17.1845
2020/03/08 15:48:13 333142	INFO [input.cpp->run:173]	
frame_id 9
2020/03/08 15:48:13 369225	INFO [input.cpp->run:235]	rotation: 
[0.9999769334462391, 0.000468382378685029, 0.006775927493956058;
 -0.0005460518111856658, 0.9999341227819533, 0.01146524852347712;
 -0.006770110994327429, -0.01146868406718621, 0.9999113135087989]
2020/03/08 15:48:13 369254	INFO [input.cpp->run:256]	frame times (ms): 55.436
2020/03/08 15:48:13 369256	INFO [input.cpp->run:257]	FPS: 18.0388
2020/03/08 15:48:13 399675	INFO [input.cpp->run:173]	
frame_id 10
2020/03/08 15:48:13 439996	INFO [input.cpp->run:235]	rotation: 
[0.9999970894168443, -0.0001406175582536762, 0.002408606348548835;
 0.0001199244456335444, 0.9999631039808525, 0.008589312842485009;
 -0.002409725288761867, -0.008588998991794631, 0.9999602103685684]
2020/03/08 15:48:13 440026	INFO [input.cpp->run:256]	frame times (ms): 59.701
2020/03/08 15:48:13 440036	INFO [input.cpp->run:257]	FPS: 16.7501
2020/03/08 15:48:13 466607	INFO [input.cpp->run:173]	
frame_id 11
2020/03/08 15:48:13 495938	INFO [input.cpp->run:235]	rotation: 
[0.9999888628105289, -0.002994504888347442, 0.003647902874112198;
 0.002951768345480556, 0.9999276052978122, 0.01166495722312492;
 -0.003682569556697028, -0.01165405954405496, 0.9999253079993544]
2020/03/08 15:48:13 495970	INFO [input.cpp->run:256]	frame times (ms): 48.454
2020/03/08 15:48:13 495973	INFO [input.cpp->run:257]	FPS: 20.6381
2020/03/08 15:48:13 533075	INFO [input.cpp->run:173]	
frame_id 12
2020/03/08 15:48:13 578136	INFO [input.cpp->run:235]	rotation: 
[0.9999954582453263, -0.002905987987040004, 0.000799201188123183;
 0.002899511372924587, 0.9999638835956851, 0.007989013583258651;
 -0.0008223883013511929, -0.007986660006184651, 0.9999677679502612]
2020/03/08 15:48:13 578168	INFO [input.cpp->run:256]	frame times (ms): 63.609
2020/03/08 15:48:13 578171	INFO [input.cpp->run:257]	FPS: 15.721
2020/03/08 15:48:13 599927	INFO [input.cpp->run:173]	
frame_id 13
2020/03/08 15:48:13 643872	INFO [input.cpp->run:235]	rotation: 
[0.999996691030843, -0.002368525203362732, 0.001003999863391878;
 0.002357972406426769, 0.9999432967683483, 0.01038475874431421;
 -0.001028539496171795, -0.01038235697749389, 0.999945572903894]
2020/03/08 15:48:13 643902	INFO [input.cpp->run:256]	frame times (ms): 62.839
2020/03/08 15:48:13 643905	INFO [input.cpp->run:257]	FPS: 15.9137
2020/03/08 15:48:13 666517	INFO [input.cpp->run:173]	
frame_id 14
2020/03/08 15:48:13 710595	INFO [input.cpp->run:235]	rotation: 
[0.9999960900896753, 0.002796381470385171, 7.485597400920227e-06;
 -0.002796371093511258, 0.9999749897963311, 0.006496159675892607;
 1.068033036172479e-05, -0.006496155208999009, 0.9999788997041044]
2020/03/08 15:48:13 710626	INFO [input.cpp->run:256]	frame times (ms): 62.914
2020/03/08 15:48:13 710627	INFO [input.cpp->run:257]	FPS: 15.8947
2020/03/08 15:48:13 733739	INFO [input.cpp->run:173]	
frame_id 15
2020/03/08 15:48:13 766060	INFO [input.cpp->run:235]	rotation: 
[0.9999892518331327, -0.00375079516336494, 0.002725390587420792;
 0.003721124686700143, 0.9999346312959314, 0.01081139982313265;
 -0.002765763778335822, -0.01080114210220753, 0.9999378410081351]
2020/03/08 15:48:13 766089	INFO [input.cpp->run:256]	frame times (ms): 50.815
2020/03/08 15:48:13 766092	INFO [input.cpp->run:257]	FPS: 19.6792
2020/03/08 15:48:13 799825	INFO [input.cpp->run:173]	
frame_id 16
2020/03/08 15:48:13 835502	INFO [input.cpp->run:235]	rotation: 
[0.9999997788164475, -0.0001613145777871483, 0.0006452477531372992;
 0.0001565435927948587, 0.9999727015342635, 0.007387264742119449;
 -0.0006464218123564957, -0.007387162098776471, 0.9999725056095127]
2020/03/08 15:48:13 835533	INFO [input.cpp->run:256]	frame times (ms): 54.517
2020/03/08 15:48:13 835543	INFO [input.cpp->run:257]	FPS: 18.3429
2020/03/08 15:48:13 866761	INFO [input.cpp->run:173]	
frame_id 17
2020/03/08 15:48:13 909637	INFO [input.cpp->run:235]	rotation: 
[0.9999939638207326, -0.003176434168156092, -0.001408044059930643;
 0.003185282072556878, 0.9999749126886773, 0.006326766266454764;
 0.001387912179348251, -0.006331213094460863, 0.999978994499652]
2020/03/08 15:48:13 909666	INFO [input.cpp->run:256]	frame times (ms): 62.39
2020/03/08 15:48:13 909669	INFO [input.cpp->run:257]	FPS: 16.0282
2020/03/08 15:48:13 933398	INFO [input.cpp->run:173]	
frame_id 18
2020/03/08 15:48:13 962053	INFO [input.cpp->run:235]	rotation: 
[0.9999982594032961, 0.0001714054621658829, 0.001857904880694127;
 -0.0001827734221254596, 0.9999812543497483, 0.006120256774048241;
 -0.001856821007618103, -0.006120585696782501, 0.9999795451140359]
2020/03/08 15:48:13 962083	INFO [input.cpp->run:256]	frame times (ms): 47.309
2020/03/08 15:48:13 962086	INFO [input.cpp->run:257]	FPS: 21.1376
2020/03/08 15:48:14 000027	INFO [input.cpp->run:173]	
frame_id 19
2020/03/08 15:48:14 048079	INFO [input.cpp->run:235]	rotation: 
[0.9999975480628672, -0.0009192930264828721, 0.002014638574284152;
 0.0009045813644411312, 0.9999730099368711, 0.007291167968814659;
 -0.002021286918930497, -0.007289327686818794, 0.9999713896412564]
2020/03/08 15:48:14 048109	INFO [input.cpp->run:256]	frame times (ms): 69.134
2020/03/08 15:48:14 048112	INFO [input.cpp->run:257]	FPS: 14.4647
2020/03/08 15:48:14 066585	INFO [input.cpp->run:173]	
frame_id 20
2020/03/08 15:48:14 102756	INFO [input.cpp->run:235]	rotation: 
[0.9999992636378928, -0.0008912717498909891, 0.0008236251210166115;
 0.0008838995627167756, 0.9999599293877167, 0.008908329836482898;
 -0.0008315318605756887, -0.008907595274842058, 0.9999599808498261]
2020/03/08 15:48:14 102786	INFO [input.cpp->run:256]	frame times (ms): 54.939
2020/03/08 15:48:14 102789	INFO [input.cpp->run:257]	FPS: 18.202
2020/03/08 15:48:14 133341	INFO [input.cpp->run:173]	
frame_id 21
2020/03/08 15:48:14 164942	INFO [input.cpp->run:235]	rotation: 
[0.9999771462050476, -0.00346688298100658, 0.005804118365854018;
 0.003407828781805325, 0.9999426429747282, 0.01015369212203179;
 -0.005838987121302481, -0.01013368063001386, 0.9999316050342074]
2020/03/08 15:48:14 164969	INFO [input.cpp->run:256]	frame times (ms): 50.066
2020/03/08 15:48:14 164971	INFO [input.cpp->run:257]	FPS: 19.9736
2020/03/08 15:48:14 199917	INFO [input.cpp->run:173]	
frame_id 22
2020/03/08 15:48:14 233386	INFO [input.cpp->run:235]	rotation: 
[0.9999993271292148, -0.001029692997769268, 0.0005342971533632967;
 0.001026023950524144, 0.9999762002433973, 0.006822479141049127;
 -0.0005413094962200583, -0.006821926348726183, 0.9999765838783036]
2020/03/08 15:48:14 233417	INFO [input.cpp->run:256]	frame times (ms): 52.011
2020/03/08 15:48:14 233421	INFO [input.cpp->run:257]	FPS: 19.2267
2020/03/08 15:48:14 266641	INFO [input.cpp->run:173]	
frame_id 23
2020/03/08 15:48:14 307806	INFO [input.cpp->run:235]	rotation: 
[0.9999995785490697, 0.0009145869906208466, 8.020174299094233e-05;
 -0.0009149160482294508, 0.9999907463342284, 0.004203590672000812;
 -7.635645148831131e-05, -0.004203662278255371, 0.9999911616575132]
2020/03/08 15:48:14 307836	INFO [input.cpp->run:256]	frame times (ms): 60.046
2020/03/08 15:48:14 307837	INFO [input.cpp->run:257]	FPS: 16.6539
2020/03/08 15:48:14 333158	INFO [input.cpp->run:173]	
frame_id 24
2020/03/08 15:48:14 376438	INFO [input.cpp->run:235]	rotation: 
[0.9999989559535193, -0.001316432550118078, 0.0005959003375976351;
 0.001310507298694154, 0.999950758037863, 0.009836872985003514;
 -0.0006088205740846094, -0.009836081783109176, 0.9999514392372585]
2020/03/08 15:48:14 376473	INFO [input.cpp->run:256]	frame times (ms): 61.611
2020/03/08 15:48:14 376477	INFO [input.cpp->run:257]	FPS: 16.2309
2020/03/08 15:48:14 399970	INFO [input.cpp->run:173]	
frame_id 25
2020/03/08 15:48:14 440307	INFO [input.cpp->run:235]	rotation: 
[0.9999899564659261, -0.004464416380757291, -0.0003949096787738029;
 0.004468133196021669, 0.9999402830559077, 0.009973269665155209;
 0.0003503612675117654, -0.009974934007326658, 0.9999501877286346]
2020/03/08 15:48:14 440340	INFO [input.cpp->run:256]	frame times (ms): 59.05
2020/03/08 15:48:14 440343	INFO [input.cpp->run:257]	FPS: 16.9348
2020/03/08 15:48:14 466649	INFO [input.cpp->run:173]	
frame_id 26
2020/03/08 15:48:14 511423	INFO [input.cpp->run:235]	rotation: 
[0.9999866856812082, -0.001939160283914379, 0.004782062076739455;
 0.001886472004709552, 0.9999377417093948, 0.01099790564112921;
 -0.004803091055554504, -0.01098873798527491, 0.999928086391118]
2020/03/08 15:48:14 511454	INFO [input.cpp->run:256]	frame times (ms): 63.389
2020/03/08 15:48:14 511457	INFO [input.cpp->run:257]	FPS: 15.7756
2020/03/08 15:48:14 533480	INFO [input.cpp->run:173]	
frame_id 27
2020/03/08 15:48:14 573536	INFO [input.cpp->run:235]	rotation: 
[0.9999765038733222, -0.005753464127116845, 0.003726842071458784;
 0.005694614062518867, 0.9998618847190583, 0.0156135472180854;
 -0.003816159321435359, -0.01559195743293316, 0.9998711555952812]
2020/03/08 15:48:14 573564	INFO [input.cpp->run:256]	frame times (ms): 58.457
2020/03/08 15:48:14 573566	INFO [input.cpp->run:257]	FPS: 17.1066
2020/03/08 15:48:14 600225	INFO [input.cpp->run:173]	
frame_id 28
2020/03/08 15:48:14 646777	INFO [input.cpp->run:235]	rotation: 
[0.9999899707652352, -0.004359173346440572, 0.001027607259498271;
 0.004347992158712914, 0.999933909894448, 0.01064287589845235;
 -0.001073933485772033, -0.01063830113024485, 0.9999428349740451]
2020/03/08 15:48:14 646811	INFO [input.cpp->run:256]	frame times (ms): 64.996
2020/03/08 15:48:14 646815	INFO [input.cpp->run:257]	FPS: 15.3856
2020/03/08 15:48:14 666876	INFO [input.cpp->run:173]	
frame_id 29
2020/03/08 15:48:14 710286	INFO [input.cpp->run:235]	rotation: 
[0.9999895371296814, -0.003942874549061425, 0.002319347204675;
 0.003919225765684775, 0.9999411717815575, 0.01011398267367552;
 -0.002359088926484683, -0.01010478680706227, 0.9999461625422744]
2020/03/08 15:48:14 710316	INFO [input.cpp->run:256]	frame times (ms): 61.362
2020/03/08 15:48:14 710318	INFO [input.cpp->run:257]	FPS: 16.2967
2020/03/08 15:48:14 733356	INFO [input.cpp->run:173]	
frame_id 30
2020/03/08 15:48:14 760989	INFO [input.cpp->run:235]	rotation: 
[0.9999861386730615, -0.003459545236432703, 0.003969131957712197;
 0.003416815846638166, 0.9999366782707912, 0.01072216481156249;
 -0.004005974439611265, -0.01070845439516004, 0.9999346384505619]
2020/03/08 15:48:14 761017	INFO [input.cpp->run:256]	frame times (ms): 46.767
2020/03/08 15:48:14 761019	INFO [input.cpp->run:257]	FPS: 21.3826
2020/03/08 15:48:14 800151	INFO [input.cpp->run:173]	
frame_id 31
2020/03/08 15:48:14 841638	INFO [input.cpp->run:235]	rotation: 
[0.9999906386519943, -0.004298689235543698, 0.0004938413031834081;
 0.004293697625473794, 0.9999437412825254, 0.009699403621195016;
 -0.0005355082422426796, -0.009697192416471432, 0.9999528377329405]
2020/03/08 15:48:14 841667	INFO [input.cpp->run:256]	frame times (ms): 60.993
2020/03/08 15:48:14 841669	INFO [input.cpp->run:257]	FPS: 16.3953
2020/03/08 15:48:14 866880	INFO [input.cpp->run:173]	
frame_id 32
2020/03/08 15:48:14 911554	INFO [input.cpp->run:235]	rotation: 
[0.9999951117941197, 0.0002864858285721592, 0.003113569292001248;
 -0.0003127844867327639, 0.9999642554114138, 0.008449264190554246;
 -0.003111037404295415, -0.008450196764984251, 0.9999594569885831]
2020/03/08 15:48:14 911584	INFO [input.cpp->run:256]	frame times (ms): 63.587
2020/03/08 15:48:14 911587	INFO [input.cpp->run:257]	FPS: 15.7265
2020/03/08 15:48:14 933579	INFO [input.cpp->run:173]	
frame_id 33
2020/03/08 15:48:14 976967	INFO [input.cpp->run:235]	rotation: 
[0.9999856636341162, -0.002788820081183042, 0.004571105860837763;
 0.002739290564342915, 0.9999378611014412, 0.01080602716445148;
 -0.004600957882908407, -0.0107933506581391, 0.9999311650149375]
2020/03/08 15:48:14 976999	INFO [input.cpp->run:256]	frame times (ms): 62.886
2020/03/08 15:48:14 977002	INFO [input.cpp->run:257]	FPS: 15.9018
2020/03/08 15:48:15 000537	INFO [input.cpp->run:173]	
frame_id 34
2020/03/08 15:48:15 037984	INFO [input.cpp->run:235]	rotation: 
[0.9999973389188399, -0.0007942574444378132, 0.002165943293544717;
 0.0007718527265938909, 0.9999463939144354, 0.0103253833287316;
 -0.002174028198378714, -0.01032368406281178, 0.9999443460256995]
2020/03/08 15:48:15 038016	INFO [input.cpp->run:256]	frame times (ms): 55.675
2020/03/08 15:48:15 038018	INFO [input.cpp->run:257]	FPS: 17.9614
2020/03/08 15:48:15 066820	INFO [input.cpp->run:173]	
frame_id 35
2020/03/08 15:48:15 103304	INFO [input.cpp->run:235]	rotation: 
[0.9999940433018393, -0.001176836501735397, 0.003244752176559107;
 0.001148217978365441, 0.9999605518630074, 0.008807741668778034;
 -0.003254989449024413, -0.00880396352093497, 0.9999559466646563]
2020/03/08 15:48:15 103334	INFO [input.cpp->run:256]	frame times (ms): 56.164
2020/03/08 15:48:15 103337	INFO [input.cpp->run:257]	FPS: 17.805
2020/03/08 15:48:15 133431	INFO [input.cpp->run:173]	
frame_id 36
2020/03/08 15:48:15 173519	INFO [input.cpp->run:235]	rotation: 
[0.9999955498796964, 0.002322738983135647, 0.001872192409917307;
 -0.002332522779525928, 0.9999835469707747, 0.005240718007241238;
 -0.001859988786665831, -0.005245061616859417, 0.9999845147652782]
2020/03/08 15:48:15 173548	INFO [input.cpp->run:256]	frame times (ms): 57.973
2020/03/08 15:48:15 173550	INFO [input.cpp->run:257]	FPS: 17.2494
2020/03/08 15:48:15 200100	INFO [input.cpp->run:173]	
frame_id 37
2020/03/08 15:48:15 243740	INFO [input.cpp->run:235]	rotation: 
[0.9999987986433567, -0.001530806583118093, 0.0002436042864032544;
 0.001528986310425592, 0.9999721507469094, 0.00730478825586201;
 -0.0002547797201561856, -0.00730440701258704, 0.9999732900060324]
2020/03/08 15:48:15 243773	INFO [input.cpp->run:256]	frame times (ms): 62.227
2020/03/08 15:48:15 243776	INFO [input.cpp->run:257]	FPS: 16.0702
2020/03/08 15:48:15 266713	INFO [input.cpp->run:173]	
frame_id 38
2020/03/08 15:48:15 310472	INFO [input.cpp->run:235]	rotation: 
[0.9999908756450986, -0.003839260905157874, 0.00187315302397004;
 0.003821781692286928, 0.999949938100464, 0.009247447084180649;
 -0.00190856261243435, -0.009240203925257659, 0.9999554870193843]
2020/03/08 15:48:15 310502	INFO [input.cpp->run:256]	frame times (ms): 62.508
2020/03/08 15:48:15 310505	INFO [input.cpp->run:257]	FPS: 15.998
2020/03/08 15:48:15 334136	INFO [input.cpp->run:173]	
frame_id 39
2020/03/08 15:48:15 364332	INFO [input.cpp->run:235]	rotation: 
[0.9999912110485044, -0.002127148769091201, 0.003612902414895754;
 0.002091295540913986, 0.9999488206087782, 0.009898618392182442;
 -0.00363377334267825, -0.009890975746995491, 0.9999444806038316]
2020/03/08 15:48:15 364365	INFO [input.cpp->run:256]	frame times (ms): 48.678
2020/03/08 15:48:15 364368	INFO [input.cpp->run:257]	FPS: 20.5432
2020/03/08 15:48:15 400583	INFO [input.cpp->run:173]	
frame_id 40
2020/03/08 15:48:15 439100	INFO [input.cpp->run:235]	rotation: 
[0.9999906109033986, -0.004244785100841863, 0.0008717250113217359;
 0.00423628247602986, 0.9999455731435976, 0.009534393599256612;
 -0.0009121490179654088, -0.009530611206524695, 0.9999541666667523]
2020/03/08 15:48:15 439132	INFO [input.cpp->run:256]	frame times (ms): 58.571
2020/03/08 15:48:15 439134	INFO [input.cpp->run:257]	FPS: 17.0733
2020/03/08 15:48:15 466930	INFO [input.cpp->run:173]	
frame_id 41
2020/03/08 15:48:15 495761	INFO [input.cpp->run:235]	rotation: 
[0.9999977567570724, -0.001507560357629971, 0.001487865111913113;
 0.001497309480918575, 0.9999753016599711, 0.00686688680322349;
 -0.001498180610439534, -0.006864643604589838, 0.9999753157568643]
2020/03/08 15:48:15 495793	INFO [input.cpp->run:256]	frame times (ms): 47.006
2020/03/08 15:48:15 495796	INFO [input.cpp->run:257]	FPS: 21.2739
2020/03/08 15:48:15 533524	INFO [input.cpp->run:173]	
frame_id 42
2020/03/08 15:48:15 578130	INFO [input.cpp->run:235]	rotation: 
[0.9999992400593631, 0.001223807901701859, 0.0001489124439523941;
 -0.001224557011275549, 0.9999860456309224, 0.00513896911422314;
 -0.0001426212549646028, -0.005139147560688987, 0.9999867843234365]
2020/03/08 15:48:15 578159	INFO [input.cpp->run:256]	frame times (ms): 63.449
2020/03/08 15:48:15 578161	INFO [input.cpp->run:257]	FPS: 15.7607
2020/03/08 15:48:15 600140	INFO [input.cpp->run:173]	
frame_id 43
2020/03/08 15:48:15 643870	INFO [input.cpp->run:235]	rotation: 
[0.9999964501176026, 0.002660846764027761, -0.000140166656177862;
 -0.002660402477287019, 0.9999917183072503, 0.003079866161360857;
 0.0001483605472697775, -0.003079482328478856, 0.9999952473775746]
2020/03/08 15:48:15 643901	INFO [input.cpp->run:256]	frame times (ms): 62.095
2020/03/08 15:48:15 643903	INFO [input.cpp->run:257]	FPS: 16.1044
2020/03/08 15:48:15 666982	INFO [input.cpp->run:173]	
frame_id 44
2020/03/08 15:48:15 708614	INFO [input.cpp->run:235]	rotation: 
[0.9999749086502058, 0.005146267860482608, 0.004868058865778563;
 -0.005178089712765831, 0.9999651614360912, 0.006547007027538458;
 -0.004834196617750482, -0.006572049999829051, 0.9999667187971111]
2020/03/08 15:48:15 708645	INFO [input.cpp->run:256]	frame times (ms): 59.855
2020/03/08 15:48:15 708648	INFO [input.cpp->run:257]	FPS: 16.707
2020/03/08 15:48:15 733665	INFO [input.cpp->run:173]	
frame_id 45
2020/03/08 15:48:15 766101	INFO [input.cpp->run:235]	rotation: 
[0.9999566050429063, 0.006194602874672671, 0.006958083521354647;
 -0.006257492999132562, 0.9999394387855439, 0.009053316663922232;
 -0.006901580429934653, -0.009096463954556301, 0.9999348091406223]
2020/03/08 15:48:15 766131	INFO [input.cpp->run:256]	frame times (ms): 50.499
2020/03/08 15:48:15 766134	INFO [input.cpp->run:257]	FPS: 19.8024
2020/03/08 15:48:15 800486	INFO [input.cpp->run:173]	
frame_id 46
2020/03/08 15:48:15 830878	INFO [input.cpp->run:235]	rotation: 
[0.9999196894125713, 0.000664179425068708, 0.01265597055773745;
 -0.0008680585000803866, 0.999869838372631, 0.01611064204584383;
 -0.01264362287904222, -0.01612033431353669, 0.9997901147851544]
2020/03/08 15:48:15 830907	INFO [input.cpp->run:256]	frame times (ms): 47.906
2020/03/08 15:48:15 830909	INFO [input.cpp->run:257]	FPS: 20.8742
2020/03/08 15:48:15 866895	INFO [input.cpp->run:173]	
frame_id 47
2020/03/08 15:48:15 901211	INFO [input.cpp->run:235]	rotation: 
[0.999938049770722, 0.004802143433426432, 0.01004171495163237;
 -0.004934839643085097, 0.9999002792254256, 0.01323174072497704;
 -0.009977172867204091, -0.01328047526863326, 0.9998620329816595]
2020/03/08 15:48:15 901241	INFO [input.cpp->run:256]	frame times (ms): 52.038
2020/03/08 15:48:15 901244	INFO [input.cpp->run:257]	FPS: 19.2167
2020/03/08 15:48:15 933691	INFO [input.cpp->run:173]	
frame_id 48
2020/03/08 15:48:15 964029	INFO [input.cpp->run:235]	rotation: 
[0.9999354103457897, -0.001498789061502397, 0.01126626681497781;
 0.001292402203191361, 0.9998316320791645, 0.01830402115545768;
 -0.0112918038037479, -0.01828827835700718, 0.9997689903380652]
2020/03/08 15:48:15 964057	INFO [input.cpp->run:256]	frame times (ms): 49.638
2020/03/08 15:48:15 964059	INFO [input.cpp->run:257]	FPS: 20.1459
2020/03/08 15:48:15 999864	INFO [input.cpp->run:173]	
frame_id 49
2020/03/08 15:48:16 044938	INFO [input.cpp->run:235]	rotation: 
[0.9999633926843905, -0.002614650552668551, 0.008147201581576308;
 0.002473036565901326, 0.9998465269841955, 0.01734377605327089;
 -0.008191299119622259, -0.01732299281676604, 0.999816391413245]
2020/03/08 15:48:16 044970	INFO [input.cpp->run:256]	frame times (ms): 65.615
2020/03/08 15:48:16 044973	INFO [input.cpp->run:257]	FPS: 15.2404
2020/03/08 15:48:16 067107	INFO [input.cpp->run:173]	
frame_id 50
2020/03/08 15:48:16 094995	INFO [input.cpp->run:235]	rotation: 
[0.9999589063401996, 0.004427672881953194, 0.007910837108830662;
 -0.004499964400979935, 0.9999480676239451, 0.009143980289132554;
 -0.007869939726703709, -0.009179203014889021, 0.999926900468584]
2020/03/08 15:48:16 095019	INFO [input.cpp->run:256]	frame times (ms): 45.559
2020/03/08 15:48:16 095022	INFO [input.cpp->run:257]	FPS: 21.9496
2020/03/08 15:48:16 133734	INFO [input.cpp->run:173]	
frame_id 51
2020/03/08 15:48:16 173343	INFO [input.cpp->run:235]	rotation: 
[0.9999135965431969, 0.0002027415060839149, 0.01314375684234448;
 -0.0004106541072754042, 0.9998748098363536, 0.01581758571716782;
 -0.01313890449212355, -0.01582161656081591, 0.9997885004530455]
2020/03/08 15:48:16 173374	INFO [input.cpp->run:256]	frame times (ms): 57.06
2020/03/08 15:48:16 173377	INFO [input.cpp->run:257]	FPS: 17.5254
2020/03/08 15:48:16 200405	INFO [input.cpp->run:173]	
frame_id 52
2020/03/08 15:48:16 235123	INFO [input.cpp->run:235]	rotation: 
[0.9999653113775837, -0.0007718941021219862, 0.008293384172164986;
 0.0007078711907223417, 0.9999699504168802, 0.007719921090234986;
 -0.008299093920986359, -0.007713782649078134, 0.9999358092384398]
2020/03/08 15:48:16 235155	INFO [input.cpp->run:256]	frame times (ms): 52.177
2020/03/08 15:48:16 235158	INFO [input.cpp->run:257]	FPS: 19.1655
2020/03/08 15:48:16 266909	INFO [input.cpp->run:173]	
frame_id 53
2020/03/08 15:48:16 299280	INFO [input.cpp->run:235]	rotation: 
[0.9999458683133126, 0.007291902958178296, 0.007422169115822295;
 -0.007349876483953914, 0.9999424603800123, 0.007813785563867803;
 -0.007364764680964149, -0.00786791461672013, 0.9999419263941172]
2020/03/08 15:48:16 299310	INFO [input.cpp->run:256]	frame times (ms): 49.739
2020/03/08 15:48:16 299314	INFO [input.cpp->run:257]	FPS: 20.1049
2020/03/08 15:48:16 333636	INFO [input.cpp->run:173]	
frame_id 54
2020/03/08 15:48:16 363165	INFO [input.cpp->run:235]	rotation: 
[0.9998989735247849, -0.0004154903144137615, 0.01420810022065846;
 0.0002040519656615581, 0.999889269595121, 0.01487974836248155;
 -0.01421270934329399, -0.01487534592317406, 0.9997883390882237]
2020/03/08 15:48:16 363195	INFO [input.cpp->run:256]	frame times (ms): 46.312
2020/03/08 15:48:16 363198	INFO [input.cpp->run:257]	FPS: 21.5927
2020/03/08 15:48:16 400534	INFO [input.cpp->run:173]	
frame_id 55
2020/03/08 15:48:16 447261	INFO [input.cpp->run:235]	rotation: 
[0.9999507111495288, 0.002793304181210969, 0.009527472031067279;
 -0.002886037252007025, 0.9999484644474895, 0.009733408348972938;
 -0.009499792657293511, -0.009760425239663367, 0.9999072397170696]
2020/03/08 15:48:16 447292	INFO [input.cpp->run:256]	frame times (ms): 66.177
2020/03/08 15:48:16 447295	INFO [input.cpp->run:257]	FPS: 15.111
2020/03/08 15:48:16 467166	INFO [input.cpp->run:173]	
frame_id 56
2020/03/08 15:48:16 500930	INFO [input.cpp->run:235]	rotation: 
[0.9999607215431239, 0.006749543746567822, 0.005744478232890703;
 -0.006773755926241392, 0.9999682128384584, 0.004205893877811515;
 -0.005715907767511431, -0.004244640370263418, 0.9999746553920856]
2020/03/08 15:48:16 500959	INFO [input.cpp->run:256]	frame times (ms): 50.048
2020/03/08 15:48:16 500961	INFO [input.cpp->run:257]	FPS: 19.9808
2020/03/08 15:48:16 533669	INFO [input.cpp->run:173]	
frame_id 57
2020/03/08 15:48:16 558546	INFO [input.cpp->run:235]	rotation: 
[0.9998537453419978, 0.003080459672267789, 0.01682256501806587;
 -0.003331507605877709, 0.9998832045343058, 0.01491570807168234;
 -0.01677465298155227, -0.01496957108320751, 0.9997472295330122]
2020/03/08 15:48:16 558570	INFO [input.cpp->run:256]	frame times (ms): 41.218
2020/03/08 15:48:16 558572	INFO [input.cpp->run:257]	FPS: 24.2612
2020/03/08 15:48:16 600678	INFO [input.cpp->run:173]	
frame_id 58
2020/03/08 15:48:16 641135	INFO [input.cpp->run:235]	rotation: 
[0.9997526081894562, -0.00445767659517016, 0.02179108849398086;
 0.004024648894546965, 0.9997943640972234, 0.01987540491925035;
 -0.02187520559115399, -0.01978278642662381, 0.999564963742499]
2020/03/08 15:48:16 641162	INFO [input.cpp->run:256]	frame times (ms): 59.463
2020/03/08 15:48:16 641164	INFO [input.cpp->run:257]	FPS: 16.8172
2020/03/08 15:48:16 667051	INFO [input.cpp->run:173]	
frame_id 59
2020/03/08 15:48:16 695628	INFO [input.cpp->run:235]	rotation: 
[0.9999614957566116, 0.001218218448158073, 0.008690394007897968;
 -0.001298559375689611, 0.9999564194995924, 0.009245152519188475;
 -0.008678752660823453, -0.009256081534203106, 0.9999194988632257]
2020/03/08 15:48:16 695653	INFO [input.cpp->run:256]	frame times (ms): 45.738
2020/03/08 15:48:16 695656	INFO [input.cpp->run:257]	FPS: 21.8637
2020/03/08 15:48:16 733497	INFO [input.cpp->run:173]	
frame_id 60
2020/03/08 15:48:16 760895	INFO [input.cpp->run:235]	rotation: 
[0.9999400391779286, -0.0014331870735801, 0.01085651986848355;
 0.001302451692797526, 0.9999266728835776, 0.01203962107238708;
 -0.01087297882047896, -0.01202475907412956, 0.9998685831151904]
2020/03/08 15:48:16 760918	INFO [input.cpp->run:256]	frame times (ms): 44.647
2020/03/08 15:48:16 760920	INFO [input.cpp->run:257]	FPS: 22.3979
2020/03/08 15:48:16 800258	INFO [input.cpp->run:173]	
frame_id 61
2020/03/08 15:48:16 837514	INFO [input.cpp->run:235]	rotation: 
[0.9999673528724521, -0.003003162542336192, 0.007501613426805934;
 0.002940087375934518, 0.9999603539933997, 0.00840513697786073;
 -0.007526558010325619, -0.008382807175346462, 0.9999365377204587]
2020/03/08 15:48:16 837544	INFO [input.cpp->run:256]	frame times (ms): 56.451
2020/03/08 15:48:16 837546	INFO [input.cpp->run:257]	FPS: 17.7145
2020/03/08 15:48:16 866917	INFO [input.cpp->run:173]	
frame_id 62
2020/03/08 15:48:16 891232	INFO [input.cpp->run:235]	rotation: 
[0.9999704639657536, -0.004083365638246654, 0.006511322536926542;
 0.004025443850384136, 0.999952434224971, 0.008883979365263257;
 -0.006547289356894618, -0.008857506004480341, 0.9999393369547264]
2020/03/08 15:48:16 891254	INFO [input.cpp->run:256]	frame times (ms): 41.381
2020/03/08 15:48:16 891256	INFO [input.cpp->run:257]	FPS: 24.1657
2020/03/08 15:48:16 934331	INFO [input.cpp->run:173]	
frame_id 63
2020/03/08 15:48:16 966436	INFO [input.cpp->run:235]	rotation: 
[0.9999857721916673, -0.003211902335650119, 0.004259001951284885;
 0.003176446816086438, 0.99996046251076, 0.008305636693932774;
 -0.004285510454937367, -0.008291990029737947, 0.9999564377019068]
2020/03/08 15:48:16 966465	INFO [input.cpp->run:256]	frame times (ms): 54.066
2020/03/08 15:48:16 966470	INFO [input.cpp->run:257]	FPS: 18.4959
2020/03/08 15:48:17 000529	INFO [input.cpp->run:173]	
frame_id 64
2020/03/08 15:48:17 028092	INFO [input.cpp->run:235]	rotation: 
[0.9999921201271478, -0.003535281611124643, 0.001805953360966446;
 0.003519243017967331, 0.9999550138335687, 0.008808248275790151;
 -0.001837011756203604, -0.008801823279157331, 0.9999595758303282]
2020/03/08 15:48:17 028127	INFO [input.cpp->run:256]	frame times (ms): 44.959
2020/03/08 15:48:17 028130	INFO [input.cpp->run:257]	FPS: 22.2425
2020/03/08 15:48:17 067186	INFO [input.cpp->run:173]	
frame_id 65
2020/03/08 15:48:17 102901	INFO [input.cpp->run:235]	rotation: 
[0.9999934078346037, -0.003434460271259909, 0.001178460852650167;
 0.003424284704724331, 0.9999577502652556, 0.008530648199859783;
 -0.001207709235322249, -0.008526556578943065, 0.9999629189481523]
2020/03/08 15:48:17 102929	INFO [input.cpp->run:256]	frame times (ms): 56.889
2020/03/08 15:48:17 102931	INFO [input.cpp->run:257]	FPS: 17.5781
2020/03/08 15:48:17 133689	INFO [input.cpp->run:173]	
frame_id 66
2020/03/08 15:48:17 165688	INFO [input.cpp->run:235]	rotation: 
[0.9999903929520828, -0.004276965495719799, 0.0009599842121113661;
 0.004269122337278934, 0.9999586570618665, 0.008028621394599401;
 -0.0009942826602263751, -0.008024445973205594, 0.9999673093000664]
2020/03/08 15:48:17 165718	INFO [input.cpp->run:256]	frame times (ms): 48.404
2020/03/08 15:48:17 165720	INFO [input.cpp->run:257]	FPS: 20.6595
2020/03/08 15:48:17 200275	INFO [input.cpp->run:173]	
frame_id 67
2020/03/08 15:48:17 237436	INFO [input.cpp->run:235]	rotation: 
[0.9999849069351588, -0.003879446983591206, 0.003890474647548511;
 0.003836283955172173, 0.999931683966263, 0.01104130091107836;
 -0.003933043007265642, -0.01102620929853938, 0.9999314745927382]
2020/03/08 15:48:17 237465	INFO [input.cpp->run:256]	frame times (ms): 54.435
2020/03/08 15:48:17 237468	INFO [input.cpp->run:257]	FPS: 18.3705
2020/03/08 15:48:17 267289	INFO [input.cpp->run:173]	
frame_id 68
2020/03/08 15:48:17 300069	INFO [input.cpp->run:235]	rotation: 
[0.9999756770723377, -0.006156140109255026, 0.003278292646321496;
 0.006122151697517259, 0.9999284307810467, 0.01027874381168097;
 -0.003341335408529145, -0.01025842359764914, 0.9999417984177774]
2020/03/08 15:48:17 300098	INFO [input.cpp->run:256]	frame times (ms): 49.518
2020/03/08 15:48:17 300100	INFO [input.cpp->run:257]	FPS: 20.1947
2020/03/08 15:48:17 334229	INFO [input.cpp->run:173]	
frame_id 69
2020/03/08 15:48:17 372573	INFO [input.cpp->run:235]	rotation: 
[0.999998019925263, -0.0007456898146405656, -0.001845018225799023;
 0.0007480595333130046, 0.9999988958348961, 0.001284031122403141;
 0.001844058699664625, -0.001285408763398499, 0.9999974735827202]
2020/03/08 15:48:17 372611	INFO [input.cpp->run:256]	frame times (ms): 55.133
2020/03/08 15:48:17 372614	INFO [input.cpp->run:257]	FPS: 18.138
2020/03/08 15:48:17 400299	INFO [input.cpp->run:173]	
frame_id 70
2020/03/08 15:48:17 428322	INFO [input.cpp->run:235]	rotation: 
[0.9999863770262303, -0.005140114718475185, 0.0009082855470843894;
 0.005131930458498338, 0.9999481606729403, 0.008794274078781212;
 -0.0009534420398034986, -0.008789493016352016, 0.9999609171166602]
2020/03/08 15:48:17 428346	INFO [input.cpp->run:256]	frame times (ms): 45.548
2020/03/08 15:48:17 428349	INFO [input.cpp->run:257]	FPS: 21.9549
2020/03/08 15:48:17 467330	INFO [input.cpp->run:173]	
frame_id 71
2020/03/08 15:48:17 512494	INFO [input.cpp->run:235]	rotation: 
[0.9999990191489935, -0.001226011122347614, -0.0006771984781352957;
 0.001231560895186725, 0.9999651561924965, 0.008256491911068113;
 0.0006670523310473394, -0.008257317823843662, 0.999965685283022]
2020/03/08 15:48:17 512525	INFO [input.cpp->run:256]	frame times (ms): 65.667
2020/03/08 15:48:17 512529	INFO [input.cpp->run:257]	FPS: 15.2283
2020/03/08 15:48:17 533709	INFO [input.cpp->run:173]	
frame_id 72
2020/03/08 15:48:17 559616	INFO [input.cpp->run:235]	rotation: 
[0.9999927847603042, -0.003762660515312924, 0.0005223152097729612;
 0.003758330290234749, 0.9999604740432192, 0.00805762401021127;
 -0.0005526126684750132, -0.008055602839448719, 0.9999674004096992]
2020/03/08 15:48:17 559641	INFO [input.cpp->run:256]	frame times (ms): 42.738
2020/03/08 15:48:17 559644	INFO [input.cpp->run:257]	FPS: 23.3984
2020/03/08 15:48:17 600321	INFO [input.cpp->run:173]	
frame_id 73
2020/03/08 15:48:17 633025	INFO [input.cpp->run:235]	rotation: 
[0.9999964578286505, -0.001685221928800897, -0.002060183778849796;
 0.001693101263751894, 0.9999912366730481, 0.003828836013533368;
 0.002053713286373972, -0.003832310550899671, 0.9999905477841172]
2020/03/08 15:48:17 633051	INFO [input.cpp->run:256]	frame times (ms): 49.639
2020/03/08 15:48:17 633053	INFO [input.cpp->run:257]	FPS: 20.1455
2020/03/08 15:48:17 666892	INFO [input.cpp->run:173]	
frame_id 74
2020/03/08 15:48:17 696934	INFO [input.cpp->run:235]	rotation: 
[0.9999948990075611, -0.003096647935379612, -0.0007827709895019001;
 0.003103418080329226, 0.9999564547476163, 0.008800988853362442;
 0.0007554833395795399, -0.008803373225226424, 0.9999609641704925]
2020/03/08 15:48:17 696964	INFO [input.cpp->run:256]	frame times (ms): 47.215
2020/03/08 15:48:17 696967	INFO [input.cpp->run:257]	FPS: 21.1797
2020/03/08 15:48:17 734034	INFO [input.cpp->run:173]	
frame_id 75
2020/03/08 15:48:17 765019	INFO [input.cpp->run:235]	rotation: 
[0.9999862395894674, -0.005226740494690432, -0.0004492388200591154;
 0.0052307064125724, 0.9999427577603031, 0.009333858427539332;
 0.0004004274488079691, -0.009336079826192377, 0.9999563376824696]
2020/03/08 15:48:17 765048	INFO [input.cpp->run:256]	frame times (ms): 47.597
2020/03/08 15:48:17 765051	INFO [input.cpp->run:257]	FPS: 21.0097
2020/03/08 15:48:17 800372	INFO [input.cpp->run:173]	
frame_id 76
2020/03/08 15:48:17 828767	INFO [input.cpp->run:235]	rotation: 
[0.999996195216591, -0.002755516257276557, -0.0001291607431774979;
 0.002756477470007822, 0.9999629852122599, 0.00815046240056333;
 0.0001066972306709313, -0.008150787418497792, 0.9999667760881655]
2020/03/08 15:48:17 828796	INFO [input.cpp->run:256]	frame times (ms): 45.468
2020/03/08 15:48:17 828800	INFO [input.cpp->run:257]	FPS: 21.9935
2020/03/08 15:48:17 867096	INFO [input.cpp->run:173]	
frame_id 77
2020/03/08 15:48:17 905610	INFO [input.cpp->run:235]	rotation: 
[0.9999977758081494, -0.001699585913728246, -0.001248914118766112;
 0.001710459889582304, 0.999960186150109, 0.008757878830261707;
 0.001233979627192809, -0.008759995568564667, 0.9999608691203463]
2020/03/08 15:48:17 905640	INFO [input.cpp->run:256]	frame times (ms): 60.165
2020/03/08 15:48:17 905643	INFO [input.cpp->run:257]	FPS: 16.621
2020/03/08 15:48:17 933581	INFO [input.cpp->run:173]	
frame_id 78
2020/03/08 15:48:17 973966	INFO [input.cpp->run:235]	rotation: 
[0.9999946095142219, 0.00267516412508299, 0.00190379605072555;
 -0.002678878551954725, 0.999994508208271, 0.001951195275250192;
 -0.001898565827872765, -0.001956284795767395, 0.9999962841918939]
2020/03/08 15:48:17 973997	INFO [input.cpp->run:256]	frame times (ms): 57.686
2020/03/08 15:48:17 973999	INFO [input.cpp->run:257]	FPS: 17.3352
2020/03/08 15:48:18 000416	INFO [input.cpp->run:173]	
frame_id 79
2020/03/08 15:48:18 028069	INFO [input.cpp->run:235]	rotation: 
[0.9999866426746572, -0.002507017884720958, 0.00451988203309687;
 0.002464181936809189, 0.9999522357289748, 0.009458016071406471;
 -0.004543377559671434, -0.009446751925946243, 0.9999450567898218]
2020/03/08 15:48:18 028094	INFO [input.cpp->run:256]	frame times (ms): 44.627
2020/03/08 15:48:18 028097	INFO [input.cpp->run:257]	FPS: 22.408
2020/03/08 15:48:18 067172	INFO [input.cpp->run:173]	
frame_id 80
2020/03/08 15:48:18 106237	INFO [input.cpp->run:235]	rotation: 
[0.9999946270929323, -0.003252596288883132, 0.000407924807822905;
 0.003248978531344554, 0.999957945912024, 0.008576161490348393;
 -0.0004358024439535189, -0.008574790072486689, 0.9999631408464227]
2020/03/08 15:48:18 106266	INFO [input.cpp->run:256]	frame times (ms): 57.965
2020/03/08 15:48:18 106268	INFO [input.cpp->run:257]	FPS: 17.2518
2020/03/08 15:48:18 133860	INFO [input.cpp->run:173]	
frame_id 81
2020/03/08 15:48:18 162766	INFO [input.cpp->run:235]	rotation: 
[0.9999893342966378, -0.004359320711534437, 0.001525652614849539;
 0.004345363436739974, 0.9999497405365338, 0.009035165605638853;
 -0.001564963120924486, -0.009028439724152942, 0.9999580182020531]
2020/03/08 15:48:18 162792	INFO [input.cpp->run:256]	frame times (ms): 46.144
2020/03/08 15:48:18 162794	INFO [input.cpp->run:257]	FPS: 21.6713
2020/03/08 15:48:18 200452	INFO [input.cpp->run:173]	
frame_id 82
2020/03/08 15:48:18 232782	INFO [input.cpp->run:235]	rotation: 
[0.9999923623242326, -0.003431786014359997, 0.001870330973997554;
 0.003414800710818215, 0.9999535765744989, 0.009010207099350281;
 -0.001901165249536957, -0.009003751474770387, 0.9999576581186198]
2020/03/08 15:48:18 232813	INFO [input.cpp->run:256]	frame times (ms): 52.634
2020/03/08 15:48:18 232817	INFO [input.cpp->run:257]	FPS: 18.9991
2020/03/08 15:48:18 266560	INFO [input.cpp->run:173]	
frame_id 83
2020/03/08 15:48:18 297782	INFO [input.cpp->run:235]	rotation: 
[0.9999983677722877, -0.001662883910118667, -0.0007065903069533942;
 0.001668231762312687, 0.9999694493794088, 0.007636577154020057;
 0.0006938699789032133, -0.007637743445780201, 0.9999705912773179]
2020/03/08 15:48:18 297809	INFO [input.cpp->run:256]	frame times (ms): 48.063
