		g3log created log at: Mon Mar 09 14:56:21 2020
		LOG format: [YYYY/MM/DD hh:mm:ss uuu* LEVEL FILE->FUNCTION:LINE] message		(uuu*: microseconds fractions of the seconds value)

2020/03/09 14:56:21 078203	INFO [g3logger.h->logBanner:29]	Starting log.
2020/03/09 14:56:21 081785	DEBUG [main.cpp->main:48]	Filepath: /home/mitchell/KITTI/data_odometry_gray/dataset/sequences/00/
2020/03/09 14:56:21 081790	DEBUG [main.cpp->main:52]	Calibration Filepath: /home/mitchell/visual_odom_catkin_ws/tank_downsized.yaml
2020/03/09 14:56:21 081898	INFO [main.cpp->main:66]	P_left: 
[409.41, 0, 251.22, 0;
 0, 408.72, 191.78999, 0;
 0, 0, 1, 0]
2020/03/09 14:56:21 081909	INFO [main.cpp->main:67]	P_right: 
[409.41, 0, 251.22, -73.940002;
 0, 408.72, 191.78999, 0;
 0, 0, 1, 0]
2020/03/09 14:56:21 230119	INFO [input.cpp->Input:22]	frame_pose [1, 0, 0, 0;
 0, 1, 0, 0;
 0, 0, 1, 0;
 0, 0, 0, 1]
2020/03/09 14:56:21 597330	INFO [input.cpp->run:173]	
frame_id 1
2020/03/09 14:56:21 739619	INFO [input.cpp->run:235]	rotation: 
[-0.99185626225443, -0.01304645915491997, -0.1266923238802981;
 0.001232565984589199, -0.995676297595017, 0.09288267431858757;
 -0.1273563339915411, 0.09197010552890639, 0.9875838515696969]
2020/03/09 14:56:21 739716	INFO [input.cpp->run:256]	frame times (ms): 227.324
2020/03/09 14:56:21 739721	INFO [input.cpp->run:257]	FPS: 4.39901
2020/03/09 14:56:21 798471	INFO [input.cpp->run:173]	
frame_id 2
2020/03/09 14:56:21 863639	INFO [input.cpp->run:235]	rotation: 
[-0.9999903094951755, -0.004093965291125459, 0.001618753822575719;
 0.004119931816413819, -0.9998573991123725, 0.0163770449736849;
 0.001551475933150303, 0.01638355542722815, 0.9998645768472808]
2020/03/09 14:56:21 863705	INFO [input.cpp->run:256]	frame times (ms): 179.49
2020/03/09 14:56:21 863709	INFO [input.cpp->run:257]	FPS: 5.57134
2020/03/09 14:56:21 931849	INFO [input.cpp->run:173]	
frame_id 3
2020/03/09 14:56:22 015706	INFO [input.cpp->run:235]	rotation: 
[-0.9998782137214347, 0.001966545635899033, 0.01548193862198156;
 -0.00189650143992643, -0.9999879065038294, 0.004537634667625206;
 0.01549067485686904, 0.004507720527096107, 0.9998698512547157]
2020/03/09 14:56:22 015787	INFO [input.cpp->run:256]	frame times (ms): 173.542
2020/03/09 14:56:22 015792	INFO [input.cpp->run:257]	FPS: 5.76229
2020/03/09 14:56:22 071375	INFO [input.cpp->run:173]	
frame_id 4
2020/03/09 14:56:22 168062	INFO [input.cpp->run:235]	rotation: 
[-0.9682731344409472, -0.007656347685405846, -0.2497769354044194;
 -0.01142494764293182, -0.9971290433066816, 0.07485413526090746;
 -0.2496329459251314, 0.07533293658435296, 0.9654057908332216]
2020/03/09 14:56:22 168119	INFO [input.cpp->run:256]	frame times (ms): 192.233
2020/03/09 14:56:22 168122	INFO [input.cpp->run:257]	FPS: 5.20202
2020/03/09 14:56:22 171807	INFO [input.cpp->run:173]	
frame_id 5
2020/03/09 14:56:22 228846	INFO [input.cpp->run:235]	rotation: 
[0.9999925564603547, 0.003781142808537283, -0.0007681034733935956;
 -0.00378653481501135, 0.9999673113324997, -0.007144117898397714;
 0.0007410654350996791, 0.007146973171416443, 0.9999741854650589]
2020/03/09 14:56:22 228913	INFO [input.cpp->run:256]	frame times (ms): 171.11
2020/03/09 14:56:22 228917	INFO [input.cpp->run:257]	FPS: 5.84419
2020/03/09 14:56:22 234227	INFO [input.cpp->run:173]	
frame_id 6
2020/03/09 14:56:22 290221	INFO [input.cpp->run:235]	rotation: 
[0.999989773328973, 0.00448471263236687, 0.0005836009547204241;
 -0.004477559543052542, 0.9999211809965367, -0.0117295888687424;
 -0.0006361587912468716, 0.01172685580607161, 0.9999310356994106]
2020/03/09 14:56:22 290276	INFO [input.cpp->run:256]	frame times (ms): 176.846
2020/03/09 14:56:22 290278	INFO [input.cpp->run:257]	FPS: 5.65464
2020/03/09 14:56:22 327001	INFO [input.cpp->run:173]	
frame_id 7
2020/03/09 14:56:22 384861	INFO [input.cpp->run:235]	rotation: 
[0.9999965549317605, 0.002589162213954885, -0.0004316985525916974;
 -0.002592420628113213, 0.9999667906444177, -0.007726381015081408;
 0.0004116793623860929, 0.007727473541404432, 0.9999700578881197]
2020/03/09 14:56:22 384930	INFO [input.cpp->run:256]	frame times (ms): 175.278
2020/03/09 14:56:22 384934	INFO [input.cpp->run:257]	FPS: 5.70522
2020/03/09 14:56:22 401461	INFO [input.cpp->run:173]	
frame_id 8
2020/03/09 14:56:22 454176	INFO [input.cpp->run:235]	rotation: 
[0.999945189535039, 0.01046397723190522, -0.0003508649671821057;
 -0.01046493328138828, 0.9999411974135908, -0.002843745152146123;
 0.0003210874508891572, 0.00284726106362444, 0.9999958949952167]
2020/03/09 14:56:22 454230	INFO [input.cpp->run:256]	frame times (ms): 175.867
2020/03/09 14:56:22 454232	INFO [input.cpp->run:257]	FPS: 5.68611
2020/03/09 14:56:22 463032	INFO [input.cpp->run:173]	
frame_id 9
2020/03/09 14:56:22 518969	INFO [input.cpp->run:235]	rotation: 
[-0.9867983967396959, -0.00314000610149086, -0.161923020456167;
 -0.01181156693356517, -0.9957540964318173, 0.09129220298486065;
 -0.1615221690002322, 0.09199956413449845, 0.9825714575136626]
2020/03/09 14:56:22 519030	INFO [input.cpp->run:256]	frame times (ms): 171.587
2020/03/09 14:56:22 519035	INFO [input.cpp->run:257]	FPS: 5.82795
2020/03/09 14:56:22 530079	INFO [input.cpp->run:173]	
frame_id 10
2020/03/09 14:56:22 586799	INFO [input.cpp->run:235]	rotation: 
[0.9999861378794939, 0.005265176416129278, 4.434141406769469e-05;
 -0.005264532782470081, 0.9999425393399439, -0.009338239286241194;
 -9.350634343886357e-05, 0.009337876401614912, 0.9999563967098125]
2020/03/09 14:56:22 586861	INFO [input.cpp->run:256]	frame times (ms): 177.769
2020/03/09 14:56:22 586866	INFO [input.cpp->run:257]	FPS: 5.62528
2020/03/09 14:56:22 596173	INFO [input.cpp->run:173]	
frame_id 11
2020/03/09 14:56:22 649354	INFO [input.cpp->run:235]	rotation: 
[0.9999906148952316, 0.004224820710453318, -0.0009596933996040067;
 -0.004221326858010833, 0.9999845599343682, 0.003613902658586314;
 0.0009749466726724882, -0.003609817562208037, 0.9999930093236418]
2020/03/09 14:56:22 649416	INFO [input.cpp->run:256]	frame times (ms): 174.923
2020/03/09 14:56:22 649420	INFO [input.cpp->run:257]	FPS: 5.7168
2020/03/09 14:56:22 663103	INFO [input.cpp->run:173]	
frame_id 12
2020/03/09 14:56:22 713219	INFO [input.cpp->run:235]	rotation: 
[0.999962472755754, 0.00865858442947154, -0.0002863492199139284;
 -0.008658155953760195, 0.9999614440515214, 0.001465177762697256;
 0.0002990245448106569, -0.001462643522410239, 0.999998885628503]
2020/03/09 14:56:22 713294	INFO [input.cpp->run:256]	frame times (ms): 168.3
2020/03/09 14:56:22 713299	INFO [input.cpp->run:257]	FPS: 5.94177
2020/03/09 14:56:22 729307	INFO [input.cpp->run:173]	
frame_id 13
2020/03/09 14:56:22 786267	INFO [input.cpp->run:235]	rotation: 
[-0.9330209912356343, -0.01262867703804658, -0.3596002592184036;
 -0.0113184337297902, -0.9978593085410765, 0.06441035177538613;
 -0.3596438835453464, 0.06416632196248555, 0.9308807443245497]
2020/03/09 14:56:22 786329	INFO [input.cpp->run:256]	frame times (ms): 178.837
2020/03/09 14:56:22 786333	INFO [input.cpp->run:257]	FPS: 5.59168
2020/03/09 14:56:22 796928	INFO [input.cpp->run:173]	
frame_id 14
2020/03/09 14:56:22 853347	INFO [input.cpp->run:235]	rotation: 
[0.9999931497639832, 0.00363175211603255, -0.0007147039075421285;
 -0.003636925148057255, 0.9999661908829965, -0.007374948570536489;
 0.0006878957589574185, 0.007377497375012924, 0.9999725492891824]
2020/03/09 14:56:22 853416	INFO [input.cpp->run:256]	frame times (ms): 181.558
2020/03/09 14:56:22 853421	INFO [input.cpp->run:257]	FPS: 5.50788
2020/03/09 14:56:22 863512	INFO [input.cpp->run:173]	
frame_id 15
2020/03/09 14:56:22 913729	INFO [input.cpp->run:235]	rotation: 
[0.9999931128771975, 0.003704689058769002, -0.0002224345981288502;
 -0.00370582637166579, 0.9999788160515238, -0.005351102605598848;
 0.0002026057148104718, 0.005351890055897791, 0.9999856580090306]
2020/03/09 14:56:22 913806	INFO [input.cpp->run:256]	frame times (ms): 166.876
2020/03/09 14:56:22 913811	INFO [input.cpp->run:257]	FPS: 5.99247
2020/03/09 14:56:22 930257	INFO [input.cpp->run:173]	
frame_id 16
2020/03/09 14:56:22 985732	INFO [input.cpp->run:235]	rotation: 
[0.9999389268204044, 0.01104456005658696, -0.0004004028150342578;
 -0.01104328859878475, 0.9999343707649705, 0.003049580263990889;
 0.0004340578092768332, -0.003044972252585546, 0.9999952698577125]
2020/03/09 14:56:22 985774	INFO [input.cpp->run:256]	frame times (ms): 171.008
2020/03/09 14:56:22 985776	INFO [input.cpp->run:257]	FPS: 5.84768
2020/03/09 14:56:22 995824	INFO [input.cpp->run:173]	
frame_id 17
2020/03/09 14:56:23 051932	INFO [input.cpp->run:235]	rotation: 
[-0.9885029948362608, -0.007165615658569157, -0.1510313979011553;
 -0.007679555895214552, -0.9952078544749907, 0.09748000211601326;
 -0.1510061376931272, 0.09751912809043847, 0.9837109158871249]
2020/03/09 14:56:23 051978	INFO [input.cpp->run:256]	frame times (ms): 175.275
2020/03/09 14:56:23 051989	INFO [input.cpp->run:257]	FPS: 5.70532
2020/03/09 14:56:23 062964	INFO [input.cpp->run:173]	
frame_id 18
2020/03/09 14:56:23 118817	INFO [input.cpp->run:235]	rotation: 
[-0.9917551045820849, -0.0169455096130985, -0.1270222903246913;
 0.008776186457426973, -0.9978726500717621, 0.06459994419520154;
 -0.1278467484398499, 0.06295255310717005, 0.9897940113835035]
2020/03/09 14:56:23 118860	INFO [input.cpp->run:256]	frame times (ms): 177.047
2020/03/09 14:56:23 118862	INFO [input.cpp->run:257]	FPS: 5.64822
2020/03/09 14:56:23 129579	INFO [input.cpp->run:173]	
frame_id 19
2020/03/09 14:56:23 186743	INFO [input.cpp->run:235]	rotation: 
[0.9999576562642735, 0.009194090858764119, -0.0003929016949919751;
 -0.009198996737563877, 0.9998424280984859, -0.01518214191563324;
 0.0002532537925218039, 0.01518511334843862, 0.9998846674467569]
2020/03/09 14:56:23 186801	INFO [input.cpp->run:256]	frame times (ms): 184.446
2020/03/09 14:56:23 186805	INFO [input.cpp->run:257]	FPS: 5.42164
2020/03/09 14:56:23 196610	INFO [input.cpp->run:173]	
frame_id 20
2020/03/09 14:56:23 254007	INFO [input.cpp->run:235]	rotation: 
[-0.9866775700721474, 0.008817319467701645, -0.1624488460837049;
 0.002726800924884446, -0.9974936526228148, -0.07070344782195137;
 -0.1626651077313103, -0.0702044717564333, 0.9841805702573901]
2020/03/09 14:56:23 254064	INFO [input.cpp->run:256]	frame times (ms): 185.982
2020/03/09 14:56:23 254068	INFO [input.cpp->run:257]	FPS: 5.37686
2020/03/09 14:56:23 264202	INFO [input.cpp->run:173]	
frame_id 21
2020/03/09 14:56:23 322641	INFO [input.cpp->run:235]	rotation: 
[-0.9846410478101579, -0.004924344471635759, -0.1745215109917367;
 -0.01087808914712906, -0.9959296611154372, 0.08947500928749529;
 -0.1742517550666888, 0.08999922745232276, 0.9805796576077666]
2020/03/09 14:56:23 322696	INFO [input.cpp->run:256]	frame times (ms): 177.603
2020/03/09 14:56:23 322700	INFO [input.cpp->run:257]	FPS: 5.63054
2020/03/09 14:56:23 330074	INFO [input.cpp->run:173]	
frame_id 22
2020/03/09 14:56:23 381842	INFO [input.cpp->run:235]	rotation: 
[0.9999259023559163, 0.01213083241203332, -0.001016219807779016;
 -0.01212594674209854, 0.9999155105602774, 0.004683284807434192;
 0.001072946091073628, -0.004670615159795994, 0.9999885170044278]
2020/03/09 14:56:23 381902	INFO [input.cpp->run:256]	frame times (ms): 173.841
2020/03/09 14:56:23 381906	INFO [input.cpp->run:257]	FPS: 5.75238
2020/03/09 14:56:23 396924	INFO [input.cpp->run:173]	
frame_id 23
2020/03/09 14:56:23 449954	INFO [input.cpp->run:235]	rotation: 
[-0.9894006373382597, -0.005298268307308054, -0.1451148069205531;
 -0.005738683091296593, -0.9971268175379043, 0.07553262383307305;
 -0.1450980577093412, 0.07556479404904523, 0.9865275036963246]
2020/03/09 14:56:23 450005	INFO [input.cpp->run:256]	frame times (ms): 172.784
2020/03/09 14:56:23 450014	INFO [input.cpp->run:257]	FPS: 5.78757
2020/03/09 14:56:23 463726	INFO [input.cpp->run:173]	
frame_id 24
2020/03/09 14:56:23 534443	INFO [input.cpp->run:235]	rotation: 
[-0.9928386875059091, -0.01448497437317529, -0.1185813059000118;
 -0.003410216871455369, -0.9887808784720592, 0.1493343389475864;
 -0.1194140318908685, 0.1486692970503037, 0.9816505127091499]
2020/03/09 14:56:23 534501	INFO [input.cpp->run:256]	frame times (ms): 189.109
2020/03/09 14:56:23 534505	INFO [input.cpp->run:257]	FPS: 5.28796
2020/03/09 14:56:23 598277	INFO [input.cpp->run:173]	
frame_id 25
2020/03/09 14:56:23 686584	INFO [input.cpp->run:235]	rotation: 
[-0.9992159667841108, 0.003188308474106713, 0.03946246840694011;
 -0.002165146247876003, -0.999661076144622, 0.02594311051323073;
 0.03953180827409891, 0.02583732823746167, 0.9988842118104229]
2020/03/09 14:56:23 686649	INFO [input.cpp->run:256]	frame times (ms): 183.814
2020/03/09 14:56:23 686652	INFO [input.cpp->run:257]	FPS: 5.44028
2020/03/09 14:56:23 730059	INFO [input.cpp->run:173]	
frame_id 26
2020/03/09 14:56:23 784190	INFO [input.cpp->run:235]	rotation: 
[0.9999959926995228, 0.002829974401852153, 7.63530018431886e-05;
 -0.002826829205222172, 0.9996222209606674, -0.02733906359601539;
 -0.0001536930074268338, 0.02733873820327727, 0.9996262150283536]
2020/03/09 14:56:23 784258	INFO [input.cpp->run:256]	frame times (ms): 177.049
2020/03/09 14:56:23 784293	INFO [input.cpp->run:257]	FPS: 5.64815
2020/03/09 14:56:23 796032	INFO [input.cpp->run:173]	
frame_id 27
2020/03/09 14:56:23 849245	INFO [input.cpp->run:235]	rotation: 
[-0.9946141551050636, -0.01616844363316433, -0.102378044009064;
 0.001234875045894392, -0.9895362284329301, 0.1442793391388835;
 -0.1036395559053669, 0.1433758489049432, 0.9842267057962439]
2020/03/09 14:56:23 849299	INFO [input.cpp->run:256]	frame times (ms): 179.144
2020/03/09 14:56:23 849303	INFO [input.cpp->run:257]	FPS: 5.5821
2020/03/09 14:56:23 864567	INFO [input.cpp->run:173]	
frame_id 28
2020/03/09 14:56:23 917936	INFO [input.cpp->run:235]	rotation: 
[-0.9973201124386655, -0.01664346005386851, -0.07124316502488409;
 0.00471814339489293, -0.9863848541339983, 0.1643857008926142;
 -0.07300912578734808, 0.1636090302290374, 0.9838199798638371]
2020/03/09 14:56:23 917990	INFO [input.cpp->run:256]	frame times (ms): 171.54
2020/03/09 14:56:23 917993	INFO [input.cpp->run:257]	FPS: 5.82954
2020/03/09 14:56:23 930559	INFO [input.cpp->run:173]	
frame_id 29
2020/03/09 14:56:23 984755	INFO [input.cpp->run:235]	rotation: 
[-0.9997792981053313, 0.00241915051332368, 0.02086870362061385;
 -0.002142007241336231, -0.9999093568381177, 0.0132924757874466;
 0.02089896851495784, 0.01324484119858282, 0.9996938567864846]
2020/03/09 14:56:23 984814	INFO [input.cpp->run:256]	frame times (ms): 163.252
2020/03/09 14:56:23 984818	INFO [input.cpp->run:257]	FPS: 6.1255
2020/03/09 14:56:23 997316	INFO [input.cpp->run:173]	
frame_id 30
2020/03/09 14:56:24 055359	INFO [input.cpp->run:235]	rotation: 
[-0.9982339051304907, 0.00479673270058814, 0.05921200894522573;
 -0.005289091906946405, -0.9999527084958584, -0.008161266972523231;
 0.05917006130409412, -0.008460031158100593, 0.9982120675077386]
2020/03/09 14:56:24 055420	INFO [input.cpp->run:256]	frame times (ms): 173.006
2020/03/09 14:56:24 055424	INFO [input.cpp->run:257]	FPS: 5.78015
2020/03/09 14:56:24 064098	INFO [input.cpp->run:173]	
frame_id 31
2020/03/09 14:56:24 118122	INFO [input.cpp->run:235]	rotation: 
[-0.9977261500140899, 0.002038586230456131, 0.06736745315241487;
 -0.005144582124085991, -0.9989298481037883, -0.04596402769678716;
 0.06720165811072189, -0.04620608978828956, 0.9966689191570322]
2020/03/09 14:56:24 118192	INFO [input.cpp->run:256]	frame times (ms): 178.828
2020/03/09 14:56:24 118197	INFO [input.cpp->run:257]	FPS: 5.59197
2020/03/09 14:56:24 129822	INFO [input.cpp->run:173]	
frame_id 32
2020/03/09 14:56:24 188482	INFO [input.cpp->run:235]	rotation: 
[0.9999453648462308, 0.01045239832666549, -0.0001212095670033821;
 -0.01045173533482197, 0.9999349354541252, 0.004570129849949298;
 0.0001689704981542034, -0.004568613309887834, 0.9999895495560919]
2020/03/09 14:56:24 188539	INFO [input.cpp->run:256]	frame times (ms): 185.443
2020/03/09 14:56:24 188543	INFO [input.cpp->run:257]	FPS: 5.39249
2020/03/09 14:56:24 198502	INFO [input.cpp->run:173]	
frame_id 33
2020/03/09 14:56:24 249253	INFO [input.cpp->run:235]	rotation: 
[-0.9942099324524792, -0.008024658226246508, -0.1071550982137047;
 0.0001871923219246164, -0.9973354429686446, 0.07295189618900896;
 -0.1074549913771872, 0.0725094411707142, 0.9915623055407257]
2020/03/09 14:56:24 249315	INFO [input.cpp->run:256]	frame times (ms): 170.908
2020/03/09 14:56:24 249327	INFO [input.cpp->run:257]	FPS: 5.8511
2020/03/09 14:56:24 262917	INFO [input.cpp->run:173]	
frame_id 34
2020/03/09 14:56:24 322165	INFO [input.cpp->run:235]	rotation: 
[-0.7860825925711511, -0.0381850144873791, -0.616940890462949;
 -0.02841779669108324, -0.9948021162860042, 0.09778127767682136;
 -0.6174678829605975, 0.0943962610567073, 0.7809114926870216]
2020/03/09 14:56:24 322223	INFO [input.cpp->run:256]	frame times (ms): 179.873
2020/03/09 14:56:24 322227	INFO [input.cpp->run:257]	FPS: 5.55948
2020/03/09 14:56:24 330804	INFO [input.cpp->run:173]	
frame_id 35
2020/03/09 14:56:24 384120	INFO [input.cpp->run:235]	rotation: 
[0.9999913916924583, 0.00406121251420875, -0.000850349278119211;
 -0.004065796396281263, 0.9999768280576017, -0.005460095926050695;
 0.0008281549639710626, 0.005463506270896315, 0.9999847320127361]
2020/03/09 14:56:24 384187	INFO [input.cpp->run:256]	frame times (ms): 176.618
2020/03/09 14:56:24 384191	INFO [input.cpp->run:257]	FPS: 5.66194
2020/03/09 14:56:24 397235	INFO [input.cpp->run:173]	
frame_id 36
2020/03/09 14:56:24 450033	INFO [input.cpp->run:235]	rotation: 
[0.9999690745709481, 0.007846111321004903, -0.0005370650427070063;
 -0.007846464002254333, 0.999968999699295, -0.0006577560739280891;
 0.0005318875661510774, 0.0006619497940637611, 0.9999996394589785]
2020/03/09 14:56:24 450096	INFO [input.cpp->run:256]	frame times (ms): 174.302
2020/03/09 14:56:24 450100	INFO [input.cpp->run:257]	FPS: 5.73717
2020/03/09 14:56:24 464593	INFO [input.cpp->run:173]	
frame_id 37
2020/03/09 14:56:24 516947	INFO [input.cpp->run:235]	rotation: 
[0.9999722968402022, 0.00739855504283645, -0.0008166611346043856;
 -0.007399800124862803, 0.9999714471672702, -0.001532255953637995;
 0.0008053013366029077, 0.001538256634472276, 0.9999984926270058]
2020/03/09 14:56:24 517008	INFO [input.cpp->run:256]	frame times (ms): 173.615
2020/03/09 14:56:24 517020	INFO [input.cpp->run:257]	FPS: 5.75987
2020/03/09 14:56:24 530660	INFO [input.cpp->run:173]	
frame_id 38
2020/03/09 14:56:24 586212	INFO [input.cpp->run:235]	rotation: 
[-0.9415164254440739, -0.03318326481938359, -0.3353292286021907;
 -0.03826350204887655, -0.9781745550679971, 0.2042313497690339;
 -0.3347875819530485, 0.2051180410238273, 0.9196977026265636]
2020/03/09 14:56:24 586270	INFO [input.cpp->run:256]	frame times (ms): 180.829
2020/03/09 14:56:24 586273	INFO [input.cpp->run:257]	FPS: 5.53009
2020/03/09 14:56:24 600265	INFO [input.cpp->run:173]	
frame_id 39
2020/03/09 14:56:24 651363	INFO [input.cpp->run:235]	rotation: 
[-0.9835765185656193, -0.00483526697698094, -0.1804268614136967;
 -0.01173139890271326, -0.9958146904144162, 0.090639266516372;
 -0.1801099841933295, 0.09126731368952312, 0.9794032218886037]
2020/03/09 14:56:24 651405	INFO [input.cpp->run:256]	frame times (ms): 169.865
2020/03/09 14:56:24 651419	INFO [input.cpp->run:257]	FPS: 5.88703
2020/03/09 14:56:24 663749	INFO [input.cpp->run:173]	
frame_id 40
2020/03/09 14:56:24 714991	INFO [input.cpp->run:235]	rotation: 
[0.9999835725906973, 0.005706679017614411, -0.0005369947259836435;
 -0.005709533337439269, 0.9999687228155035, -0.005473081380655033;
 0.000505744811623845, 0.005476057461397078, 0.999984878394101]
2020/03/09 14:56:24 715041	INFO [input.cpp->run:256]	frame times (ms): 174.141
2020/03/09 14:56:24 715046	INFO [input.cpp->run:257]	FPS: 5.74247
2020/03/09 14:56:24 731407	INFO [input.cpp->run:173]	
frame_id 41
2020/03/09 14:56:24 784063	INFO [input.cpp->run:235]	rotation: 
[0.9999827506657099, 0.005873526131726483, 7.862607063936165e-06;
 -0.005873459893423564, 0.9999762867104126, -0.00359562035468704;
 -2.898139072867993e-05, 0.003595512151922314, 0.9999935357053287]
2020/03/09 14:56:24 784104	INFO [input.cpp->run:256]	frame times (ms): 168.484
2020/03/09 14:56:24 784107	INFO [input.cpp->run:257]	FPS: 5.93528
2020/03/09 14:56:24 796626	INFO [input.cpp->run:173]	
frame_id 42
2020/03/09 14:56:24 847967	INFO [input.cpp->run:235]	rotation: 
[-0.9679775679937433, -0.01020015342827254, -0.2508293936741818;
 -0.01374649749234107, -0.9955212967900329, 0.09353278272447715;
 -0.2506600519979421, 0.09398566118047419, 0.9635020673692707]
2020/03/09 14:56:24 848013	INFO [input.cpp->run:256]	frame times (ms): 165.216
2020/03/09 14:56:24 848016	INFO [input.cpp->run:257]	FPS: 6.05268
2020/03/09 14:56:24 869316	INFO [input.cpp->run:173]	
frame_id 43
2020/03/09 14:56:24 921576	INFO [input.cpp->run:235]	rotation: 
[-0.9841281097283031, -0.004609034145814934, -0.1773996066704764;
 -0.01139728892790163, -0.9959572286325489, 0.08910275270532722;
 -0.1770930982497369, 0.08971039816440166, 0.9800969742905512]
2020/03/09 14:56:24 921619	INFO [input.cpp->run:256]	frame times (ms): 174.042
2020/03/09 14:56:24 921622	INFO [input.cpp->run:257]	FPS: 5.74574
2020/03/09 14:56:24 936418	INFO [input.cpp->run:173]	
frame_id 44
2020/03/09 14:56:24 988244	INFO [input.cpp->run:235]	rotation: 
[-0.9999735354090573, -0.001881699273711338, 0.00702763753719066;
 0.00188429625534807, -0.9999981588510352, 0.0003629354789987314;
 0.007026941662835847, 0.000376168025155013, 0.9999752399877126]
2020/03/09 14:56:24 988286	INFO [input.cpp->run:256]	frame times (ms): 172.297
2020/03/09 14:56:24 988288	INFO [input.cpp->run:257]	FPS: 5.80393
2020/03/09 14:56:24 996770	INFO [input.cpp->run:173]	
frame_id 45
2020/03/09 14:56:25 049233	INFO [input.cpp->run:235]	rotation: 
[-0.9990186596916415, 0.01032260219971459, 0.04307158543335379;
 -0.01015126806582349, -0.9999396762167062, 0.004194721002004666;
 0.04311228762861047, 0.003753373343449088, 0.9990631826085739]
2020/03/09 14:56:25 049276	INFO [input.cpp->run:256]	frame times (ms): 177.602
2020/03/09 14:56:25 049279	INFO [input.cpp->run:257]	FPS: 5.63057
2020/03/09 14:56:25 063713	INFO [input.cpp->run:173]	
frame_id 46
2020/03/09 14:56:25 115173	INFO [input.cpp->run:235]	rotation: 
[-0.9801668668551794, 0.007437470409843577, -0.1980343332687636;
 -0.007588483648600626, -0.9999712070367576, 3.655825670408541e-06;
 -0.1980286040833898, 0.001506363619064672, 0.9801950840692031]
2020/03/09 14:56:25 115227	INFO [input.cpp->run:256]	frame times (ms): 164.846
2020/03/09 14:56:25 115230	INFO [input.cpp->run:257]	FPS: 6.06627
2020/03/09 14:56:25 130965	INFO [input.cpp->run:173]	
frame_id 47
2020/03/09 14:56:25 183063	INFO [input.cpp->run:235]	rotation: 
[-0.9876063857488957, -0.01185888893574604, -0.1565023756407966;
 0.006351703239238178, -0.9993444200749595, 0.03564247369366336;
 -0.1568224559620337, 0.03420667797744285, 0.9870342549718245]
2020/03/09 14:56:25 183121	INFO [input.cpp->run:256]	frame times (ms): 179.491
2020/03/09 14:56:25 183148	INFO [input.cpp->run:257]	FPS: 5.57131
2020/03/09 14:56:25 197717	INFO [input.cpp->run:173]	
frame_id 48
2020/03/09 14:56:25 249248	INFO [input.cpp->run:235]	rotation: 
[0.9999557540147529, 0.009396177112478438, -0.0004492977387408571;
 -0.009402840878049382, 0.9997873661727225, -0.01835235747343389;
 0.0002767602015911795, 0.01835577013044012, 0.9998314803539191]
2020/03/09 14:56:25 249292	INFO [input.cpp->run:256]	frame times (ms): 170.838
2020/03/09 14:56:25 249294	INFO [input.cpp->run:257]	FPS: 5.8535
2020/03/09 14:56:25 264142	INFO [input.cpp->run:173]	
frame_id 49
2020/03/09 14:56:25 316040	INFO [input.cpp->run:235]	rotation: 
[-0.9975287214966201, 0.01002160595288239, 0.06954147829492568;
 -0.007277635202549725, -0.9991891166951882, 0.03959981191556748;
 0.06988194198201048, 0.03899585224116615, 0.9967927757025563]
2020/03/09 14:56:25 316086	INFO [input.cpp->run:256]	frame times (ms): 173.524
2020/03/09 14:56:25 316089	INFO [input.cpp->run:257]	FPS: 5.76289
2020/03/09 14:56:25 330514	INFO [input.cpp->run:173]	
frame_id 50
2020/03/09 14:56:25 389332	INFO [input.cpp->run:235]	rotation: 
[-0.7886796225171705, -0.4277069930425093, -0.4416459907309341;
 -0.4194357742981365, -0.1509005358722056, 0.895155103606299;
 -0.4495087143372151, 0.8912327172944317, -0.0603834361301826]
2020/03/09 14:56:25 389392	INFO [input.cpp->run:256]	frame times (ms): 168.28
2020/03/09 14:56:25 389396	INFO [input.cpp->run:257]	FPS: 5.94248
2020/03/09 14:56:25 398433	INFO [input.cpp->run:173]	
frame_id 51
2020/03/09 14:56:25 453420	INFO [input.cpp->run:235]	rotation: 
[-0.999439686264365, 0.005548020131603848, 0.03300807465465295;
 -0.005214393665829639, -0.9999345364948634, 0.01018493119762772;
 0.03306242003371169, 0.01000710734538074, 0.9994031890003612]
2020/03/09 14:56:25 453464	INFO [input.cpp->run:256]	frame times (ms): 176.846
2020/03/09 14:56:25 453467	INFO [input.cpp->run:257]	FPS: 5.65464
2020/03/09 14:56:25 464066	INFO [input.cpp->run:173]	
frame_id 52
2020/03/09 14:56:25 518291	INFO [input.cpp->run:235]	rotation: 
[-0.9895480694903775, -0.005977764446599678, -0.1440794381585651;
 0.003759123084512097, -0.9998702135197564, 0.01566604958476226;
 -0.1441543865496375, 0.01496069678115663, 0.9894421106817313]
2020/03/09 14:56:25 518332	INFO [input.cpp->run:256]	frame times (ms): 167.676
2020/03/09 14:56:25 518334	INFO [input.cpp->run:257]	FPS: 5.96388
2020/03/09 14:56:25 531052	INFO [input.cpp->run:173]	
frame_id 53
2020/03/09 14:56:25 584253	INFO [input.cpp->run:235]	rotation: 
[0.9999574031701524, 0.008919750471872613, -0.002372740340827319;
 -0.008964341719946001, 0.9997697090680211, -0.01949793341799161;
 0.002198277219437215, 0.0195183729230673, 0.9998070817391236]
2020/03/09 14:56:25 584310	INFO [input.cpp->run:256]	frame times (ms): 174.935
2020/03/09 14:56:25 584326	INFO [input.cpp->run:257]	FPS: 5.71641
2020/03/09 14:56:25 596475	INFO [input.cpp->run:173]	
frame_id 54
2020/03/09 14:56:25 650427	INFO [input.cpp->run:235]	rotation: 
[-0.9598114008556463, -0.01551396702604308, -0.2802166868954038;
 -0.02147042079912229, -0.9914855803201652, 0.1284342829928745;
 -0.2798233296532484, 0.1292890592598616, 0.9513060723749585]
2020/03/09 14:56:25 650488	INFO [input.cpp->run:256]	frame times (ms): 170.183
2020/03/09 14:56:25 650492	INFO [input.cpp->run:257]	FPS: 5.87603
2020/03/09 14:56:25 663459	INFO [input.cpp->run:173]	
frame_id 55
2020/03/09 14:56:25 717801	INFO [input.cpp->run:235]	rotation: 
[-0.9906147031974397, -0.005211586267378764, 0.1365845861641276;
 -0.003879958785052864, -0.9977979778810299, -0.06621284812145027;
 0.1366288978542776, -0.06612136345467794, 0.9884131269697003]
2020/03/09 14:56:25 717855	INFO [input.cpp->run:256]	frame times (ms): 172.755
2020/03/09 14:56:25 717861	INFO [input.cpp->run:257]	FPS: 5.78854
2020/03/09 14:56:25 730658	INFO [input.cpp->run:173]	
frame_id 56
2020/03/09 14:56:25 787955	INFO [input.cpp->run:235]	rotation: 
[-0.9995826493859898, 0.005689175625831977, 0.02832243505039357;
 -0.005788456654425823, -0.9999773825804978, -0.003424630931419587;
 0.02830231114317621, -0.003587144847234595, 0.9995929729523911]
2020/03/09 14:56:25 788015	INFO [input.cpp->run:256]	frame times (ms): 178.634
2020/03/09 14:56:25 788019	INFO [input.cpp->run:257]	FPS: 5.59804
2020/03/09 14:56:25 797661	INFO [input.cpp->run:173]	
frame_id 57
2020/03/09 14:56:25 849105	INFO [input.cpp->run:235]	rotation: 
[-0.9988844537768226, 0.0004331028928583718, 0.04721928022389886;
 -0.004015832115276998, -0.9971145077910706, -0.07580588001595262;
 0.04705019761277096, -0.07591093975478957, 0.9960039197363353]
2020/03/09 14:56:25 849170	INFO [input.cpp->run:256]	frame times (ms): 176.549
2020/03/09 14:56:25 849175	INFO [input.cpp->run:257]	FPS: 5.66415
2020/03/09 14:56:25 863498	INFO [input.cpp->run:173]	
frame_id 58
2020/03/09 14:56:25 919827	INFO [input.cpp->run:235]	rotation: 
[0.9999635993713677, 0.008531136407017779, -0.0001401565682259522;
 -0.008531352537704619, 0.9999622925852627, -0.001621552189405688;
 0.0001263176003651877, 0.001622688888980644, 0.9999986754614395]
2020/03/09 14:56:25 919883	INFO [input.cpp->run:256]	frame times (ms): 177.865
2020/03/09 14:56:25 919888	INFO [input.cpp->run:257]	FPS: 5.62224
2020/03/09 14:56:25 931567	INFO [input.cpp->run:173]	
frame_id 59
2020/03/09 14:56:25 988325	INFO [input.cpp->run:235]	rotation: 
[-0.9997415208310649, 0.007937242399958412, 0.02130473443800156;
 -0.00780464661105045, -0.9999496992396322, 0.006299720775231932;
 0.02135366520450496, 0.006131816505210549, 0.9997531804443938]
2020/03/09 14:56:25 988378	INFO [input.cpp->run:256]	frame times (ms): 177.661
2020/03/09 14:56:25 988382	INFO [input.cpp->run:257]	FPS: 5.6287
2020/03/09 14:56:25 998064	INFO [input.cpp->run:173]	
frame_id 60
2020/03/09 14:56:26 056072	INFO [input.cpp->run:235]	rotation: 
[-0.999627870788949, 0.007234514250650272, 0.02630174415337024;
 -0.007278073187090813, -0.9999722964400194, -0.001560770052645709;
 0.02628972408823563, -0.001751615263413752, 0.9996528308624608]
2020/03/09 14:56:26 056132	INFO [input.cpp->run:256]	frame times (ms): 173.294
2020/03/09 14:56:26 056136	INFO [input.cpp->run:257]	FPS: 5.77054
2020/03/09 14:56:26 070600	INFO [input.cpp->run:173]	
frame_id 61
2020/03/09 14:56:26 127961	INFO [input.cpp->run:235]	rotation: 
[0.9999986441121171, 0.0006025556046321787, 0.001532547118573936;
 -0.0005760287878555727, 0.9998510260474655, -0.01725091019819135;
 -0.001542713441597163, 0.01725000401663219, 0.9998500174509491]
2020/03/09 14:56:26 128025	INFO [input.cpp->run:256]	frame times (ms): 181.274
2020/03/09 14:56:26 128029	INFO [input.cpp->run:257]	FPS: 5.51651
2020/03/09 14:56:26 138486	INFO [input.cpp->run:173]	
frame_id 62
2020/03/09 14:56:26 192576	INFO [input.cpp->run:235]	rotation: 
[-0.9969390855587472, -0.01685039637131715, -0.07634476948303959;
 0.002031703212492125, -0.9817517697023961, 0.1901560802821456;
 -0.07815581787266576, 0.1894189188765024, 0.9787809465372281]
2020/03/09 14:56:26 192635	INFO [input.cpp->run:256]	frame times (ms): 172.588
2020/03/09 14:56:26 192640	INFO [input.cpp->run:257]	FPS: 5.79415
2020/03/09 14:56:26 198130	INFO [input.cpp->run:173]	
frame_id 63
2020/03/09 14:56:26 249633	INFO [input.cpp->run:235]	rotation: 
[0.9999517434234376, 0.009816016786742593, -0.0003957762876445857;
 -0.009821388176825952, 0.9998026371566032, -0.01726925212571927;
 0.0002261829073505566, 0.01727230584328403, 0.9998507970153089]
2020/03/09 14:56:26 249692	INFO [input.cpp->run:256]	frame times (ms): 175.979
2020/03/09 14:56:26 249697	INFO [input.cpp->run:257]	FPS: 5.6825
2020/03/09 14:56:26 263478	INFO [input.cpp->run:173]	
frame_id 64
2020/03/09 14:56:26 317286	INFO [input.cpp->run:235]	rotation: 
[-0.9999299115627183, -0.008382109042499683, 0.008361352173786299;
 0.008537246233334402, -0.9997887980563621, 0.01869424263687185;
 0.008202889059706548, 0.01876431530897051, 0.9997902845507445]
2020/03/09 14:56:26 317350	INFO [input.cpp->run:256]	frame times (ms): 176.166
2020/03/09 14:56:26 317356	INFO [input.cpp->run:257]	FPS: 5.67646
2020/03/09 14:56:26 331252	INFO [input.cpp->run:173]	
frame_id 65
2020/03/09 14:56:26 383633	INFO [input.cpp->run:235]	rotation: 
[-0.9653527739198172, 0.04244245863950733, 0.2574736095019217;
 -0.01467598974972784, -0.9939531170377689, 0.1088201105300355;
 0.260535289759718, 0.1012711155045553, 0.9601382837666053]
2020/03/09 14:56:26 383703	INFO [input.cpp->run:256]	frame times (ms): 171.881
2020/03/09 14:56:26 383707	INFO [input.cpp->run:257]	FPS: 5.81798
2020/03/09 14:56:26 398669	INFO [input.cpp->run:173]	
frame_id 66
2020/03/09 14:56:26 452417	INFO [input.cpp->run:235]	rotation: 
[-0.9999412104390571, 0.0004660863142066455, 0.01083320955308456;
 -0.0001891490419105073, -0.9996735093663459, 0.02555071219778901;
 0.01084158144890669, 0.02554716099142934, 0.9996148271594241]
2020/03/09 14:56:26 452475	INFO [input.cpp->run:256]	frame times (ms): 169.13
2020/03/09 14:56:26 452484	INFO [input.cpp->run:257]	FPS: 5.91261
2020/03/09 14:56:26 464338	INFO [input.cpp->run:173]	
frame_id 67
2020/03/09 14:56:26 516636	INFO [input.cpp->run:235]	rotation: 
[-0.9993179157723643, 0.003736565578067621, 0.036738825431125;
 -0.005243983758920149, -0.9991445517591189, -0.04102030380684214;
 0.03655412221233138, -0.04118498230848529, 0.9984826455084412]
2020/03/09 14:56:26 516698	INFO [input.cpp->run:256]	frame times (ms): 168.573
2020/03/09 14:56:26 516702	INFO [input.cpp->run:257]	FPS: 5.93215
2020/03/09 14:56:26 530758	INFO [input.cpp->run:173]	
frame_id 68
2020/03/09 14:56:26 585113	INFO [input.cpp->run:235]	rotation: 
[-0.9999510163519144, 0.0009777906838257233, 0.009849305668527502;
 -0.001102191379903207, -0.9999195942308071, -0.01263290336621786;
 0.009836161392308048, -0.01264314038033095, 0.9998716922337523]
2020/03/09 14:56:26 585173	INFO [input.cpp->run:256]	frame times (ms): 177.481
2020/03/09 14:56:26 585177	INFO [input.cpp->run:257]	FPS: 5.63441
2020/03/09 14:56:26 596862	INFO [input.cpp->run:173]	
frame_id 69
2020/03/09 14:56:26 649579	INFO [input.cpp->run:235]	rotation: 
[-0.995557840756072, -0.002949020285598302, -0.09410573302654099;
 -0.006878581726902581, -0.9945601668076633, 0.1039363252811023;
 -0.09390032386809855, 0.1041219375485681, 0.9901218870919875]
2020/03/09 14:56:26 649636	INFO [input.cpp->run:256]	frame times (ms): 171.368
2020/03/09 14:56:26 649645	INFO [input.cpp->run:257]	FPS: 5.8354
2020/03/09 14:56:26 663984	INFO [input.cpp->run:173]	
frame_id 70
2020/03/09 14:56:26 716921	INFO [input.cpp->run:235]	rotation: 
[-0.9484700412426065, -0.02422273384633732, -0.315939614531413;
 -0.02739861919237519, -0.9870701430205727, 0.1579298845174573;
 -0.3156800540604356, 0.1584480732680448, 0.9355427897996148]
2020/03/09 14:56:26 716978	INFO [input.cpp->run:256]	frame times (ms): 177.442
2020/03/09 14:56:26 716984	INFO [input.cpp->run:257]	FPS: 5.63564
2020/03/09 14:56:26 730528	INFO [input.cpp->run:173]	
frame_id 71
2020/03/09 14:56:26 784359	INFO [input.cpp->run:235]	rotation: 
[-0.9853771111338508, -0.007543621878690189, -0.1702205705032673;
 0.0003780938591273933, -0.9991138042442482, 0.04208875400412537;
 -0.170387223401698, 0.04140893547940391, 0.9845067263172569]
2020/03/09 14:56:26 784422	INFO [input.cpp->run:256]	frame times (ms): 176.566
2020/03/09 14:56:26 784424	INFO [input.cpp->run:257]	FPS: 5.6636
2020/03/09 14:56:26 796842	INFO [input.cpp->run:173]	
frame_id 72
2020/03/09 14:56:26 850723	INFO [input.cpp->run:235]	rotation: 
[-0.9985295677263608, -0.01634665281147811, -0.05168645197794054;
 0.01164423815567667, -0.9958731746306534, 0.09000573186657611;
 -0.05294444346653237, 0.08927153517737389, 0.9945991548926103]
2020/03/09 14:56:26 850782	INFO [input.cpp->run:256]	frame times (ms): 176.344
2020/03/09 14:56:26 850785	INFO [input.cpp->run:257]	FPS: 5.67073
2020/03/09 14:56:26 864037	INFO [input.cpp->run:173]	
frame_id 73
2020/03/09 14:56:26 916766	INFO [input.cpp->run:235]	rotation: 
[-0.9473507573977284, -0.02541238371719222, -0.3191876457693191;
 -0.03075742648147652, -0.9850138039186962, 0.1697108918303618;
 -0.3187169954272705, 0.1705931324626827, 0.932371953665694]
2020/03/09 14:56:26 916828	INFO [input.cpp->run:256]	frame times (ms): 178.337
2020/03/09 14:56:26 916840	INFO [input.cpp->run:257]	FPS: 5.60736
2020/03/09 14:56:26 930186	INFO [input.cpp->run:173]	
frame_id 74
2020/03/09 14:56:26 986132	INFO [input.cpp->run:235]	rotation: 
[-0.9975713117423038, -0.01099603935025479, -0.06877910371142511;
 -0.0003875281596297485, -0.9865684291867799, 0.1633480466790315;
 -0.06965147385852517, 0.1629779790356268, 0.9841681007525076]
2020/03/09 14:56:26 986190	INFO [input.cpp->run:256]	frame times (ms): 186.4
2020/03/09 14:56:26 986193	INFO [input.cpp->run:257]	FPS: 5.36481
2020/03/09 14:56:26 997421	INFO [input.cpp->run:173]	
frame_id 75
2020/03/09 14:56:27 050852	INFO [input.cpp->run:235]	rotation: 
[-0.9999846250002551, -0.001976557667781693, -0.0051810214133033;
 0.001367898888882403, -0.9933699628871671, 0.1149532326042995;
 -0.005373882742391037, 0.114944378084943, 0.9933573935552792]
2020/03/09 14:56:27 050909	INFO [input.cpp->run:256]	frame times (ms): 172.22
2020/03/09 14:56:27 050912	INFO [input.cpp->run:257]	FPS: 5.80653
2020/03/09 14:56:27 064298	INFO [input.cpp->run:173]	
frame_id 76
2020/03/09 14:56:27 121669	INFO [input.cpp->run:235]	rotation: 
[-0.9977489126247732, 0.001752059491077181, 0.06703758381402541;
 0.01953824215065326, -0.9486942894333821, 0.3155905611550396;
 0.06415110637974369, 0.3161899357728358, 0.9465244635328902]
2020/03/09 14:56:27 121730	INFO [input.cpp->run:256]	frame times (ms): 172.609
2020/03/09 14:56:27 121737	INFO [input.cpp->run:257]	FPS: 5.79344
2020/03/09 14:56:27 130211	INFO [input.cpp->run:173]	
frame_id 77
2020/03/09 14:56:27 181150	INFO [input.cpp->run:235]	rotation: 
[-0.9352893418454495, -0.02215424368702126, -0.353189802396618;
 -0.03523963383562627, -0.9872472543397909, 0.155245054689917;
 -0.3521249994496797, 0.1576453243366273, 0.9225811273147549]
2020/03/09 14:56:27 181215	INFO [input.cpp->run:256]	frame times (ms): 175.371
2020/03/09 14:56:27 181220	INFO [input.cpp->run:257]	FPS: 5.7022
2020/03/09 14:56:27 197568	INFO [input.cpp->run:173]	
frame_id 78
2020/03/09 14:56:27 251869	INFO [input.cpp->run:235]	rotation: 
[-0.9918264368438239, -0.0154958624744414, -0.1266499010021618;
 -0.003588266096928202, -0.9888179642116958, 0.1490843989110033;
 -0.1275438886191801, 0.148320301706849, 0.9806801948532902]
2020/03/09 14:56:27 251924	INFO [input.cpp->run:256]	frame times (ms): 176.488
2020/03/09 14:56:27 251931	INFO [input.cpp->run:257]	FPS: 5.66611
2020/03/09 14:56:27 264492	INFO [input.cpp->run:173]	
frame_id 79
2020/03/09 14:56:27 316788	INFO [input.cpp->run:235]	rotation: 
[-0.9658579389829731, -0.02394377466424193, -0.2579634419029011;
 -0.03802441340888859, -0.9718351151629435, 0.2325739730088866;
 -0.2562666300720274, 0.2344423267907406, 0.9377442133761593]
2020/03/09 14:56:27 316844	INFO [input.cpp->run:256]	frame times (ms): 173.01
2020/03/09 14:56:27 316847	INFO [input.cpp->run:257]	FPS: 5.78001
2020/03/09 14:56:27 330390	INFO [input.cpp->run:173]	
frame_id 80
2020/03/09 14:56:27 382987	INFO [input.cpp->run:235]	rotation: 
[-0.9998994398304224, -0.009587508438611269, -0.01044939753034224;
 0.009151847279309124, -0.999118395109784, 0.04097165171952364;
 -0.01083300134698446, 0.04087190031292037, 0.9991056670075629]
2020/03/09 14:56:27 383046	INFO [input.cpp->run:256]	frame times (ms): 178.467
2020/03/09 14:56:27 383051	INFO [input.cpp->run:257]	FPS: 5.60328
2020/03/09 14:56:27 397643	INFO [input.cpp->run:173]	
frame_id 81
2020/03/09 14:56:27 451124	INFO [input.cpp->run:235]	rotation: 
[-0.9998514468866151, 0.003347740491183882, 0.0169078914222335;
 -0.003597459491635401, -0.9998845845243671, -0.0147606204388482;
 0.01685652526318493, -0.01481925315720697, 0.9997480919171156]
2020/03/09 14:56:27 451191	INFO [input.cpp->run:256]	frame times (ms): 178.426
2020/03/09 14:56:27 451194	INFO [input.cpp->run:257]	FPS: 5.60456
2020/03/09 14:56:27 463916	INFO [input.cpp->run:173]	
frame_id 82
2020/03/09 14:56:27 519175	INFO [input.cpp->run:235]	rotation: 
[0.9999750891747115, 0.007016057124877248, -0.0007719925182803864;
 -0.007024888432029523, 0.9999020810875311, -0.01210285831289403;
 0.0006870025803150022, 0.01210797998201638, 0.9999264597200185]
2020/03/09 14:56:27 519291	INFO [input.cpp->run:256]	frame times (ms): 181.226
2020/03/09 14:56:27 519295	INFO [input.cpp->run:257]	FPS: 5.51797
2020/03/09 14:56:27 530943	INFO [input.cpp->run:173]	
frame_id 83
2020/03/09 14:56:27 589457	INFO [input.cpp->run:235]	rotation: 
[0.9999336834122459, 0.01150591851583155, -0.0004925613926462743;
 -0.01150622545980112, 0.9999336059164107, -0.0006249277337791348;
 0.0004853383219008521, 0.0006305538131408193, 0.9999996834242509]
2020/03/09 14:56:27 589523	INFO [input.cpp->run:256]	frame times (ms): 183.633
2020/03/09 14:56:27 589526	INFO [input.cpp->run:257]	FPS: 5.44564
2020/03/09 14:56:27 597526	INFO [input.cpp->run:173]	
frame_id 84
2020/03/09 14:56:27 653500	INFO [input.cpp->run:235]	rotation: 
