		g3log created log at: Sun Mar 08 15:40:56 2020
		LOG format: [YYYY/MM/DD hh:mm:ss uuu* LEVEL FILE->FUNCTION:LINE] message		(uuu*: microseconds fractions of the seconds value)

2020/03/08 15:40:56 768664	INFO [g3logger.h->logBanner:29]	Starting log.
2020/03/08 15:40:56 770954	DEBUG [main.cpp->main:49]	Filepath: /home/mitchell/KITTI/data_odometry_gray/dataset/sequences/00/
2020/03/08 15:40:56 770958	DEBUG [main.cpp->main:53]	Calibration Filepath: /home/mitchell/visual_odom_ws/src/visual_odom/calibration/old/kitti00.yaml
2020/03/08 15:40:56 771033	INFO [main.cpp->main:67]	P_left: 
[718.85602, 0, 607.19281, 0;
 0, 718.85602, 185.2157, 0;
 0, 0, 1, 0]
2020/03/08 15:40:56 771039	INFO [main.cpp->main:68]	P_right: 
[718.85602, 0, 607.19281, -386.14481;
 0, 718.85602, 185.2157, 0;
 0, 0, 1, 0]
2020/03/08 15:40:56 852175	INFO [input.cpp->Input:22]	frame_pose [1, 0, 0, 0;
 0, 1, 0, 0;
 0, 0, 1, 0;
 0, 0, 0, 1]
2020/03/08 15:40:57 249415	INFO [input.cpp->run:173]	
frame_id 1
2020/03/08 15:40:57 291289	WARNING [visualOdometry.cpp->trackingFrame2Frame:179]	The Estimated Rotation and translation matrices(using getTransformation function) are : 
   0.999992  0.00373056 -0.00149304   0.0888176
-0.00373473     0.99999 -0.00260454  -0.0341928
 0.00148331  0.00261011    0.999995   -0.700462
          0           0           0           1
2020/03/08 15:40:57 321373	INFO [input.cpp->run:235]	rotation: 
[0.9999921321868896, 0.003730560187250376, -0.001493040472269058;
 -0.003734730649739504, 0.999989926815033, -0.002604540437459946;
 0.001483313739299774, 0.002610109746456146, 0.9999953508377075]
2020/03/08 15:40:57 321442	INFO [input.cpp->run:256]	frame times (ms): 84.759
2020/03/08 15:40:57 321446	INFO [input.cpp->run:257]	FPS: 11.7982
2020/03/08 15:40:57 358452	INFO [input.cpp->run:173]	
frame_id 2
2020/03/08 15:40:57 379488	WARNING [visualOdometry.cpp->trackingFrame2Frame:179]	The Estimated Rotation and translation matrices(using getTransformation function) are : 
    0.999996  -0.00187407   0.00243731    0.0424891
  0.00187525     0.999998 -0.000447534    0.0994258
 -0.00243646  0.000452098     0.999997     -2.25525
           0            0            0            1
2020/03/08 15:40:57 380110	INFO [input.cpp->run:235]	rotation: 
[0.9999955892562866, -0.00187407317571342, 0.00243731215596199;
 0.001875245478004217, 0.9999983310699463, -0.0004475340247154236;
 -0.002436459064483643, 0.0004520975053310394, 0.9999969601631165]
2020/03/08 15:40:57 380131	INFO [input.cpp->run:256]	frame times (ms): 33.345
2020/03/08 15:40:57 380133	INFO [input.cpp->run:257]	FPS: 29.9895
2020/03/08 15:40:57 470416	INFO [input.cpp->run:173]	
frame_id 3
2020/03/08 15:40:57 495893	WARNING [visualOdometry.cpp->trackingFrame2Frame:179]	The Estimated Rotation and translation matrices(using getTransformation function) are : 
   0.999987  0.00438682  0.00255653  -0.0115643
-0.00439134    0.999989   0.0018155  -0.0553458
-0.00254854  -0.0018267    0.999995    -1.03548
          0           0           0           1
2020/03/08 15:40:57 496582	INFO [input.cpp->run:235]	rotation: 
[0.9999872446060181, 0.004386823158711195, 0.002556528896093369;
 -0.004391344729810953, 0.9999887347221375, 0.001815497875213623;
 -0.002548538148403168, -0.001826703548431396, 0.9999952912330627]
2020/03/08 15:40:57 496603	INFO [input.cpp->run:256]	frame times (ms): 38.809
2020/03/08 15:40:57 496605	INFO [input.cpp->run:257]	FPS: 25.7672
2020/03/08 15:40:57 587038	INFO [input.cpp->run:173]	
frame_id 4
2020/03/08 15:40:57 609330	WARNING [visualOdometry.cpp->trackingFrame2Frame:179]	The Estimated Rotation and translation matrices(using getTransformation function) are : 
   0.999995  0.00201519  0.00228574   0.0356445
-0.00202391    0.999991  0.00380806   -0.006428
-0.00227807 -0.00381268     0.99999    -1.33001
          0           0           0           1
2020/03/08 15:40:57 609992	INFO [input.cpp->run:235]	rotation: 
[0.9999951124191284, 0.002015191130340099, 0.002285744994878769;
 -0.002023909473791718, 0.9999906420707703, 0.003808055073022842;
 -0.002278067171573639, -0.003812681883573532, 0.9999901056289673]
2020/03/08 15:40:57 610011	INFO [input.cpp->run:256]	frame times (ms): 35.712
2020/03/08 15:40:57 610013	INFO [input.cpp->run:257]	FPS: 28.0018
2020/03/08 15:40:57 712122	INFO [input.cpp->run:173]	
frame_id 5
2020/03/08 15:40:57 747214	WARNING [visualOdometry.cpp->trackingFrame2Frame:179]	The Estimated Rotation and translation matrices(using getTransformation function) are : 
    0.999974  -0.00718944 -0.000166424   -0.0673804
  0.00719026     0.999959   0.00543202    0.0376201
 0.000127349  -0.00543309     0.999985     0.436928
           0            0            0            1
2020/03/08 15:40:57 747956	INFO [input.cpp->run:235]	rotation: 
[0.9999739527702332, -0.007189444731920958, -0.0001664236187934875;
 0.007190261967480183, 0.9999591708183289, 0.005432024598121643;
 0.0001273490488529205, -0.005433090031147003, 0.9999852776527405]
2020/03/08 15:40:57 747979	INFO [input.cpp->run:256]	frame times (ms): 52.899
2020/03/08 15:40:57 747981	INFO [input.cpp->run:257]	FPS: 18.9039
2020/03/08 15:40:57 826376	INFO [input.cpp->run:173]	
frame_id 6
2020/03/08 15:40:57 864020	WARNING [visualOdometry.cpp->trackingFrame2Frame:179]	The Estimated Rotation and translation matrices(using getTransformation function) are : 
   0.999986 -0.00514937 -0.00133298    0.138577
 0.00515388    0.999981  0.00335046   0.0634178
 0.00131571 -0.00335728    0.999993   -0.821526
          0           0           0           1
2020/03/08 15:40:57 864916	INFO [input.cpp->run:235]	rotation: 
[0.999985933303833, -0.005149370059370995, -0.001332975924015045;
 0.005153875797986984, 0.9999811053276062, 0.003350457176566124;
 0.001315705478191376, -0.003357280045747757, 0.9999934434890747]
2020/03/08 15:40:57 864944	INFO [input.cpp->run:256]	frame times (ms): 57.815
2020/03/08 15:40:57 864946	INFO [input.cpp->run:257]	FPS: 17.2965
2020/03/08 15:40:57 963809	INFO [input.cpp->run:173]	
frame_id 7
2020/03/08 15:40:57 994631	WARNING [visualOdometry.cpp->trackingFrame2Frame:179]	The Estimated Rotation and translation matrices(using getTransformation function) are : 
    0.999993  -0.00340469  -0.00170327  -0.00399303
  0.00340302     0.999994 -0.000923956    0.0176153
   0.0017064   0.00091815     0.999998   -0.0576897
           0            0            0            1
2020/03/08 15:40:57 995302	INFO [input.cpp->run:235]	rotation: 
[0.9999926686286926, -0.003404694609344006, -0.001703266054391861;
 0.003403022885322571, 0.9999938607215881, -0.0009239558130502701;
 0.001706402748823166, 0.0009181499481201172, 0.999998152256012]
2020/03/08 15:40:57 995321	INFO [input.cpp->run:256]	frame times (ms): 46.776
2020/03/08 15:40:57 995323	INFO [input.cpp->run:257]	FPS: 21.3785
2020/03/08 15:40:58 100077	INFO [input.cpp->run:173]	
frame_id 8
2020/03/08 15:40:58 138358	WARNING [visualOdometry.cpp->trackingFrame2Frame:179]	The Estimated Rotation and translation matrices(using getTransformation function) are : 
    0.999998 -0.000921793  -0.00212195    0.0198569
 0.000906582     0.999974  -0.00717512    0.0106819
  0.00212853   0.00717319     0.999972    -0.037384
           0            0            0            1
2020/03/08 15:40:58 139169	INFO [input.cpp->run:235]	rotation: 
[0.9999976754188538, -0.0009217933984473348, -0.002121951431035995;
 0.0009065821650438011, 0.9999741315841675, -0.007175123319029808;
 0.002128534018993378, 0.007173188030719757, 0.9999719858169556]
2020/03/08 15:40:58 139193	INFO [input.cpp->run:256]	frame times (ms): 57.189
2020/03/08 15:40:58 139195	INFO [input.cpp->run:257]	FPS: 17.4859
2020/03/08 15:40:58 224657	INFO [input.cpp->run:173]	
frame_id 9
2020/03/08 15:40:58 261789	WARNING [visualOdometry.cpp->trackingFrame2Frame:179]	The Estimated Rotation and translation matrices(using getTransformation function) are : 
   0.999997   0.0020349  0.00128736    -0.10771
-0.00202269    0.999953 -0.00947342  -0.0104699
 -0.0013066  0.00947078    0.999954    -1.21833
          0           0           0           1
2020/03/08 15:40:58 262526	INFO [input.cpp->run:235]	rotation: 
[0.9999969601631165, 0.002034897916018963, 0.001287356019020081;
 -0.002022691769525409, 0.9999531507492065, -0.009473420679569244;
 -0.001306597143411636, 0.009470779448747635, 0.9999543428421021]
2020/03/08 15:40:58 262547	INFO [input.cpp->run:256]	frame times (ms): 55.464
2020/03/08 15:40:58 262548	INFO [input.cpp->run:257]	FPS: 18.0297
2020/03/08 15:40:58 339714	INFO [input.cpp->run:173]	
frame_id 10
2020/03/08 15:40:58 371979	WARNING [visualOdometry.cpp->trackingFrame2Frame:179]	The Estimated Rotation and translation matrices(using getTransformation function) are : 
    0.999999  0.000453189   0.00168024    0.0767756
-0.000444749     0.999988  -0.00499854     0.113385
 -0.00168248   0.00499779     0.999986     -2.36974
           0            0            0            1
2020/03/08 15:40:58 372720	INFO [input.cpp->run:235]	rotation: 
[0.9999986290931702, 0.0004531885497272015, 0.001680236309766769;
 -0.0004447486717253923, 0.9999875426292419, -0.004998542368412018;
 -0.001682475209236145, 0.004997793585062027, 0.9999862909317017]
2020/03/08 15:40:58 372748	INFO [input.cpp->run:256]	frame times (ms): 47.722
2020/03/08 15:40:58 372751	INFO [input.cpp->run:257]	FPS: 20.9547
2020/03/08 15:40:58 460605	INFO [input.cpp->run:173]	
frame_id 11
2020/03/08 15:40:58 498147	WARNING [visualOdometry.cpp->trackingFrame2Frame:179]	The Estimated Rotation and translation matrices(using getTransformation function) are : 
    0.999999  0.000890561  -0.00142325    0.0036211
-0.000887449     0.999997   0.00216911   0.00504065
  0.00142516  -0.00216785     0.999997    0.0750771
           0            0            0            1
2020/03/08 15:40:58 498844	INFO [input.cpp->run:235]	rotation: 
[0.9999986886978149, 0.0008905610302463174, -0.001423250883817673;
 -0.0008874486666172743, 0.9999974370002747, 0.002169106155633926;
 0.001425158232450485, -0.002167850732803345, 0.9999969005584717]
2020/03/08 15:40:58 498868	INFO [input.cpp->run:256]	frame times (ms): 54.682
2020/03/08 15:40:58 498870	INFO [input.cpp->run:257]	FPS: 18.2876
2020/03/08 15:40:58 575976	INFO [input.cpp->run:173]	
frame_id 12
2020/03/08 15:40:58 608807	WARNING [visualOdometry.cpp->trackingFrame2Frame:179]	The Estimated Rotation and translation matrices(using getTransformation function) are : 
   0.999988  0.00449332  0.00186025  -0.0494595
-0.00450677    0.999963  0.00726426  -0.0328414
-0.00182754 -0.00727255    0.999972   -0.909481
          0           0           0           1
2020/03/08 15:40:58 609480	INFO [input.cpp->run:235]	rotation: 
[0.9999879598617554, 0.00449332082644105, 0.001860246062278748;
 -0.00450676865875721, 0.9999632239341736, 0.007264256477355957;
 -0.001827538013458252, -0.007272548973560333, 0.9999716877937317]
2020/03/08 15:40:58 609501	INFO [input.cpp->run:256]	frame times (ms): 49.203
2020/03/08 15:40:58 609503	INFO [input.cpp->run:257]	FPS: 20.324
2020/03/08 15:40:58 713750	INFO [input.cpp->run:173]	
frame_id 13
2020/03/08 15:40:58 746099	WARNING [visualOdometry.cpp->trackingFrame2Frame:179]	The Estimated Rotation and translation matrices(using getTransformation function) are : 
   0.999986  0.00505852  0.00159122 -0.00862885
-0.00507018    0.999959  0.00746415  -0.0554847
-0.00155338 -0.00747212    0.999971   -0.908527
          0           0           0           1
2020/03/08 15:40:58 746789	INFO [input.cpp->run:235]	rotation: 
[0.999985933303833, 0.005058521404862404, 0.001591216772794724;
 -0.005070183426141739, 0.9999592900276184, 0.007464151829481125;
 -0.001553382724523544, -0.007472116500139236, 0.999970555305481]
2020/03/08 15:40:58 746809	INFO [input.cpp->run:256]	frame times (ms): 48.948
2020/03/08 15:40:58 746811	INFO [input.cpp->run:257]	FPS: 20.4298
2020/03/08 15:40:58 834272	INFO [input.cpp->run:173]	
frame_id 14
2020/03/08 15:40:58 881493	WARNING [visualOdometry.cpp->trackingFrame2Frame:179]	The Estimated Rotation and translation matrices(using getTransformation function) are : 
    0.999988  -0.00482455 -0.000578016    -0.117591
  0.00482708      0.99998   0.00417904    0.0228332
 0.000557847  -0.00418178     0.999991     0.581474
           0            0            0            1
2020/03/08 15:40:58 882334	INFO [input.cpp->run:235]	rotation: 
[0.9999884366989136, -0.004824553150683641, -0.0005780160427093506;
 0.004827080760151148, 0.9999799132347107, 0.004179041832685471;
 0.0005578473210334778, -0.004181776195764542, 0.9999912977218628]
2020/03/08 15:40:58 882359	INFO [input.cpp->run:256]	frame times (ms): 68.815
2020/03/08 15:40:58 882361	INFO [input.cpp->run:257]	FPS: 14.5317
2020/03/08 15:40:58 970648	INFO [input.cpp->run:173]	
frame_id 15
2020/03/08 15:40:59 007452	WARNING [visualOdometry.cpp->trackingFrame2Frame:179]	The Estimated Rotation and translation matrices(using getTransformation function) are : 
   0.999997 -0.00198301  0.00120222   0.0725832
 0.00198178    0.999997  0.00113265   0.0318015
-0.00120446 -0.00113026    0.999999    -1.46581
          0           0           0           1
2020/03/08 15:40:59 009414	INFO [input.cpp->run:235]	rotation: 
[0.9999974370002747, -0.0019830078817904, 0.001202221028506756;
 0.00198177550919354, 0.9999973773956299, 0.001132647506892681;
 -0.001204460859298706, -0.001130261458456516, 0.9999986886978149]
2020/03/08 15:40:59 009437	INFO [input.cpp->run:256]	frame times (ms): 55.42
2020/03/08 15:40:59 009439	INFO [input.cpp->run:257]	FPS: 18.044
2020/03/08 15:40:59 105936	INFO [input.cpp->run:173]	
frame_id 16
2020/03/08 15:40:59 137319	WARNING [visualOdometry.cpp->trackingFrame2Frame:179]	The Estimated Rotation and translation matrices(using getTransformation function) are : 
   0.999996  -0.0026068  0.00112264   0.0838947
 0.00260866    0.999995 -0.00176519   0.0179261
-0.00111803  0.00176811    0.999998     -1.3875
          0           0           0           1
2020/03/08 15:40:59 138015	INFO [input.cpp->run:235]	rotation: 
[0.9999958872795105, -0.002606797264888883, 0.001122636720538139;
 0.002608655951917171, 0.9999950528144836, -0.001765189692378044;
 -0.001118028536438942, 0.001768105663359165, 0.9999977946281433]
2020/03/08 15:40:59 138034	INFO [input.cpp->run:256]	frame times (ms): 47.27
2020/03/08 15:40:59 138035	INFO [input.cpp->run:257]	FPS: 21.1551
2020/03/08 15:40:59 219291	INFO [input.cpp->run:173]	
frame_id 17
2020/03/08 15:40:59 249833	WARNING [visualOdometry.cpp->trackingFrame2Frame:179]	The Estimated Rotation and translation matrices(using getTransformation function) are : 
    0.999988  -0.00428315  -0.00214197    -0.162804
  0.00426845     0.999968  -0.00675147 -0.000454783
   0.0021708   0.00674224     0.999975     0.381161
           0            0            0            1
2020/03/08 15:40:59 251312	INFO [input.cpp->run:235]	rotation: 
[0.9999884366989136, -0.004283148795366287, -0.002141967415809631;
 0.004268449731171131, 0.9999681711196899, -0.006751466542482376;
 0.002170801162719727, 0.006742237135767937, 0.9999750852584839]
2020/03/08 15:40:59 251332	INFO [input.cpp->run:256]	frame times (ms): 46.071
2020/03/08 15:40:59 251334	INFO [input.cpp->run:257]	FPS: 21.7056
2020/03/08 15:40:59 355379	INFO [input.cpp->run:173]	
frame_id 18
2020/03/08 15:40:59 385999	WARNING [visualOdometry.cpp->trackingFrame2Frame:179]	The Estimated Rotation and translation matrices(using getTransformation function) are : 
    0.999998  -0.00207435 -0.000610486   -0.0773191
  0.00207002     0.999974  -0.00696387   0.00457644
 0.000624916   0.00696259     0.999976    -0.507065
           0            0            0            1
2020/03/08 15:40:59 386692	INFO [input.cpp->run:235]	rotation: 
[0.9999978542327881, -0.002074349904432893, -0.0006104856729507446;
 0.002070022281259298, 0.9999738931655884, -0.00696386955678463;
 0.0006249155849218369, 0.006962589919567108, 0.999975860118866]
2020/03/08 15:40:59 386713	INFO [input.cpp->run:256]	frame times (ms): 47.66
2020/03/08 15:40:59 386716	INFO [input.cpp->run:257]	FPS: 20.982
2020/03/08 15:40:59 472434	INFO [input.cpp->run:173]	
frame_id 19
2020/03/08 15:40:59 508882	WARNING [visualOdometry.cpp->trackingFrame2Frame:179]	The Estimated Rotation and translation matrices(using getTransformation function) are : 
    0.999995   0.00294865 -0.000526082  -0.00863171
 -0.00295072     0.999989  -0.00371294   -0.0182533
 0.000515128   0.00371447     0.999993    -0.893486
           0            0            0            1
2020/03/08 15:40:59 509585	INFO [input.cpp->run:235]	rotation: 
[0.9999954104423523, 0.002948653418570757, -0.000526081770658493;
 -0.002950715366750956, 0.9999887347221375, -0.003712940961122513;
 0.0005151275545358658, 0.003714472055435181, 0.9999929070472717]
2020/03/08 15:40:59 509605	INFO [input.cpp->run:256]	frame times (ms): 52.919
2020/03/08 15:40:59 509608	INFO [input.cpp->run:257]	FPS: 18.8968
2020/03/08 15:40:59 589709	INFO [input.cpp->run:173]	
frame_id 20
2020/03/08 15:40:59 633757	WARNING [visualOdometry.cpp->trackingFrame2Frame:179]	The Estimated Rotation and translation matrices(using getTransformation function) are : 
   0.999977   0.0014632 -0.00665638    0.159364
-0.00145369    0.999998  0.00143177  -0.0318766
 0.00665846 -0.00142206    0.999977    0.866306
          0           0           0           1
2020/03/08 15:40:59 634559	INFO [input.cpp->run:235]	rotation: 
[0.9999768733978271, 0.001463198103010654, -0.006656376644968987;
 -0.00145368801895529, 0.9999979734420776, 0.001431772485375404;
 0.006658460944890976, -0.001422062516212463, 0.9999768733978271]
2020/03/08 15:40:59 634582	INFO [input.cpp->run:256]	frame times (ms): 62.716
2020/03/08 15:40:59 634584	INFO [input.cpp->run:257]	FPS: 15.9449
2020/03/08 15:40:59 725923	INFO [input.cpp->run:173]	
frame_id 21
2020/03/08 15:40:59 757841	WARNING [visualOdometry.cpp->trackingFrame2Frame:179]	The Estimated Rotation and translation matrices(using getTransformation function) are : 
   0.999995 -0.00238943  0.00223985  -0.0593281
 0.00238028    0.999989  0.00407043   0.0582949
-0.00224955 -0.00406507    0.999989    -1.64043
          0           0           0           1
2020/03/08 15:40:59 758517	INFO [input.cpp->run:235]	rotation: 
[0.9999947547912598, -0.002389427041634917, 0.002239853143692017;
 0.002380278194323182, 0.9999889731407166, 0.004070425406098366;
 -0.002249551936984062, -0.004065072163939476, 0.9999891519546509]
2020/03/08 15:40:59 758535	INFO [input.cpp->run:256]	frame times (ms): 48.525
2020/03/08 15:40:59 758537	INFO [input.cpp->run:257]	FPS: 20.6079
2020/03/08 15:40:59 846383	INFO [input.cpp->run:173]	
frame_id 22
2020/03/08 15:40:59 897239	WARNING [visualOdometry.cpp->trackingFrame2Frame:179]	The Estimated Rotation and translation matrices(using getTransformation function) are : 
    0.999994   0.00343665 -6.97486e-05   -0.0842776
 -0.00343632     0.999987   0.00370825   -0.0642266
 8.24966e-05  -0.00370799     0.999993   -0.0166664
           0            0            0            1
2020/03/08 15:40:59 898151	INFO [input.cpp->run:235]	rotation: 
[0.9999939799308777, 0.003436646889895201, -6.974861025810242e-05;
 -0.003436324652284384, 0.9999871253967285, 0.003708247095346451;
 8.249655365943909e-05, -0.003707993775606155, 0.9999931454658508]
2020/03/08 15:40:59 898172	INFO [input.cpp->run:256]	frame times (ms): 70.041
2020/03/08 15:40:59 898174	INFO [input.cpp->run:257]	FPS: 14.2774
2020/03/08 15:40:59 958974	INFO [input.cpp->run:173]	
frame_id 23
2020/03/08 15:40:59 994183	WARNING [visualOdometry.cpp->trackingFrame2Frame:179]	The Estimated Rotation and translation matrices(using getTransformation function) are : 
   0.999985 -0.00535869 0.000925859  -0.0256739
 0.00535755    0.999985  0.00123039   0.0995574
-0.00093244 -0.00122541    0.999999    -1.17936
          0           0           0           1
2020/03/08 15:40:59 994988	INFO [input.cpp->run:235]	rotation: 
[0.9999851584434509, -0.005358692724257708, 0.0009258594363927841;
 0.005357549991458654, 0.9999848604202271, 0.00123039074242115;
 -0.0009324401617050171, -0.001225408166646957, 0.9999988079071045]
2020/03/08 15:40:59 995010	INFO [input.cpp->run:256]	frame times (ms): 51.658
2020/03/08 15:40:59 995013	INFO [input.cpp->run:257]	FPS: 19.3581
2020/03/08 15:41:00 095945	INFO [input.cpp->run:173]	
frame_id 24
2020/03/08 15:41:00 134935	WARNING [visualOdometry.cpp->trackingFrame2Frame:179]	The Estimated Rotation and translation matrices(using getTransformation function) are : 
    0.999972   0.00680912  -0.00304783     0.166171
 -0.00681033     0.999977 -0.000404526   -0.0948648
  0.00304501  0.000425279     0.999995    0.0270958
           0            0            0            1
2020/03/08 15:41:00 136868	INFO [input.cpp->run:235]	rotation: 
[0.9999721050262451, 0.006809116341173649, -0.003047831356525421;
 -0.006810325663536787, 0.999976634979248, -0.0004045255482196808;
 0.003045011311769485, 0.0004252791404724121, 0.999995231628418]
2020/03/08 15:41:00 136890	INFO [input.cpp->run:256]	frame times (ms): 57.904
2020/03/08 15:41:00 136893	INFO [input.cpp->run:257]	FPS: 17.27
2020/03/08 15:41:00 233861	INFO [input.cpp->run:173]	
frame_id 25
2020/03/08 15:41:00 267375	WARNING [visualOdometry.cpp->trackingFrame2Frame:179]	The Estimated Rotation and translation matrices(using getTransformation function) are : 
           1 -0.000489833 -0.000480763   -0.0861197
 0.000488063     0.999993  -0.00365701  0.000640869
 0.000482552   0.00365678     0.999993     0.309471
           0            0            0            1
2020/03/08 15:41:00 268055	INFO [input.cpp->run:235]	rotation: 
[0.9999995827674866, -0.0004898329498246312, -0.0004807626828551292;
 0.0004880634951405227, 0.9999931454658508, -0.003657013177871704;
 0.0004825517535209656, 0.003656778484582901, 0.9999931454658508]
2020/03/08 15:41:00 268074	INFO [input.cpp->run:256]	frame times (ms): 50.098
2020/03/08 15:41:00 268076	INFO [input.cpp->run:257]	FPS: 19.9609
2020/03/08 15:41:00 370247	INFO [input.cpp->run:173]	
frame_id 26
2020/03/08 15:41:00 402663	WARNING [visualOdometry.cpp->trackingFrame2Frame:179]	The Estimated Rotation and translation matrices(using getTransformation function) are : 
   0.999984  0.00179975  0.00540624 -0.00860214
-0.00178276    0.999993 -0.00314339    0.058172
-0.00541186  0.00313369     0.99998    -2.74489
          0           0           0           1
2020/03/08 15:41:00 403339	INFO [input.cpp->run:235]	rotation: 
[0.9999838471412659, 0.001799749559722841, 0.005406240932643414;
 -0.001782756065949798, 0.9999933242797852, -0.003143385052680969;
 -0.00541186286136508, 0.003133691847324371, 0.9999803900718689]
2020/03/08 15:41:00 403360	INFO [input.cpp->run:256]	frame times (ms): 46.808
2020/03/08 15:41:00 403362	INFO [input.cpp->run:257]	FPS: 21.3639
2020/03/08 15:41:00 506215	INFO [input.cpp->run:173]	
frame_id 27
2020/03/08 15:41:00 538276	WARNING [visualOdometry.cpp->trackingFrame2Frame:179]	The Estimated Rotation and translation matrices(using getTransformation function) are : 
   0.999993  0.00220523 -0.00312571    0.190623
-0.00220025    0.999996  0.00158763  -0.0365148
 0.00312921 -0.00158075    0.999994     0.45932
          0           0           0           1
2020/03/08 15:41:00 538958	INFO [input.cpp->run:235]	rotation: 
[0.9999925494194031, 0.002205230528488755, -0.003125712275505066;
 -0.002200250281020999, 0.9999961256980896, 0.001587629318237305;
 0.003129206132143736, -0.001580748707056046, 0.999993622303009]
2020/03/08 15:41:00 538976	INFO [input.cpp->run:256]	frame times (ms): 48.266
2020/03/08 15:41:00 538978	INFO [input.cpp->run:257]	FPS: 20.7185
2020/03/08 15:41:00 644697	INFO [input.cpp->run:173]	
frame_id 28
2020/03/08 15:41:00 684938	WARNING [visualOdometry.cpp->trackingFrame2Frame:179]	The Estimated Rotation and translation matrices(using getTransformation function) are : 
   0.999995 -0.00315066 9.39434e-05  0.00773525
 0.00315018    0.999982  0.00522395    0.061699
-0.00011039 -0.00522361    0.999986   -0.229485
          0           0           0           1
2020/03/08 15:41:00 685644	INFO [input.cpp->run:235]	rotation: 
[0.9999951720237732, -0.003150661243125796, 9.394343942403793e-05;
 0.00315017718821764, 0.9999815225601196, 0.005223948508501053;
 -0.0001103896647691727, -0.005223613232374191, 0.9999859929084778]
2020/03/08 15:41:00 685666	INFO [input.cpp->run:256]	frame times (ms): 59.145
2020/03/08 15:41:00 685668	INFO [input.cpp->run:257]	FPS: 16.9076
2020/03/08 15:41:00 784691	INFO [input.cpp->run:173]	
frame_id 29
2020/03/08 15:41:00 824938	WARNING [visualOdometry.cpp->trackingFrame2Frame:179]	The Estimated Rotation and translation matrices(using getTransformation function) are : 
    0.999998 -0.000238458   0.00204978   -0.0044837
 0.000229468      0.99999   0.00439796  -0.00472045
 -0.00205081  -0.00439748     0.999988     -1.22894
           0            0            0            1
2020/03/08 15:41:00 825643	INFO [input.cpp->run:235]	rotation: 
[0.9999979138374329, -0.0002384580729994923, 0.002049778588116169;
 0.0002294678997714072, 0.9999904036521912, 0.004397958517074585;
 -0.002050807699561119, -0.004397477954626083, 0.9999883770942688]
2020/03/08 15:41:00 825666	INFO [input.cpp->run:256]	frame times (ms): 58.648
2020/03/08 15:41:00 825668	INFO [input.cpp->run:257]	FPS: 17.0509
2020/03/08 15:41:00 921057	INFO [input.cpp->run:173]	
frame_id 30
2020/03/08 15:41:00 956439	WARNING [visualOdometry.cpp->trackingFrame2Frame:179]	The Estimated Rotation and translation matrices(using getTransformation function) are : 
   0.999987 -0.00355087  0.00360752  -0.0514808
 0.00354657    0.999993  0.00119895   0.0601768
-0.00361175 -0.00118614    0.999993    -1.78272
          0           0           0           1
2020/03/08 15:41:00 957200	INFO [input.cpp->run:235]	rotation: 
[0.9999873638153076, -0.003550868714228272, 0.003607518970966339;
 0.003546568797901273, 0.9999929666519165, 0.001198947429656982;
 -0.003611749736592174, -0.001186136156320572, 0.9999927282333374]
2020/03/08 15:41:00 957225	INFO [input.cpp->run:256]	frame times (ms): 50.829
2020/03/08 15:41:00 957227	INFO [input.cpp->run:257]	FPS: 19.6738
2020/03/08 15:41:01 059460	INFO [input.cpp->run:173]	
frame_id 31
2020/03/08 15:41:01 102191	WARNING [visualOdometry.cpp->trackingFrame2Frame:179]	The Estimated Rotation and translation matrices(using getTransformation function) are : 
    0.999999   0.00136928 -6.24824e-05    0.0821218
 -0.00136945     0.999997  -0.00174897   -0.0434426
 6.00875e-05   0.00174904     0.999999    -0.491322
           0            0            0            1
2020/03/08 15:41:01 103011	INFO [input.cpp->run:235]	rotation: 
[0.9999990463256836, 0.001369278761558235, -6.248243153095245e-05;
 -0.001369446166791022, 0.9999974370002747, -0.001748967915773392;
 6.008753553032875e-05, 0.001749042421579361, 0.9999985694885254]
2020/03/08 15:41:01 103032	INFO [input.cpp->run:256]	frame times (ms): 59.097
2020/03/08 15:41:01 103034	INFO [input.cpp->run:257]	FPS: 16.9213
2020/03/08 15:41:01 198376	INFO [input.cpp->run:173]	
frame_id 32
2020/03/08 15:41:01 238396	WARNING [visualOdometry.cpp->trackingFrame2Frame:179]	The Estimated Rotation and translation matrices(using getTransformation function) are : 
   0.999978  0.00658925 -0.00117674    0.146655
 -0.0065931    0.999973 -0.00333897   -0.117559
 0.00115471  0.00334665    0.999994   -0.507488
          0           0           0           1
2020/03/08 15:41:01 239142	INFO [input.cpp->run:235]	rotation: 
[0.9999775886535645, 0.006589245516806841, -0.001176744000986218;
 -0.006593101657927036, 0.9999727606773376, -0.003338968381285667;
 0.001154711004346609, 0.003346646204590797, 0.9999938011169434]
2020/03/08 15:41:01 239164	INFO [input.cpp->run:256]	frame times (ms): 58.965
2020/03/08 15:41:01 239166	INFO [input.cpp->run:257]	FPS: 16.9592
2020/03/08 15:41:01 312459	INFO [input.cpp->run:173]	
frame_id 33
2020/03/08 15:41:01 346590	WARNING [visualOdometry.cpp->trackingFrame2Frame:179]	The Estimated Rotation and translation matrices(using getTransformation function) are : 
    0.999837    0.0180157 -0.000857461    0.0902395
  -0.0180184     0.999833  -0.00309128    -0.313181
 0.000801614   0.00310622     0.999995     -0.41909
           0            0            0            1
2020/03/08 15:41:01 347318	INFO [input.cpp->run:235]	rotation: 
[0.9998373985290527, 0.01801569946110249, -0.0008574612438678741;
 -0.01801842637360096, 0.9998327493667603, -0.003091283142566681;
 0.0008016135543584824, 0.003106221556663513, 0.9999947547912598]
2020/03/08 15:41:01 347340	INFO [input.cpp->run:256]	frame times (ms): 49.076
2020/03/08 15:41:01 347342	INFO [input.cpp->run:257]	FPS: 20.3766
2020/03/08 15:41:01 449628	INFO [input.cpp->run:173]	
frame_id 34
2020/03/08 15:41:01 481831	WARNING [visualOdometry.cpp->trackingFrame2Frame:179]	The Estimated Rotation and translation matrices(using getTransformation function) are : 
   0.999996  0.00233711 -0.00153975   0.0946798
-0.00234304     0.99999 -0.00388625  -0.0480558
 0.00153066  0.00388984    0.999992   -0.360447
          0           0           0           1
2020/03/08 15:41:01 482510	INFO [input.cpp->run:235]	rotation: 
[0.9999961256980896, 0.00233711046166718, -0.001539748162031174;
 -0.002343043684959412, 0.9999897480010986, -0.003886254504323006;
 0.001530659385025501, 0.003889836370944977, 0.9999916553497314]
2020/03/08 15:41:01 482533	INFO [input.cpp->run:256]	frame times (ms): 46.099
2020/03/08 15:41:01 482535	INFO [input.cpp->run:257]	FPS: 21.6924
2020/03/08 15:41:01 564038	INFO [input.cpp->run:173]	
frame_id 35
2020/03/08 15:41:01 600720	WARNING [visualOdometry.cpp->trackingFrame2Frame:179]	The Estimated Rotation and translation matrices(using getTransformation function) are : 
    0.999974   0.00692149   0.00236725    0.0616341
 -0.00692194     0.999976  0.000167388   -0.0803847
 -0.00236604 -0.000183761     0.999997     -1.73049
           0            0            0            1
2020/03/08 15:41:01 601582	INFO [input.cpp->run:235]	rotation: 
[0.9999735355377197, 0.006921485997736454, 0.002367252949625254;
 -0.006921936757862568, 0.9999762773513794, 0.0001673884689807892;
 -0.00236603757366538, -0.0001837611198425293, 0.9999973177909851]
2020/03/08 15:41:01 601606	INFO [input.cpp->run:256]	frame times (ms): 53.54
2020/03/08 15:41:01 601609	INFO [input.cpp->run:257]	FPS: 18.6776
2020/03/08 15:41:01 693729	INFO [input.cpp->run:173]	
frame_id 36
2020/03/08 15:41:01 731849	WARNING [visualOdometry.cpp->trackingFrame2Frame:179]	The Estimated Rotation and translation matrices(using getTransformation function) are : 
    0.999995  -0.00248418  -0.00216533  -0.00247431
  0.00248611     0.999996  0.000871573    0.0108917
  0.00216316 -0.000876952     0.999997    -0.218164
           0            0            0            1
2020/03/08 15:41:01 732734	INFO [input.cpp->run:235]	rotation: 
[0.9999945163726807, -0.002484179567545652, -0.002165326848626137;
 0.002486107870936394, 0.9999964833259583, 0.0008715726435184479;
 0.002163156867027283, -0.0008769519627094269, 0.9999972581863403]
2020/03/08 15:41:01 732760	INFO [input.cpp->run:256]	frame times (ms): 56.074
2020/03/08 15:41:01 732762	INFO [input.cpp->run:257]	FPS: 17.8336
2020/03/08 15:41:01 810292	INFO [input.cpp->run:173]	
frame_id 37
2020/03/08 15:41:01 846705	WARNING [visualOdometry.cpp->trackingFrame2Frame:179]	The Estimated Rotation and translation matrices(using getTransformation function) are : 
    0.999981   -0.0060923 -0.000132777    0.0119267
  0.00609252      0.99998   0.00169219     0.117149
 0.000122461  -0.00169297     0.999999     -1.23668
           0            0            0            1
2020/03/08 15:41:01 847529	INFO [input.cpp->run:235]	rotation: 
[0.9999814629554749, -0.006092301569879055, -0.0001327767968177795;
 0.00609252043068409, 0.9999800324440002, 0.001692187041044235;
 0.0001224614679813385, -0.001692969352006912, 0.9999985694885254]
2020/03/08 15:41:01 847550	INFO [input.cpp->run:256]	frame times (ms): 53.943
2020/03/08 15:41:01 847552	INFO [input.cpp->run:257]	FPS: 18.5381
2020/03/08 15:41:01 943359	INFO [input.cpp->run:173]	
frame_id 38
2020/03/08 15:41:01 972799	WARNING [visualOdometry.cpp->trackingFrame2Frame:179]	The Estimated Rotation and translation matrices(using getTransformation function) are : 
     0.99998   0.00622494  0.000952739   -0.0522571
 -0.00622937      0.99997   0.00473339    -0.118342
-0.000923239  -0.00473922     0.999988    -0.886662
           0            0            0            1
2020/03/08 15:41:01 973526	INFO [input.cpp->run:235]	rotation: 
[0.9999803900718689, 0.006224936805665493, 0.0009527392685413361;
 -0.00622937036678195, 0.9999695420265198, 0.004733391106128693;
 -0.0009232386946678162, -0.004739224910736084, 0.999988317489624]
2020/03/08 15:41:01 973546	INFO [input.cpp->run:256]	frame times (ms): 43.768
2020/03/08 15:41:01 973547	INFO [input.cpp->run:257]	FPS: 22.8477
2020/03/08 15:41:02 080261	INFO [input.cpp->run:173]	
frame_id 39
2020/03/08 15:41:02 120337	WARNING [visualOdometry.cpp->trackingFrame2Frame:179]	The Estimated Rotation and translation matrices(using getTransformation function) are : 
   0.999998 -0.00104408  0.00148061   0.0639625
 0.00103853    0.999993  0.00372515   0.0707287
-0.00148449  -0.0037236    0.999992    -1.97633
          0           0           0           1
2020/03/08 15:41:02 121153	INFO [input.cpp->run:235]	rotation: 
[0.9999982118606567, -0.001044084434397519, 0.001480605453252792;
 0.001038531307131052, 0.9999927282333374, 0.003725145012140274;
 -0.00148448720574379, -0.00372360460460186, 0.9999918341636658]
2020/03/08 15:41:02 121175	INFO [input.cpp->run:256]	frame times (ms): 58.384
2020/03/08 15:41:02 121177	INFO [input.cpp->run:257]	FPS: 17.128
2020/03/08 15:41:02 196093	INFO [input.cpp->run:173]	
frame_id 40
2020/03/08 15:41:02 232994	WARNING [visualOdometry.cpp->trackingFrame2Frame:179]	The Estimated Rotation and translation matrices(using getTransformation function) are : 
    0.999992   -0.0036714   0.00158816   0.00569963
     0.00367     0.999993  0.000865456    0.0894263
 -0.00159132 -0.000859603     0.999998     -1.51181
           0            0            0            1
2020/03/08 15:41:02 233685	INFO [input.cpp->run:235]	rotation: 
[0.9999919533729553, -0.00367139745503664, 0.001588163897395134;
 0.003670000238344073, 0.9999929666519165, 0.0008654557168483734;
 -0.00159132294356823, -0.0008596032857894897, 0.9999980330467224]
2020/03/08 15:41:02 233706	INFO [input.cpp->run:256]	frame times (ms): 53.978
2020/03/08 15:41:02 233707	INFO [input.cpp->run:257]	FPS: 18.5261
2020/03/08 15:41:02 334313	INFO [input.cpp->run:173]	
frame_id 41
2020/03/08 15:41:02 366815	WARNING [visualOdometry.cpp->trackingFrame2Frame:179]	The Estimated Rotation and translation matrices(using getTransformation function) are : 
   0.999995 -0.00229577  0.00196909  -0.0147943
 0.00229899    0.999996 -0.00161075   0.0697281
-0.00196538  0.00161527    0.999997    -1.95786
          0           0           0           1
2020/03/08 15:41:02 367482	INFO [input.cpp->run:235]	rotation: 
[0.9999952912330627, -0.002295773010700941, 0.00196908600628376;
 0.002298986073583364, 0.9999958276748657, -0.001610748469829559;
 -0.001965375617146492, 0.001615269109606743, 0.9999966025352478]
2020/03/08 15:41:02 367501	INFO [input.cpp->run:256]	frame times (ms): 49.397
2020/03/08 15:41:02 367503	INFO [input.cpp->run:257]	FPS: 20.2441
2020/03/08 15:41:02 474012	INFO [input.cpp->run:173]	
frame_id 42
2020/03/08 15:41:02 513442	WARNING [visualOdometry.cpp->trackingFrame2Frame:179]	The Estimated Rotation and translation matrices(using getTransformation function) are : 
   0.999968 -0.00494306 -0.00628288   0.0531759
 0.00492034    0.999981 -0.00363452  0.00181675
 0.00630073  0.00360349    0.999974    0.957893
          0           0           0           1
2020/03/08 15:41:02 514197	INFO [input.cpp->run:235]	rotation: 
[0.9999681711196899, -0.004943064413964748, -0.006282879505306482;
 0.004920335486531258, 0.9999813437461853, -0.003634519875049591;
 0.006300726439803839, 0.003603493794798851, 0.9999738335609436]
2020/03/08 15:41:02 514218	INFO [input.cpp->run:256]	frame times (ms): 58.923
2020/03/08 15:41:02 514220	INFO [input.cpp->run:257]	FPS: 16.9713
2020/03/08 15:41:02 609773	INFO [input.cpp->run:173]	
frame_id 43
2020/03/08 15:41:02 642111	WARNING [visualOdometry.cpp->trackingFrame2Frame:179]	The Estimated Rotation and translation matrices(using getTransformation function) are : 
    0.99999 -0.00295563  0.00334815   0.0202675
 0.00295892    0.999995 -0.00100384   0.0830534
-0.00334517  0.00101374    0.999994    -2.55904
          0           0           0           1
2020/03/08 15:41:02 642784	INFO [input.cpp->run:235]	rotation: 
[0.9999901056289673, -0.002955627394840121, 0.0033481540158391;
 0.002958915894851089, 0.9999954700469971, -0.001003839075565338;
 -0.003345172386616468, 0.00101374089717865, 0.9999940395355225]
2020/03/08 15:41:02 642804	INFO [input.cpp->run:256]	frame times (ms): 48.634
2020/03/08 15:41:02 642805	INFO [input.cpp->run:257]	FPS: 20.5617
2020/03/08 15:41:02 725693	INFO [input.cpp->run:173]	
frame_id 44
2020/03/08 15:41:02 766622	WARNING [visualOdometry.cpp->trackingFrame2Frame:179]	The Estimated Rotation and translation matrices(using getTransformation function) are : 
   0.999986    -0.00373 -0.00384218   -0.029779
 0.00372402    0.999992 -0.00154591    -0.01103
 0.00384791  0.00153158    0.999992    0.650143
          0           0           0           1
2020/03/08 15:41:02 768358	INFO [input.cpp->run:235]	rotation: 
[0.9999856948852539, -0.003729995340108871, -0.003842175006866455;
 0.003724016714841127, 0.9999920129776001, -0.00154590792953968;
 0.003847906365990639, 0.001531578600406647, 0.9999915957450867]
2020/03/08 15:41:02 768381	INFO [input.cpp->run:256]	frame times (ms): 62.224
2020/03/08 15:41:02 768383	INFO [input.cpp->run:257]	FPS: 16.071
2020/03/08 15:41:02 861008	INFO [input.cpp->run:173]	
frame_id 45
2020/03/08 15:41:02 893148	WARNING [visualOdometry.cpp->trackingFrame2Frame:179]	The Estimated Rotation and translation matrices(using getTransformation function) are : 
   0.999965  -0.0083595 -0.00114028   0.0518427
 0.00835431    0.999955 -0.00452473    0.121125
 0.00117806  0.00451505    0.999989    -1.13063
          0           0           0           1
2020/03/08 15:41:02 893830	INFO [input.cpp->run:235]	rotation: 
[0.9999645948410034, -0.008359498344361782, -0.001140282489359379;
 0.008354312740266323, 0.999954879283905, -0.004524733871221542;
 0.001178056001663208, 0.004515048116445541, 0.9999890327453613]
2020/03/08 15:41:02 893850	INFO [input.cpp->run:256]	frame times (ms): 48.942
2020/03/08 15:41:02 893852	INFO [input.cpp->run:257]	FPS: 20.4323
2020/03/08 15:41:02 996584	INFO [input.cpp->run:173]	
frame_id 46
2020/03/08 15:41:03 028518	WARNING [visualOdometry.cpp->trackingFrame2Frame:179]	The Estimated Rotation and translation matrices(using getTransformation function) are : 
   0.999934  -0.0102271 -0.00519662   0.0644217
  0.0101961     0.99993 -0.00594758   0.0779021
  0.0052571  0.00589418    0.999969    0.676636
          0           0           0           1
2020/03/08 15:41:03 029202	INFO [input.cpp->run:235]	rotation: 
[0.9999338984489441, -0.01022709161043167, -0.005196621641516685;
 0.01019609533250332, 0.9999302625656128, -0.005947578698396683;
 0.005257098004221916, 0.005894184112548828, 0.9999688863754272]
2020/03/08 15:41:03 029221	INFO [input.cpp->run:256]	frame times (ms): 49.339
2020/03/08 15:41:03 029223	INFO [input.cpp->run:257]	FPS: 20.2679
2020/03/08 15:41:03 113648	INFO [input.cpp->run:173]	
frame_id 47
2020/03/08 15:41:03 151442	WARNING [visualOdometry.cpp->trackingFrame2Frame:179]	The Estimated Rotation and translation matrices(using getTransformation function) are : 
    0.999903   -0.0139206 -0.000596488    0.0684829
     0.01392     0.999903  -0.00106074      0.22789
 0.000611186   0.00105234     0.999999     -1.53699
