		g3log created log at: Mon Mar 09 14:50:53 2020
		LOG format: [YYYY/MM/DD hh:mm:ss uuu* LEVEL FILE->FUNCTION:LINE] message		(uuu*: microseconds fractions of the seconds value)

2020/03/09 14:50:53 456986	INFO [g3logger.h->logBanner:29]	Starting log.
2020/03/09 14:50:53 461282	DEBUG [main.cpp->main:48]	Filepath: /home/mitchell/KITTI/data_odometry_gray/dataset/sequences/00/
2020/03/09 14:50:53 461290	DEBUG [main.cpp->main:52]	Calibration Filepath: /home/mitchell/visual_odom_catkin_ws/tank_downsized.yaml
2020/03/09 14:50:53 461474	INFO [main.cpp->main:66]	P_left: 
[409.41, 0, 251.22, 0;
 0, 408.72, 191.78999, 0;
 0, 0, 1, 0]
2020/03/09 14:50:53 461493	INFO [main.cpp->main:67]	P_right: 
[409.41, 0, 251.22, -73.940002;
 0, 408.72, 191.78999, 0;
 0, 0, 1, 0]
2020/03/09 14:50:53 590652	INFO [input.cpp->Input:22]	frame_pose [1, 0, 0, 0;
 0, 1, 0, 0;
 0, 0, 1, 0;
 0, 0, 0, 1]
2020/03/09 14:50:54 040225	INFO [input.cpp->run:173]	
frame_id 1
2020/03/09 14:50:54 156222	INFO [input.cpp->run:235]	rotation: 
[-0.9938195818482982, -0.01037428757443334, -0.1105215494471403;
 -0.01276295043160755, -0.9783423909934466, 0.2065993056171933;
 -0.1102712375515667, 0.2067330165758461, 0.9721634194034954]
2020/03/09 14:50:54 156331	INFO [input.cpp->run:256]	frame times (ms): 214.482
2020/03/09 14:50:54 156338	INFO [input.cpp->run:257]	FPS: 4.6624
2020/03/09 14:50:54 172108	INFO [input.cpp->run:173]	
frame_id 2
2020/03/09 14:50:54 220698	INFO [input.cpp->run:235]	rotation: 
[-0.9802415195523803, -0.02098959080042411, -0.1966875705876488;
 -0.02928556441133751, -0.967995774261876, 0.2492519543118178;
 -0.1956244337058895, 0.2500872209633709, 0.948254956669391]
2020/03/09 14:50:54 220767	INFO [input.cpp->run:256]	frame times (ms): 153.914
2020/03/09 14:50:54 220776	INFO [input.cpp->run:257]	FPS: 6.49713
2020/03/09 14:50:54 303542	INFO [input.cpp->run:173]	
frame_id 3
2020/03/09 14:50:54 360504	INFO [input.cpp->run:235]	rotation: 
[-0.989282722347207, -0.009103435044972883, -0.1457285927183847;
 -0.01477274638306173, -0.9866929184402404, 0.1619223599883068;
 -0.1452634201359744, 0.1623398046391058, 0.9759837737381376]
2020/03/09 14:50:54 360564	INFO [input.cpp->run:256]	frame times (ms): 163.361
2020/03/09 14:50:54 360569	INFO [input.cpp->run:257]	FPS: 6.12141
2020/03/09 14:50:54 438840	INFO [input.cpp->run:173]	
frame_id 4
2020/03/09 14:50:54 540257	INFO [input.cpp->run:235]	rotation: 
[0.999290094507176, -0.006168234814122703, -0.03716530504539189;
 0.00829990781181692, 0.9983122654420791, 0.05747810190167416;
 0.03674804144651151, -0.05774576648709188, 0.9976547538616071]
2020/03/09 14:50:54 540321	INFO [input.cpp->run:256]	frame times (ms): 172.779
2020/03/09 14:50:54 540325	INFO [input.cpp->run:257]	FPS: 5.78774
2020/03/09 14:50:54 569413	INFO [input.cpp->run:173]	
frame_id 5
2020/03/09 14:50:54 628549	INFO [input.cpp->run:235]	rotation: 
[-0.9682779957410624, -0.02266888342832867, 0.2488450214245485;
 -0.01204990462680543, -0.9904816264769751, -0.1371165468133253;
 0.2495847005770908, -0.1357654939063633, 0.9587884062201655]
2020/03/09 14:50:54 628620	INFO [input.cpp->run:256]	frame times (ms): 174.144
2020/03/09 14:50:54 628627	INFO [input.cpp->run:257]	FPS: 5.74237
2020/03/09 14:50:54 705414	INFO [input.cpp->run:173]	
frame_id 6
2020/03/09 14:50:54 758326	INFO [input.cpp->run:235]	rotation: 
[-0.9756285503139789, -0.009068112634660772, -0.2192411939975907;
 -0.02184332030206342, -0.990169291297298, 0.1381580396863969;
 -0.218338730349028, 0.1395798835973567, 0.9658393525449889]
2020/03/09 14:50:54 758386	INFO [input.cpp->run:256]	frame times (ms): 167.601
2020/03/09 14:50:54 758391	INFO [input.cpp->run:257]	FPS: 5.96655
2020/03/09 14:50:54 838455	INFO [input.cpp->run:173]	
frame_id 7
2020/03/09 14:50:54 888434	INFO [input.cpp->run:235]	rotation: 
[-0.9777697113070124, -0.02251209546439391, -0.2084696553659636;
 -0.02612418371251038, -0.9733942478920423, 0.2276426260524165;
 -0.2080478759227227, 0.2280281643317056, 0.951167302631643]
2020/03/09 14:50:54 888492	INFO [input.cpp->run:256]	frame times (ms): 163.8
2020/03/09 14:50:54 888499	INFO [input.cpp->run:257]	FPS: 6.10501
2020/03/09 14:50:54 971426	INFO [input.cpp->run:173]	
frame_id 8
2020/03/09 14:50:55 021352	INFO [input.cpp->run:235]	rotation: 
[-0.9758087319457275, -0.008720289243211219, -0.2184519975051408;
 -0.0177104544918224, -0.9927672874876768, 0.1187411162826655;
 -0.21790745388849, 0.1197375022700705, 0.9685965476347513]
2020/03/09 14:50:55 021410	INFO [input.cpp->run:256]	frame times (ms): 163.006
2020/03/09 14:50:55 021415	INFO [input.cpp->run:257]	FPS: 6.13474
2020/03/09 14:50:55 104042	INFO [input.cpp->run:173]	
frame_id 9
2020/03/09 14:50:55 154465	INFO [input.cpp->run:235]	rotation: 
[-0.9997902468048793, 0.008770780752033466, 0.01850772268104206;
 -0.009109635849216504, -0.9997909548914702, -0.01830467295246956;
 0.01834330745894177, -0.01846943210285472, 0.9996611441629932]
2020/03/09 14:50:55 154529	INFO [input.cpp->run:256]	frame times (ms): 166.611
2020/03/09 14:50:55 154542	INFO [input.cpp->run:257]	FPS: 6.00201
2020/03/09 14:50:55 237340	INFO [input.cpp->run:173]	
frame_id 10
2020/03/09 14:50:55 287690	INFO [input.cpp->run:235]	rotation: 
[-0.9993658672818647, 0.01604821432666807, 0.03178550186628613;
 -0.01614686965652101, -0.999865570382053, -0.002849520111715059;
 0.03173549924393303, -0.003360949493383263, 0.9994906513350894]
2020/03/09 14:50:55 287747	INFO [input.cpp->run:256]	frame times (ms): 159.863
2020/03/09 14:50:55 287750	INFO [input.cpp->run:257]	FPS: 6.25536
2020/03/09 14:50:55 371567	INFO [input.cpp->run:173]	
frame_id 11
2020/03/09 14:50:55 424549	INFO [input.cpp->run:235]	rotation: 
[-0.9269513186050296, -0.03446954137193524, -0.3735948389017246;
 -0.04164150319588911, -0.9801659798927246, 0.1937540633703507;
 -0.3728635650582983, 0.1951576352043228, 0.9071307839961522]
2020/03/09 14:50:55 424613	INFO [input.cpp->run:256]	frame times (ms): 165.195
2020/03/09 14:50:55 424617	INFO [input.cpp->run:257]	FPS: 6.05345
2020/03/09 14:50:55 504618	INFO [input.cpp->run:173]	
frame_id 12
2020/03/09 14:50:55 557595	INFO [input.cpp->run:235]	rotation: 
[-0.9769974031809949, -0.01473011401837642, -0.2127418574672084;
 -0.02853033459585356, -0.9796143976432542, 0.1988508283560641;
 -0.2113340819305798, 0.2003463393003473, 0.9566604675345952]
2020/03/09 14:50:55 557655	INFO [input.cpp->run:256]	frame times (ms): 166.002
2020/03/09 14:50:55 557659	INFO [input.cpp->run:257]	FPS: 6.02402
2020/03/09 14:50:55 638259	INFO [input.cpp->run:173]	
frame_id 13
2020/03/09 14:50:55 693430	INFO [input.cpp->run:235]	rotation: 
[-0.9999959726550148, 0.001762000136581372, -0.002224866123963641;
 -0.001773344768672417, -0.9999853848397587, 0.00510738242262478;
 -0.002215834398662486, 0.005111307308135719, 0.9999844821873588]
2020/03/09 14:50:55 693495	INFO [input.cpp->run:256]	frame times (ms): 164.074
2020/03/09 14:50:55 693500	INFO [input.cpp->run:257]	FPS: 6.09481
2020/03/09 14:50:55 771295	INFO [input.cpp->run:173]	
frame_id 14
2020/03/09 14:50:55 821904	INFO [input.cpp->run:235]	rotation: 
[-0.9617259784642558, -0.01538901985033384, -0.2735805556230482;
 -0.02568686594905741, -0.9889617791629539, 0.1459273253114712;
 -0.2728063915392835, 0.1473695267784042, 0.9507149390392602]
2020/03/09 14:50:55 821962	INFO [input.cpp->run:256]	frame times (ms): 168.393
2020/03/09 14:50:55 821965	INFO [input.cpp->run:257]	FPS: 5.93849
2020/03/09 14:50:55 905208	INFO [input.cpp->run:173]	
frame_id 15
2020/03/09 14:50:55 958007	INFO [input.cpp->run:235]	rotation: 
[-0.9523747747901021, -0.01551363208632595, -0.304535081005444;
 -0.02997379216818868, -0.9891055354411685, 0.1441242919937428;
 -0.3034532255992025, 0.1463884113553034, 0.9415341591754967]
2020/03/09 14:50:55 958072	INFO [input.cpp->run:256]	frame times (ms): 174.638
2020/03/09 14:50:55 958076	INFO [input.cpp->run:257]	FPS: 5.72613
2020/03/09 14:50:56 036142	INFO [input.cpp->run:173]	
frame_id 16
2020/03/09 14:50:56 086441	INFO [input.cpp->run:235]	rotation: 
[0.9991469369321063, -0.002461570649357396, -0.04122304075547852;
 0.003948499574274025, 0.9993429855352683, 0.03602785883963276;
 0.04110727150154311, -0.03615989396271467, 0.9985002024528106]
2020/03/09 14:50:56 086502	INFO [input.cpp->run:256]	frame times (ms): 166.188
2020/03/09 14:50:56 086506	INFO [input.cpp->run:257]	FPS: 6.01728
2020/03/09 14:50:56 172762	INFO [input.cpp->run:173]	
frame_id 17
2020/03/09 14:50:56 223315	INFO [input.cpp->run:235]	rotation: 
[0.9991198720727104, -0.005052509406199491, -0.04164076582042232;
 0.006582249564219746, 0.9993053197379926, 0.03668176568845331;
 0.04142650383613509, -0.03692357095472386, 0.9984590600960392]
2020/03/09 14:50:56 223381	INFO [input.cpp->run:256]	frame times (ms): 165.919
2020/03/09 14:50:56 223383	INFO [input.cpp->run:257]	FPS: 6.02704
2020/03/09 14:50:56 306294	INFO [input.cpp->run:173]	
frame_id 18
2020/03/09 14:50:56 359864	INFO [input.cpp->run:235]	rotation: 
[0.9991956732817753, 0.005082102321496764, -0.03977661035047574;
 -0.003861690516354301, 0.999521228238471, 0.03069856099256439;
 0.03991357966075751, -0.03052026436078387, 0.9987369121155041]
2020/03/09 14:50:56 359910	INFO [input.cpp->run:256]	frame times (ms): 179.145
2020/03/09 14:50:56 359916	INFO [input.cpp->run:257]	FPS: 5.58207
2020/03/09 14:50:56 440126	INFO [input.cpp->run:173]	
frame_id 19
2020/03/09 14:50:56 492500	INFO [input.cpp->run:235]	rotation: 
[-0.9950774194409389, 0.005233609170408435, -0.09896230925869275;
 0.001714046397392445, -0.9975462177089969, -0.06999003914431151;
 -0.0990857778074599, -0.06981513352795429, 0.9926267454419937]
2020/03/09 14:50:56 492575	INFO [input.cpp->run:256]	frame times (ms): 172.921
2020/03/09 14:50:56 492580	INFO [input.cpp->run:257]	FPS: 5.78299
2020/03/09 14:50:56 570522	INFO [input.cpp->run:173]	
frame_id 20
2020/03/09 14:50:56 623219	INFO [input.cpp->run:235]	rotation: 
[-0.9263457673165381, -0.025408718747103, -0.3758163333150448;
 -0.03843865954688482, -0.9861370664572328, 0.1614191922026682;
 -0.3747078713170741, 0.1639758615490521, 0.9125272204171628]
2020/03/09 14:50:56 623277	INFO [input.cpp->run:256]	frame times (ms): 172.079
2020/03/09 14:50:56 623281	INFO [input.cpp->run:257]	FPS: 5.81128
2020/03/09 14:50:56 706646	INFO [input.cpp->run:173]	
frame_id 21
2020/03/09 14:50:56 756917	INFO [input.cpp->run:235]	rotation: 
[-0.9876566124776297, -0.003546776461796618, -0.1565944960908373;
 -0.007828545763640728, -0.997376405637773, 0.07196540382922351;
 -0.1564389008541028, 0.07230301414053691, 0.9850376360554727]
2020/03/09 14:50:56 756980	INFO [input.cpp->run:256]	frame times (ms): 164.046
2020/03/09 14:50:56 756984	INFO [input.cpp->run:257]	FPS: 6.09585
2020/03/09 14:50:56 836806	INFO [input.cpp->run:173]	
frame_id 22
2020/03/09 14:50:56 891441	INFO [input.cpp->run:235]	rotation: 
[-0.9623745005862164, -0.02869283969594995, -0.2702074047312786;
 -0.03667716023778922, -0.9715923155188811, 0.2338015362258136;
 -0.2692398680328045, 0.2349150769423739, 0.9339832975416833]
2020/03/09 14:50:56 891507	INFO [input.cpp->run:256]	frame times (ms): 175.712
2020/03/09 14:50:56 891511	INFO [input.cpp->run:257]	FPS: 5.69113
2020/03/09 14:50:56 971457	INFO [input.cpp->run:173]	
frame_id 23
2020/03/09 14:50:57 024417	INFO [input.cpp->run:235]	rotation: 
[-0.9852249205840931, -0.009875385453483551, -0.1709805036318838;
 -0.009303066187889708, -0.9937764042997365, 0.1110041045033498;
 -0.1710125984235409, 0.1109546529859473, 0.9790014076400488]
2020/03/09 14:50:57 024487	INFO [input.cpp->run:256]	frame times (ms): 171.723
2020/03/09 14:50:57 024492	INFO [input.cpp->run:257]	FPS: 5.82333
2020/03/09 14:50:57 104673	INFO [input.cpp->run:173]	
frame_id 24
2020/03/09 14:50:57 157786	INFO [input.cpp->run:235]	rotation: 
[-0.9787365815430593, -0.005119776940409243, -0.2050572891498543;
 -0.01384499164995787, -0.9957597904734883, 0.09094369622138404;
 -0.2046534147177103, 0.09184893880865058, 0.9745156500970653]
2020/03/09 14:50:57 157845	INFO [input.cpp->run:256]	frame times (ms): 173.224
2020/03/09 14:50:57 157850	INFO [input.cpp->run:257]	FPS: 5.77287
2020/03/09 14:50:57 238257	INFO [input.cpp->run:173]	
frame_id 25
2020/03/09 14:50:57 289997	INFO [input.cpp->run:235]	rotation: 
[-0.9146848454531522, -0.03318753038130886, -0.4028029559543136;
 -0.04863974454218362, -0.9803407571173172, 0.1912228416939686;
 -0.4012303686776639, 0.1945008682804146, 0.8950886009155471]
2020/03/09 14:50:57 290054	INFO [input.cpp->run:256]	frame times (ms): 173.622
2020/03/09 14:50:57 290059	INFO [input.cpp->run:257]	FPS: 5.75964
2020/03/09 14:50:57 370803	INFO [input.cpp->run:173]	
frame_id 26
2020/03/09 14:50:57 448412	INFO [input.cpp->run:235]	rotation: 
[-0.9865157732796316, -0.01512316965155127, -0.1629660050752334;
 -0.004934835098114284, -0.9925204753167119, 0.1219784959722106;
 -0.1635917983061652, 0.1211379206391565, 0.9790624738545419]
2020/03/09 14:50:57 448469	INFO [input.cpp->run:256]	frame times (ms): 180.239
2020/03/09 14:50:57 448486	INFO [input.cpp->run:257]	FPS: 5.54819
2020/03/09 14:50:57 504411	INFO [input.cpp->run:173]	
frame_id 27
2020/03/09 14:50:57 552431	INFO [input.cpp->run:235]	rotation: 
[-0.9985519174189363, 0.05019323201772243, 0.01935736755297013;
 -0.05148838817595067, -0.9959635603727091, -0.07352232513162049;
 0.01558890958368543, -0.07441253838790998, 0.9971056915034933]
2020/03/09 14:50:57 552492	INFO [input.cpp->run:256]	frame times (ms): 164.403
2020/03/09 14:50:57 552495	INFO [input.cpp->run:257]	FPS: 6.08261
2020/03/09 14:50:57 636537	INFO [input.cpp->run:173]	
frame_id 28
2020/03/09 14:50:57 689201	INFO [input.cpp->run:235]	rotation: 
[0.9999959843118644, -0.002654701217712365, 0.0009919282181800311;
 0.002663830564447309, 0.9999530332161626, -0.009318549700456515;
 -0.0009671436652647105, 0.009321154608772367, 0.9999560893908742]
2020/03/09 14:50:57 689256	INFO [input.cpp->run:256]	frame times (ms): 175.72
2020/03/09 14:50:57 689261	INFO [input.cpp->run:257]	FPS: 5.69087
2020/03/09 14:50:57 773308	INFO [input.cpp->run:173]	
frame_id 29
2020/03/09 14:50:57 827482	INFO [input.cpp->run:235]	rotation: 
[-0.9926788030933962, -0.001191439796837443, -0.1207782031670981;
 -0.008223540541996043, -0.9969643246313334, 0.07742421322392211;
 -0.1205038060395457, 0.07785059976390497, 0.9896555546483757]
2020/03/09 14:50:57 827563	INFO [input.cpp->run:256]	frame times (ms): 175.564
2020/03/09 14:50:57 827567	INFO [input.cpp->run:257]	FPS: 5.69593
2020/03/09 14:50:57 904506	INFO [input.cpp->run:173]	
frame_id 30
2020/03/09 14:50:57 957576	INFO [input.cpp->run:235]	rotation: 
[0.9999819830680809, -0.003002307999592262, -0.005198046354526288;
 0.003006574407036399, 0.9999951496355208, 0.0008131517492397353;
 0.005195579810105265, -0.000828765411876137, 0.9999861594533841]
2020/03/09 14:50:57 957639	INFO [input.cpp->run:256]	frame times (ms): 178.484
2020/03/09 14:50:57 957643	INFO [input.cpp->run:257]	FPS: 5.60274
2020/03/09 14:50:58 036680	INFO [input.cpp->run:173]	
frame_id 31
2020/03/09 14:50:58 089004	INFO [input.cpp->run:235]	rotation: 
[-0.9999143152697377, 0.001784211315713836, 0.0129683733996338;
 -0.00171341608212491, -0.9999835817442321, 0.005468130147149159;
 0.01297791678124677, 0.005445441392350528, 0.9999009555171252]
2020/03/09 14:50:58 089060	INFO [input.cpp->run:256]	frame times (ms): 173.735
2020/03/09 14:50:58 089061	INFO [input.cpp->run:257]	FPS: 5.75589
2020/03/09 14:50:58 173531	INFO [input.cpp->run:173]	
frame_id 32
2020/03/09 14:50:58 224875	INFO [input.cpp->run:235]	rotation: 
[0.9994553567778159, -0.0301733566012564, 0.01336257308836923;
 0.03099611174754187, 0.9973131755673239, -0.06637522803240649;
 -0.01132390677560047, 0.0667532650230195, 0.9977052524388673]
2020/03/09 14:50:58 224931	INFO [input.cpp->run:256]	frame times (ms): 171.7
2020/03/09 14:50:58 224934	INFO [input.cpp->run:257]	FPS: 5.82411
2020/03/09 14:50:58 303741	INFO [input.cpp->run:173]	
frame_id 33
2020/03/09 14:50:58 351689	INFO [input.cpp->run:235]	rotation: 
[-0.9800954340505748, -0.008417116037417932, -0.1983484114149347;
 -0.0121013195495873, -0.9947100158225692, 0.1020075609326226;
 -0.1981577609339951, 0.1023774222173844, 0.9748088865012199]
2020/03/09 14:50:58 351745	INFO [input.cpp->run:256]	frame times (ms): 170.358
2020/03/09 14:50:58 351748	INFO [input.cpp->run:257]	FPS: 5.86999
2020/03/09 14:50:58 440095	INFO [input.cpp->run:173]	
frame_id 34
2020/03/09 14:50:58 496574	INFO [input.cpp->run:235]	rotation: 
[-0.9855908793813154, 0.00285675054725685, -0.1691226107197859;
 -0.001177749351281441, -0.9999490328031223, -0.01002719814134605;
 -0.1691426362181666, -0.009683530988797694, 0.9855440111130294]
2020/03/09 14:50:58 496655	INFO [input.cpp->run:256]	frame times (ms): 178.02
2020/03/09 14:50:58 496659	INFO [input.cpp->run:257]	FPS: 5.61735
2020/03/09 14:50:58 572019	INFO [input.cpp->run:173]	
frame_id 35
2020/03/09 14:50:58 627266	INFO [input.cpp->run:235]	rotation: 
[-0.9998168298479427, 0.002407483983328154, 0.01898712125836692;
 -0.002547785956076319, -0.9999696058115853, -0.007368598221140184;
 0.01896880437802896, -0.007415623634771954, 0.9997925749807185]
2020/03/09 14:50:58 627328	INFO [input.cpp->run:256]	frame times (ms): 177.67
2020/03/09 14:50:58 627333	INFO [input.cpp->run:257]	FPS: 5.62841
2020/03/09 14:50:58 705157	INFO [input.cpp->run:173]	
frame_id 36
2020/03/09 14:50:58 764068	INFO [input.cpp->run:235]	rotation: 
[-0.9677899169745512, -0.009541886881633509, -0.2515782760834676;
 -0.02337608421315206, -0.991558845783017, 0.1275327959244634;
 -0.250671568569814, 0.1293058689471956, 0.9593976010844301]
2020/03/09 14:50:58 764131	INFO [input.cpp->run:256]	frame times (ms): 181.509
2020/03/09 14:50:58 764143	INFO [input.cpp->run:257]	FPS: 5.50937
2020/03/09 14:50:58 840599	INFO [input.cpp->run:173]	
frame_id 37
2020/03/09 14:50:58 897635	INFO [input.cpp->run:235]	rotation: 
[-0.9744137122891632, -0.006574869215882363, -0.2246657259077272;
 -0.007041103904289815, -0.99818850486192, 0.05975057838493085;
 -0.2246515972760063, 0.0598036776153341, 0.9726022722495666]
2020/03/09 14:50:58 897710	INFO [input.cpp->run:256]	frame times (ms): 190.486
2020/03/09 14:50:58 897715	INFO [input.cpp->run:257]	FPS: 5.24973
2020/03/09 14:50:58 972650	INFO [input.cpp->run:173]	
frame_id 38
2020/03/09 14:50:59 030954	INFO [input.cpp->run:235]	rotation: 
[-0.902199160051576, -0.03793331626547548, -0.4296483901044368;
 -0.04201324466267121, -0.9836594959901871, 0.1750682244761902;
 -0.4292686371902162, 0.1759973280065201, 0.8858630693619758]
2020/03/09 14:50:59 031029	INFO [input.cpp->run:256]	frame times (ms): 184.179
2020/03/09 14:50:59 031034	INFO [input.cpp->run:257]	FPS: 5.4295
2020/03/09 14:50:59 105376	INFO [input.cpp->run:173]	
frame_id 39
2020/03/09 14:50:59 161224	INFO [input.cpp->run:235]	rotation: 
[-0.9081032261562956, -0.02847294904162803, -0.4177772394678781;
 -0.03494256012778275, -0.9890534904591672, 0.1433604216729789;
 -0.4172859309109813, 0.1447842677344844, 0.8971677477932125]
2020/03/09 14:50:59 161280	INFO [input.cpp->run:256]	frame times (ms): 176.753
2020/03/09 14:50:59 161284	INFO [input.cpp->run:257]	FPS: 5.65761
2020/03/09 14:50:59 239942	INFO [input.cpp->run:173]	
frame_id 40
2020/03/09 14:50:59 295119	INFO [input.cpp->run:235]	rotation: 
[-0.9825785114521939, 0.002202352087510262, -0.1858349226536108;
 -0.02266914103341024, -0.9938835370596093, 0.1080815655266317;
 -0.1844602365747106, 0.1104113418411481, 0.9766185318309497]
2020/03/09 14:50:59 295182	INFO [input.cpp->run:256]	frame times (ms): 173.265
2020/03/09 14:50:59 295188	INFO [input.cpp->run:257]	FPS: 5.77151
2020/03/09 14:50:59 374479	INFO [input.cpp->run:173]	
frame_id 41
2020/03/09 14:50:59 428442	INFO [input.cpp->run:235]	rotation: 
[-0.887389567317083, -0.03487076959025601, -0.4596996685282509;
 -0.03226510514670007, -0.9899927808457851, 0.1373799725691546;
 -0.4598898985699434, 0.136741812557142, 0.8773841563944016]
2020/03/09 14:50:59 428508	INFO [input.cpp->run:256]	frame times (ms): 178.983
2020/03/09 14:50:59 428513	INFO [input.cpp->run:257]	FPS: 5.58712
2020/03/09 14:50:59 506635	INFO [input.cpp->run:173]	
frame_id 42
2020/03/09 14:50:59 564919	INFO [input.cpp->run:235]	rotation: 
[-0.9198152918157992, -0.03040422608695284, -0.3911718445617854;
 -0.03333412293667586, -0.9873323880508369, 0.1551244395763421;
 -0.3909330699619293, 0.1557252020126642, 0.9071499304239938]
2020/03/09 14:50:59 564991	INFO [input.cpp->run:256]	frame times (ms): 181.838
2020/03/09 14:50:59 564996	INFO [input.cpp->run:257]	FPS: 5.4994
2020/03/09 14:50:59 639662	INFO [input.cpp->run:173]	
frame_id 43
2020/03/09 14:50:59 695851	INFO [input.cpp->run:235]	rotation: 
[-0.975024448031387, -0.005443376179557324, -0.222030843345822;
 -0.01721151901017239, -0.9948413395038971, 0.09997236031751153;
 -0.221429648770104, 0.1012969835180678, 0.9699009391559991]
2020/03/09 14:50:59 695947	INFO [input.cpp->run:256]	frame times (ms): 180.23
2020/03/09 14:50:59 695955	INFO [input.cpp->run:257]	FPS: 5.54847
2020/03/09 14:50:59 773458	INFO [input.cpp->run:173]	
frame_id 44
2020/03/09 14:50:59 833133	INFO [input.cpp->run:235]	rotation: 
[-0.5620723284222635, -0.09671641758336068, -0.8214138008286787;
 -0.09179051533087161, -0.9797100769177938, 0.1781647172731563;
 -0.821978831185614, 0.1755394535583716, 0.5417902743010066]
2020/03/09 14:50:59 833193	INFO [input.cpp->run:256]	frame times (ms): 185.842
2020/03/09 14:50:59 833197	INFO [input.cpp->run:257]	FPS: 5.38092
2020/03/09 14:50:59 907045	INFO [input.cpp->run:173]	
frame_id 45
2020/03/09 14:50:59 964517	INFO [input.cpp->run:235]	rotation: 
[-0.9425029155091562, -0.02882106139614776, -0.3329528505310321;
 -0.03882119485176111, -0.9800881185618165, 0.1947310829945756;
 -0.331935489345478, 0.1964602409495575, 0.9226170411601009]
2020/03/09 14:50:59 964574	INFO [input.cpp->run:256]	frame times (ms): 175.698
2020/03/09 14:50:59 964579	INFO [input.cpp->run:257]	FPS: 5.69158
2020/03/09 14:51:00 037806	INFO [input.cpp->run:173]	
frame_id 46
2020/03/09 14:51:00 096884	INFO [input.cpp->run:235]	rotation: 
[-0.9281032113311155, -0.03255463405170138, -0.3708970543407301;
 -0.03675075103632422, -0.983295315942074, 0.1782686286048193;
 -0.3705048061970813, 0.179082431991909, 0.9114031331615695]
2020/03/09 14:51:00 096947	INFO [input.cpp->run:256]	frame times (ms): 177.201
2020/03/09 14:51:00 096951	INFO [input.cpp->run:257]	FPS: 5.64331
2020/03/09 14:51:00 171340	INFO [input.cpp->run:173]	
frame_id 47
2020/03/09 14:51:00 227740	INFO [input.cpp->run:235]	rotation: 
[-0.9658740183099085, 0.004252028426930361, -0.2589774140888103;
 -0.01187635133777357, -0.9995406487616736, 0.02788267835044602;
 -0.258739894551985, 0.03000686133785476, 0.965480841467027]
2020/03/09 14:51:00 227811	INFO [input.cpp->run:256]	frame times (ms): 185.611
2020/03/09 14:51:00 227815	INFO [input.cpp->run:257]	FPS: 5.38761
2020/03/09 14:51:00 304324	INFO [input.cpp->run:173]	
frame_id 48
2020/03/09 14:51:00 361374	INFO [input.cpp->run:235]	rotation: 
[-0.9362019505240916, -0.03315319990037541, -0.3498953746068276;
 -0.04282253998044629, -0.9773639805158751, 0.2071856164403968;
 -0.3488440022481532, 0.2089509869001099, 0.9135903607027389]
2020/03/09 14:51:00 361437	INFO [input.cpp->run:256]	frame times (ms): 211.353
2020/03/09 14:51:00 361442	INFO [input.cpp->run:257]	FPS: 4.73142
2020/03/09 14:51:00 440081	INFO [input.cpp->run:173]	
frame_id 49
2020/03/09 14:51:00 494088	INFO [input.cpp->run:235]	rotation: 
[-0.9557077447159201, -0.01863462948146031, -0.2937268412557804;
 -0.02271702619484295, -0.9903458212191086, 0.1367446200576537;
 -0.293439335145908, 0.1373604927842716, 0.9460578479200887]
2020/03/09 14:51:00 494147	INFO [input.cpp->run:256]	frame times (ms): 180.898
2020/03/09 14:51:00 494152	INFO [input.cpp->run:257]	FPS: 5.52798
2020/03/09 14:51:00 572750	INFO [input.cpp->run:173]	
frame_id 50
2020/03/09 14:51:00 630702	INFO [input.cpp->run:235]	rotation: 
[-0.9999529899496816, 0.004627570807870835, 0.008520767518832167;
 -0.004240257244356099, -0.9989813449144791, 0.04492541297929638;
 0.008719983325301099, 0.04488717078717244, 0.9989540048418294]
2020/03/09 14:51:00 630777	INFO [input.cpp->run:256]	frame times (ms): 183.299
2020/03/09 14:51:00 630782	INFO [input.cpp->run:257]	FPS: 5.45557
2020/03/09 14:51:00 704728	INFO [input.cpp->run:173]	
frame_id 51
2020/03/09 14:51:00 759282	INFO [input.cpp->run:235]	rotation: 
[-0.9305430214507167, -0.02982546628412753, -0.3649659255195004;
 -0.03532156171952716, -0.9847190601000437, 0.1705308181924314;
 -0.364475064314508, 0.1715774292750093, 0.9152699674174358]
2020/03/09 14:51:00 759344	INFO [input.cpp->run:256]	frame times (ms): 178.433
2020/03/09 14:51:00 759349	INFO [input.cpp->run:257]	FPS: 5.60434
2020/03/09 14:51:00 837604	INFO [input.cpp->run:173]	
frame_id 52
2020/03/09 14:51:00 894245	INFO [input.cpp->run:235]	rotation: 
[-0.9794174896209006, 0.001929203224023056, -0.2018357232989581;
 -0.01710255056142899, -0.9971515170321661, 0.07345988595651101;
 -0.2011190786300169, 0.07539980275418667, 0.9766606298789989]
2020/03/09 14:51:00 894331	INFO [input.cpp->run:256]	frame times (ms): 181.732
2020/03/09 14:51:00 894338	INFO [input.cpp->run:257]	FPS: 5.50261
2020/03/09 14:51:00 973267	INFO [input.cpp->run:173]	
frame_id 53
2020/03/09 14:51:01 031520	INFO [input.cpp->run:235]	rotation: 
[-0.8738315027752159, -0.03777794155733215, -0.4847590451856453;
 -0.03322384217035157, -0.9900078694486955, 0.1370423100399815;
 -0.4850924458997967, 0.1358574457339223, 0.8638449359518212]
2020/03/09 14:51:01 031583	INFO [input.cpp->run:256]	frame times (ms): 180.989
2020/03/09 14:51:01 031588	INFO [input.cpp->run:257]	FPS: 5.5252
2020/03/09 14:51:01 105342	INFO [input.cpp->run:173]	
frame_id 54
2020/03/09 14:51:01 160444	INFO [input.cpp->run:235]	rotation: 
[-0.9759687005186983, -0.004218102683755384, -0.2178699227006623;
 -0.004771238865445806, -0.9991593035327515, 0.04071758150523795;
 -0.2178585111661515, 0.04077859455273235, 0.9751280815045638]
2020/03/09 14:51:01 160516	INFO [input.cpp->run:256]	frame times (ms): 175.592
2020/03/09 14:51:01 160522	INFO [input.cpp->run:257]	FPS: 5.69502
2020/03/09 14:51:01 238744	INFO [input.cpp->run:173]	
frame_id 55
2020/03/09 14:51:01 292012	INFO [input.cpp->run:235]	rotation: 
[-0.9366739509482463, -0.02164035917872853, -0.349533409661534;
 -0.02546575144839243, -0.9912376784258411, 0.1296123465265462;
 -0.3492755432579996, 0.130305639646043, 0.9279154245718]
2020/03/09 14:51:01 292077	INFO [input.cpp->run:256]	frame times (ms): 173.65
2020/03/09 14:51:01 292083	INFO [input.cpp->run:257]	FPS: 5.75871
2020/03/09 14:51:01 370813	INFO [input.cpp->run:173]	
frame_id 56
2020/03/09 14:51:01 428009	INFO [input.cpp->run:235]	rotation: 
[-0.9219215899155697, -0.02757353577744263, -0.3863939468628853;
 -0.02624634183314377, -0.9907251579845667, 0.1333221319842772;
 -0.3864863666262057, 0.1330539795014991, 0.9126472083729222]
2020/03/09 14:51:01 428073	INFO [input.cpp->run:256]	frame times (ms): 178.493
2020/03/09 14:51:01 428078	INFO [input.cpp->run:257]	FPS: 5.60246
2020/03/09 14:51:01 507778	INFO [input.cpp->run:173]	
frame_id 57
2020/03/09 14:51:01 560873	INFO [input.cpp->run:235]	rotation: 
[-0.9332654997453033, -0.03042658809932137, -0.3578962555291459;
 -0.03241853000448924, -0.9852037646289661, 0.1682931403036404;
 -0.3577213243538851, 0.1686646521875493, 0.9184702984881743]
2020/03/09 14:51:01 560950	INFO [input.cpp->run:256]	frame times (ms): 181.218
2020/03/09 14:51:01 560957	INFO [input.cpp->run:257]	FPS: 5.51822
2020/03/09 14:51:01 639333	INFO [input.cpp->run:173]	
frame_id 58
2020/03/09 14:51:01 696674	INFO [input.cpp->run:235]	rotation: 
[0.9999910740977861, -0.003605856401769942, 0.002202163564741563;
 0.003639842121262217, 0.9998712352060521, -0.01562896531622762;
 -0.00214552419896535, 0.01563684134131236, 0.9998754352011946]
2020/03/09 14:51:01 696739	INFO [input.cpp->run:256]	frame times (ms): 182.734
2020/03/09 14:51:01 696746	INFO [input.cpp->run:257]	FPS: 5.47244
2020/03/09 14:51:01 772989	INFO [input.cpp->run:173]	
frame_id 59
2020/03/09 14:51:01 828008	INFO [input.cpp->run:235]	rotation: 
[-0.9872834414824972, 0.01345367031960972, 0.1583995105087375;
 0.03377231833405935, -0.9559167298039886, 0.2916892802198794;
 0.1553410334999074, 0.2933295151118953, 0.9433063971347809]
2020/03/09 14:51:01 828081	INFO [input.cpp->run:256]	frame times (ms): 181.295
2020/03/09 14:51:01 828087	INFO [input.cpp->run:257]	FPS: 5.51587
2020/03/09 14:51:01 907880	INFO [input.cpp->run:173]	
frame_id 60
2020/03/09 14:51:01 961919	INFO [input.cpp->run:235]	rotation: 
[-0.9750327849281571, -0.0142181873491453, -0.2216053055857344;
 -0.0113496492293342, -0.9934529542597618, 0.1136767924201011;
 -0.221770723445664, 0.1133537419808287, 0.9684878292479105]
2020/03/09 14:51:01 962006	INFO [input.cpp->run:256]	frame times (ms): 173.732
2020/03/09 14:51:01 962013	INFO [input.cpp->run:257]	FPS: 5.75599
2020/03/09 14:51:02 039588	INFO [input.cpp->run:173]	
frame_id 61
2020/03/09 14:51:02 093196	INFO [input.cpp->run:235]	rotation: 
[-0.9937701074067441, -0.003467088123386951, -0.1113954798218179;
 -0.002156569498823268, -0.9987306366657894, 0.05032359876979854;
 -0.1114285548357562, 0.0502503202486471, 0.9925011750532711]
2020/03/09 14:51:02 093269	INFO [input.cpp->run:256]	frame times (ms): 177.902
2020/03/09 14:51:02 093277	INFO [input.cpp->run:257]	FPS: 5.62107
2020/03/09 14:51:02 173554	INFO [input.cpp->run:173]	
frame_id 62
2020/03/09 14:51:02 227262	INFO [input.cpp->run:235]	rotation: 
[-0.9831847902393764, -0.009599292798411225, -0.1823609657238184;
 -0.01130253799192813, -0.99350408427658, 0.1132337721737438;
 -0.1822633283929994, 0.1133908642859939, 0.9766896083298837]
2020/03/09 14:51:02 227334	INFO [input.cpp->run:256]	frame times (ms): 174.825
2020/03/09 14:51:02 227342	INFO [input.cpp->run:257]	FPS: 5.72001
2020/03/09 14:51:02 306798	INFO [input.cpp->run:173]	
frame_id 63
2020/03/09 14:51:02 364792	INFO [input.cpp->run:235]	rotation: 
[-0.9948444026612464, 0.001102053842932471, -0.101407100199715;
 -0.004151451763258924, -0.9995453282790199, 0.02986473110281998;
 -0.1013280807172676, 0.03013174725955477, 0.9943966501679509]
2020/03/09 14:51:02 364860	INFO [input.cpp->run:256]	frame times (ms): 181.109
2020/03/09 14:51:02 364867	INFO [input.cpp->run:257]	FPS: 5.52154
2020/03/09 14:51:02 440078	INFO [input.cpp->run:173]	
frame_id 64
2020/03/09 14:51:02 496274	INFO [input.cpp->run:235]	rotation: 
[-0.9792774217563862, -0.008331828805924551, -0.2023519504895213;
 -0.01120209669709878, -0.9953953617265835, 0.09519762015298884;
 -0.2022133632274429, 0.09549164613699286, 0.9746748695079257]
2020/03/09 14:51:02 496349	INFO [input.cpp->run:256]	frame times (ms): 176.97
2020/03/09 14:51:02 496355	INFO [input.cpp->run:257]	FPS: 5.65068
2020/03/09 14:51:02 574044	INFO [input.cpp->run:173]	
frame_id 65
2020/03/09 14:51:02 629790	INFO [input.cpp->run:235]	rotation: 
[-0.9997025697436658, 0.001672306316415857, 0.02433054540069029;
 -0.001465137286758852, -0.9999625446175316, 0.008530107546919052;
 0.02434389904353706, 0.008491922845571083, 0.9996675756599005]
2020/03/09 14:51:02 629867	INFO [input.cpp->run:256]	frame times (ms): 180.558
2020/03/09 14:51:02 629873	INFO [input.cpp->run:257]	FPS: 5.53839
2020/03/09 14:51:02 706919	INFO [input.cpp->run:173]	
frame_id 66
2020/03/09 14:51:02 765932	INFO [input.cpp->run:235]	rotation: 
[-0.9059384063765721, -0.04672099830082846, -0.4208238968614435;
 -0.03515307483893458, -0.982162503909577, 0.1847189141464358;
 -0.4219477043203874, 0.1821372126498153, 0.8881363468448469]
2020/03/09 14:51:02 765994	INFO [input.cpp->run:256]	frame times (ms): 183.078
2020/03/09 14:51:02 765999	INFO [input.cpp->run:257]	FPS: 5.46215
2020/03/09 14:51:02 841090	INFO [input.cpp->run:173]	
frame_id 67
2020/03/09 14:51:02 897074	INFO [input.cpp->run:235]	rotation: 
[-0.9673133566708489, -0.02550560948185565, -0.2522981052071816;
 -0.02740495264246888, -0.9785873709189672, 0.203999328549306;
 -0.2520988666710722, 0.204245492882616, 0.9459016545393591]
2020/03/09 14:51:02 897144	INFO [input.cpp->run:256]	frame times (ms): 182.715
2020/03/09 14:51:02 897147	INFO [input.cpp->run:257]	FPS: 5.473
2020/03/09 14:51:02 974943	INFO [input.cpp->run:173]	
frame_id 68
2020/03/09 14:51:03 031338	INFO [input.cpp->run:235]	rotation: 
[-0.999922650811065, 0.01135592965936015, 0.005072992858723166;
 -0.01102321740870861, -0.9980527306209315, 0.06139410051513775;
 0.005760301462018732, 0.06133343102806298, 0.9981007109332172]
2020/03/09 14:51:03 031401	INFO [input.cpp->run:256]	frame times (ms): 189.255
2020/03/09 14:51:03 031405	INFO [input.cpp->run:257]	FPS: 5.28388
2020/03/09 14:51:03 107019	INFO [input.cpp->run:173]	
frame_id 69
2020/03/09 14:51:03 159101	INFO [input.cpp->run:235]	rotation: 
[-0.999876505163948, -0.006680959417166531, 0.01422459849681748;
 0.006373517774779985, -0.9997474538884883, -0.02155009778770393;
 0.01436498145853491, -0.02145677573055216, 0.9996665714541745]
2020/03/09 14:51:03 159161	INFO [input.cpp->run:256]	frame times (ms): 178.991
2020/03/09 14:51:03 159166	INFO [input.cpp->run:257]	FPS: 5.58687
2020/03/09 14:51:03 239879	INFO [input.cpp->run:173]	
frame_id 70
2020/03/09 14:51:03 292803	INFO [input.cpp->run:235]	rotation: 
[-0.9863071306313919, 0.005396728313569032, -0.1648305778342719;
 -0.007687486140698653, -0.999882492376123, 0.01326288040166259;
 -0.1647396328225452, 0.01434840629553547, 0.9862327192981739]
2020/03/09 14:51:03 292869	INFO [input.cpp->run:256]	frame times (ms): 179.686
2020/03/09 14:51:03 292871	INFO [input.cpp->run:257]	FPS: 5.56526
2020/03/09 14:51:03 373623	INFO [input.cpp->run:173]	
frame_id 71
2020/03/09 14:51:03 430854	INFO [input.cpp->run:235]	rotation: 
[-0.927436533751769, -0.02239994182814555, -0.3733091459750207;
 -0.01761861140067186, -0.9944792694680487, 0.1034435456208282;
 -0.3735653361793835, 0.1025145121648245, 0.9219217506929709]
2020/03/09 14:51:03 430914	INFO [input.cpp->run:256]	frame times (ms): 184.099
2020/03/09 14:51:03 430923	INFO [input.cpp->run:257]	FPS: 5.43186
2020/03/09 14:51:03 507201	INFO [input.cpp->run:173]	
frame_id 72
2020/03/09 14:51:03 561755	INFO [input.cpp->run:235]	rotation: 
[-0.9881545876250616, -0.007759379521092166, -0.153265465728559;
 -0.004070013722600067, -0.997044509513393, 0.07671819235028639;
 -0.1534077766732908, 0.07643322627395334, 0.9852025253609087]
2020/03/09 14:51:03 561825	INFO [input.cpp->run:256]	frame times (ms): 180.731
2020/03/09 14:51:03 561839	INFO [input.cpp->run:257]	FPS: 5.53308
2020/03/09 14:51:03 640040	INFO [input.cpp->run:173]	
frame_id 73
2020/03/09 14:51:03 699437	INFO [input.cpp->run:235]	rotation: 
[-0.9411996714781773, -0.02773961322596012, -0.3367101012257358;
 -0.02275647311259305, -0.9891550325503395, 0.1451015661935201;
 -0.3370835524626601, 0.1442318807975921, 0.9303611359148349]
2020/03/09 14:51:03 699499	INFO [input.cpp->run:256]	frame times (ms): 179.628
2020/03/09 14:51:03 699513	INFO [input.cpp->run:257]	FPS: 5.56706
2020/03/09 14:51:03 774350	INFO [input.cpp->run:173]	
frame_id 74
2020/03/09 14:51:03 835988	INFO [input.cpp->run:235]	rotation: 
[-0.9841416773433744, -0.007456363646906028, -0.1772274289068555;
 0.001360668864546566, -0.9994040670084053, 0.03449143991340323;
 -0.1773789939536541, 0.03370331568590766, 0.9835653404912992]
2020/03/09 14:51:03 836046	INFO [input.cpp->run:256]	frame times (ms): 186.753
2020/03/09 14:51:03 836049	INFO [input.cpp->run:257]	FPS: 5.35467
2020/03/09 14:51:03 907003	INFO [input.cpp->run:173]	
frame_id 75
2020/03/09 14:51:03 983423	INFO [input.cpp->run:235]	rotation: 
[-0.9477303916394672, -0.02608444060924121, -0.318004255822159;
 -0.02970729547910191, -0.985110019220591, 0.1693390877102036;
 -0.3176862939413967, 0.1699348463067821, 0.9328438061393083]
2020/03/09 14:51:03 983481	INFO [input.cpp->run:256]	frame times (ms): 196.131
2020/03/09 14:51:03 983485	INFO [input.cpp->run:257]	FPS: 5.09863
2020/03/09 14:51:04 040573	INFO [input.cpp->run:173]	
frame_id 76
2020/03/09 14:51:04 092387	INFO [input.cpp->run:235]	rotation: 
[-0.911554585639423, -0.0646646036711896, -0.4060624661696618;
 -0.06765226891910196, -0.9505106734266782, 0.3032369209249762;
 -0.4055754034823084, 0.3038880529636048, 0.8620676559041944]
2020/03/09 14:51:04 092448	INFO [input.cpp->run:256]	frame times (ms): 181.114
2020/03/09 14:51:04 092451	INFO [input.cpp->run:257]	FPS: 5.52138
g3log g3FileSink shutdown at: 14:51:04 256120
