		g3log created log at: Mon Mar 09 15:54:18 2020
		LOG format: [YYYY/MM/DD hh:mm:ss uuu* LEVEL FILE->FUNCTION:LINE] message		(uuu*: microseconds fractions of the seconds value)

2020/03/09 15:54:18 731343	INFO [g3logger.h->logBanner:29]	Starting log.
2020/03/09 15:54:18 735220	DEBUG [main.cpp->main:48]	Filepath: /home/mitchell/KITTI/data_odometry_gray/dataset/sequences/00/
2020/03/09 15:54:18 735230	DEBUG [main.cpp->main:52]	Calibration Filepath: /home/mitchell/visual_odom_catkin_ws/tank_downsized.yaml
2020/03/09 15:54:18 735361	INFO [main.cpp->main:66]	P_left: 
[409.41, 0, 251.22, 0;
 0, 408.72, 191.78999, 0;
 0, 0, 1, 0]
2020/03/09 15:54:18 735376	INFO [main.cpp->main:67]	P_right: 
[409.41, 0, 251.22, -73.940002;
 0, 408.72, 191.78999, 0;
 0, 0, 1, 0]
2020/03/09 15:54:18 888791	INFO [input.cpp->Input:22]	frame_pose [1, 0, 0, 0;
 0, 1, 0, 0;
 0, 0, 1, 0;
 0, 0, 0, 1]
2020/03/09 15:54:24 122367	INFO [input.cpp->run:173]	
frame_id 1
2020/03/09 15:54:24 212033	WARNING [visualOdometry.cpp->trackingFrame2Frame:179]	The Estimated Rotation and translation matrices(using getTransformation function) are : 
    0.999976  -0.00693744 -0.000677685   0.00650901
  0.00693925     0.999972   0.00278238    0.0049203
 0.000658363  -0.00278704     0.999996 -0.000144541
           0            0            0            1
2020/03/09 15:54:24 216631	INFO [input.cpp->run:235]	rotation: 
[0.9999759793281555, -0.006937436759471893, -0.0006776847876608372;
 0.006939254701137543, 0.999971866607666, 0.002782384632155299;
 0.000658362521789968, -0.002787037752568722, 0.9999960064888]
2020/03/09 15:54:24 216749	INFO [input.cpp->run:259]	frame times (ms): 193.512
2020/03/09 15:54:24 216755	INFO [input.cpp->run:260]	FPS: 5.16764
2020/03/09 15:54:24 256796	INFO [input.cpp->run:173]	
frame_id 2
2020/03/09 15:54:24 284410	WARNING [visualOdometry.cpp->trackingFrame2Frame:179]	The Estimated Rotation and translation matrices(using getTransformation function) are : 
    0.999983  -0.00559309  -0.00166708   0.00615036
  0.00559397     0.999984   0.00049204   0.00239959
   0.0016643 -0.000501338     0.999998  6.26445e-05
           0            0            0            1
2020/03/09 15:54:24 285803	INFO [input.cpp->run:235]	rotation: 
[0.9999829530715942, -0.005593091249465942, -0.00166708417236805;
 0.005593970417976379, 0.9999840259552002, 0.0004920396022498608;
 0.001664295792579651, -0.0005013379268348217, 0.9999984502792358]
2020/03/09 15:54:24 285852	INFO [input.cpp->run:259]	frame times (ms): 148.672
2020/03/09 15:54:24 285857	INFO [input.cpp->run:260]	FPS: 6.72622
2020/03/09 15:54:24 386488	INFO [input.cpp->run:173]	
frame_id 3
2020/03/09 15:54:24 414990	WARNING [visualOdometry.cpp->trackingFrame2Frame:179]	The Estimated Rotation and translation matrices(using getTransformation function) are : 
    0.999977  -0.00633374  -0.00265167   0.00594649
  0.00633529      0.99998  0.000498801    0.0024056
  0.00264845 -0.000515567     0.999997   0.00102752
           0            0            0            1
2020/03/09 15:54:24 416731	INFO [input.cpp->run:235]	rotation: 
[0.999976634979248, -0.006333738565444946, -0.002651669085025787;
 0.006335288286209106, 0.9999797940254211, 0.0004988014698028564;
 0.002648446708917618, -0.0005155671387910843, 0.999996542930603]
2020/03/09 15:54:24 416815	INFO [input.cpp->run:259]	frame times (ms): 167.514
2020/03/09 15:54:24 416821	INFO [input.cpp->run:260]	FPS: 5.96965
2020/03/09 15:54:24 522069	INFO [input.cpp->run:173]	
frame_id 4
2020/03/09 15:54:24 573395	WARNING [visualOdometry.cpp->trackingFrame2Frame:179]	The Estimated Rotation and translation matrices(using getTransformation function) are : 
   0.999988 -0.00392511 -0.00284793  0.00563821
 0.00391564    0.999987  -0.0032654  -0.0012154
 0.00286071  0.00325421    0.999991  0.00108451
          0           0           0           1
2020/03/09 15:54:24 574840	INFO [input.cpp->run:235]	rotation: 
[0.9999881982803345, -0.003925114870071411, -0.002847932279109955;
 0.003915637731552124, 0.9999868869781494, -0.003265395760536194;
 0.002860713750123978, 0.003254208713769913, 0.9999905824661255]
2020/03/09 15:54:24 574887	INFO [input.cpp->run:259]	frame times (ms): 179.194
2020/03/09 15:54:24 574891	INFO [input.cpp->run:260]	FPS: 5.58054
2020/03/09 15:54:24 655508	INFO [input.cpp->run:173]	
frame_id 5
2020/03/09 15:54:24 693387	WARNING [visualOdometry.cpp->trackingFrame2Frame:179]	The Estimated Rotation and translation matrices(using getTransformation function) are : 
   0.999948 -0.00992331 -0.00249382  0.00622043
 0.00993502    0.999939  0.00474533  0.00812659
 0.00244658 -0.00476988    0.999986  0.00087285
          0           0           0           1
2020/03/09 15:54:24 694844	INFO [input.cpp->run:235]	rotation: 
[0.9999476671218872, -0.009923309087753296, -0.002493821084499359;
 0.00993502140045166, 0.9999394416809082, 0.004745326936244965;
 0.002446580678224564, -0.004769876599311829, 0.9999857544898987]
2020/03/09 15:54:24 694922	INFO [input.cpp->run:259]	frame times (ms): 161.328
2020/03/09 15:54:24 694928	INFO [input.cpp->run:260]	FPS: 6.19855
2020/03/09 15:54:24 787696	INFO [input.cpp->run:173]	
frame_id 6
2020/03/09 15:54:24 813137	WARNING [visualOdometry.cpp->trackingFrame2Frame:179]	The Estimated Rotation and translation matrices(using getTransformation function) are : 
    0.999977  -0.00627074  -0.00282536   0.00508726
  0.00627053      0.99998 -5.76898e-05   0.00218792
  0.00282566  3.99724e-05     0.999996  0.000270128
           0            0            0            1
2020/03/09 15:54:24 814613	INFO [input.cpp->run:235]	rotation: 
[0.9999765753746033, -0.006270736455917358, -0.002825357019901276;
 0.006270527839660645, 0.9999803900718689, -5.76898455619812e-05;
 0.002825659699738026, 3.997236490249634e-05, 0.9999961256980896]
2020/03/09 15:54:24 814680	INFO [input.cpp->run:259]	frame times (ms): 151.233
2020/03/09 15:54:24 814685	INFO [input.cpp->run:260]	FPS: 6.61231
2020/03/09 15:54:24 922338	INFO [input.cpp->run:173]	
frame_id 7
2020/03/09 15:54:24 951831	WARNING [visualOdometry.cpp->trackingFrame2Frame:179]	The Estimated Rotation and translation matrices(using getTransformation function) are : 
   0.999937 -0.00980639 -0.00555358  0.00298771
 0.00982621    0.999945  0.00358214  0.00721744
 0.00551816 -0.00363647    0.999979  0.00185311
          0           0           0           1
2020/03/09 15:54:24 953429	INFO [input.cpp->run:235]	rotation: 
[0.9999367594718933, -0.009806394577026367, -0.005553577095270157;
 0.009826213121414185, 0.9999454021453857, 0.003582142293453217;
 0.005518157035112381, -0.003636471927165985, 0.9999785423278809]
2020/03/09 15:54:24 953511	INFO [input.cpp->run:259]	frame times (ms): 171.08
2020/03/09 15:54:24 953517	INFO [input.cpp->run:260]	FPS: 5.84522
2020/03/09 15:54:25 056322	INFO [input.cpp->run:173]	
frame_id 8
2020/03/09 15:54:25 086104	WARNING [visualOdometry.cpp->trackingFrame2Frame:179]	The Estimated Rotation and translation matrices(using getTransformation function) are : 
    0.999989  -0.00282824  -0.00384822   0.00445789
  0.00281951     0.999993  -0.00223139 -0.000919506
  0.00385451   0.00222055      0.99999   0.00095135
           0            0            0            1
2020/03/09 15:54:25 087674	INFO [input.cpp->run:235]	rotation: 
[0.9999886751174927, -0.002828240394592285, -0.00384821742773056;
 0.00281950831413269, 0.9999933838844299, -0.002231389284133911;
 0.003854513168334961, 0.002220548689365387, 0.9999901056289673]
2020/03/09 15:54:25 087740	INFO [input.cpp->run:259]	frame times (ms): 160.098
2020/03/09 15:54:25 087745	INFO [input.cpp->run:260]	FPS: 6.24617
2020/03/09 15:54:25 187692	INFO [input.cpp->run:173]	
frame_id 9
2020/03/09 15:54:25 214901	WARNING [visualOdometry.cpp->trackingFrame2Frame:179]	The Estimated Rotation and translation matrices(using getTransformation function) are : 
    0.999989  -0.00464961 -0.000729447   0.00655022
  0.00464883     0.999989 -0.000969231  0.000698414
 0.000733947  0.000965834     0.999999  -0.00052613
           0            0            0            1
2020/03/09 15:54:25 216390	INFO [input.cpp->run:235]	rotation: 
[0.9999890923500061, -0.004649609327316284, -0.0007294472306966782;
 0.004648834466934204, 0.9999887943267822, -0.000969231128692627;
 0.0007339473813772202, 0.0009658336639404297, 0.9999993443489075]
2020/03/09 15:54:25 216460	INFO [input.cpp->run:259]	frame times (ms): 155.668
2020/03/09 15:54:25 216465	INFO [input.cpp->run:260]	FPS: 6.42393
2020/03/09 15:54:25 320539	INFO [input.cpp->run:173]	
frame_id 10
2020/03/09 15:54:25 344053	WARNING [visualOdometry.cpp->trackingFrame2Frame:179]	The Estimated Rotation and translation matrices(using getTransformation function) are : 
    0.999974  -0.00377457  -0.00614136   0.00285906
  0.00375495     0.999988  -0.00320805 -0.000951115
  0.00615349   0.00318494     0.999976   0.00223875
           0            0            0            1
2020/03/09 15:54:25 345515	INFO [input.cpp->run:235]	rotation: 
[0.9999737739562988, -0.003774568671360612, -0.006141364574432373;
 0.003754948498681188, 0.9999878406524658, -0.003208045614883304;
 0.006153494119644165, 0.003184941131621599, 0.9999759793281555]
2020/03/09 15:54:25 345595	INFO [input.cpp->run:259]	frame times (ms): 161.319
2020/03/09 15:54:25 345600	INFO [input.cpp->run:260]	FPS: 6.1989
2020/03/09 15:54:25 454131	INFO [input.cpp->run:173]	
frame_id 11
2020/03/09 15:54:25 480423	WARNING [visualOdometry.cpp->trackingFrame2Frame:179]	The Estimated Rotation and translation matrices(using getTransformation function) are : 
    0.999992  -0.00295001  -0.00257742   0.00578988
   0.0029451     0.999994  -0.00188635 -0.000683913
  0.00258297   0.00187874     0.999995  0.000571907
           0            0            0            1
2020/03/09 15:54:25 482096	INFO [input.cpp->run:235]	rotation: 
[0.9999924898147583, -0.002950012683868408, -0.002577424049377441;
 0.002945095300674438, 0.9999939203262329, -0.001886352896690369;
 0.002582971006631851, 0.001878738403320312, 0.9999949336051941]
2020/03/09 15:54:25 482160	INFO [input.cpp->run:259]	frame times (ms): 162.793
2020/03/09 15:54:25 482165	INFO [input.cpp->run:260]	FPS: 6.14277
2020/03/09 15:54:25 586852	INFO [input.cpp->run:173]	
frame_id 12
2020/03/09 15:54:25 615689	WARNING [visualOdometry.cpp->trackingFrame2Frame:179]	The Estimated Rotation and translation matrices(using getTransformation function) are : 
   0.999968 -0.00656757   -0.004571  0.00442356
  0.0065853    0.999971  0.00384428  0.00524033
 0.00454561 -0.00387423    0.999982  0.00171024
          0           0           0           1
2020/03/09 15:54:25 617192	INFO [input.cpp->run:235]	rotation: 
[0.9999681115150452, -0.006567567586898804, -0.004571001976728439;
 0.006585299968719482, 0.9999710321426392, 0.003844276070594788;
 0.004545610398054123, -0.003874227404594421, 0.9999822378158569]
2020/03/09 15:54:25 617253	INFO [input.cpp->run:259]	frame times (ms): 166.02
2020/03/09 15:54:25 617261	INFO [input.cpp->run:260]	FPS: 6.02337
2020/03/09 15:54:25 721826	INFO [input.cpp->run:173]	
frame_id 13
2020/03/09 15:54:25 751534	WARNING [visualOdometry.cpp->trackingFrame2Frame:179]	The Estimated Rotation and translation matrices(using getTransformation function) are : 
    0.999992   -0.0037457  -0.00163688   0.00610745
  0.00374252     0.999992  -0.00174616 -0.000453996
  0.00164343   0.00174002     0.999997  0.000300407
           0            0            0            1
2020/03/09 15:54:25 752991	INFO [input.cpp->run:235]	rotation: 
[0.9999917149543762, -0.003745704889297485, -0.00163688138127327;
 0.003742516040802002, 0.9999915957450867, -0.00174616277217865;
 0.001643426716327667, 0.001740016043186188, 0.9999971389770508]
2020/03/09 15:54:25 753068	INFO [input.cpp->run:259]	frame times (ms): 172.35
2020/03/09 15:54:25 753072	INFO [input.cpp->run:260]	FPS: 5.80215
2020/03/09 15:54:25 854007	INFO [input.cpp->run:173]	
frame_id 14
2020/03/09 15:54:25 883172	WARNING [visualOdometry.cpp->trackingFrame2Frame:179]	The Estimated Rotation and translation matrices(using getTransformation function) are : 
    0.999988  -0.00292188  -0.00392677   0.00561267
  0.00292155     0.999996 -7.75009e-05  0.000334668
  0.00392698  6.60047e-05     0.999992   0.00188035
           0            0            0            1
2020/03/09 15:54:25 884626	INFO [input.cpp->run:235]	rotation: 
[0.9999879598617554, -0.002921879291534424, -0.00392676517367363;
 0.002921551465988159, 0.9999957084655762, -7.750093936920166e-05;
 0.003926984965801239, 6.600469350814819e-05, 0.9999923706054688]
2020/03/09 15:54:25 884698	INFO [input.cpp->run:259]	frame times (ms): 167.829
2020/03/09 15:54:25 884706	INFO [input.cpp->run:260]	FPS: 5.95845
2020/03/09 15:54:25 990730	INFO [input.cpp->run:173]	
frame_id 15
2020/03/09 15:54:26 020264	WARNING [visualOdometry.cpp->trackingFrame2Frame:179]	The Estimated Rotation and translation matrices(using getTransformation function) are : 
    0.999968  -0.00313435  -0.00739071   0.00219876
  0.00312731     0.999995 -0.000909247  0.000146685
  0.00739342  0.000886247     0.999972   0.00278628
           0            0            0            1
2020/03/09 15:54:26 021758	INFO [input.cpp->run:235]	rotation: 
[0.9999679327011108, -0.003134347498416901, -0.007390707731246948;
 0.003127314150333405, 0.9999947547912598, -0.0009092465043067932;
 0.007393419742584229, 0.0008862465620040894, 0.9999724626541138]
2020/03/09 15:54:26 021829	INFO [input.cpp->run:259]	frame times (ms): 185.321
2020/03/09 15:54:26 021833	INFO [input.cpp->run:260]	FPS: 5.39604
2020/03/09 15:54:26 121107	INFO [input.cpp->run:173]	
frame_id 16
2020/03/09 15:54:26 148275	WARNING [visualOdometry.cpp->trackingFrame2Frame:179]	The Estimated Rotation and translation matrices(using getTransformation function) are : 
    0.999981  -0.00491545  -0.00361107   0.00470698
  0.00491416     0.999988 -0.000337534   0.00169467
  0.00361269  0.000319779     0.999994   0.00131589
           0            0            0            1
2020/03/09 15:54:26 149776	INFO [input.cpp->run:235]	rotation: 
[0.9999813437461853, -0.004915446043014526, -0.003611072897911072;
 0.004914164543151855, 0.9999877214431763, -0.0003375336527824402;
 0.003612685948610306, 0.0003197789192199707, 0.9999935030937195]
2020/03/09 15:54:26 149841	INFO [input.cpp->run:259]	frame times (ms): 183.555
2020/03/09 15:54:26 149845	INFO [input.cpp->run:260]	FPS: 5.44796
2020/03/09 15:54:26 254304	INFO [input.cpp->run:173]	
frame_id 17
2020/03/09 15:54:26 283775	WARNING [visualOdometry.cpp->trackingFrame2Frame:179]	The Estimated Rotation and translation matrices(using getTransformation function) are : 
    0.999977  -0.00462115  -0.00514642   0.00380528
  0.00461897      0.99999 -0.000361435   0.00152756
  0.00514803   0.00033769     0.999987   0.00242507
           0            0            0            1
2020/03/09 15:54:26 285282	INFO [input.cpp->run:235]	rotation: 
[0.9999765157699585, -0.004621148109436035, -0.005146417766809464;
 0.004618972539901733, 0.9999895095825195, -0.0003614351153373718;
 0.005148030817508698, 0.0003376901149749756, 0.9999869465827942]
2020/03/09 15:54:26 285342	INFO [input.cpp->run:259]	frame times (ms): 188.567
2020/03/09 15:54:26 285347	INFO [input.cpp->run:260]	FPS: 5.30315
2020/03/09 15:54:26 386657	INFO [input.cpp->run:173]	
frame_id 18
2020/03/09 15:54:26 414994	WARNING [visualOdometry.cpp->trackingFrame2Frame:179]	The Estimated Rotation and translation matrices(using getTransformation function) are : 
   0.999979 -0.00398377 -0.00519757  0.00334406
 0.00397831    0.999992 -0.00104821 0.000980019
 0.00520173  0.00102753    0.999986  0.00190759
          0           0           0           1
2020/03/09 15:54:26 416516	INFO [input.cpp->run:235]	rotation: 
[0.9999785423278809, -0.003983765840530396, -0.005197569727897644;
 0.003978312015533447, 0.9999915361404419, -0.00104820728302002;
 0.005201727151870728, 0.001027531921863556, 0.9999860525131226]
2020/03/09 15:54:26 416588	INFO [input.cpp->run:259]	frame times (ms): 188.422
2020/03/09 15:54:26 416593	INFO [input.cpp->run:260]	FPS: 5.30724
2020/03/09 15:54:26 520838	INFO [input.cpp->run:173]	
frame_id 19
2020/03/09 15:54:26 553805	WARNING [visualOdometry.cpp->trackingFrame2Frame:179]	The Estimated Rotation and translation matrices(using getTransformation function) are : 
   0.999983 -0.00489023 -0.00321575  0.00497621
 0.00489402    0.999987  0.00118525  0.00273819
  0.0032099 -0.00120097    0.999994  0.00134343
          0           0           0           1
2020/03/09 15:54:26 555533	INFO [input.cpp->run:235]	rotation: 
[0.9999829530715942, -0.004890233278274536, -0.003215745091438293;
 0.004894018173217773, 0.9999873638153076, 0.001185253262519836;
 0.003209896385669708, -0.001200966536998749, 0.999994158744812]
2020/03/09 15:54:26 555593	INFO [input.cpp->run:259]	frame times (ms): 196.336
2020/03/09 15:54:26 555597	INFO [input.cpp->run:260]	FPS: 5.09331
2020/03/09 15:54:26 653454	INFO [input.cpp->run:173]	
frame_id 20
2020/03/09 15:54:26 683993	WARNING [visualOdometry.cpp->trackingFrame2Frame:179]	The Estimated Rotation and translation matrices(using getTransformation function) are : 
   0.999967 -0.00220169 -0.00786525  -0.0418535
 0.00218727    0.999996 -0.00184085 -0.00222592
 0.00786918  0.00182354    0.999968  -0.0215011
          0           0           0           1
2020/03/09 15:54:26 685720	INFO [input.cpp->run:235]	rotation: 
[0.9999668002128601, -0.002201687544584274, -0.007865250110626221;
 0.002187274396419525, 0.9999961256980896, -0.001840850338339806;
 0.007869184017181396, 0.001823537051677704, 0.9999675750732422]
2020/03/09 15:54:26 685790	INFO [input.cpp->run:259]	frame times (ms): 179.526
2020/03/09 15:54:26 685794	INFO [input.cpp->run:260]	FPS: 5.57022
2020/03/09 15:54:26 790328	INFO [input.cpp->run:173]	
frame_id 21
2020/03/09 15:54:26 822731	WARNING [visualOdometry.cpp->trackingFrame2Frame:179]	The Estimated Rotation and translation matrices(using getTransformation function) are : 
    0.999992  -0.00383067 -0.000865564   0.00575882
  0.00382829      0.99999  -0.00248041 -0.000233077
 0.000875033   0.00247707     0.999997 -0.000507534
           0            0            0            1
2020/03/09 15:54:26 824380	INFO [input.cpp->run:235]	rotation: 
[0.9999921917915344, -0.003830671310424805, -0.0008655637502670288;
 0.003828287124633789, 0.9999895691871643, -0.002480410039424896;
 0.000875033438205719, 0.002477072179317474, 0.999996542930603]
2020/03/09 15:54:26 824448	INFO [input.cpp->run:259]	frame times (ms): 198.52
2020/03/09 15:54:26 824457	INFO [input.cpp->run:260]	FPS: 5.03728
2020/03/09 15:54:26 920877	INFO [input.cpp->run:173]	
frame_id 22
2020/03/09 15:54:26 953337	WARNING [visualOdometry.cpp->trackingFrame2Frame:179]	The Estimated Rotation and translation matrices(using getTransformation function) are : 
   0.999965 -0.00377044 -0.00751998  0.00216591
 0.00379109    0.999989  0.00278229  0.00250339
 0.00750941 -0.00281066    0.999968  0.00398409
          0           0           0           1
2020/03/09 15:54:26 955346	INFO [input.cpp->run:235]	rotation: 
[0.9999648928642273, -0.003770440816879272, -0.007519982755184174;
 0.003791093826293945, 0.9999892711639404, 0.002782292664051056;
 0.007509410381317139, -0.002810664474964142, 0.9999681711196899]
2020/03/09 15:54:26 955427	INFO [input.cpp->run:259]	frame times (ms): 206.14
2020/03/09 15:54:26 955433	INFO [input.cpp->run:260]	FPS: 4.85107
2020/03/09 15:54:27 055172	INFO [input.cpp->run:173]	
frame_id 23
2020/03/09 15:54:27 084986	WARNING [visualOdometry.cpp->trackingFrame2Frame:179]	The Estimated Rotation and translation matrices(using getTransformation function) are : 
    0.99998 -0.00502694 -0.00379472  0.00318897
 0.00503188    0.999987  0.00123403  0.00185916
 0.00378847 -0.00125311    0.999992  0.00095284
          0           0           0           1
2020/03/09 15:54:27 086489	INFO [input.cpp->run:235]	rotation: 
[0.999980092048645, -0.005026936531066895, -0.003794722259044647;
 0.005031883716583252, 0.9999865293502808, 0.001234032213687897;
 0.003788471221923828, -0.001253105700016022, 0.9999920129776001]
2020/03/09 15:54:27 086554	INFO [input.cpp->run:259]	frame times (ms): 201.408
2020/03/09 15:54:27 086558	INFO [input.cpp->run:260]	FPS: 4.96505
2020/03/09 15:54:27 187654	INFO [input.cpp->run:173]	
frame_id 24
2020/03/09 15:54:27 219812	WARNING [visualOdometry.cpp->trackingFrame2Frame:179]	The Estimated Rotation and translation matrices(using getTransformation function) are : 
     0.99999    -0.003397    -0.002924   0.00381136
  0.00339543     0.999994 -0.000510549  0.000329634
   0.0029256   0.00050072     0.999996  0.000926971
           0            0            0            1
2020/03/09 15:54:27 221344	INFO [input.cpp->run:235]	rotation: 
[0.9999903440475464, -0.003396999090909958, -0.00292399525642395;
 0.003395427018404007, 0.9999942779541016, -0.0005105491727590561;
 0.002925604581832886, 0.0005007199943065643, 0.9999958872795105]
2020/03/09 15:54:27 221411	INFO [input.cpp->run:259]	frame times (ms): 213.28
2020/03/09 15:54:27 221418	INFO [input.cpp->run:260]	FPS: 4.68867
2020/03/09 15:54:27 322804	INFO [input.cpp->run:173]	
frame_id 25
2020/03/09 15:54:27 354724	WARNING [visualOdometry.cpp->trackingFrame2Frame:179]	The Estimated Rotation and translation matrices(using getTransformation function) are : 
    0.999995  -0.00260144  -0.00195093   0.00461841
  0.00259951     0.999996 -0.000968285 -0.000358314
  0.00195345  0.000963226     0.999998  0.000447631
           0            0            0            1
2020/03/09 15:54:27 356501	INFO [input.cpp->run:235]	rotation: 
[0.9999948143959045, -0.002601444721221924, -0.001950927078723907;
 0.002599507570266724, 0.9999961853027344, -0.0009682849049568176;
 0.001953445374965668, 0.0009632259607315063, 0.9999976754188538]
2020/03/09 15:54:27 356569	INFO [input.cpp->run:259]	frame times (ms): 240.56
2020/03/09 15:54:27 356573	INFO [input.cpp->run:260]	FPS: 4.15697
2020/03/09 15:54:27 453769	INFO [input.cpp->run:173]	
frame_id 26
2020/03/09 15:54:27 485030	WARNING [visualOdometry.cpp->trackingFrame2Frame:179]	The Estimated Rotation and translation matrices(using getTransformation function) are : 
    0.999991  -0.00291634  -0.00319406   0.00403827
  0.00291854     0.999995  0.000660717   0.00071124
  0.00319209 -0.000670057     0.999994   0.00171489
           0            0            0            1
2020/03/09 15:54:27 486557	INFO [input.cpp->run:235]	rotation: 
[0.999990701675415, -0.002916336059570312, -0.003194063901901245;
 0.002918541431427002, 0.9999954700469971, 0.0006607174873352051;
 0.00319208949804306, -0.0006700567901134491, 0.9999943375587463]
2020/03/09 15:54:27 486619	INFO [input.cpp->run:259]	frame times (ms): 215.206
2020/03/09 15:54:27 486623	INFO [input.cpp->run:260]	FPS: 4.64671
2020/03/09 15:54:27 587683	INFO [input.cpp->run:173]	
frame_id 27
2020/03/09 15:54:27 621251	WARNING [visualOdometry.cpp->trackingFrame2Frame:179]	The Estimated Rotation and translation matrices(using getTransformation function) are : 
   0.999982 -0.00515425 -0.00319848  0.00316799
 0.00516143    0.999984  0.00224381  0.00297219
 0.00318683 -0.00226035    0.999992 0.000973821
          0           0           0           1
2020/03/09 15:54:27 622773	INFO [input.cpp->run:235]	rotation: 
[0.9999817609786987, -0.005154252052307129, -0.003198482096195221;
 0.005161434412002563, 0.9999844431877136, 0.002243809401988983;
 0.003186829388141632, -0.002260353416204453, 0.9999922513961792]
2020/03/09 15:54:27 622836	INFO [input.cpp->run:259]	frame times (ms): 232.079
2020/03/09 15:54:27 622842	INFO [input.cpp->run:260]	FPS: 4.30888
2020/03/09 15:54:27 721044	INFO [input.cpp->run:173]	
frame_id 28
2020/03/09 15:54:27 752490	WARNING [visualOdometry.cpp->trackingFrame2Frame:179]	The Estimated Rotation and translation matrices(using getTransformation function) are : 
     0.99999   -0.0035798  -0.00260597   0.00371578
  0.00357956     0.999994 -0.000108783  0.000815844
  0.00260633  9.94513e-05     0.999997  0.000814795
           0            0            0            1
2020/03/09 15:54:27 754183	INFO [input.cpp->run:235]	rotation: 
[0.9999902844429016, -0.003579795360565186, -0.002605967223644257;
 0.003579556941986084, 0.9999936819076538, -0.000108783133327961;
 0.002606334164738655, 9.945128113031387e-05, 0.999996542930603]
2020/03/09 15:54:27 754243	INFO [input.cpp->run:259]	frame times (ms): 219.782
2020/03/09 15:54:27 754248	INFO [input.cpp->run:260]	FPS: 4.54996
2020/03/09 15:54:27 854601	INFO [input.cpp->run:173]	
frame_id 29
2020/03/09 15:54:27 886205	WARNING [visualOdometry.cpp->trackingFrame2Frame:179]	The Estimated Rotation and translation matrices(using getTransformation function) are : 
    0.999994  -0.00248323  -0.00260288   0.00339705
  0.00248551     0.999997  0.000918783    0.0005611
  0.00260046 -0.000925198     0.999996  0.000696182
           0            0            0            1
2020/03/09 15:54:27 887827	INFO [input.cpp->run:235]	rotation: 
[0.9999936819076538, -0.00248323380947113, -0.002602875232696533;
 0.002485513687133789, 0.9999967813491821, 0.0009187832474708557;
 0.00260046124458313, -0.0009251981973648071, 0.9999963045120239]
2020/03/09 15:54:27 887891	INFO [input.cpp->run:259]	frame times (ms): 246.782
2020/03/09 15:54:27 887896	INFO [input.cpp->run:260]	FPS: 4.05216
2020/03/09 15:54:27 989058	INFO [input.cpp->run:173]	
frame_id 30
2020/03/09 15:54:28 020224	WARNING [visualOdometry.cpp->trackingFrame2Frame:179]	The Estimated Rotation and translation matrices(using getTransformation function) are : 
   0.999981 -0.00399122 -0.00469289   0.0022282
 0.00399992     0.99999  0.00189968  0.00251118
 0.00468528 -0.00191841    0.999987  0.00204575
          0           0           0           1
2020/03/09 15:54:28 021810	INFO [input.cpp->run:235]	rotation: 
[0.9999813437461853, -0.003991216421127319, -0.004692893475294113;
 0.003999918699264526, 0.9999903440475464, 0.001899681985378265;
 0.004685275256633759, -0.001918412744998932, 0.9999874234199524]
2020/03/09 15:54:28 021855	INFO [input.cpp->run:259]	frame times (ms): 238.194
2020/03/09 15:54:28 021858	INFO [input.cpp->run:260]	FPS: 4.19826
2020/03/09 15:54:28 120831	INFO [input.cpp->run:173]	
frame_id 31
2020/03/09 15:54:28 152762	WARNING [visualOdometry.cpp->trackingFrame2Frame:179]	The Estimated Rotation and translation matrices(using getTransformation function) are : 
    0.999993  -0.00274645  -0.00271481   0.00311255
  0.00274612     0.999996 -0.000117056  0.000185814
  0.00271493  0.000109665     0.999997  0.000964582
           0            0            0            1
2020/03/09 15:54:28 154341	INFO [input.cpp->run:235]	rotation: 
[0.9999926090240479, -0.002746447920799255, -0.002714812755584717;
 0.002746120095252991, 0.9999962449073792, -0.0001170560717582703;
 0.002714931964874268, 0.0001096650958061218, 0.9999966621398926]
2020/03/09 15:54:28 154382	INFO [input.cpp->run:259]	frame times (ms): 244.883
2020/03/09 15:54:28 154388	INFO [input.cpp->run:260]	FPS: 4.08358
2020/03/09 15:54:28 257239	INFO [input.cpp->run:173]	
frame_id 32
2020/03/09 15:54:28 302258	WARNING [visualOdometry.cpp->trackingFrame2Frame:179]	The Estimated Rotation and translation matrices(using getTransformation function) are : 
    0.999626  -0.00206813    0.0272676    0.0409688
  0.00235463     0.999943   -0.0104758  -0.00613991
  -0.0272444     0.010536     0.999574 -0.000756085
           0            0            0            1
2020/03/09 15:54:28 304225	INFO [input.cpp->run:235]	rotation: 
[0.9996263980865479, -0.002068128436803818, 0.02726763486862183;
 0.00235462561249733, 0.9999425411224365, -0.01047582924365997;
 -0.02724438905715942, 0.01053604856133461, 0.9995735883712769]
2020/03/09 15:54:28 304324	INFO [input.cpp->run:259]	frame times (ms): 266.172
2020/03/09 15:54:28 304331	INFO [input.cpp->run:260]	FPS: 3.75697
2020/03/09 15:54:28 389772	INFO [input.cpp->run:173]	
frame_id 33
2020/03/09 15:54:28 426952	WARNING [visualOdometry.cpp->trackingFrame2Frame:179]	The Estimated Rotation and translation matrices(using getTransformation function) are : 
   0.999994 -0.00309882 -0.00167671  0.00360084
 0.00310072    0.999994  0.00104119  0.00141123
 0.00167346 -0.00104637    0.999998 0.000445247
          0           0           0           1
2020/03/09 15:54:28 429232	INFO [input.cpp->run:235]	rotation: 
[0.999993622303009, -0.003098815679550171, -0.001676708459854126;
 0.003100723028182983, 0.9999944567680359, 0.001041188836097717;
 0.001673463732004166, -0.001046366989612579, 0.9999980926513672]
2020/03/09 15:54:28 429299	INFO [input.cpp->run:259]	frame times (ms): 259.96
2020/03/09 15:54:28 429304	INFO [input.cpp->run:260]	FPS: 3.84675
2020/03/09 15:54:28 522067	INFO [input.cpp->run:173]	
frame_id 34
2020/03/09 15:54:28 556931	WARNING [visualOdometry.cpp->trackingFrame2Frame:179]	The Estimated Rotation and translation matrices(using getTransformation function) are : 
    0.999992  -0.00295565  -0.00269395   0.00307399
  0.00295648     0.999996  0.000318769  0.000755325
  0.00269302 -0.000326738     0.999996   0.00116503
           0            0            0            1
2020/03/09 15:54:28 558488	INFO [input.cpp->run:235]	rotation: 
[0.9999920129776001, -0.002955645322799683, -0.002693947404623032;
 0.002956479787826538, 0.9999955296516418, 0.0003187693655490875;
 0.002693016082048416, -0.0003267377614974976, 0.9999961256980896]
2020/03/09 15:54:28 558549	INFO [input.cpp->run:259]	frame times (ms): 288.643
2020/03/09 15:54:28 558554	INFO [input.cpp->run:260]	FPS: 3.46449
2020/03/09 15:54:28 654512	INFO [input.cpp->run:173]	
frame_id 35
2020/03/09 15:54:28 691036	WARNING [visualOdometry.cpp->trackingFrame2Frame:179]	The Estimated Rotation and translation matrices(using getTransformation function) are : 
    0.999994  -0.00321835 -0.000935763   0.00632399
  0.00321884     0.999995  0.000578068   0.00146696
 0.000933915 -0.000581022     0.999999   0.00123346
           0            0            0            1
2020/03/09 15:54:28 692762	INFO [input.cpp->run:235]	rotation: 
[0.9999944567680359, -0.003218352794647217, -0.0009357631206512451;
 0.003218844532966614, 0.9999947547912598, 0.0005780681967735291;
 0.000933915376663208, -0.0005810223519802094, 0.999999463558197]
2020/03/09 15:54:28 692814	INFO [input.cpp->run:259]	frame times (ms): 273.248
2020/03/09 15:54:28 692817	INFO [input.cpp->run:260]	FPS: 3.65968
2020/03/09 15:54:28 788242	INFO [input.cpp->run:173]	
frame_id 36
2020/03/09 15:54:28 824315	WARNING [visualOdometry.cpp->trackingFrame2Frame:179]	The Estimated Rotation and translation matrices(using getTransformation function) are : 
   0.999997   -0.001219 -0.00209638  0.00396156
 0.00122499    0.999995  0.00282977 0.000893113
 0.00209311 -0.00283232    0.999994 0.000765979
          0           0           0           1
2020/03/09 15:54:28 825916	INFO [input.cpp->run:235]	rotation: 
[0.9999973177909851, -0.001219004392623901, -0.002096384763717651;
 0.001224994659423828, 0.9999954104423523, 0.002829767763614655;
 0.002093106508255005, -0.002832323312759399, 0.9999939799308777]
2020/03/09 15:54:28 825969	INFO [input.cpp->run:259]	frame times (ms): 271.535
2020/03/09 15:54:28 825973	INFO [input.cpp->run:260]	FPS: 3.68277
2020/03/09 15:54:28 921173	INFO [input.cpp->run:173]	
frame_id 37
2020/03/09 15:54:28 954751	WARNING [visualOdometry.cpp->trackingFrame2Frame:179]	The Estimated Rotation and translation matrices(using getTransformation function) are : 
   0.999996 -0.00224541 -0.00175986  0.00362408
 0.00224732    0.999997  0.00105896 0.000764819
 0.00175744 -0.00106291    0.999998 0.000747263
          0           0           0           1
2020/03/09 15:54:28 956402	INFO [input.cpp->run:235]	rotation: 
[0.9999961853027344, -0.002245411276817322, -0.001759856939315796;
 0.002247318625450134, 0.9999970197677612, 0.001058958470821381;
 0.001757442951202393, -0.001062914729118347, 0.9999982118606567]
2020/03/09 15:54:28 956442	INFO [input.cpp->run:259]	frame times (ms): 282.343
2020/03/09 15:54:28 956454	INFO [input.cpp->run:260]	FPS: 3.54179
2020/03/09 15:54:29 054185	INFO [input.cpp->run:173]	
frame_id 38
2020/03/09 15:54:29 092241	WARNING [visualOdometry.cpp->trackingFrame2Frame:179]	The Estimated Rotation and translation matrices(using getTransformation function) are : 
   0.999995 -0.00286683 -0.00122842   0.0052734
 0.00286812    0.999995  0.00109213  0.00120812
  0.0012252 -0.00109565    0.999999  0.00155658
          0           0           0           1
2020/03/09 15:54:29 093834	INFO [input.cpp->run:235]	rotation: 
[0.9999949932098389, -0.002866834402084351, -0.001228421926498413;
 0.002868115901947021, 0.9999952912330627, 0.001092128455638885;
 0.001225203275680542, -0.00109565258026123, 0.9999986290931702]
2020/03/09 15:54:29 093878	INFO [input.cpp->run:259]	frame times (ms): 311.094
2020/03/09 15:54:29 093882	INFO [input.cpp->run:260]	FPS: 3.21446
2020/03/09 15:54:29 190663	INFO [input.cpp->run:173]	
frame_id 39
2020/03/09 15:54:29 228376	WARNING [visualOdometry.cpp->trackingFrame2Frame:179]	The Estimated Rotation and translation matrices(using getTransformation function) are : 
    0.999996  -0.00231077  -0.00200623   0.00174099
   0.0023116     0.999997  0.000445478 -0.000533064
  0.00200516 -0.000450023     0.999998  0.000407994
           0            0            0            1
2020/03/09 15:54:29 230044	INFO [input.cpp->run:235]	rotation: 
[0.9999955296516418, -0.002310767769813538, -0.002006232738494873;
 0.002311602234840393, 0.9999972581863403, 0.0004454776644706726;
 0.002005159854888916, -0.0004500225186347961, 0.9999979734420776]
2020/03/09 15:54:29 230108	INFO [input.cpp->run:259]	frame times (ms): 325.927
2020/03/09 15:54:29 230115	INFO [input.cpp->run:260]	FPS: 3.06817
2020/03/09 15:54:29 323188	INFO [input.cpp->run:173]	
frame_id 40
2020/03/09 15:54:29 362093	WARNING [visualOdometry.cpp->trackingFrame2Frame:179]	The Estimated Rotation and translation matrices(using getTransformation function) are : 
    0.999997  -0.00205705  -0.00162852   0.00343657
  0.00205857     0.999998   0.00096859  3.98159e-05
  0.00162652 -0.000971951     0.999998  0.000716567
           0            0            0            1
2020/03/09 15:54:29 363752	INFO [input.cpp->run:235]	rotation: 
[0.9999966025352478, -0.002057045698165894, -0.001628518104553223;
 0.002058565616607666, 0.9999975562095642, 0.0009685903787612915;
 0.001626521348953247, -0.0009719505906105042, 0.9999982714653015]
2020/03/09 15:54:29 363812	INFO [input.cpp->run:259]	frame times (ms): 327.013
2020/03/09 15:54:29 363817	INFO [input.cpp->run:260]	FPS: 3.05798
2020/03/09 15:54:29 455795	INFO [input.cpp->run:173]	
frame_id 41
2020/03/09 15:54:29 495560	WARNING [visualOdometry.cpp->trackingFrame2Frame:179]	The Estimated Rotation and translation matrices(using getTransformation function) are : 
   0.999996 -0.00254169  -0.0010184   0.0089891
 0.00254293    0.999996  0.00118253  0.00131079
 0.00101557 -0.00118499    0.999999  0.00355053
          0           0           0           1
2020/03/09 15:54:29 497238	INFO [input.cpp->run:235]	rotation: 
[0.9999963641166687, -0.002541691064834595, -0.001018404960632324;
 0.002542927861213684, 0.9999960064888, 0.001182533800601959;
 0.001015573740005493, -0.001184992492198944, 0.9999986886978149]
2020/03/09 15:54:29 497299	INFO [input.cpp->run:259]	frame times (ms): 310.353
2020/03/09 15:54:29 497305	INFO [input.cpp->run:260]	FPS: 3.22214
2020/03/09 15:54:29 590288	INFO [input.cpp->run:173]	
frame_id 42
2020/03/09 15:54:29 628546	WARNING [visualOdometry.cpp->trackingFrame2Frame:179]	The Estimated Rotation and translation matrices(using getTransformation function) are : 
    0.999995  -0.00306469 -0.000799745    0.0152081
  0.00306682     0.999992     0.002679   0.00430993
 0.000791401  -0.00268158     0.999996   0.00767189
           0            0            0            1
2020/03/09 15:54:29 630102	INFO [input.cpp->run:235]	rotation: 
[0.9999951720237732, -0.00306469202041626, -0.0007997453212738037;
 0.00306682288646698, 0.9999918937683105, 0.002678997814655304;
 0.000791400671005249, -0.002681583166122437, 0.9999963045120239]
2020/03/09 15:54:29 630160	INFO [input.cpp->run:259]	frame times (ms): 330.233
2020/03/09 15:54:29 630164	INFO [input.cpp->run:260]	FPS: 3.02816
2020/03/09 15:54:29 720871	INFO [input.cpp->run:173]	
frame_id 43
2020/03/09 15:54:29 761170	WARNING [visualOdometry.cpp->trackingFrame2Frame:179]	The Estimated Rotation and translation matrices(using getTransformation function) are : 
    0.999994 -0.000662118  -0.00352436   -0.0146766
 0.000668973     0.999998   0.00192682  -0.00242098
   0.0035232   -0.0019291     0.999992  -0.00835681
           0            0            0            1
2020/03/09 15:54:29 762830	INFO [input.cpp->run:235]	rotation: 
[0.9999937415122986, -0.0006621181964874268, -0.003524363040924072;
 0.0006689727306365967, 0.9999977350234985, 0.001926824450492859;
 0.003523200750350952, -0.001929104328155518, 0.9999918937683105]
2020/03/09 15:54:29 762900	INFO [input.cpp->run:259]	frame times (ms): 343.815
2020/03/09 15:54:29 762904	INFO [input.cpp->run:260]	FPS: 2.90854
2020/03/09 15:54:29 855008	INFO [input.cpp->run:173]	
frame_id 44
2020/03/09 15:54:29 893541	WARNING [visualOdometry.cpp->trackingFrame2Frame:179]	The Estimated Rotation and translation matrices(using getTransformation function) are : 
    0.999996  -0.00238223  -0.00143385   0.00253099
  0.00238292     0.999997  0.000513107 -0.000186361
  0.00143254 -0.000516534     0.999999  0.000590205
           0            0            0            1
2020/03/09 15:54:29 895386	INFO [input.cpp->run:235]	rotation: 
[0.9999960660934448, -0.002382233738899231, -0.001433849334716797;
 0.002382919192314148, 0.9999971389770508, 0.0005131065845489502;
 0.001432538032531738, -0.0005165338516235352, 0.9999988675117493]
2020/03/09 15:54:29 895448	INFO [input.cpp->run:259]	frame times (ms): 339.149
2020/03/09 15:54:29 895452	INFO [input.cpp->run:260]	FPS: 2.94856
2020/03/09 15:54:29 988299	INFO [input.cpp->run:173]	
frame_id 45
2020/03/09 15:54:30 025091	WARNING [visualOdometry.cpp->trackingFrame2Frame:179]	The Estimated Rotation and translation matrices(using getTransformation function) are : 
    0.999996   -0.0026201 -0.000688553   0.00924999
  0.00262171     0.999994   0.00241069   0.00168506
 0.000682384  -0.00241239     0.999997   0.00369835
           0            0            0            1
2020/03/09 15:54:30 026902	INFO [input.cpp->run:235]	rotation: 
[0.9999963045120239, -0.002620100975036621, -0.0006885528564453125;
 0.002621710300445557, 0.9999936819076538, 0.002410687506198883;
 0.0006823837757110596, -0.002412393689155579, 0.9999967813491821]
2020/03/09 15:54:30 026967	INFO [input.cpp->run:259]	frame times (ms): 330.352
2020/03/09 15:54:30 026971	INFO [input.cpp->run:260]	FPS: 3.02707
2020/03/09 15:54:30 124003	INFO [input.cpp->run:173]	
frame_id 46
2020/03/09 15:54:30 160656	WARNING [visualOdometry.cpp->trackingFrame2Frame:179]	The Estimated Rotation and translation matrices(using getTransformation function) are : 
    0.999975  -0.00697305  0.000992209    0.0585288
  0.00697877     0.999959  -0.00578488   0.00494602
-0.000951707   0.00579161     0.999983    0.0298505
           0            0            0            1
2020/03/09 15:54:30 162338	INFO [input.cpp->run:235]	rotation: 
[0.999975323677063, -0.006973050534725189, 0.00099220871925354;
 0.00697876513004303, 0.9999589323997498, -0.005784884095191956;
 -0.0009517073631286621, 0.005791611969470978, 0.9999829530715942]
2020/03/09 15:54:30 162401	INFO [input.cpp->run:259]	frame times (ms): 332.011
2020/03/09 15:54:30 162405	INFO [input.cpp->run:260]	FPS: 3.01195
2020/03/09 15:54:30 254344	INFO [input.cpp->run:173]	
frame_id 47
2020/03/09 15:54:30 292083	WARNING [visualOdometry.cpp->trackingFrame2Frame:179]	The Estimated Rotation and translation matrices(using getTransformation function) are : 
