		g3log created log at: Sun Mar 08 16:10:04 2020
		LOG format: [YYYY/MM/DD hh:mm:ss uuu* LEVEL FILE->FUNCTION:LINE] message		(uuu*: microseconds fractions of the seconds value)

2020/03/08 16:10:04 861861	INFO [g3logger.h->logBanner:29]	Starting log.
2020/03/08 16:10:04 867354	DEBUG [main.cpp->main:49]	Filepath: /home/mitchell/KITTI/data_odometry_gray/dataset/sequences/00/
2020/03/08 16:10:04 867358	DEBUG [main.cpp->main:53]	Calibration Filepath: /home/mitchell/visual_odom_ws/src/visual_odom/calibration/old/zed.yaml
2020/03/08 16:10:04 867440	INFO [main.cpp->main:67]	P_left: 
[718.85602, 0, 607.19281, 0;
 0, 718.85602, 185.2157, 0;
 0, 0, 1, 0]
2020/03/08 16:10:04 867449	INFO [main.cpp->main:68]	P_right: 
[718.85602, 0, 607.19281, -386.14481;
 0, 718.85602, 185.2157, 0;
 0, 0, 1, 0]
2020/03/08 16:10:04 938129	INFO [input.cpp->Input:22]	frame_pose [1, 0, 0, 0;
 0, 1, 0, 0;
 0, 0, 1, 0;
 0, 0, 0, 1]
2020/03/08 16:10:05 202752	INFO [input.cpp->run:173]	
frame_id 1
2020/03/08 16:10:05 297512	INFO [input.cpp->run:235]	rotation: 
[0.9999969939823218, 0.002390824763605356, 0.0005440434449296851;
 -0.002395055073907146, 0.9999658264255639, 0.007912628655008495;
 -0.0005251071444869157, -0.007913907883520083, 0.9999685466675929]
2020/03/08 16:10:05 297555	INFO [input.cpp->run:256]	frame times (ms): 124.782
2020/03/08 16:10:05 297559	INFO [input.cpp->run:257]	FPS: 8.01398
2020/03/08 16:10:05 310759	INFO [input.cpp->run:173]	
frame_id 2
2020/03/08 16:10:05 343136	INFO [input.cpp->run:235]	rotation: 
[0.9999994566551034, -0.0002082656934140661, -0.001021427872666276;
 0.0002122107588813045, 0.9999925132963888, 0.003863718127079142;
 0.001020615545603641, -0.003863932785731617, 0.9999920141517809]
2020/03/08 16:10:05 343166	INFO [input.cpp->run:256]	frame times (ms): 48.654
2020/03/08 16:10:05 343169	INFO [input.cpp->run:257]	FPS: 20.5533
2020/03/08 16:10:05 346572	INFO [input.cpp->run:173]	
frame_id 3
2020/03/08 16:10:05 377859	INFO [input.cpp->run:235]	rotation: 
[0.9999930231673833, 0.003318087700894404, -0.001715782785323187;
 -0.003314994485768895, 0.9999928808532944, 0.001802513325400203;
 0.001721751467709532, -0.001796812939094319, 0.9999969035127786]
2020/03/08 16:10:05 377892	INFO [input.cpp->run:256]	frame times (ms): 46.943
2020/03/08 16:10:05 377896	INFO [input.cpp->run:257]	FPS: 21.3024
2020/03/08 16:10:05 394218	INFO [input.cpp->run:173]	
frame_id 4
2020/03/08 16:10:05 426440	INFO [input.cpp->run:235]	rotation: 
[0.9998837167043997, -0.0002716058376863537, -0.01524727187613079;
 0.0001447795486793421, 0.9999653905850042, -0.008318453646089347;
 0.01524900351754168, 0.008315278855744264, 0.9998491506368714]
2020/03/08 16:10:05 426473	INFO [input.cpp->run:256]	frame times (ms): 47.775
2020/03/08 16:10:05 426475	INFO [input.cpp->run:257]	FPS: 20.9314
2020/03/08 16:10:05 460584	INFO [input.cpp->run:173]	
frame_id 5
2020/03/08 16:10:05 493133	INFO [input.cpp->run:235]	rotation: 
[0.9999933498209614, 0.003596867235401355, 0.000602378571296748;
 -0.003597547293357858, 0.9999928884267898, 0.001131701956307397;
 -0.0005983037057505562, -0.001133861515685514, 0.9999991781950318]
2020/03/08 16:10:05 493164	INFO [input.cpp->run:256]	frame times (ms): 48.112
2020/03/08 16:10:05 493165	INFO [input.cpp->run:257]	FPS: 20.7848
2020/03/08 16:10:05 527316	INFO [input.cpp->run:173]	
frame_id 6
2020/03/08 16:10:05 559434	INFO [input.cpp->run:235]	rotation: 
[0.9999938059136094, 0.002125757823741946, -0.002805225140562024;
 -0.002097490686669012, 0.9999473844068918, 0.0100413619910404;
 0.00282642304579093, -0.01003541586037041, 0.9999456494036442]
2020/03/08 16:10:05 559461	INFO [input.cpp->run:256]	frame times (ms): 47.776
2020/03/08 16:10:05 559465	INFO [input.cpp->run:257]	FPS: 20.931
2020/03/08 16:10:05 593742	INFO [input.cpp->run:173]	
frame_id 7
2020/03/08 16:10:05 625713	INFO [input.cpp->run:235]	rotation: 
[0.9999904495579746, 0.003722197476324532, -0.002290423276843527;
 -0.003689696092381747, 0.9998947054668043, 0.01403439069566796;
 0.002342420881422939, -0.01402580569521879, 0.9998988898078717]
2020/03/08 16:10:05 625738	INFO [input.cpp->run:256]	frame times (ms): 46.487
2020/03/08 16:10:05 625740	INFO [input.cpp->run:257]	FPS: 21.5114
2020/03/08 16:10:05 660306	INFO [input.cpp->run:173]	
frame_id 8
2020/03/08 16:10:05 690717	INFO [input.cpp->run:235]	rotation: 
[0.9999974657303045, 0.001236342787614511, -0.001881485976580218;
 -0.001225257929781447, 0.9999819541492838, 0.005881336479498039;
 0.001888723371503121, -0.005879016268992652, 0.9999809347641259]
2020/03/08 16:10:05 690741	INFO [input.cpp->run:256]	frame times (ms): 46.192
2020/03/08 16:10:05 690745	INFO [input.cpp->run:257]	FPS: 21.6488
2020/03/08 16:10:05 727465	INFO [input.cpp->run:173]	
frame_id 9
2020/03/08 16:10:05 758653	INFO [input.cpp->run:235]	rotation: 
[0.9999880675631851, 0.00317093852255682, 0.003716164707452949;
 -0.003209976558525935, 0.9999392321509886, 0.01054647124800874;
 -0.003682496672159757, -0.0105582742045055, 0.9999374790776081]
2020/03/08 16:10:05 758677	INFO [input.cpp->run:256]	frame times (ms): 48.112
2020/03/08 16:10:05 758679	INFO [input.cpp->run:257]	FPS: 20.7848
2020/03/08 16:10:05 794029	INFO [input.cpp->run:173]	
frame_id 10
2020/03/08 16:10:05 824833	INFO [input.cpp->run:235]	rotation: 
[0.9999947512523514, -0.001685053707659863, -0.002767320319391147;
 0.001693048956751, 0.9999943925481772, 0.002889369729215027;
 0.002762436058600764, -0.002894039772422196, 0.9999919967083826]
2020/03/08 16:10:05 824861	INFO [input.cpp->run:256]	frame times (ms): 46.351
2020/03/08 16:10:05 824863	INFO [input.cpp->run:257]	FPS: 21.5745
2020/03/08 16:10:05 861050	INFO [input.cpp->run:173]	
frame_id 11
2020/03/08 16:10:05 893843	INFO [input.cpp->run:235]	rotation: 
[0.9999971269860338, -0.001203464683197798, -0.002073087657197796;
 0.001209285082955668, 0.9999953245809761, 0.002808637708297663;
 0.002069697868354492, -0.002811136593021811, 0.9999939069123317]
2020/03/08 16:10:05 893872	INFO [input.cpp->run:256]	frame times (ms): 49.808
2020/03/08 16:10:05 893874	INFO [input.cpp->run:257]	FPS: 20.0771
2020/03/08 16:10:05 927414	INFO [input.cpp->run:173]	
frame_id 12
2020/03/08 16:10:05 957280	INFO [input.cpp->run:235]	rotation: 
[0.9999966432819332, 0.0005740516330579496, 0.002526636022191992;
 -0.000596091163809514, 0.9999617083172055, 0.008730783164204302;
 -0.002521527352713607, -0.008732259962833708, 0.9999586939147792]
2020/03/08 16:10:05 957313	INFO [input.cpp->run:256]	frame times (ms): 45.511
2020/03/08 16:10:05 957316	INFO [input.cpp->run:257]	FPS: 21.9727
2020/03/08 16:10:05 993897	INFO [input.cpp->run:173]	
frame_id 13
2020/03/08 16:10:06 026050	INFO [input.cpp->run:235]	rotation: 
[0.9999831899500246, -0.001450335125003487, -0.005613942055126043;
 0.001466384504910198, 0.9999948470951351, 0.002855783545927787;
 0.005609771283830649, -0.002863967737704761, 0.9999801638807344]
2020/03/08 16:10:06 026078	INFO [input.cpp->run:256]	frame times (ms): 48.295
2020/03/08 16:10:06 026081	INFO [input.cpp->run:257]	FPS: 20.7061
2020/03/08 16:10:06 060593	INFO [input.cpp->run:173]	
frame_id 14
2020/03/08 16:10:06 092025	INFO [input.cpp->run:235]	rotation: 
[0.9999954495105748, 0.002891607652829357, 0.0008599786772827823;
 -0.002895874854230761, 0.9999832926152977, 0.00500283910359314;
 -0.0008454980614503614, -0.005005306728853422, 0.9999871159357895]
2020/03/08 16:10:06 092053	INFO [input.cpp->run:256]	frame times (ms): 46.997
2020/03/08 16:10:06 092056	INFO [input.cpp->run:257]	FPS: 21.278
2020/03/08 16:10:06 127331	INFO [input.cpp->run:173]	
frame_id 15
2020/03/08 16:10:06 157812	INFO [input.cpp->run:235]	rotation: 
[0.9999720083663449, 0.004134649732072141, 0.006235956652487469;
 -0.004178292829898567, 0.9999667570310581, 0.007001907012846099;
 -0.00620679891781949, -0.007027766670998754, 0.9999560421052576]
2020/03/08 16:10:06 157837	INFO [input.cpp->run:256]	frame times (ms): 46.126
2020/03/08 16:10:06 157840	INFO [input.cpp->run:257]	FPS: 21.6797
2020/03/08 16:10:06 193869	INFO [input.cpp->run:173]	
frame_id 16
2020/03/08 16:10:06 225642	INFO [input.cpp->run:235]	rotation: 
[0.9999936008146129, 0.002936108151952035, -0.002043917499490353;
 -0.002933853345394448, 0.9999950853912883, 0.001105304400448297;
 0.002047152747696149, -0.001099300773206939, 0.9999973003480748]
2020/03/08 16:10:06 225671	INFO [input.cpp->run:256]	frame times (ms): 47.278
2020/03/08 16:10:06 225672	INFO [input.cpp->run:257]	FPS: 21.1515
2020/03/08 16:10:06 260533	INFO [input.cpp->run:173]	
frame_id 17
2020/03/08 16:10:06 291362	INFO [input.cpp->run:235]	rotation: 
[0.9999946090600492, 0.001284525885540029, -0.003021894122673505;
 -0.001249803218702239, 0.9999335013772622, 0.01146432794904921;
 0.003036419396887161, -0.01146048937254457, 0.9999297162003877]
2020/03/08 16:10:06 291384	INFO [input.cpp->run:256]	frame times (ms): 45.925
2020/03/08 16:10:06 291386	INFO [input.cpp->run:257]	FPS: 21.7746
2020/03/08 16:10:06 327198	INFO [input.cpp->run:173]	
frame_id 18
2020/03/08 16:10:06 362200	INFO [input.cpp->run:235]	rotation: 
[0.9999998074122577, -0.0001985748350944846, -0.0005879995597852165;
 0.00020054122529034, 0.9999943819002596, 0.003346035136525885;
 0.0005873318179695863, -0.003346152410272722, 0.99999422913604]
2020/03/08 16:10:06 362223	INFO [input.cpp->run:256]	frame times (ms): 58.981
2020/03/08 16:10:06 362225	INFO [input.cpp->run:257]	FPS: 16.9546
2020/03/08 16:10:06 393778	INFO [input.cpp->run:173]	
frame_id 19
2020/03/08 16:10:06 424632	INFO [input.cpp->run:235]	rotation: 
[0.9999995796546405, 0.0006473493265438003, -0.0006493299559934641;
 -0.0006439577369788874, 0.9999862210647492, 0.00520989434397559;
 0.0006526936305129811, -0.005209474012971665, 0.999986217590789]
2020/03/08 16:10:06 424656	INFO [input.cpp->run:256]	frame times (ms): 46.567
2020/03/08 16:10:06 424658	INFO [input.cpp->run:257]	FPS: 21.4744
2020/03/08 16:10:06 460448	INFO [input.cpp->run:173]	
frame_id 20
2020/03/08 16:10:06 489872	INFO [input.cpp->run:235]	rotation: 
[0.9999964775944713, 0.002595287253258592, -0.0005561319295854211;
 -0.00258885636334858, 0.9999331617549659, 0.01126808969821757;
 0.0005853386882655987, -0.01126661026175135, 0.999936358410789]
2020/03/08 16:10:06 489894	INFO [input.cpp->run:256]	frame times (ms): 44.811
2020/03/08 16:10:06 489897	INFO [input.cpp->run:257]	FPS: 22.3159
2020/03/08 16:10:06 527315	INFO [input.cpp->run:173]	
frame_id 21
2020/03/08 16:10:06 562535	INFO [input.cpp->run:235]	rotation: 
[0.9999832485737888, 0.002264784570035997, -0.005326661493210726;
 -0.002280177030967172, 0.999993237590093, -0.002885405827852143;
 0.005320090649545062, 0.002897503224377885, 0.9999816503869186]
2020/03/08 16:10:06 562562	INFO [input.cpp->run:256]	frame times (ms): 51.79
2020/03/08 16:10:06 562564	INFO [input.cpp->run:257]	FPS: 19.3087
2020/03/08 16:10:06 593764	INFO [input.cpp->run:173]	
frame_id 22
2020/03/08 16:10:06 625369	INFO [input.cpp->run:235]	rotation: 
[0.999996194828718, 0.002725417292298689, 0.000427116690582457;
 -0.002728307146552486, 0.9999723477243572, 0.006918101383426627;
 -0.000408250166693731, -0.006919240364385244, 0.9999759784337728]
2020/03/08 16:10:06 625397	INFO [input.cpp->run:256]	frame times (ms): 47.151
2020/03/08 16:10:06 625399	INFO [input.cpp->run:257]	FPS: 21.2085
2020/03/08 16:10:06 661069	INFO [input.cpp->run:173]	
frame_id 23
2020/03/08 16:10:06 694964	INFO [input.cpp->run:235]	rotation: 
[0.9999961536453603, -0.0005874727256881567, -0.002710640197714073;
 0.000595762433513008, 0.9999951455643949, 0.003058417036225974;
 0.002708830302493222, -0.003060020170069984, 0.9999916492226077]
2020/03/08 16:10:06 694996	INFO [input.cpp->run:256]	frame times (ms): 50.182
2020/03/08 16:10:06 694998	INFO [input.cpp->run:257]	FPS: 19.9275
2020/03/08 16:10:06 727643	INFO [input.cpp->run:173]	
frame_id 24
2020/03/08 16:10:06 757805	INFO [input.cpp->run:235]	rotation: 
[0.9999877968157859, -0.001474088231801847, -0.004715218276541101;
 0.001490277747098295, 0.9999930009148623, 0.003431791591093548;
 0.004710126510728514, -0.003438776697178818, 0.9999829946169484]
2020/03/08 16:10:06 757835	INFO [input.cpp->run:256]	frame times (ms): 46.294
2020/03/08 16:10:06 757838	INFO [input.cpp->run:257]	FPS: 21.6011
2020/03/08 16:10:06 793875	INFO [input.cpp->run:173]	
frame_id 25
2020/03/08 16:10:06 827036	INFO [input.cpp->run:235]	rotation: 
[0.9999900958775516, -0.001111156969895749, -0.004309695696134673;
 0.001130710038211982, 0.9999890675262332, 0.004537215316042545;
 0.004304607022077194, -0.00454204339509174, 0.9999804199084013]
2020/03/08 16:10:06 827063	INFO [input.cpp->run:256]	frame times (ms): 49.485
2020/03/08 16:10:06 827065	INFO [input.cpp->run:257]	FPS: 20.2081
2020/03/08 16:10:06 860516	INFO [input.cpp->run:173]	
frame_id 26
2020/03/08 16:10:06 892987	INFO [input.cpp->run:235]	rotation: 
[0.9999612737264614, -0.001470210964119158, -0.008676953790014253;
 0.001484660412845617, 0.9999975216466835, 0.001659061164989057;
 0.00867449311554214, -0.00167187924552869, 0.9999609782331392]
2020/03/08 16:10:06 893013	INFO [input.cpp->run:256]	frame times (ms): 48.048
2020/03/08 16:10:06 893016	INFO [input.cpp->run:257]	FPS: 20.8125
2020/03/08 16:10:06 927256	INFO [input.cpp->run:173]	
frame_id 27
2020/03/08 16:10:06 960914	INFO [input.cpp->run:235]	rotation: 
[0.9999854169604481, -0.001095947891320767, -0.005288172147194792;
 0.001113466367420195, 0.9999938988506127, 0.003310959709669372;
 0.005284511243954477, -0.003316799627644, 0.9999805362011516]
2020/03/08 16:10:06 960937	INFO [input.cpp->run:256]	frame times (ms): 50.202
2020/03/08 16:10:06 960940	INFO [input.cpp->run:257]	FPS: 19.9195
2020/03/08 16:10:06 993746	INFO [input.cpp->run:173]	
frame_id 28
2020/03/08 16:10:07 026359	INFO [input.cpp->run:235]	rotation: 
[0.999990845643019, -0.000455552152718312, -0.004254539034470992;
 0.0004721558886899515, 0.9999922741232476, 0.003902404724307439;
 0.004252728415553837, -0.003904377805960295, 0.9999833349286237]
2020/03/08 16:10:07 026387	INFO [input.cpp->run:256]	frame times (ms): 48.275
2020/03/08 16:10:07 026389	INFO [input.cpp->run:257]	FPS: 20.7147
2020/03/08 16:10:07 060443	INFO [input.cpp->run:173]	
frame_id 29
2020/03/08 16:10:07 091117	INFO [input.cpp->run:235]	rotation: 
[0.999995255451516, -0.0003701339600828792, -0.003058116300737714;
 0.0003791234037131118, 0.9999956078528567, 0.002939479620676706;
 0.003057014867808356, -0.002940625077634014, 0.9999910036516583]
2020/03/08 16:10:07 091140	INFO [input.cpp->run:256]	frame times (ms): 46.674
2020/03/08 16:10:07 091143	INFO [input.cpp->run:257]	FPS: 21.4252
2020/03/08 16:10:07 127165	INFO [input.cpp->run:173]	
frame_id 30
2020/03/08 16:10:07 160195	INFO [input.cpp->run:235]	rotation: 
[0.9999922060483813, 8.669400966459875e-05, -0.00394719224769155;
 -7.9184261979352e-05, 0.9999981867850912, 0.001902670854979248;
 0.003947350040749208, -0.001902343470149634, 0.9999903997124059]
2020/03/08 16:10:07 160219	INFO [input.cpp->run:256]	frame times (ms): 49.381
2020/03/08 16:10:07 160221	INFO [input.cpp->run:257]	FPS: 20.2507
2020/03/08 16:10:07 193855	INFO [input.cpp->run:173]	
frame_id 31
2020/03/08 16:10:07 224759	INFO [input.cpp->run:235]	rotation: 
[0.9999966476931011, -0.0003648411687457114, -0.002563492438315411;
 0.0003737438469538344, 0.9999938984046032, 0.003473250509407883;
 0.00256220961214655, -0.003474196955531772, 0.9999906824753007]
2020/03/08 16:10:07 224782	INFO [input.cpp->run:256]	frame times (ms): 47.052
2020/03/08 16:10:07 224785	INFO [input.cpp->run:257]	FPS: 21.2531
2020/03/08 16:10:07 260469	INFO [input.cpp->run:173]	
frame_id 32
2020/03/08 16:10:07 292175	INFO [input.cpp->run:235]	rotation: 
[0.9999992292800409, -0.0002422465100668175, -0.001217684668757775;
 0.0002466538369422721, 0.9999934152382294, 0.003620585873414693;
 0.001216799576302088, -0.003620883429552631, 0.9999927042743766]
2020/03/08 16:10:07 292198	INFO [input.cpp->run:256]	frame times (ms): 47.389
2020/03/08 16:10:07 292200	INFO [input.cpp->run:257]	FPS: 21.1019
2020/03/08 16:10:07 327164	INFO [input.cpp->run:173]	
frame_id 33
2020/03/08 16:10:07 358779	INFO [input.cpp->run:235]	rotation: 
[0.9999965968031738, -0.0003080807565944835, -0.002590650172840065;
 0.0003161680160925487, 0.9999950769378948, 0.003121880484507163;
 0.002589675627606706, -0.003122688940858943, 0.9999917711631043]
2020/03/08 16:10:07 358803	INFO [input.cpp->run:256]	frame times (ms): 48.239
2020/03/08 16:10:07 358805	INFO [input.cpp->run:257]	FPS: 20.7301
2020/03/08 16:10:07 393785	INFO [input.cpp->run:173]	
frame_id 34
2020/03/08 16:10:07 426338	INFO [input.cpp->run:235]	rotation: 
[0.9999599548056243, 0.001440842185886033, -0.008832483168921082;
 -0.001467104580229559, 0.9999945203741264, -0.002967629672230058;
 0.008828158884193945, 0.002980469009434924, 0.9999565892653537]
2020/03/08 16:10:07 426368	INFO [input.cpp->run:256]	frame times (ms): 49.028
2020/03/08 16:10:07 426371	INFO [input.cpp->run:257]	FPS: 20.3965
2020/03/08 16:10:07 460768	INFO [input.cpp->run:173]	
frame_id 35
2020/03/08 16:10:07 492267	INFO [input.cpp->run:235]	rotation: 
[0.9999831568391693, 0.002189017408029347, -0.005375336338937601;
 -0.002195207340965578, 0.9999969339688276, -0.001145913467204123;
 0.005372811433461018, 0.001157694144190692, 0.9999848962067222]
2020/03/08 16:10:07 492291	INFO [input.cpp->run:256]	frame times (ms): 46.667
2020/03/08 16:10:07 492293	INFO [input.cpp->run:257]	FPS: 21.4284
2020/03/08 16:10:07 527516	INFO [input.cpp->run:173]	
frame_id 36
2020/03/08 16:10:07 560533	INFO [input.cpp->run:235]	rotation: 
[0.9999935771137671, 0.003252319198527846, -0.001506038194421958;
 -0.003249349577142123, 0.9999927802366848, 0.001970076605319481;
 0.001512434639148702, -0.00196517030717137, 0.9999969253188362]
2020/03/08 16:10:07 560561	INFO [input.cpp->run:256]	frame times (ms): 50.111
2020/03/08 16:10:07 560564	INFO [input.cpp->run:257]	FPS: 19.9557
2020/03/08 16:10:07 593854	INFO [input.cpp->run:173]	
frame_id 37
2020/03/08 16:10:07 625659	INFO [input.cpp->run:235]	rotation: 
[0.9999589523685298, 0.005204953810153693, 0.007416335609079096;
 -0.005224784170393845, 0.9999828208042767, 0.002657014620687767;
 -0.007402378564024535, -0.002695654309423451, 0.9999689686382468]
2020/03/08 16:10:07 625687	INFO [input.cpp->run:256]	frame times (ms): 47.079
2020/03/08 16:10:07 625690	INFO [input.cpp->run:257]	FPS: 21.2409
2020/03/08 16:10:07 660737	INFO [input.cpp->run:173]	
frame_id 38
2020/03/08 16:10:07 695993	INFO [input.cpp->run:235]	rotation: 
[0.9999811810055371, 0.001609817730609851, -0.005919976490270238;
 -0.001608158513608824, 0.999998666292939, 0.0002850237504639883;
 0.005920427431042935, -0.0002754981260104144, 0.9999824361656641]
2020/03/08 16:10:07 696020	INFO [input.cpp->run:256]	frame times (ms): 52.021
2020/03/08 16:10:07 696022	INFO [input.cpp->run:257]	FPS: 19.223
2020/03/08 16:10:07 727183	INFO [input.cpp->run:173]	
frame_id 39
2020/03/08 16:10:07 761825	INFO [input.cpp->run:235]	rotation: 
[0.9999966527632462, 0.001901270330026473, 0.001754888439706122;
 -0.001905896619171589, 0.9999947033646346, 0.002638332949727271;
 -0.001749862960543902, -0.002641668754546512, 0.9999949797703039]
2020/03/08 16:10:07 761852	INFO [input.cpp->run:256]	frame times (ms): 50.575
2020/03/08 16:10:07 761855	INFO [input.cpp->run:257]	FPS: 19.7726
2020/03/08 16:10:07 793716	INFO [input.cpp->run:173]	
frame_id 40
2020/03/08 16:10:07 827762	INFO [input.cpp->run:235]	rotation: 
[0.9999924111712416, 0.003873725180877259, 0.0004145517453374465;
 -0.003873620809189145, 0.9999924656805786, -0.0002522774332100589;
 -0.0004155258754177734, 0.0002506697024525938, 0.9999998822514666]
2020/03/08 16:10:07 827790	INFO [input.cpp->run:256]	frame times (ms): 49.09
2020/03/08 16:10:07 827792	INFO [input.cpp->run:257]	FPS: 20.3707
2020/03/08 16:10:07 860461	INFO [input.cpp->run:173]	
frame_id 41
2020/03/08 16:10:07 893826	INFO [input.cpp->run:235]	rotation: 
[0.9999977563767909, -0.001226735452289082, -0.001726951509024338;
 0.001230365858652767, 0.9999970323909282, 0.002102714719301793;
 0.001724366909415156, -0.002104834783778499, 0.9999962981077953]
2020/03/08 16:10:07 893851	INFO [input.cpp->run:256]	frame times (ms): 49.353
2020/03/08 16:10:07 893854	INFO [input.cpp->run:257]	FPS: 20.2622
2020/03/08 16:10:07 927168	INFO [input.cpp->run:173]	
frame_id 42
2020/03/08 16:10:07 957423	INFO [input.cpp->run:235]	rotation: 
[0.9999997062231495, 0.0007072692168963603, -0.0002955061244506656;
 -0.0007047952909372475, 0.9999653915154371, 0.008289694504412229;
 0.000301358943171965, -0.008289483797766931, 0.9999655962287672]
2020/03/08 16:10:07 957444	INFO [input.cpp->run:256]	frame times (ms): 46.249
2020/03/08 16:10:07 957446	INFO [input.cpp->run:257]	FPS: 21.6221
2020/03/08 16:10:07 993750	INFO [input.cpp->run:173]	
frame_id 43
2020/03/08 16:10:08 025049	INFO [input.cpp->run:235]	rotation: 
[0.9999997099999171, 0.000597010294962583, -0.0004728411885121254;
 -0.0005930149181850924, 0.9999644993146886, 0.008405262853185229;
 0.0004778424307811079, -0.008404980013779583, 0.999964563360912]
2020/03/08 16:10:08 025077	INFO [input.cpp->run:256]	frame times (ms): 46.828
2020/03/08 16:10:08 025079	INFO [input.cpp->run:257]	FPS: 21.3547
2020/03/08 16:10:08 060447	INFO [input.cpp->run:173]	
frame_id 44
2020/03/08 16:10:08 092438	INFO [input.cpp->run:235]	rotation: 
[0.9999888021796377, 0.001492020254008316, -0.004491034501652604;
 -0.001462894684122837, 0.9999779242656605, 0.006481583177304137;
 0.004500606012146612, -0.006474940687201373, 0.9999689093609964]
2020/03/08 16:10:08 092460	INFO [input.cpp->run:256]	frame times (ms): 47.521
2020/03/08 16:10:08 092462	INFO [input.cpp->run:257]	FPS: 21.0433
2020/03/08 16:10:08 127105	INFO [input.cpp->run:173]	
frame_id 45
2020/03/08 16:10:08 157887	INFO [input.cpp->run:235]	rotation: 
[0.9999805556812175, 0.003442239858900943, -0.005199927330004735;
 -0.003455790044449047, 0.9999906510333209, -0.002599107755331724;
 0.005190931963744412, 0.002617027074550868, 0.9999831025545576]
2020/03/08 16:10:08 157909	INFO [input.cpp->run:256]	frame times (ms): 46.07
2020/03/08 16:10:08 157911	INFO [input.cpp->run:257]	FPS: 21.7061
2020/03/08 16:10:08 193713	INFO [input.cpp->run:173]	
frame_id 46
2020/03/08 16:10:08 223407	INFO [input.cpp->run:235]	rotation: 
[0.999958242969746, 0.001999292196907356, -0.008917126643143035;
 -0.002068016196253333, 0.9999681821309044, -0.007704416579228218;
 0.008901439539226222, 0.007722535627994092, 0.9999305609979144]
2020/03/08 16:10:08 223434	INFO [input.cpp->run:256]	frame times (ms): 46.031
2020/03/08 16:10:08 223437	INFO [input.cpp->run:257]	FPS: 21.7245
2020/03/08 16:10:08 260588	INFO [input.cpp->run:173]	
frame_id 47
2020/03/08 16:10:08 293663	INFO [input.cpp->run:235]	rotation: 
[0.9999897645993138, 0.002214145527636625, -0.003945662959705132;
 -0.002200164489925712, 0.9999912988578438, 0.003544218506209583;
 0.00395347604348531, -0.003535501122179894, 0.9999859350305826]
2020/03/08 16:10:08 293691	INFO [input.cpp->run:256]	frame times (ms): 49.609
2020/03/08 16:10:08 293693	INFO [input.cpp->run:257]	FPS: 20.1576
2020/03/08 16:10:08 327544	INFO [input.cpp->run:173]	
frame_id 48
2020/03/08 16:10:08 359478	INFO [input.cpp->run:235]	rotation: 
[0.9999540139152209, 0.001232305268240885, -0.009510598223247924;
 -0.001252967927743276, 0.9999968672151016, -0.002166940551646768;
 0.009507898096331678, 0.00217875737708223, 0.9999524253133654]
2020/03/08 16:10:08 359508	INFO [input.cpp->run:256]	frame times (ms): 48.034
2020/03/08 16:10:08 359511	INFO [input.cpp->run:257]	FPS: 20.8186
2020/03/08 16:10:08 393953	INFO [input.cpp->run:173]	
frame_id 49
2020/03/08 16:10:08 426298	INFO [input.cpp->run:235]	rotation: 
[0.9999672174497856, -0.001725593833435026, -0.007911153623538753;
 0.00174027315898927, 0.9999967762921568, 0.001849014501358461;
 0.00790793747226929, -0.001862721454255408, 0.9999669968522554]
2020/03/08 16:10:08 426327	INFO [input.cpp->run:256]	frame times (ms): 47.587
2020/03/08 16:10:08 426329	INFO [input.cpp->run:257]	FPS: 21.0141
2020/03/08 16:10:08 460421	INFO [input.cpp->run:173]	
frame_id 50
2020/03/08 16:10:08 491188	INFO [input.cpp->run:235]	rotation: 
[0.9999778300689744, 0.002111945553891718, -0.006314986660529616;
 -0.002118396420946166, 0.9999972410791701, -0.001015002784179;
 0.006312825607364144, 0.001028357926777273, 0.9999795451472122]
2020/03/08 16:10:08 491210	INFO [input.cpp->run:256]	frame times (ms): 46.156
2020/03/08 16:10:08 491213	INFO [input.cpp->run:257]	FPS: 21.6657
2020/03/08 16:10:08 527020	INFO [input.cpp->run:173]	
frame_id 51
2020/03/08 16:10:08 563100	INFO [input.cpp->run:235]	rotation: 
[0.9999699142003715, 0.001505369715928496, -0.007609504328143975;
 -0.001491490400254594, 0.9999972145721394, 0.001829290668118945;
 0.007612236891192031, -0.001817886129790319, 0.9999693741007929]
2020/03/08 16:10:08 563126	INFO [input.cpp->run:256]	frame times (ms): 52.329
2020/03/08 16:10:08 563128	INFO [input.cpp->run:257]	FPS: 19.1099
2020/03/08 16:10:08 593693	INFO [input.cpp->run:173]	
frame_id 52
2020/03/08 16:10:08 629964	INFO [input.cpp->run:235]	rotation: 
[0.9999928553672458, -0.0005490339464438497, -0.003740023554514124;
 0.000560737956452092, 0.9999949472489249, 0.003129065286022127;
 0.003738286694043423, -0.003131140103164835, 0.9999881105164439]
2020/03/08 16:10:08 629993	INFO [input.cpp->run:256]	frame times (ms): 51.672
2020/03/08 16:10:08 629996	INFO [input.cpp->run:257]	FPS: 19.3528
2020/03/08 16:10:08 660567	INFO [input.cpp->run:173]	
frame_id 53
2020/03/08 16:10:08 693190	INFO [input.cpp->run:235]	rotation: 
[0.9999989585498706, 0.0006420177541597008, -0.001292560396055492;
 -0.0006328425941507421, 0.9999746910651655, 0.00708637702764985;
 0.00129707726259308, -0.007085551660267441, 0.999974055937575]
2020/03/08 16:10:08 693214	INFO [input.cpp->run:256]	frame times (ms): 48.208
2020/03/08 16:10:08 693216	INFO [input.cpp->run:257]	FPS: 20.7434
2020/03/08 16:10:08 727112	INFO [input.cpp->run:173]	
frame_id 54
2020/03/08 16:10:08 759787	INFO [input.cpp->run:235]	rotation: 
[0.9999913978435614, -0.00106779386681082, -0.004007998894482667;
 0.001086356947095905, 0.9999886812477722, 0.00463219223748867;
 0.004003007302475173, -0.004636506508089363, 0.9999812391939845]
2020/03/08 16:10:08 759812	INFO [input.cpp->run:256]	frame times (ms): 48.279
2020/03/08 16:10:08 759815	INFO [input.cpp->run:257]	FPS: 20.7129
2020/03/08 16:10:08 793756	INFO [input.cpp->run:173]	
frame_id 55
2020/03/08 16:10:08 826931	INFO [input.cpp->run:235]	rotation: 
[0.999999340134215, 0.0005544373374788868, 0.001006146298200872;
 -0.0005593191294584926, 0.9999880424914472, 0.004858192692250484;
 -0.001003440703776656, -0.004858752243366967, 0.9999876927409614]
2020/03/08 16:10:08 826954	INFO [input.cpp->run:256]	frame times (ms): 49.566
2020/03/08 16:10:08 826956	INFO [input.cpp->run:257]	FPS: 20.1751
2020/03/08 16:10:08 860466	INFO [input.cpp->run:173]	
frame_id 56
2020/03/08 16:10:08 892425	INFO [input.cpp->run:235]	rotation: 
[0.9999995717814227, -0.0003530878921846619, -0.0008554331719068544;
 0.0003560848243261243, 0.999993791289205, 0.003505793296802352;
 0.0008541900076040825, -0.003506096402327275, 0.9999934888025264]
2020/03/08 16:10:08 892447	INFO [input.cpp->run:256]	frame times (ms): 47.67
2020/03/08 16:10:08 892449	INFO [input.cpp->run:257]	FPS: 20.9776
2020/03/08 16:10:08 927071	INFO [input.cpp->run:173]	
frame_id 57
2020/03/08 16:10:08 960144	INFO [input.cpp->run:235]	rotation: 
[0.9999994956152429, 0.0009763535800744863, -0.0002355906329318439;
 -0.0009742206539304895, 0.9999600096510388, 0.008889881484692488;
 0.0002442608791942384, -0.008889647483511299, 0.9999604564702755]
2020/03/08 16:10:08 960167	INFO [input.cpp->run:256]	frame times (ms): 48.729
2020/03/08 16:10:08 960169	INFO [input.cpp->run:257]	FPS: 20.5217
2020/03/08 16:10:08 993881	INFO [input.cpp->run:173]	
frame_id 58
2020/03/08 16:10:09 029780	INFO [input.cpp->run:235]	rotation: 
[0.9999974801412203, 0.002195288707439555, 0.0004694877003044671;
 -0.002200730472060034, 0.999926500004351, 0.01192272512632619;
 -0.0004432793691288077, -0.01192372829863092, 0.9999288115695344]
2020/03/08 16:10:09 029811	INFO [input.cpp->run:256]	frame times (ms): 52.389
2020/03/08 16:10:09 029813	INFO [input.cpp->run:257]	FPS: 19.088
2020/03/08 16:10:09 060788	INFO [input.cpp->run:173]	
frame_id 59
2020/03/08 16:10:09 091546	INFO [input.cpp->run:235]	rotation: 
[0.9999990913506843, 0.0001007512035914965, -0.001344301677726848;
 -8.936899047596136e-05, 0.9999641724725684, 0.00846438328734184;
 0.001345106311525472, -0.008464255457301926, 0.9999632728598407]
2020/03/08 16:10:09 091570	INFO [input.cpp->run:256]	frame times (ms): 45.987
2020/03/08 16:10:09 091573	INFO [input.cpp->run:257]	FPS: 21.7453
2020/03/08 16:10:09 133002	INFO [input.cpp->run:173]	
frame_id 60
2020/03/08 16:10:09 165229	INFO [input.cpp->run:235]	rotation: 
[0.9999636724264344, -0.0004550199516579928, -0.008511567674769035;
 0.0004594561668843643, 0.9999997596395739, 0.0005192502528716804;
 0.008511329359700044, -0.0005231420820279464, 0.9999636411364629]
2020/03/08 16:10:09 165258	INFO [input.cpp->run:256]	frame times (ms): 47.498
2020/03/08 16:10:09 165261	INFO [input.cpp->run:257]	FPS: 21.0535
2020/03/08 16:10:09 193655	INFO [input.cpp->run:173]	
frame_id 61
2020/03/08 16:10:09 224392	INFO [input.cpp->run:235]	rotation: 
[0.9999907967409678, 0.003450515852417703, -0.002549583047595598;
 -0.003456293717000844, 0.999991461234497, -0.00226527963776148;
 0.00254174489400357, 0.00227407089767457, 0.9999941840503105]
2020/03/08 16:10:09 224419	INFO [input.cpp->run:256]	frame times (ms): 46.238
2020/03/08 16:10:09 224421	INFO [input.cpp->run:257]	FPS: 21.6272
2020/03/08 16:10:09 260379	INFO [input.cpp->run:173]	
frame_id 62
2020/03/08 16:10:09 290605	INFO [input.cpp->run:235]	rotation: 
[0.9999950439271151, 0.002603100744049229, -0.001770872023424232;
 -0.002604104057892135, 0.9999964499873121, -0.0005644951983213815;
 0.001769396298935318, 0.0005691039356642422, 0.9999982726772321]
2020/03/08 16:10:09 290628	INFO [input.cpp->run:256]	frame times (ms): 45.549
2020/03/08 16:10:09 290631	INFO [input.cpp->run:257]	FPS: 21.9544
2020/03/08 16:10:09 327207	INFO [input.cpp->run:173]	
frame_id 63
2020/03/08 16:10:09 356953	INFO [input.cpp->run:235]	rotation: 
[0.9999998580200459, 0.0005324344613178644, -2.175850312885719e-05;
 -0.0005322629291428049, 0.999973636165665, 0.00724180017623519;
 2.561371346709072e-05, -0.007241787566800125, 0.9999737775845799]
2020/03/08 16:10:09 356976	INFO [input.cpp->run:256]	frame times (ms): 44.87
2020/03/08 16:10:09 356978	INFO [input.cpp->run:257]	FPS: 22.2866
2020/03/08 16:10:09 393851	INFO [input.cpp->run:173]	
frame_id 64
2020/03/08 16:10:09 424296	INFO [input.cpp->run:235]	rotation: 
[0.999998781780317, 0.001507776777057269, 0.0004037908772147643;
 -0.001512364570768763, 0.999931419338703, 0.01161332737384102;
 -0.0003862528796507382, -0.01161392390527373, 0.9999324815107445]
2020/03/08 16:10:09 424324	INFO [input.cpp->run:256]	frame times (ms): 45.813
2020/03/08 16:10:09 424326	INFO [input.cpp->run:257]	FPS: 21.8279
2020/03/08 16:10:09 460447	INFO [input.cpp->run:173]	
frame_id 65
2020/03/08 16:10:09 494139	INFO [input.cpp->run:235]	rotation: 
[0.999995481022382, 0.002673162291828352, 0.001375550135895667;
 -0.00269099466136254, 0.9999101831794098, 0.01312951338975199;
 -0.001340329268252358, -0.01313315565584698, 0.9999128580731282]
2020/03/08 16:10:09 494161	INFO [input.cpp->run:256]	frame times (ms): 49.737
2020/03/08 16:10:09 494163	INFO [input.cpp->run:257]	FPS: 20.1058
2020/03/08 16:10:09 527094	INFO [input.cpp->run:173]	
frame_id 66
2020/03/08 16:10:09 558203	INFO [input.cpp->run:235]	rotation: 
[0.9999913907646263, 0.004081798216520858, 0.0007465386446736074;
 -0.004082658220471767, 0.9999909999190113, 0.001154115605419257;
 -0.000741821058745485, -0.001157153531500938, 0.9999990553481645]
2020/03/08 16:10:09 558227	INFO [input.cpp->run:256]	frame times (ms): 46.936
2020/03/08 16:10:09 558228	INFO [input.cpp->run:257]	FPS: 21.3056
2020/03/08 16:10:09 593776	INFO [input.cpp->run:173]	
frame_id 67
2020/03/08 16:10:09 625945	INFO [input.cpp->run:235]	rotation: 
[0.9999941250782612, 0.003416383887802284, 0.0002795176092380702;
 -0.003417882046122666, 0.9999787718739146, 0.005547421369986445;
 -0.0002605595546157464, -0.005548344137538234, 0.9999845738740423]
2020/03/08 16:10:09 625966	INFO [input.cpp->run:256]	frame times (ms): 47.439
2020/03/08 16:10:09 625969	INFO [input.cpp->run:257]	FPS: 21.0797
2020/03/08 16:10:09 660336	INFO [input.cpp->run:173]	
frame_id 68
2020/03/08 16:10:09 691842	INFO [input.cpp->run:235]	rotation: 
[0.999996926707612, -0.0009818161366096597, -0.002276535175409369;
 0.0009887134499676395, 0.9999949189472138, 0.003030598203182146;
 0.002273548117994509, -0.003032839730215009, 0.9999928164052609]
2020/03/08 16:10:09 691865	INFO [input.cpp->run:256]	frame times (ms): 46.921
2020/03/08 16:10:09 691866	INFO [input.cpp->run:257]	FPS: 21.3124
2020/03/08 16:10:09 727207	INFO [input.cpp->run:173]	
frame_id 69
2020/03/08 16:10:09 760103	INFO [input.cpp->run:235]	rotation: 
[0.9999995517664354, 0.0009457726063489682, -4.450960965013263e-05;
 -0.0009452713615169043, 0.9999478990604703, 0.01016393755414847;
 5.412006436900692e-05, -0.01016389092467119, 0.9999483448620183]
2020/03/08 16:10:09 760124	INFO [input.cpp->run:256]	frame times (ms): 49.541
2020/03/08 16:10:09 760126	INFO [input.cpp->run:257]	FPS: 20.1853
2020/03/08 16:10:09 793737	INFO [input.cpp->run:173]	
frame_id 70
2020/03/08 16:10:09 824778	INFO [input.cpp->run:235]	rotation: 
[0.9999982863597877, 0.001783292777460189, 0.0004971361562992596;
 -0.001789251047598132, 0.999923314869807, 0.01225409974112339;
 -0.000475245385785768, -0.01225496824339376, 0.9999247921194757]
2020/03/08 16:10:09 824807	INFO [input.cpp->run:256]	frame times (ms): 46.081
2020/03/08 16:10:09 824809	INFO [input.cpp->run:257]	FPS: 21.7009
2020/03/08 16:10:09 861457	INFO [input.cpp->run:173]	
frame_id 71
2020/03/08 16:10:09 892896	INFO [input.cpp->run:235]	rotation: 
[0.9999957049960634, 0.0027478289930354, -0.001019522069974347;
 -0.002741239069849054, 0.9999756997946897, 0.006409791609923399;
 0.001037110306603791, -0.006406969326112414, 0.9999789373513155]
2020/03/08 16:10:09 892921	INFO [input.cpp->run:256]	frame times (ms): 47.221
2020/03/08 16:10:09 892923	INFO [input.cpp->run:257]	FPS: 21.177
2020/03/08 16:10:09 927425	INFO [input.cpp->run:173]	
frame_id 72
2020/03/08 16:10:09 959816	INFO [input.cpp->run:235]	rotation: 
[0.9999995410597937, -0.0005549820178891063, -0.0007809450439955514;
 0.0005595873372507118, 0.9999823833556505, 0.005909301173993272;
 0.0007776517304745974, -0.005909735468935081, 0.9999822349844387]
2020/03/08 16:10:09 959847	INFO [input.cpp->run:256]	frame times (ms): 49.536
2020/03/08 16:10:09 959850	INFO [input.cpp->run:257]	FPS: 20.1873
2020/03/08 16:10:09 993905	INFO [input.cpp->run:173]	
frame_id 73
2020/03/08 16:10:10 029677	INFO [input.cpp->run:235]	rotation: 
[0.9999997228269315, -0.000488748332322555, -0.000561668165122462;
 0.0004918918611219811, 0.9999841409964377, 0.005610329581534922;
 0.0005589172183982754, -0.005610604306501732, 0.9999841042390918]
2020/03/08 16:10:10 029702	INFO [input.cpp->run:256]	frame times (ms): 52.251
2020/03/08 16:10:10 029704	INFO [input.cpp->run:257]	FPS: 19.1384
2020/03/08 16:10:10 060317	INFO [input.cpp->run:173]	
frame_id 74
2020/03/08 16:10:10 091956	INFO [input.cpp->run:235]	rotation: 
[0.9999999719727108, -0.0001264688771146546, -0.0002001504451500746;
 0.0001277030341029353, 0.9999809066278573, 0.006178193236187227;
 0.0001993652744419628, -0.006178218622848341, 0.9999808947515626]
2020/03/08 16:10:10 091981	INFO [input.cpp->run:256]	frame times (ms): 46.673
2020/03/08 16:10:10 091982	INFO [input.cpp->run:257]	FPS: 21.4257
2020/03/08 16:10:10 126992	INFO [input.cpp->run:173]	
frame_id 75
2020/03/08 16:10:10 159829	INFO [input.cpp->run:235]	rotation: 
[0.9999996668217582, -0.0002972768246750075, -0.0007602518412087382;
 0.0003007082834629439, 0.9999897510236131, 0.004517457499577006;
 0.000758901113984491, -0.004517684608484628, 0.9999895072423898]
2020/03/08 16:10:10 159853	INFO [input.cpp->run:256]	frame times (ms): 48.438
2020/03/08 16:10:10 159856	INFO [input.cpp->run:257]	FPS: 20.6449
2020/03/08 16:10:10 193636	INFO [input.cpp->run:173]	
frame_id 76
2020/03/08 16:10:10 224158	INFO [input.cpp->run:235]	rotation: 
[0.9999999348363539, 2.706011120342727e-06, 0.0003609985672903035;
 -4.495251596039729e-06, 0.9999877166876974, 0.004956455741584223;
 -0.0003609807208078064, -0.004956457041382881, 0.9999876515370157]
2020/03/08 16:10:10 224185	INFO [input.cpp->run:256]	frame times (ms): 45.734
2020/03/08 16:10:10 224187	INFO [input.cpp->run:257]	FPS: 21.8656
2020/03/08 16:10:10 260250	INFO [input.cpp->run:173]	
frame_id 77
2020/03/08 16:10:10 292255	INFO [input.cpp->run:235]	rotation: 
[0.9999897423289023, -0.002553280999850391, -0.003741121905449285;
 0.002559523908779364, 0.9999953384785039, 0.001664889973177261;
 0.003736853534193748, -0.001674448386246158, 0.9999916160389875]
2020/03/08 16:10:10 292278	INFO [input.cpp->run:256]	frame times (ms): 47.658
2020/03/08 16:10:10 292280	INFO [input.cpp->run:257]	FPS: 20.9828
2020/03/08 16:10:10 326974	INFO [input.cpp->run:173]	
frame_id 78
2020/03/08 16:10:10 358018	INFO [input.cpp->run:235]	rotation: 
[0.9999998999476766, -0.0003646886187907112, -0.0002590498951458162;
 0.0003660990538666332, 0.9999849963336827, 0.005465627046133675;
 0.0002570527564693503, -0.005465721337206506, 0.9999850297950187]
2020/03/08 16:10:10 358040	INFO [input.cpp->run:256]	frame times (ms): 46.779
2020/03/08 16:10:10 358043	INFO [input.cpp->run:257]	FPS: 21.3771
2020/03/08 16:10:10 393679	INFO [input.cpp->run:173]	
frame_id 79
2020/03/08 16:10:10 424769	INFO [input.cpp->run:235]	rotation: 
[0.9999999428384986, 0.0002210374034821519, 0.000255862200943091;
 -0.0002225138284668504, 0.9999832430457071, 0.005784817662341239;
 -0.0002545792523961828, -0.005784874264550269, 0.9999832350690423]
2020/03/08 16:10:10 424790	INFO [input.cpp->run:256]	frame times (ms): 46.551
2020/03/08 16:10:10 424794	INFO [input.cpp->run:257]	FPS: 21.4818
2020/03/08 16:10:10 460388	INFO [input.cpp->run:173]	
frame_id 80
2020/03/08 16:10:10 491317	INFO [input.cpp->run:235]	rotation: 
[0.9999881926874398, 0.004770450469240442, -0.000925898497924646;
 -0.004775750942071042, 0.9999717206702738, -0.005809480413172402;
 0.0008981584755726689, 0.005813833679445077, 0.9999826961749391]
2020/03/08 16:10:10 491342	INFO [input.cpp->run:256]	frame times (ms): 45.462
2020/03/08 16:10:10 491344	INFO [input.cpp->run:257]	FPS: 21.9964
2020/03/08 16:10:10 555215	INFO [input.cpp->run:173]	
frame_id 81
2020/03/08 16:10:10 608538	INFO [input.cpp->run:235]	rotation: 
[0.9999873095150287, 0.004591122039579516, 0.002074224508545347;
 -0.004590436992776958, 0.9999894078067717, -0.0003349066697396344;
 -0.002075740135351197, 0.0003253808226962241, 0.9999977927126693]
2020/03/08 16:10:10 608561	INFO [input.cpp->run:256]	frame times (ms): 77.925
2020/03/08 16:10:10 608565	INFO [input.cpp->run:257]	FPS: 12.8329
2020/03/08 16:10:10 621009	INFO [input.cpp->run:173]	
frame_id 82
2020/03/08 16:10:10 651974	INFO [input.cpp->run:235]	rotation: 
[0.9999910369880785, 0.004225606685806619, 0.0002649370572430592;
 -0.004226600379620607, 0.9999835810275581, 0.00386956386845775;
 -0.0002485814522951066, -0.003870648968577385, 0.9999924781136225]
2020/03/08 16:10:10 651997	INFO [input.cpp->run:256]	frame times (ms): 45.624
2020/03/08 16:10:10 651999	INFO [input.cpp->run:257]	FPS: 21.9183
2020/03/08 16:10:10 687318	INFO [input.cpp->run:173]	
frame_id 83
2020/03/08 16:10:10 717870	INFO [input.cpp->run:235]	rotation: 
[0.9999886440697632, 0.004743599500524593, 0.0004582524361090023;
 -0.004742212555821542, 0.9999843103189496, -0.002981700187808804;
 -0.0004723892377960431, 0.002979493197373231, 0.9999954497239949]
