		g3log created log at: Mon Mar 09 16:15:16 2020
		LOG format: [YYYY/MM/DD hh:mm:ss uuu* LEVEL FILE->FUNCTION:LINE] message		(uuu*: microseconds fractions of the seconds value)

2020/03/09 16:15:16 077511	INFO [g3logger.h->logBanner:29]	Starting log.
2020/03/09 16:15:16 086141	DEBUG [main.cpp->main:48]	Filepath: /home/mitchell/KITTI/data_odometry_gray/dataset/sequences/00/
2020/03/09 16:15:16 086151	DEBUG [main.cpp->main:52]	Calibration Filepath: /home/mitchell/visual_odom_catkin_ws/tank_downsized.yaml
2020/03/09 16:15:16 086289	INFO [main.cpp->main:66]	P_left: 
[409.41, 0, 251.22, 0;
 0, 408.72, 191.78999, 0;
 0, 0, 1, 0]
2020/03/09 16:15:16 086307	INFO [main.cpp->main:67]	P_right: 
[409.41, 0, 251.22, -73.940002;
 0, 408.72, 191.78999, 0;
 0, 0, 1, 0]
2020/03/09 16:15:16 249454	INFO [input.cpp->Input:22]	frame_pose [1, 0, 0, 0;
 0, 1, 0, 0;
 0, 0, 1, 0;
 0, 0, 0, 1]
2020/03/09 16:15:21 466438	INFO [input.cpp->run:173]	
frame_id 1
2020/03/09 16:15:21 546010	WARNING [visualOdometry.cpp->trackingFrame2Frame:187]	The Estimated Rotation and translation matrices(using getTransformation function) are : 
    0.999976  -0.00693744 -0.000677685   0.00650901
  0.00693925     0.999972   0.00278238    0.0049203
 0.000658363  -0.00278704     0.999996 -0.000144541
           0            0            0            1
2020/03/09 16:15:21 557704	INFO [input.cpp->run:235]	rotation: 
[0.9999759793281555, -0.006937436759471893, -0.0006776847876608372;
 0.006939254701137543, 0.999971866607666, 0.002782384632155299;
 0.000658362521789968, -0.002787037752568722, 0.9999960064888]
2020/03/09 16:15:21 557858	INFO [input.cpp->run:258]	frame times (ms): 181.018
2020/03/09 16:15:21 557866	INFO [input.cpp->run:259]	FPS: 5.52431
2020/03/09 16:15:21 601015	INFO [input.cpp->run:173]	
frame_id 2
2020/03/09 16:15:21 631121	WARNING [visualOdometry.cpp->trackingFrame2Frame:187]	The Estimated Rotation and translation matrices(using getTransformation function) are : 
    0.999983  -0.00559309  -0.00166708   0.00615036
  0.00559397     0.999984   0.00049204   0.00239959
   0.0016643 -0.000501338     0.999998  6.26445e-05
           0            0            0            1
2020/03/09 16:15:21 632896	INFO [input.cpp->run:235]	rotation: 
[0.9999829530715942, -0.005593091249465942, -0.00166708417236805;
 0.005593970417976379, 0.9999840259552002, 0.0004920396022498608;
 0.001664295792579651, -0.0005013379268348217, 0.9999984502792358]
2020/03/09 16:15:21 632975	INFO [input.cpp->run:258]	frame times (ms): 149.504
2020/03/09 16:15:21 632982	INFO [input.cpp->run:259]	FPS: 6.68878
2020/03/09 16:15:21 729082	INFO [input.cpp->run:173]	
frame_id 3
2020/03/09 16:15:21 774780	WARNING [visualOdometry.cpp->trackingFrame2Frame:187]	The Estimated Rotation and translation matrices(using getTransformation function) are : 
    0.999977  -0.00633374  -0.00265167   0.00594649
  0.00633529      0.99998  0.000498801    0.0024056
  0.00264845 -0.000515567     0.999997   0.00102752
           0            0            0            1
2020/03/09 16:15:21 776747	INFO [input.cpp->run:235]	rotation: 
[0.999976634979248, -0.006333738565444946, -0.002651669085025787;
 0.006335288286209106, 0.9999797940254211, 0.0004988014698028564;
 0.002648446708917618, -0.0005155671387910843, 0.999996542930603]
2020/03/09 16:15:21 776823	INFO [input.cpp->run:258]	frame times (ms): 172.482
2020/03/09 16:15:21 776830	INFO [input.cpp->run:259]	FPS: 5.79771
2020/03/09 16:15:21 865093	INFO [input.cpp->run:173]	
frame_id 4
2020/03/09 16:15:21 918174	WARNING [visualOdometry.cpp->trackingFrame2Frame:187]	The Estimated Rotation and translation matrices(using getTransformation function) are : 
   0.999988 -0.00392511 -0.00284793  0.00563821
 0.00391564    0.999987  -0.0032654  -0.0012154
 0.00286071  0.00325421    0.999991  0.00108451
          0           0           0           1
2020/03/09 16:15:21 920136	INFO [input.cpp->run:235]	rotation: 
[0.9999881982803345, -0.003925114870071411, -0.002847932279109955;
 0.003915637731552124, 0.9999868869781494, -0.003265395760536194;
 0.002860713750123978, 0.003254208713769913, 0.9999905824661255]
2020/03/09 16:15:21 920207	INFO [input.cpp->run:258]	frame times (ms): 164.937
2020/03/09 16:15:21 920213	INFO [input.cpp->run:259]	FPS: 6.06292
2020/03/09 16:15:21 997719	INFO [input.cpp->run:173]	
frame_id 5
2020/03/09 16:15:22 038851	WARNING [visualOdometry.cpp->trackingFrame2Frame:187]	The Estimated Rotation and translation matrices(using getTransformation function) are : 
   0.999948 -0.00992331 -0.00249382  0.00622043
 0.00993502    0.999939  0.00474533  0.00812659
 0.00244658 -0.00476988    0.999986  0.00087285
          0           0           0           1
2020/03/09 16:15:22 040287	INFO [input.cpp->run:235]	rotation: 
[0.9999476671218872, -0.009923309087753296, -0.002493821084499359;
 0.00993502140045166, 0.9999394416809082, 0.004745326936244965;
 0.002446580678224564, -0.004769876599311829, 0.9999857544898987]
2020/03/09 16:15:22 040341	INFO [input.cpp->run:258]	frame times (ms): 165.151
2020/03/09 16:15:22 040347	INFO [input.cpp->run:259]	FPS: 6.05506
2020/03/09 16:15:22 130397	INFO [input.cpp->run:173]	
frame_id 6
2020/03/09 16:15:22 157661	WARNING [visualOdometry.cpp->trackingFrame2Frame:187]	The Estimated Rotation and translation matrices(using getTransformation function) are : 
    0.999973  -0.00665063  -0.00325718   0.00497368
   0.0066512     0.999978  0.000166334   0.00253083
  0.00325601 -0.000187993     0.999995  0.000593245
           0            0            0            1
2020/03/09 16:15:22 159207	INFO [input.cpp->run:235]	rotation: 
[0.9999728202819824, -0.006650634109973907, -0.003257183358073235;
 0.006651200354099274, 0.9999780654907227, 0.0001663342118263245;
 0.003256009891629219, -0.000187993049621582, 0.9999949336051941]
2020/03/09 16:15:22 159286	INFO [input.cpp->run:258]	frame times (ms): 151.598
2020/03/09 16:15:22 159290	INFO [input.cpp->run:259]	FPS: 6.59639
2020/03/09 16:15:22 264971	INFO [input.cpp->run:173]	
frame_id 7
2020/03/09 16:15:22 294248	WARNING [visualOdometry.cpp->trackingFrame2Frame:187]	The Estimated Rotation and translation matrices(using getTransformation function) are : 
    0.99996 -0.00873765 -0.00202905  0.00603244
 0.00873864    0.999961 0.000523597  0.00460143
  0.0020244  -0.0005413    0.999998 0.000708699
          0           0           0           1
2020/03/09 16:15:22 295561	INFO [input.cpp->run:235]	rotation: 
[0.9999597072601318, -0.008737653493881226, -0.002029048278927803;
 0.00873863697052002, 0.9999614953994751, 0.0005235970020294189;
 0.002024397253990173, -0.00054129958152771, 0.9999978542327881]
2020/03/09 16:15:22 295627	INFO [input.cpp->run:258]	frame times (ms): 165.457
2020/03/09 16:15:22 295633	INFO [input.cpp->run:259]	FPS: 6.04387
2020/03/09 16:15:22 399320	INFO [input.cpp->run:173]	
frame_id 8
2020/03/09 16:15:22 427111	WARNING [visualOdometry.cpp->trackingFrame2Frame:187]	The Estimated Rotation and translation matrices(using getTransformation function) are : 
   0.999991 -0.00242141 -0.00362973  0.00463843
 0.00241131    0.999993 -0.00276798 -0.00158121
 0.00363641   0.0027592    0.999989 0.000862062
          0           0           0           1
2020/03/09 16:15:22 428422	INFO [input.cpp->run:235]	rotation: 
[0.9999906420707703, -0.002421408891677856, -0.003629731014370918;
 0.002411305904388428, 0.9999932050704956, -0.002767980098724365;
 0.003636406734585762, 0.002759195864200592, 0.99998939037323]
2020/03/09 16:15:22 428480	INFO [input.cpp->run:258]	frame times (ms): 166.536
2020/03/09 16:15:22 428484	INFO [input.cpp->run:259]	FPS: 6.00471
2020/03/09 16:15:22 530869	INFO [input.cpp->run:173]	
frame_id 9
2020/03/09 16:15:22 557775	WARNING [visualOdometry.cpp->trackingFrame2Frame:187]	The Estimated Rotation and translation matrices(using getTransformation function) are : 
    0.999991  -0.00405893  -0.00151458   0.00597054
  0.00405622      0.99999  -0.00171146 -0.000127681
  0.00152152    0.0017053     0.999997 -0.000245273
           0            0            0            1
2020/03/09 16:15:22 559174	INFO [input.cpp->run:235]	rotation: 
[0.999990701675415, -0.004058927297592163, -0.001514581963419914;
 0.004056215286254883, 0.9999902248382568, -0.001711457967758179;
 0.001521516591310501, 0.001705296337604523, 0.9999974966049194]
2020/03/09 16:15:22 559222	INFO [input.cpp->run:258]	frame times (ms): 152.966
2020/03/09 16:15:22 559226	INFO [input.cpp->run:259]	FPS: 6.5374
2020/03/09 16:15:22 664133	INFO [input.cpp->run:173]	
frame_id 10
2020/03/09 16:15:22 691244	WARNING [visualOdometry.cpp->trackingFrame2Frame:187]	The Estimated Rotation and translation matrices(using getTransformation function) are : 
    0.999974  -0.00388305  -0.00614607    0.0031209
  0.00386237     0.999987   -0.0033761 -0.000995632
  0.00615934    0.0033523     0.999976   0.00228113
           0            0            0            1
2020/03/09 16:15:22 692543	INFO [input.cpp->run:235]	rotation: 
[0.9999738931655884, -0.003883054479956627, -0.006146073341369629;
 0.003862369805574417, 0.9999872446060181, -0.003376098349690437;
 0.006159335374832153, 0.003352299332618713, 0.999975860118866]
2020/03/09 16:15:22 692601	INFO [input.cpp->run:258]	frame times (ms): 159.532
2020/03/09 16:15:22 692605	INFO [input.cpp->run:259]	FPS: 6.26833
2020/03/09 16:15:22 797711	INFO [input.cpp->run:173]	
frame_id 11
2020/03/09 16:15:22 826006	WARNING [visualOdometry.cpp->trackingFrame2Frame:187]	The Estimated Rotation and translation matrices(using getTransformation function) are : 
    0.999992   -0.0028784  -0.00293748   0.00557813
  0.00287405     0.999995  -0.00154572 -0.000423243
  0.00294189   0.00153723     0.999994   0.00069505
           0            0            0            1
2020/03/09 16:15:22 827409	INFO [input.cpp->run:235]	rotation: 
[0.9999915957450867, -0.002878397703170776, -0.002937477082014084;
 0.002874046564102173, 0.9999947547912598, -0.001545719802379608;
 0.002941891551017761, 0.001537233591079712, 0.9999943375587463]
2020/03/09 16:15:22 827473	INFO [input.cpp->run:258]	frame times (ms): 162.803
2020/03/09 16:15:22 827479	INFO [input.cpp->run:259]	FPS: 6.14239
2020/03/09 16:15:22 930132	INFO [input.cpp->run:173]	
frame_id 12
2020/03/09 16:15:22 957530	WARNING [visualOdometry.cpp->trackingFrame2Frame:187]	The Estimated Rotation and translation matrices(using getTransformation function) are : 
   0.999972 -0.00624996 -0.00433941  0.00448906
 0.00626346    0.999976  0.00311816  0.00449062
 0.00431982 -0.00314523    0.999986   0.0015946
          0           0           0           1
2020/03/09 16:15:22 958822	INFO [input.cpp->run:235]	rotation: 
[0.9999715089797974, -0.006249964237213135, -0.004339411854743958;
 0.006263464689254761, 0.9999759197235107, 0.003118157386779785;
 0.004319824278354645, -0.003145232796669006, 0.9999860525131226]
2020/03/09 16:15:22 958884	INFO [input.cpp->run:258]	frame times (ms): 157.709
2020/03/09 16:15:22 958889	INFO [input.cpp->run:259]	FPS: 6.34079
2020/03/09 16:15:23 065206	INFO [input.cpp->run:173]	
frame_id 13
2020/03/09 16:15:23 096876	WARNING [visualOdometry.cpp->trackingFrame2Frame:187]	The Estimated Rotation and translation matrices(using getTransformation function) are : 
    0.999992  -0.00370318   -0.0014024   0.00624856
  0.00370049     0.999991  -0.00202989 -0.000656584
  0.00140987   0.00202465     0.999997   0.00014627
           0            0            0            1
2020/03/09 16:15:23 098289	INFO [input.cpp->run:235]	rotation: 
[0.9999923706054688, -0.003703176975250244, -0.001402396708726883;
 0.003700494766235352, 0.9999912977218628, -0.002029888331890106;
 0.001409873366355896, 0.002024650573730469, 0.9999969601631165]
2020/03/09 16:15:23 098351	INFO [input.cpp->run:258]	frame times (ms): 178.246
2020/03/09 16:15:23 098356	INFO [input.cpp->run:259]	FPS: 5.61022
2020/03/09 16:15:23 196698	INFO [input.cpp->run:173]	
frame_id 14
2020/03/09 16:15:23 223619	WARNING [visualOdometry.cpp->trackingFrame2Frame:187]	The Estimated Rotation and translation matrices(using getTransformation function) are : 
    0.999991  -0.00301024  -0.00315715   0.00596142
   0.0030086     0.999995 -0.000482649  0.000129506
  0.00315858  0.000473149     0.999995   0.00136197
           0            0            0            1
2020/03/09 16:15:23 225149	INFO [input.cpp->run:235]	rotation: 
[0.9999905824661255, -0.00301024317741394, -0.003157146275043488;
 0.003008604049682617, 0.9999953508377075, -0.0004826486110687256;
 0.003158584237098694, 0.0004731491208076477, 0.9999948143959045]
2020/03/09 16:15:23 225214	INFO [input.cpp->run:258]	frame times (ms): 154.295
2020/03/09 16:15:23 225219	INFO [input.cpp->run:259]	FPS: 6.48109
2020/03/09 16:15:23 333169	INFO [input.cpp->run:173]	
frame_id 15
2020/03/09 16:15:23 360212	WARNING [visualOdometry.cpp->trackingFrame2Frame:187]	The Estimated Rotation and translation matrices(using getTransformation function) are : 
    0.999967  -0.00283039  -0.00758451   0.00218773
  0.00282324     0.999996 -0.000950322 -3.79226e-05
  0.00758734  0.000928715     0.999971   0.00294471
           0            0            0            1
2020/03/09 16:15:23 361577	INFO [input.cpp->run:235]	rotation: 
[0.9999672174453735, -0.002830386161804199, -0.007584512233734131;
 0.002823241055011749, 0.9999956488609314, -0.0009503215551376343;
 0.007587343454360962, 0.0009287148714065552, 0.9999706745147705]
2020/03/09 16:15:23 361639	INFO [input.cpp->run:258]	frame times (ms): 164.854
2020/03/09 16:15:23 361644	INFO [input.cpp->run:259]	FPS: 6.06597
2020/03/09 16:15:23 464277	INFO [input.cpp->run:173]	
frame_id 16
2020/03/09 16:15:23 492196	WARNING [visualOdometry.cpp->trackingFrame2Frame:187]	The Estimated Rotation and translation matrices(using getTransformation function) are : 
    0.999984  -0.00461274  -0.00339743    0.0048179
  0.00461024     0.999989 -0.000773348   0.00120951
  0.00340094  0.000757672     0.999994   0.00115997
           0            0            0            1
2020/03/09 16:15:23 493546	INFO [input.cpp->run:235]	rotation: 
[0.9999839067459106, -0.004612743854522705, -0.003397427499294281;
 0.004610240459442139, 0.9999893307685852, -0.0007733479142189026;
 0.003400940448045731, 0.0007576718926429749, 0.9999943971633911]
2020/03/09 16:15:23 493605	INFO [input.cpp->run:258]	frame times (ms): 179.621
2020/03/09 16:15:23 493610	INFO [input.cpp->run:259]	FPS: 5.56728
2020/03/09 16:15:23 597163	INFO [input.cpp->run:173]	
frame_id 17
2020/03/09 16:15:23 628712	WARNING [visualOdometry.cpp->trackingFrame2Frame:187]	The Estimated Rotation and translation matrices(using getTransformation function) are : 
    0.999974  -0.00508431  -0.00511338   0.00367594
  0.00508484     0.999987  0.000140719   0.00213537
  0.00511261 -0.000166714     0.999987   0.00230521
           0            0            0            1
2020/03/09 16:15:23 630011	INFO [input.cpp->run:235]	rotation: 
[0.9999737739562988, -0.005084306001663208, -0.005113378167152405;
 0.005084842443466187, 0.9999866485595703, 0.0001407191157341003;
 0.005112610757350922, -0.0001667141914367676, 0.9999868273735046]
2020/03/09 16:15:23 630071	INFO [input.cpp->run:258]	frame times (ms): 187.674
2020/03/09 16:15:23 630078	INFO [input.cpp->run:259]	FPS: 5.32839
2020/03/09 16:15:23 729890	INFO [input.cpp->run:173]	
frame_id 18
2020/03/09 16:15:23 761803	WARNING [visualOdometry.cpp->trackingFrame2Frame:187]	The Estimated Rotation and translation matrices(using getTransformation function) are : 
    0.999977  -0.00441366  -0.00511052   0.00338554
  0.00440937      0.99999 -0.000860684    0.0014195
  0.00511423  0.000838093     0.999987   0.00186694
           0            0            0            1
2020/03/09 16:15:23 763358	INFO [input.cpp->run:235]	rotation: 
[0.9999772906303406, -0.0044136643409729, -0.005110517144203186;
 0.004409372806549072, 0.9999898672103882, -0.0008606836199760437;
 0.005114234983921051, 0.0008380934596061707, 0.9999865293502808]
2020/03/09 16:15:23 763428	INFO [input.cpp->run:258]	frame times (ms): 190.589
2020/03/09 16:15:23 763436	INFO [input.cpp->run:259]	FPS: 5.24689
2020/03/09 16:15:23 863224	INFO [input.cpp->run:173]	
frame_id 19
2020/03/09 16:15:23 894558	WARNING [visualOdometry.cpp->trackingFrame2Frame:187]	The Estimated Rotation and translation matrices(using getTransformation function) are : 
    0.999986  -0.00415209  -0.00334029   0.00481701
  0.00415263     0.999991  0.000152506   0.00166904
   0.0033396 -0.000166386     0.999994   0.00130254
           0            0            0            1
2020/03/09 16:15:23 895983	INFO [input.cpp->run:235]	rotation: 
[0.9999857544898987, -0.004152089357376099, -0.003340288996696472;
 0.004152625799179077, 0.999991238117218, 0.0001525059342384338;
 0.003339603543281555, -0.0001663863658905029, 0.9999942183494568]
2020/03/09 16:15:23 896047	INFO [input.cpp->run:258]	frame times (ms): 189.739
2020/03/09 16:15:23 896053	INFO [input.cpp->run:259]	FPS: 5.2704
2020/03/09 16:15:23 996429	INFO [input.cpp->run:173]	
frame_id 20
2020/03/09 16:15:24 026524	WARNING [visualOdometry.cpp->trackingFrame2Frame:187]	The Estimated Rotation and translation matrices(using getTransformation function) are : 
    0.999981   -0.0047338  -0.00389356   0.00436604
  0.00473255     0.999989 -0.000361903     0.001925
  0.00389523  0.000343459     0.999992  0.000992894
           0            0            0            1
2020/03/09 16:15:24 028073	INFO [input.cpp->run:235]	rotation: 
[0.9999814033508301, -0.004733800888061523, -0.003893561661243439;
 0.00473254919052124, 0.9999886751174927, -0.0003619026392698288;
 0.003895226866006851, 0.0003434587270021439, 0.9999924898147583]
2020/03/09 16:15:24 028140	INFO [input.cpp->run:258]	frame times (ms): 184.274
2020/03/09 16:15:24 028145	INFO [input.cpp->run:259]	FPS: 5.4267
2020/03/09 16:15:24 133176	INFO [input.cpp->run:173]	
frame_id 21
2020/03/09 16:15:24 165095	WARNING [visualOdometry.cpp->trackingFrame2Frame:187]	The Estimated Rotation and translation matrices(using getTransformation function) are : 
   0.999991 -0.00422654 -0.00130334  0.00547487
 0.00422344    0.999989 -0.00222325 0.000206199
  0.0013127  0.00221772    0.999997 -0.00024575
          0           0           0           1
2020/03/09 16:15:24 166422	INFO [input.cpp->run:235]	rotation: 
[0.9999905228614807, -0.004226535558700562, -0.001303344964981079;
 0.004223436117172241, 0.9999887943267822, -0.00222325325012207;
 0.001312702894210815, 0.002217724919319153, 0.9999968409538269]
2020/03/09 16:15:24 166486	INFO [input.cpp->run:258]	frame times (ms): 197.216
2020/03/09 16:15:24 166492	INFO [input.cpp->run:259]	FPS: 5.07058
2020/03/09 16:15:24 264312	INFO [input.cpp->run:173]	
frame_id 22
2020/03/09 16:15:24 294764	WARNING [visualOdometry.cpp->trackingFrame2Frame:187]	The Estimated Rotation and translation matrices(using getTransformation function) are : 
    0.99997 -0.00331435 -0.00690817  0.00234097
 0.00332972    0.999992  0.00225054  0.00186606
 0.00690068 -0.00227344    0.999974  0.00348395
          0           0           0           1
2020/03/09 16:15:24 296359	INFO [input.cpp->run:235]	rotation: 
[0.9999704957008362, -0.003314346075057983, -0.006908170878887177;
 0.003329724073410034, 0.9999916553497314, 0.002250544726848602;
 0.006900675594806671, -0.002273440361022949, 0.9999735951423645]
2020/03/09 16:15:24 296434	INFO [input.cpp->run:258]	frame times (ms): 196.292
2020/03/09 16:15:24 296440	INFO [input.cpp->run:259]	FPS: 5.09445
2020/03/09 16:15:24 398492	INFO [input.cpp->run:173]	
frame_id 23
2020/03/09 16:15:24 428094	WARNING [visualOdometry.cpp->trackingFrame2Frame:187]	The Estimated Rotation and translation matrices(using getTransformation function) are : 
   0.999981 -0.00507358  -0.0033934  0.00332826
  0.0050768    0.999987   0.0009977  0.00174566
 0.00338831  -0.0010149    0.999994 0.000678539
          0           0           0           1
2020/03/09 16:15:24 429477	INFO [input.cpp->run:235]	rotation: 
[0.9999812841415405, -0.005073577165603638, -0.003393404185771942;
 0.005076795816421509, 0.9999865293502808, 0.0009976997971534729;
 0.003388307988643646, -0.00101490318775177, 0.9999938011169434]
2020/03/09 16:15:24 429539	INFO [input.cpp->run:258]	frame times (ms): 191.301
2020/03/09 16:15:24 429543	INFO [input.cpp->run:259]	FPS: 5.22736
2020/03/09 16:15:24 530876	INFO [input.cpp->run:173]	
frame_id 24
2020/03/09 16:15:24 561958	WARNING [visualOdometry.cpp->trackingFrame2Frame:187]	The Estimated Rotation and translation matrices(using getTransformation function) are : 
     0.99999  -0.00350169   -0.0028989   0.00375766
  0.00350003     0.999994 -0.000588542  0.000389904
  0.00290093  0.000578417     0.999996  0.000988722
           0            0            0            1
2020/03/09 16:15:24 563482	INFO [input.cpp->run:235]	rotation: 
[0.9999896883964539, -0.003501690924167633, -0.002898901700973511;
 0.003500029444694519, 0.9999938607215881, -0.0005885418504476547;
 0.002900928258895874, 0.0005784165114164352, 0.9999956488609314]
2020/03/09 16:15:24 563552	INFO [input.cpp->run:258]	frame times (ms): 197.818
2020/03/09 16:15:24 563557	INFO [input.cpp->run:259]	FPS: 5.05515
2020/03/09 16:15:24 665796	INFO [input.cpp->run:173]	
frame_id 25
2020/03/09 16:15:24 695172	WARNING [visualOdometry.cpp->trackingFrame2Frame:187]	The Estimated Rotation and translation matrices(using getTransformation function) are : 
    0.999994  -0.00269917  -0.00209758   0.00456572
  0.00269714     0.999996 -0.000957511 -0.000344355
  0.00210016  0.000951879     0.999997  0.000586689
           0            0            0            1
2020/03/09 16:15:24 696763	INFO [input.cpp->run:235]	rotation: 
[0.9999939799308777, -0.002699166536331177, -0.002097584307193756;
 0.002697139978408813, 0.9999957084655762, -0.0009575113654136658;
 0.002100162208080292, 0.0009518787264823914, 0.9999973177909851]
2020/03/09 16:15:24 696834	INFO [input.cpp->run:258]	frame times (ms): 206.24
2020/03/09 16:15:24 696839	INFO [input.cpp->run:259]	FPS: 4.84872
2020/03/09 16:15:24 797038	INFO [input.cpp->run:173]	
frame_id 26
2020/03/09 16:15:24 828273	WARNING [visualOdometry.cpp->trackingFrame2Frame:187]	The Estimated Rotation and translation matrices(using getTransformation function) are : 
    0.999994  -0.00245881  -0.00254854   0.00431973
  0.00245759     0.999997 -0.000460215  -0.00030213
  0.00254965  0.000453956     0.999997   0.00123709
           0            0            0            1
2020/03/09 16:15:24 829616	INFO [input.cpp->run:235]	rotation: 
[0.9999936819076538, -0.002458810806274414, -0.002548538148403168;
 0.002457588911056519, 0.9999967813491821, -0.0004602149128913879;
 0.002549648284912109, 0.0004539564251899719, 0.999996542930603]
2020/03/09 16:15:24 829673	INFO [input.cpp->run:258]	frame times (ms): 208.596
2020/03/09 16:15:24 829678	INFO [input.cpp->run:259]	FPS: 4.79396
2020/03/09 16:15:24 930917	INFO [input.cpp->run:173]	
frame_id 27
2020/03/09 16:15:24 963365	WARNING [visualOdometry.cpp->trackingFrame2Frame:187]	The Estimated Rotation and translation matrices(using getTransformation function) are : 
   0.999981 -0.00524887 -0.00310035  0.00324985
 0.00525671    0.999983  0.00252103  0.00323653
 0.00308705  -0.0025373    0.999992 0.000976801
          0           0           0           1
2020/03/09 16:15:24 964787	INFO [input.cpp->run:235]	rotation: 
[0.9999812841415405, -0.005248874425888062, -0.003100350499153137;
 0.005256712436676025, 0.9999827742576599, 0.002521034330129623;
 0.003087051212787628, -0.00253729522228241, 0.9999918937683105]
2020/03/09 16:15:24 964848	INFO [input.cpp->run:258]	frame times (ms): 215.402
2020/03/09 16:15:24 964853	INFO [input.cpp->run:259]	FPS: 4.64248
2020/03/09 16:15:25 064706	INFO [input.cpp->run:173]	
frame_id 28
2020/03/09 16:15:25 097178	WARNING [visualOdometry.cpp->trackingFrame2Frame:187]	The Estimated Rotation and translation matrices(using getTransformation function) are : 
     0.99999  -0.00346583  -0.00284114   0.00363266
  0.00346619     0.999994  2.34442e-05  0.000864895
  0.00284105 -3.33176e-05     0.999996  0.000916064
           0            0            0            1
2020/03/09 16:15:25 098625	INFO [input.cpp->run:235]	rotation: 
[0.9999901056289673, -0.003465831279754639, -0.002841143868863583;
 0.003466188907623291, 0.9999939799308777, 2.344418317079544e-05;
 0.002841050736606121, -3.331759944558144e-05, 0.9999960660934448]
2020/03/09 16:15:25 098696	INFO [input.cpp->run:258]	frame times (ms): 225.732
2020/03/09 16:15:25 098699	INFO [input.cpp->run:259]	FPS: 4.43003
2020/03/09 16:15:25 197464	INFO [input.cpp->run:173]	
frame_id 29
2020/03/09 16:15:25 231846	WARNING [visualOdometry.cpp->trackingFrame2Frame:187]	The Estimated Rotation and translation matrices(using getTransformation function) are : 
    0.999993  -0.00248623  -0.00262046   0.00331134
   0.0024882     0.999997  0.000767693  0.000458046
  0.00261843 -0.000774167     0.999996  0.000655174
           0            0            0            1
2020/03/09 16:15:25 235711	INFO [input.cpp->run:235]	rotation: 
[0.9999933242797852, -0.002486228942871094, -0.002620458602905273;
 0.002488195896148682, 0.9999966025352478, 0.0007676929235458374;
 0.00261843204498291, -0.0007741674780845642, 0.9999962449073792]
2020/03/09 16:15:25 235800	INFO [input.cpp->run:258]	frame times (ms): 235.73
2020/03/09 16:15:25 235805	INFO [input.cpp->run:259]	FPS: 4.24214
2020/03/09 16:15:25 331831	INFO [input.cpp->run:173]	
frame_id 30
2020/03/09 16:15:25 368259	WARNING [visualOdometry.cpp->trackingFrame2Frame:187]	The Estimated Rotation and translation matrices(using getTransformation function) are : 
   0.999982 -0.00398326 -0.00451808   0.0022594
 0.00399235     0.99999  0.00198259  0.00256675
 0.00451015 -0.00200059    0.999988  0.00191069
          0           0           0           1
2020/03/09 16:15:25 369821	INFO [input.cpp->run:235]	rotation: 
[0.9999815225601196, -0.003983259201049805, -0.004518080502748489;
 0.003992348909378052, 0.999989926815033, 0.001982592046260834;
 0.004510153084993362, -0.002000585198402405, 0.999987781047821]
2020/03/09 16:15:25 369878	INFO [input.cpp->run:258]	frame times (ms): 237.849
2020/03/09 16:15:25 369883	INFO [input.cpp->run:259]	FPS: 4.20435
2020/03/09 16:15:25 463946	INFO [input.cpp->run:173]	
frame_id 31
2020/03/09 16:15:25 496305	WARNING [visualOdometry.cpp->trackingFrame2Frame:187]	The Estimated Rotation and translation matrices(using getTransformation function) are : 
    0.999994  -0.00253081  -0.00240231   0.00364947
  0.00252989     0.999997 -0.000308871  2.94338e-05
  0.00240313  0.000302725     0.999997    0.0010249
           0            0            0            1
2020/03/09 16:15:25 497684	INFO [input.cpp->run:235]	rotation: 
[0.9999940395355225, -0.002530813217163086, -0.002402305603027344;
 0.002529889345169067, 0.9999968409538269, -0.0003088712692260742;
 0.002403128892183304, 0.0003027245402336121, 0.9999969005584717]
2020/03/09 16:15:25 497737	INFO [input.cpp->run:258]	frame times (ms): 241.239
2020/03/09 16:15:25 497741	INFO [input.cpp->run:259]	FPS: 4.14527
2020/03/09 16:15:25 600225	INFO [input.cpp->run:173]	
frame_id 32
2020/03/09 16:15:25 633287	WARNING [visualOdometry.cpp->trackingFrame2Frame:187]	The Estimated Rotation and translation matrices(using getTransformation function) are : 
    0.999988  -0.00494891 -0.000769224   0.00422865
  0.00494927     0.999988  0.000641331   0.00234146
 0.000766058 -0.000645123            1 -0.000316739
           0            0            0            1
2020/03/09 16:15:25 635906	INFO [input.cpp->run:235]	rotation: 
[0.9999878406524658, -0.004948914051055908, -0.0007692240178585052;
 0.004949271678924561, 0.9999879002571106, 0.0006413310766220093;
 0.0007660575211048126, -0.0006451234221458435, 0.9999997019767761]
2020/03/09 16:15:25 635977	INFO [input.cpp->run:258]	frame times (ms): 243.662
2020/03/09 16:15:25 635981	INFO [input.cpp->run:259]	FPS: 4.10405
2020/03/09 16:15:25 733167	INFO [input.cpp->run:173]	
frame_id 33
2020/03/09 16:15:25 766984	WARNING [visualOdometry.cpp->trackingFrame2Frame:187]	The Estimated Rotation and translation matrices(using getTransformation function) are : 
    0.999994  -0.00282496  -0.00218653   0.00318223
  0.00282645     0.999996  0.000710651   0.00101765
  0.00218451 -0.000716835     0.999997  0.000641406
           0            0            0            1
2020/03/09 16:15:25 768466	INFO [input.cpp->run:235]	rotation: 
[0.9999935626983643, -0.002824962139129639, -0.002186529338359833;
 0.002826452255249023, 0.9999956488609314, 0.0007106512784957886;
 0.002184510231018066, -0.0007168352603912354, 0.9999973177909851]
2020/03/09 16:15:25 768519	INFO [input.cpp->run:258]	frame times (ms): 253.606
2020/03/09 16:15:25 768521	INFO [input.cpp->run:259]	FPS: 3.94312
2020/03/09 16:15:25 864804	INFO [input.cpp->run:173]	
frame_id 34
2020/03/09 16:15:25 919121	WARNING [visualOdometry.cpp->trackingFrame2Frame:187]	The Estimated Rotation and translation matrices(using getTransformation function) are : 
    0.999992  -0.00300643  -0.00259111   0.00320709
   0.0030086     0.999995  0.000854336   0.00115867
  0.00258854 -0.000862151     0.999996   0.00109851
           0            0            0            1
2020/03/09 16:15:25 921812	INFO [input.cpp->run:235]	rotation: 
[0.9999922513961792, -0.003006428480148315, -0.002591114491224289;
 0.003008604049682617, 0.9999953508377075, 0.0008543357253074646;
 0.002588540315628052, -0.0008621513843536377, 0.9999964833259583]
2020/03/09 16:15:25 921886	INFO [input.cpp->run:258]	frame times (ms): 268.305
2020/03/09 16:15:25 921895	INFO [input.cpp->run:259]	FPS: 3.7271
2020/03/09 16:15:25 997735	INFO [input.cpp->run:173]	
frame_id 35
2020/03/09 16:15:26 037058	WARNING [visualOdometry.cpp->trackingFrame2Frame:187]	The Estimated Rotation and translation matrices(using getTransformation function) are : 
   0.999988 -0.00401464 -0.00272401  0.00264567
 0.00401819    0.999991  0.00137577  0.00195081
 0.00271849 -0.00138668    0.999995 0.000644565
          0           0           0           1
2020/03/09 16:15:26 038532	INFO [input.cpp->run:235]	rotation: 
[0.9999880790710449, -0.004014641046524048, -0.002724006772041321;
 0.004018187522888184, 0.9999908208847046, 0.001375768333673477;
 0.002718489617109299, -0.001386675983667374, 0.9999954104423523]
2020/03/09 16:15:26 038598	INFO [input.cpp->run:258]	frame times (ms): 276.802
2020/03/09 16:15:26 038604	INFO [input.cpp->run:259]	FPS: 3.61269
2020/03/09 16:15:26 131382	INFO [input.cpp->run:173]	
frame_id 36
2020/03/09 16:15:26 165328	WARNING [visualOdometry.cpp->trackingFrame2Frame:187]	The Estimated Rotation and translation matrices(using getTransformation function) are : 
    0.999997 -0.000864193  -0.00242269   0.00307485
 0.000870168     0.999996    0.0024539  0.000334709
  0.00242051  -0.00245599     0.999994  0.000530243
           0            0            0            1
2020/03/09 16:15:26 166827	INFO [input.cpp->run:235]	rotation: 
[0.9999966621398926, -0.0008641928434371948, -0.002422690391540527;
 0.0008701682090759277, 0.9999964833259583, 0.002453900873661041;
 0.002420514822006226, -0.002455994486808777, 0.9999942183494568]
2020/03/09 16:15:26 166881	INFO [input.cpp->run:258]	frame times (ms): 259.079
2020/03/09 16:15:26 166885	INFO [input.cpp->run:259]	FPS: 3.85983
2020/03/09 16:15:26 264170	INFO [input.cpp->run:173]	
frame_id 37
2020/03/09 16:15:26 301198	WARNING [visualOdometry.cpp->trackingFrame2Frame:187]	The Estimated Rotation and translation matrices(using getTransformation function) are : 
    0.999997  -0.00136155  -0.00191603   0.00287893
  0.00136122     0.999999 -0.000184081 -0.000418099
   0.0019162  0.000181528     0.999999  0.000574529
           0            0            0            1
2020/03/09 16:15:26 302641	INFO [input.cpp->run:235]	rotation: 
[0.9999974966049194, -0.001361548900604248, -0.001916030421853065;
 0.001361221075057983, 0.9999992847442627, -0.000184081494808197;
 0.001916196197271347, 0.0001815278083086014, 0.9999985098838806]
2020/03/09 16:15:26 302691	INFO [input.cpp->run:258]	frame times (ms): 285.581
2020/03/09 16:15:26 302707	INFO [input.cpp->run:259]	FPS: 3.50163
2020/03/09 16:15:26 397390	INFO [input.cpp->run:173]	
frame_id 38
2020/03/09 16:15:26 434664	WARNING [visualOdometry.cpp->trackingFrame2Frame:187]	The Estimated Rotation and translation matrices(using getTransformation function) are : 
    0.999995  -0.00255086  -0.00174814   0.00277063
  0.00255233     0.999996  0.000850156  0.000564527
  0.00174618 -0.000854693     0.999998  0.000671685
           0            0            0            1
2020/03/09 16:15:26 436280	INFO [input.cpp->run:235]	rotation: 
[0.9999950528144836, -0.002550855278968811, -0.001748144626617432;
 0.002552330493927002, 0.9999964237213135, 0.0008501559495925903;
 0.001746177673339844, -0.0008546933531761169, 0.9999980330467224]
2020/03/09 16:15:26 436328	INFO [input.cpp->run:258]	frame times (ms): 315.576
2020/03/09 16:15:26 436331	INFO [input.cpp->run:259]	FPS: 3.16881
2020/03/09 16:15:26 533871	INFO [input.cpp->run:173]	
frame_id 39
2020/03/09 16:15:26 570442	WARNING [visualOdometry.cpp->trackingFrame2Frame:187]	The Estimated Rotation and translation matrices(using getTransformation function) are : 
    0.999996   -0.0022794  -0.00187883   0.00261706
  0.00228062     0.999997  0.000666395 -0.000281746
  0.00187731 -0.000670753     0.999998  0.000805497
           0            0            0            1
2020/03/09 16:15:26 572084	INFO [input.cpp->run:235]	rotation: 
[0.9999955892562866, -0.002279400825500488, -0.001878827810287476;
 0.002280622720718384, 0.9999972581863403, 0.000666394829750061;
 0.001877307891845703, -0.0006707534193992615, 0.9999980330467224]
2020/03/09 16:15:26 572126	INFO [input.cpp->run:258]	frame times (ms): 319.518
2020/03/09 16:15:26 572139	INFO [input.cpp->run:259]	FPS: 3.12971
2020/03/09 16:15:26 666521	INFO [input.cpp->run:173]	
frame_id 40
2020/03/09 16:15:26 704868	WARNING [visualOdometry.cpp->trackingFrame2Frame:187]	The Estimated Rotation and translation matrices(using getTransformation function) are : 
   0.999997 -0.00193359 -0.00164506  0.00335801
 0.00193551    0.999998  0.00117122 6.89174e-05
 0.00164273  -0.0011743    0.999999 0.000773013
          0           0           0           1
2020/03/09 16:15:26 707690	INFO [input.cpp->run:235]	rotation: 
[0.9999972581863403, -0.001933589577674866, -0.001645058393478394;
 0.001935511827468872, 0.9999977350234985, 0.001171216368675232;
 0.001642733812332153, -0.001174300909042358, 0.9999985098838806]
2020/03/09 16:15:26 707758	INFO [input.cpp->run:258]	frame times (ms): 318.233
2020/03/09 16:15:26 707764	INFO [input.cpp->run:259]	FPS: 3.14235
2020/03/09 16:15:26 799081	INFO [input.cpp->run:173]	
frame_id 41
2020/03/09 16:15:26 833102	WARNING [visualOdometry.cpp->trackingFrame2Frame:187]	The Estimated Rotation and translation matrices(using getTransformation function) are : 
    0.999996  -0.00175905  -0.00203693   0.00207344
  0.00176109     0.999998  0.000997953 -0.000171432
  0.00203508  -0.00100165     0.999998   0.00068742
           0            0            0            1
2020/03/09 16:15:26 834758	INFO [input.cpp->run:235]	rotation: 
[0.9999964237213135, -0.001759052276611328, -0.002036929130554199;
 0.001761093735694885, 0.999998152256012, 0.0009979531168937683;
 0.002035081386566162, -0.001001648604869843, 0.9999977946281433]
2020/03/09 16:15:26 834825	INFO [input.cpp->run:258]	frame times (ms): 289.425
2020/03/09 16:15:26 834829	INFO [input.cpp->run:259]	FPS: 3.45513
2020/03/09 16:15:26 933467	INFO [input.cpp->run:173]	
frame_id 42
2020/03/09 16:15:26 967095	WARNING [visualOdometry.cpp->trackingFrame2Frame:187]	The Estimated Rotation and translation matrices(using getTransformation function) are : 
    0.999995  -0.00179923  -0.00281937   0.00111845
  0.00180262     0.999998   0.00119933 -0.000387795
  0.00281726  -0.00120447     0.999995  0.000841975
           0            0            0            1
2020/03/09 16:15:26 968632	INFO [input.cpp->run:235]	rotation: 
[0.9999945163726807, -0.001799225807189941, -0.002819372341036797;
 0.001802623271942139, 0.9999977946281433, 0.001199330203235149;
 0.002817260101437569, -0.001204470172524452, 0.9999953508377075]
2020/03/09 16:15:26 968697	INFO [input.cpp->run:258]	frame times (ms): 301.302
2020/03/09 16:15:26 968703	INFO [input.cpp->run:259]	FPS: 3.31893
2020/03/09 16:15:27 064439	INFO [input.cpp->run:173]	
frame_id 43
2020/03/09 16:15:27 101266	WARNING [visualOdometry.cpp->trackingFrame2Frame:187]	The Estimated Rotation and translation matrices(using getTransformation function) are : 
    0.999997  -0.00191754  -0.00157258   0.00232309
  0.00191875     0.999998  0.000891678 -0.000417635
  0.00157067 -0.000894792     0.999998  9.16123e-05
           0            0            0            1
2020/03/09 16:15:27 102862	INFO [input.cpp->run:235]	rotation: 
[0.9999969005584717, -0.001917541027069092, -0.001572579145431519;
 0.001918748021125793, 0.9999980926513672, 0.0008916780352592468;
 0.001570671796798706, -0.000894792377948761, 0.9999984502792358]
2020/03/09 16:15:27 102901	INFO [input.cpp->run:258]	frame times (ms): 346.642
2020/03/09 16:15:27 102908	INFO [input.cpp->run:259]	FPS: 2.88482
2020/03/09 16:15:27 198709	INFO [input.cpp->run:173]	
frame_id 44
2020/03/09 16:15:27 235586	WARNING [visualOdometry.cpp->trackingFrame2Frame:187]	The Estimated Rotation and translation matrices(using getTransformation function) are : 
    0.999997  -0.00215116  -0.00161198   0.00207776
  0.00215223     0.999998   0.00070674 -0.000209142
  0.00161028 -0.000710152     0.999999  0.000527203
           0            0            0            1
2020/03/09 16:15:27 237151	INFO [input.cpp->run:235]	rotation: 
[0.9999966621398926, -0.002151161432266235, -0.001611977815628052;
 0.002152234315872192, 0.999997615814209, 0.0007067397236824036;
 0.001610279083251953, -0.0007101520895957947, 0.9999988079071045]
2020/03/09 16:15:27 237196	INFO [input.cpp->run:258]	frame times (ms): 346.538
2020/03/09 16:15:27 237202	INFO [input.cpp->run:259]	FPS: 2.88569
2020/03/09 16:15:27 332424	INFO [input.cpp->run:173]	
frame_id 45
2020/03/09 16:15:27 367638	WARNING [visualOdometry.cpp->trackingFrame2Frame:187]	The Estimated Rotation and translation matrices(using getTransformation function) are : 
    0.999992  -0.00199008  -0.00348935   0.00085324
  0.00199673     0.999996   0.00192338 -0.000116472
  0.00348552  -0.00193037     0.999992   0.00126195
           0            0            0            1
2020/03/09 16:15:27 369136	INFO [input.cpp->run:235]	rotation: 
[0.9999920129776001, -0.001990079879760742, -0.003489350900053978;
 0.001996725797653198, 0.9999962449073792, 0.001923375762999058;
 0.003485516645014286, -0.001930369064211845, 0.9999920129776001]
2020/03/09 16:15:27 369186	INFO [input.cpp->run:258]	frame times (ms): 316.264
2020/03/09 16:15:27 369191	INFO [input.cpp->run:259]	FPS: 3.16192
2020/03/09 16:15:27 467423	INFO [input.cpp->run:173]	
frame_id 46
2020/03/09 16:15:27 502719	WARNING [visualOdometry.cpp->trackingFrame2Frame:187]	The Estimated Rotation and translation matrices(using getTransformation function) are : 
    0.999994  -0.00171936  -0.00321658   0.00137559
  0.00172105     0.999999  0.000518838 -0.000774236
  0.00321571 -0.000524383     0.999995   0.00113368
           0            0            0            1
2020/03/09 16:15:27 504291	INFO [input.cpp->run:235]	rotation: 
[0.9999935626983643, -0.001719355583190918, -0.00321657583117485;
 0.001721054315567017, 0.9999985694885254, 0.0005188379436731339;
 0.003215707838535309, -0.0005243825726211071, 0.9999948143959045]
2020/03/09 16:15:27 504335	INFO [input.cpp->run:258]	frame times (ms): 305.401
2020/03/09 16:15:27 504339	INFO [input.cpp->run:259]	FPS: 3.27438
2020/03/09 16:15:27 597578	INFO [input.cpp->run:173]	
frame_id 47
