		g3log created log at: Sun Mar 08 15:27:27 2020
		LOG format: [YYYY/MM/DD hh:mm:ss uuu* LEVEL FILE->FUNCTION:LINE] message		(uuu*: microseconds fractions of the seconds value)

2020/03/08 15:27:27 506903	INFO [g3logger.h->logBanner:29]	Starting log.
2020/03/08 15:27:27 511111	DEBUG [main.cpp->main:49]	Filepath: /home/mitchell/KITTI/data_odometry_gray/dataset/sequences/00/
2020/03/08 15:27:27 511116	DEBUG [main.cpp->main:53]	Calibration Filepath: /home/mitchell/visual_odom_ws/src/visual_odom/calibration/zed.yaml
2020/03/08 15:27:27 511189	INFO [main.cpp->main:67]	P_left: 
[684.35999, 0, 689.89001, 0;
 0, 684.35999, 406.87, 0;
 0, 0, 1, 0]
2020/03/08 15:27:27 511198	INFO [main.cpp->main:68]	P_right: 
[684.35999, 0, 689.89001, -82.120003;
 0, 684.35999, 406.87, 0;
 0, 0, 1, 0]
2020/03/08 15:27:27 572031	INFO [input.cpp->Input:22]	frame_pose [1, 0, 0, 0;
 0, 1, 0, 0;
 0, 0, 1, 0;
 0, 0, 0, 1]
2020/03/08 15:27:27 824978	INFO [input.cpp->run:173]	
frame_id 1
2020/03/08 15:27:27 836581	WARNING [visualOdometry.cpp->trackingFrame2Frame:179]	The Estimated Rotation and translation matrices(using getTransformation function) are : 
    0.999999  0.000666112  -0.00127834   0.00480175
-0.000665307            1  0.000669509  -0.00663161
   0.0012787 -0.000668615     0.999999   0.00439119
           0            0            0            1
2020/03/08 15:27:27 909253	INFO [input.cpp->run:235]	rotation: 
[0.999998927116394, 0.0006661117076873779, -0.001278340816497803;
 -0.0006653070449829102, 0.9999996423721313, 0.0006695091724395752;
 0.001278698444366455, -0.0006686151027679443, 0.999998927116394]
2020/03/08 15:27:27 909303	INFO [input.cpp->run:256]	frame times (ms): 99.812
2020/03/08 15:27:27 909306	INFO [input.cpp->run:257]	FPS: 10.0188
2020/03/08 15:27:27 915345	INFO [input.cpp->run:173]	
frame_id 2
2020/03/08 15:27:27 917529	WARNING [visualOdometry.cpp->trackingFrame2Frame:179]	The Estimated Rotation and translation matrices(using getTransformation function) are : 
   0.999971    0.001991  0.00736931  -0.0489874
-0.00195995    0.999989  -0.0042364  0.00796247
-0.00737759  0.00422174    0.999964 -0.00548124
          0           0           0           1
2020/03/08 15:27:27 917674	INFO [input.cpp->run:235]	rotation: 
[0.9999708533287048, 0.001991003751754761, 0.007369309663772583;
 -0.001959949731826782, 0.9999889731407166, -0.004236400127410889;
 -0.007377594709396362, 0.004221737384796143, 0.9999638795852661]
2020/03/08 15:27:27 917693	INFO [input.cpp->run:256]	frame times (ms): 5.82
2020/03/08 15:27:27 917697	INFO [input.cpp->run:257]	FPS: 171.821
2020/03/08 15:27:27 949044	INFO [input.cpp->run:173]	
frame_id 3
2020/03/08 15:27:27 951427	WARNING [visualOdometry.cpp->trackingFrame2Frame:179]	The Estimated Rotation and translation matrices(using getTransformation function) are : 
    0.999983 -0.000263542  -0.00578806    0.0145404
 0.000287294     0.999992   0.00408748   -0.0273755
  0.00578684    -0.004089     0.999975    0.0345464
           0            0            0            1
2020/03/08 15:27:27 951570	INFO [input.cpp->run:235]	rotation: 
[0.9999832510948181, -0.0002635419368743896, -0.005788058042526245;
 0.0002872943878173828, 0.9999916553497314, 0.004087477922439575;
 0.00578683614730835, -0.004088997840881348, 0.9999749660491943]
2020/03/08 15:27:27 951588	INFO [input.cpp->run:256]	frame times (ms): 5.761
2020/03/08 15:27:27 951590	INFO [input.cpp->run:257]	FPS: 173.581
2020/03/08 15:27:28 015060	INFO [input.cpp->run:173]	
frame_id 4
2020/03/08 15:27:28 017272	WARNING [visualOdometry.cpp->trackingFrame2Frame:179]	The Estimated Rotation and translation matrices(using getTransformation function) are : 
    0.999999  0.000328571  -0.00113237   -0.0231771
-0.000326425     0.999999   0.00183445   -0.0184822
  0.00113317  -0.00183368     0.999998    0.0252714
           0            0            0            1
2020/03/08 15:27:28 017416	INFO [input.cpp->run:235]	rotation: 
[0.9999992847442627, 0.0003285706043243408, -0.001132369041442871;
 -0.0003264248371124268, 0.9999986290931702, 0.001834452152252197;
 0.001133173704147339, -0.001833677291870117, 0.9999978542327881]
2020/03/08 15:27:28 017433	INFO [input.cpp->run:256]	frame times (ms): 6.16
2020/03/08 15:27:28 017444	INFO [input.cpp->run:257]	FPS: 162.338
2020/03/08 15:27:28 083052	INFO [input.cpp->run:173]	
frame_id 5
2020/03/08 15:27:28 087316	WARNING [visualOdometry.cpp->trackingFrame2Frame:179]	The Estimated Rotation and translation matrices(using getTransformation function) are : 
    0.999987   0.00363037    0.0036546   -0.0424039
 -0.00362721     0.999993 -0.000916809   -0.0235436
 -0.00365794   0.00090313     0.999993    0.0158796
           0            0            0            1
2020/03/08 15:27:28 087597	INFO [input.cpp->run:235]	rotation: 
[0.9999867677688599, 0.003630369901657104, 0.003654599189758301;
 -0.003627210855484009, 0.9999927282333374, -0.0009168088436126709;
 -0.003657937049865723, 0.0009031295776367188, 0.9999927282333374]
2020/03/08 15:27:28 087629	INFO [input.cpp->run:256]	frame times (ms): 12.002
2020/03/08 15:27:28 087633	INFO [input.cpp->run:257]	FPS: 83.3195
2020/03/08 15:27:28 150225	INFO [input.cpp->run:173]	
frame_id 6
2020/03/08 15:27:28 153884	WARNING [visualOdometry.cpp->trackingFrame2Frame:179]	The Estimated Rotation and translation matrices(using getTransformation function) are : 
   0.999963  0.00471845  0.00710306 -0.00189304
 -0.0046697    0.999965  -0.0068745    0.031992
-0.00713509  0.00684124    0.999951  -0.0408673
          0           0           0           1
2020/03/08 15:27:28 154120	INFO [input.cpp->run:235]	rotation: 
[0.9999634027481079, 0.00471845269203186, 0.007103055715560913;
 -0.004669696092605591, 0.9999653697013855, -0.006874501705169678;
 -0.007135093212127686, 0.00684124231338501, 0.9999511241912842]
2020/03/08 15:27:28 154147	INFO [input.cpp->run:256]	frame times (ms): 9.804
2020/03/08 15:27:28 154151	INFO [input.cpp->run:257]	FPS: 101.999
2020/03/08 15:27:28 219772	INFO [input.cpp->run:173]	
frame_id 7
2020/03/08 15:27:28 230723	WARNING [visualOdometry.cpp->trackingFrame2Frame:179]	The Estimated Rotation and translation matrices(using getTransformation function) are : 
    0.999924  0.000185013   -0.0123307    0.0408187
-9.78112e-05     0.999975   0.00705954    -0.051188
   0.0123317  -0.00705782     0.999899    0.0644002
           0            0            0            1
2020/03/08 15:27:28 231381	INFO [input.cpp->run:235]	rotation: 
[0.9999238252639771, 0.0001850128173828125, -0.01233065128326416;
 -9.781122207641602e-05, 0.9999749660491943, 0.007059544324874878;
 0.01233169436454773, -0.007057815790176392, 0.9998989105224609]
2020/03/08 15:27:28 231448	INFO [input.cpp->run:256]	frame times (ms): 27.893
2020/03/08 15:27:28 231455	INFO [input.cpp->run:257]	FPS: 35.8513
2020/03/08 15:27:28 290215	INFO [input.cpp->run:173]	
frame_id 8
2020/03/08 15:27:28 300029	WARNING [visualOdometry.cpp->trackingFrame2Frame:179]	The Estimated Rotation and translation matrices(using getTransformation function) are : 
   0.999956  0.00126088  0.00926018  -0.0367029
-0.00118399    0.999965 -0.00829688   0.0406392
-0.00927025  0.00828573    0.999923  -0.0262361
          0           0           0           1
2020/03/08 15:27:28 300679	INFO [input.cpp->run:235]	rotation: 
[0.9999562501907349, 0.001260876655578613, 0.009260177612304688;
 -0.001183986663818359, 0.9999649524688721, -0.008296877145767212;
 -0.009270250797271729, 0.008285731077194214, 0.9999226331710815]
2020/03/08 15:27:28 300750	INFO [input.cpp->run:256]	frame times (ms): 26.224
2020/03/08 15:27:28 300766	INFO [input.cpp->run:257]	FPS: 38.133
2020/03/08 15:27:28 355602	INFO [input.cpp->run:173]	
frame_id 9
2020/03/08 15:27:28 365567	WARNING [visualOdometry.cpp->trackingFrame2Frame:179]	The Estimated Rotation and translation matrices(using getTransformation function) are : 
    0.999999 -0.000285178   0.00154713   0.00193572
 0.000287205     0.999999  -0.00120005    0.0124578
 -0.00154695   0.00120044     0.999998   -0.0167708
           0            0            0            1
2020/03/08 15:27:28 366141	INFO [input.cpp->run:235]	rotation: 
[0.9999987483024597, -0.0002851784229278564, 0.001547127962112427;
 0.0002872049808502197, 0.9999992251396179, -0.001200050115585327;
 -0.001546949148178101, 0.001200437545776367, 0.9999982118606567]
2020/03/08 15:27:28 366209	INFO [input.cpp->run:256]	frame times (ms): 24.775
2020/03/08 15:27:28 366217	INFO [input.cpp->run:257]	FPS: 40.3633
2020/03/08 15:27:28 424508	INFO [input.cpp->run:173]	
frame_id 10
2020/03/08 15:27:28 435298	WARNING [visualOdometry.cpp->trackingFrame2Frame:179]	The Estimated Rotation and translation matrices(using getTransformation function) are : 
   0.999998 8.37445e-05  0.00167686  0.00363755
  -7.99e-05    0.999997 -0.00230679   0.0162065
-0.00167701  0.00230682    0.999996  -0.0130715
          0           0           0           1
2020/03/08 15:27:28 435997	INFO [input.cpp->run:235]	rotation: 
[0.9999984502792358, 8.374452590942383e-05, 0.001676857471466064;
 -7.990002632141113e-05, 0.9999972581863403, -0.00230678915977478;
 -0.001677006483078003, 0.002306818962097168, 0.9999959468841553]
2020/03/08 15:27:28 436077	INFO [input.cpp->run:256]	frame times (ms): 29.209
2020/03/08 15:27:28 436091	INFO [input.cpp->run:257]	FPS: 34.236
2020/03/08 15:27:28 487658	INFO [input.cpp->run:173]	
frame_id 11
2020/03/08 15:27:28 494393	WARNING [visualOdometry.cpp->trackingFrame2Frame:179]	The Estimated Rotation and translation matrices(using getTransformation function) are : 
    0.999963 -0.000409991  -0.00862366    0.0175657
 0.000465393     0.999979    0.0064317   -0.0474217
  0.00862095  -0.00643554     0.999942    0.0553169
           0            0            0            1
2020/03/08 15:27:28 494817	INFO [input.cpp->run:235]	rotation: 
[0.9999630451202393, -0.0004099905490875244, -0.008623659610748291;
 0.00046539306640625, 0.9999793171882629, 0.006431698799133301;
 0.008620947599411011, -0.006435543298721313, 0.999942421913147]
2020/03/08 15:27:28 494863	INFO [input.cpp->run:256]	frame times (ms): 17.055
2020/03/08 15:27:28 494873	INFO [input.cpp->run:257]	FPS: 58.6338
2020/03/08 15:27:28 558741	INFO [input.cpp->run:173]	
frame_id 12
2020/03/08 15:27:28 569504	WARNING [visualOdometry.cpp->trackingFrame2Frame:179]	The Estimated Rotation and translation matrices(using getTransformation function) are : 
    0.999996 -2.90871e-05   0.00297061    -0.029211
 3.61949e-05     0.999997  -0.00232998   0.00716257
 -0.00297076   0.00232989     0.999993   0.00624418
           0            0            0            1
2020/03/08 15:27:28 570204	INFO [input.cpp->run:235]	rotation: 
[0.9999955892562866, -2.908706665039062e-05, 0.002970606088638306;
 3.619492053985596e-05, 0.9999972581863403, -0.002329975366592407;
 -0.002970755100250244, 0.002329885959625244, 0.9999930262565613]
2020/03/08 15:27:28 570256	INFO [input.cpp->run:256]	frame times (ms): 28.694
2020/03/08 15:27:28 570262	INFO [input.cpp->run:257]	FPS: 34.8505
2020/03/08 15:27:28 623977	INFO [input.cpp->run:173]	
frame_id 13
2020/03/08 15:27:28 633725	WARNING [visualOdometry.cpp->trackingFrame2Frame:179]	The Estimated Rotation and translation matrices(using getTransformation function) are : 
    0.999989  0.000540555   0.00464642   -0.0340006
-0.000525415     0.999994  -0.00328398    0.0114706
  -0.0046483   0.00328118     0.999984  -0.00203085
           0            0            0            1
2020/03/08 15:27:28 634362	INFO [input.cpp->run:235]	rotation: 
[0.9999890923500061, 0.0005405545234680176, 0.004646420478820801;
 -0.0005254149436950684, 0.9999943971633911, -0.003283977508544922;
 -0.004648298025131226, 0.003281176090240479, 0.9999836683273315]
2020/03/08 15:27:28 634427	INFO [input.cpp->run:256]	frame times (ms): 27.402
2020/03/08 15:27:28 634444	INFO [input.cpp->run:257]	FPS: 36.4937
2020/03/08 15:27:28 690015	INFO [input.cpp->run:173]	
frame_id 14
2020/03/08 15:27:28 698837	WARNING [visualOdometry.cpp->trackingFrame2Frame:179]	The Estimated Rotation and translation matrices(using getTransformation function) are : 
           1   0.00047949 -9.08673e-05  -0.00435281
-0.000479519            1 -0.000138611   -0.0038383
 9.10163e-05  0.000138819            1   0.00658321
           0            0            0            1
2020/03/08 15:27:28 699406	INFO [input.cpp->run:235]	rotation: 
[1.000000476837158, 0.0004794895648956299, -9.086728096008301e-05;
 -0.0004795193672180176, 1.00000011920929, -0.0001386106014251709;
 9.101629257202148e-05, 0.0001388192176818848, 1.000000357627869]
2020/03/08 15:27:28 699468	INFO [input.cpp->run:256]	frame times (ms): 24.721
2020/03/08 15:27:28 699482	INFO [input.cpp->run:257]	FPS: 40.4514
2020/03/08 15:27:28 752638	INFO [input.cpp->run:173]	
frame_id 15
2020/03/08 15:27:28 758517	WARNING [visualOdometry.cpp->trackingFrame2Frame:179]	The Estimated Rotation and translation matrices(using getTransformation function) are : 
    0.999992   0.00137252   0.00378612   -0.0200512
 -0.00136042     0.999994  -0.00321287   0.00739098
 -0.00379041   0.00320786     0.999988 -0.000262737
           0            0            0            1
2020/03/08 15:27:28 758912	INFO [input.cpp->run:235]	rotation: 
[0.999991774559021, 0.00137251615524292, 0.0037861168384552;
 -0.001360416412353516, 0.9999940395355225, -0.003212869167327881;
 -0.003790408372879028, 0.003207862377166748, 0.9999876618385315]
2020/03/08 15:27:28 758954	INFO [input.cpp->run:256]	frame times (ms): 16.656
2020/03/08 15:27:28 758959	INFO [input.cpp->run:257]	FPS: 60.0384
2020/03/08 15:27:28 824530	INFO [input.cpp->run:173]	
frame_id 16
2020/03/08 15:27:28 835226	WARNING [visualOdometry.cpp->trackingFrame2Frame:179]	The Estimated Rotation and translation matrices(using getTransformation function) are : 
    0.999997 -0.000472486   0.00244737   -0.0138724
 0.000476122     0.999999  -0.00149199   0.00770783
 -0.00244674   0.00149304     0.999996  -0.00432348
           0            0            0            1
2020/03/08 15:27:28 835904	INFO [input.cpp->run:235]	rotation: 
[0.9999967813491821, -0.0004724860191345215, 0.002447366714477539;
 0.0004761219024658203, 0.9999986886978149, -0.00149199366569519;
 -0.002446740865707397, 0.00149303674697876, 0.9999958276748657]
2020/03/08 15:27:28 835979	INFO [input.cpp->run:256]	frame times (ms): 28.416
2020/03/08 15:27:28 835996	INFO [input.cpp->run:257]	FPS: 35.1914
2020/03/08 15:27:28 891223	INFO [input.cpp->run:173]	
frame_id 17
2020/03/08 15:27:28 901817	WARNING [visualOdometry.cpp->trackingFrame2Frame:179]	The Estimated Rotation and translation matrices(using getTransformation function) are : 
   0.999998 -0.00119708  0.00176129  -0.0170319
 0.00120071    0.999997 -0.00205937   0.0118144
-0.00175875   0.0020614    0.999997  0.00492811
          0           0           0           1
2020/03/08 15:27:28 902501	INFO [input.cpp->run:235]	rotation: 
[0.9999980926513672, -0.001197084784507751, 0.001761287450790405;
 0.001200705766677856, 0.9999973773956299, -0.002059370279312134;
 -0.001758754253387451, 0.002061396837234497, 0.999996542930603]
2020/03/08 15:27:28 902571	INFO [input.cpp->run:256]	frame times (ms): 28.761
2020/03/08 15:27:28 902619	INFO [input.cpp->run:257]	FPS: 34.7693
2020/03/08 15:27:28 954885	INFO [input.cpp->run:173]	
frame_id 18
2020/03/08 15:27:28 962118	WARNING [visualOdometry.cpp->trackingFrame2Frame:179]	The Estimated Rotation and translation matrices(using getTransformation function) are : 
    0.999994   0.00048402   0.00337562   -0.0383863
-0.000479013     0.999999  -0.00153199  -0.00394487
  -0.0033761    0.0015305     0.999993    0.0126886
           0            0            0            1
2020/03/08 15:27:28 962578	INFO [input.cpp->run:235]	rotation: 
[0.9999942779541016, 0.0004840195178985596, 0.003375619649887085;
 -0.0004790127277374268, 0.999998927116394, -0.001531988382339478;
 -0.003376096487045288, 0.001530498266220093, 0.9999933242797852]
2020/03/08 15:27:28 962627	INFO [input.cpp->run:256]	frame times (ms): 19.474
2020/03/08 15:27:28 962636	INFO [input.cpp->run:257]	FPS: 51.3505
2020/03/08 15:27:29 024876	INFO [input.cpp->run:173]	
frame_id 19
2020/03/08 15:27:29 035423	WARNING [visualOdometry.cpp->trackingFrame2Frame:179]	The Estimated Rotation and translation matrices(using getTransformation function) are : 
   0.999987  0.00129777  0.00496021  -0.0183921
-0.00128144    0.999994 -0.00332645   0.0153759
-0.00496438  0.00332007    0.999982   -0.018393
          0           0           0           1
2020/03/08 15:27:29 036104	INFO [input.cpp->run:235]	rotation: 
[0.9999868869781494, 0.00129777193069458, 0.004960209131240845;
 -0.001281440258026123, 0.9999936819076538, -0.003326445817947388;
 -0.004964381456375122, 0.003320068120956421, 0.9999821186065674]
2020/03/08 15:27:29 036176	INFO [input.cpp->run:256]	frame times (ms): 29.262
2020/03/08 15:27:29 036183	INFO [input.cpp->run:257]	FPS: 34.174
2020/03/08 15:27:29 091007	INFO [input.cpp->run:173]	
frame_id 20
2020/03/08 15:27:29 100341	WARNING [visualOdometry.cpp->trackingFrame2Frame:179]	The Estimated Rotation and translation matrices(using getTransformation function) are : 
    0.999997  0.000748649   0.00230059   -0.0170577
-0.000746608     0.999999 -0.000846505  -0.00204921
 -0.00230131  0.000844866     0.999997 -0.000295639
           0            0            0            1
2020/03/08 15:27:29 100950	INFO [input.cpp->run:235]	rotation: 
[0.9999970197677612, 0.0007486492395401001, 0.00230059027671814;
 -0.000746607780456543, 0.9999993443489075, -0.0008465051651000977;
 -0.002301305532455444, 0.0008448660373687744, 0.999997079372406]
2020/03/08 15:27:29 101016	INFO [input.cpp->run:256]	frame times (ms): 25.383
2020/03/08 15:27:29 101059	INFO [input.cpp->run:257]	FPS: 39.3964
2020/03/08 15:27:29 156517	INFO [input.cpp->run:173]	
frame_id 21
2020/03/08 15:27:29 165993	WARNING [visualOdometry.cpp->trackingFrame2Frame:179]	The Estimated Rotation and translation matrices(using getTransformation function) are : 
    0.999996  0.000921786   0.00253025   -0.0136616
-0.000919253     0.999999  -0.00101584 -0.000430107
 -0.00253126   0.00101343     0.999996  -0.00458145
           0            0            0            1
2020/03/08 15:27:29 166598	INFO [input.cpp->run:235]	rotation: 
[0.9999963045120239, 0.000921785831451416, 0.00253024697303772;
 -0.0009192526340484619, 0.9999991059303284, -0.001015841960906982;
 -0.002531260251998901, 0.001013427972793579, 0.9999963045120239]
2020/03/08 15:27:29 166660	INFO [input.cpp->run:256]	frame times (ms): 25.908
2020/03/08 15:27:29 166669	INFO [input.cpp->run:257]	FPS: 38.5981
2020/03/08 15:27:29 222016	INFO [input.cpp->run:173]	
frame_id 22
2020/03/08 15:27:29 229973	WARNING [visualOdometry.cpp->trackingFrame2Frame:179]	The Estimated Rotation and translation matrices(using getTransformation function) are : 
    0.999993  5.15282e-05   0.00362226   -0.0247481
-4.13656e-05     0.999996  -0.00282383    0.0113423
 -0.00362223   0.00282374     0.999989  -0.00128508
           0            0            0            1
2020/03/08 15:27:29 230478	INFO [input.cpp->run:235]	rotation: 
[0.9999934434890747, 5.15282154083252e-05, 0.003622263669967651;
 -4.136562347412109e-05, 0.9999960064888, -0.002823829650878906;
 -0.003622233867645264, 0.002823740243911743, 0.99998939037323]
2020/03/08 15:27:29 230542	INFO [input.cpp->run:256]	frame times (ms): 21.797
2020/03/08 15:27:29 230554	INFO [input.cpp->run:257]	FPS: 45.8779
2020/03/08 15:27:29 291461	INFO [input.cpp->run:173]	
frame_id 23
2020/03/08 15:27:29 302246	WARNING [visualOdometry.cpp->trackingFrame2Frame:179]	The Estimated Rotation and translation matrices(using getTransformation function) are : 
    0.999994   0.00071308   0.00347388   -0.0104909
-0.000703722     0.999996   -0.0027048    0.0127728
 -0.00347573    0.0027023      0.99999   -0.0135922
           0            0            0            1
2020/03/08 15:27:29 302930	INFO [input.cpp->run:235]	rotation: 
[0.9999936819076538, 0.0007130801677703857, 0.003473877906799316;
 -0.0007037222385406494, 0.9999960660934448, -0.002704799175262451;
 -0.003475725650787354, 0.002702295780181885, 0.9999904632568359]
2020/03/08 15:27:29 303011	INFO [input.cpp->run:256]	frame times (ms): 27.306
2020/03/08 15:27:29 303027	INFO [input.cpp->run:257]	FPS: 36.622
2020/03/08 15:27:29 356708	INFO [input.cpp->run:173]	
frame_id 24
2020/03/08 15:27:29 366008	WARNING [visualOdometry.cpp->trackingFrame2Frame:179]	The Estimated Rotation and translation matrices(using getTransformation function) are : 
   0.999882 -0.00269955  -0.0151402   0.0508986
 0.00287855    0.999926   0.0118048  -0.0644932
  0.0151071  -0.0118468    0.999815   0.0650992
          0           0           0           1
2020/03/08 15:27:29 366615	INFO [input.cpp->run:235]	rotation: 
[0.9998817443847656, -0.002699553966522217, -0.01514023542404175;
 0.002878546714782715, 0.9999262690544128, 0.01180481910705566;
 0.01510706543922424, -0.01184684038162231, 0.9998154640197754]
2020/03/08 15:27:29 366679	INFO [input.cpp->run:256]	frame times (ms): 27.727
2020/03/08 15:27:29 366692	INFO [input.cpp->run:257]	FPS: 36.0659
2020/03/08 15:27:29 423306	INFO [input.cpp->run:173]	
frame_id 25
2020/03/08 15:27:29 431197	WARNING [visualOdometry.cpp->trackingFrame2Frame:179]	The Estimated Rotation and translation matrices(using getTransformation function) are : 
    0.999964 -0.000223279  -0.00849518     0.036396
 0.000274599     0.999982   0.00602859   -0.0339882
  0.00849372  -0.00603062     0.999946    0.0261497
           0            0            0            1
2020/03/08 15:27:29 431709	INFO [input.cpp->run:235]	rotation: 
[0.9999639987945557, -0.0002232789993286133, -0.008495181798934937;
 0.0002745985984802246, 0.9999819993972778, 0.006028592586517334;
 0.008493721485137939, -0.006030619144439697, 0.9999457597732544]
2020/03/08 15:27:29 431769	INFO [input.cpp->run:256]	frame times (ms): 22.216
2020/03/08 15:27:29 431780	INFO [input.cpp->run:257]	FPS: 45.0126
2020/03/08 15:27:29 491173	INFO [input.cpp->run:173]	
frame_id 26
2020/03/08 15:27:29 501682	WARNING [visualOdometry.cpp->trackingFrame2Frame:179]	The Estimated Rotation and translation matrices(using getTransformation function) are : 
   0.999992   0.0020318  0.00358889  0.00594139
-0.00201008     0.99998 -0.00601056   0.0320299
 -0.0036011  0.00600329    0.999976   -0.023283
          0           0           0           1
2020/03/08 15:27:29 502354	INFO [input.cpp->run:235]	rotation: 
[0.9999916553497314, 0.002031803131103516, 0.003588885068893433;
 -0.002010077238082886, 0.9999799728393555, -0.006010562181472778;
 -0.003601104021072388, 0.006003290414810181, 0.9999756813049316]
2020/03/08 15:27:29 502423	INFO [input.cpp->run:256]	frame times (ms): 29.472
2020/03/08 15:27:29 502431	INFO [input.cpp->run:257]	FPS: 33.9305
2020/03/08 15:27:29 557798	INFO [input.cpp->run:173]	
frame_id 27
2020/03/08 15:27:29 568299	WARNING [visualOdometry.cpp->trackingFrame2Frame:179]	The Estimated Rotation and translation matrices(using getTransformation function) are : 
    0.999992   0.00044775  -0.00381464    0.0175884
-0.000428885     0.999988   0.00492305   -0.0297651
  0.00381669  -0.00492129     0.999981   0.00867653
           0            0            0            1
2020/03/08 15:27:29 568978	INFO [input.cpp->run:235]	rotation: 
[0.9999924898147583, 0.0004477500915527344, -0.003814637660980225;
 -0.0004288852214813232, 0.9999877214431763, 0.004923045635223389;
 0.003816694021224976, -0.004921287298202515, 0.9999805688858032]
2020/03/08 15:27:29 569048	INFO [input.cpp->run:256]	frame times (ms): 30.416
2020/03/08 15:27:29 569056	INFO [input.cpp->run:257]	FPS: 32.8774
2020/03/08 15:27:29 621509	INFO [input.cpp->run:173]	
frame_id 28
2020/03/08 15:27:29 628604	WARNING [visualOdometry.cpp->trackingFrame2Frame:179]	The Estimated Rotation and translation matrices(using getTransformation function) are : 
    0.999996   0.00156379   0.00225088   -0.0177135
  -0.0015645     0.999999  0.000201821    -0.012485
 -0.00225058 -0.000205427     0.999997   0.00178528
           0            0            0            1
2020/03/08 15:27:29 629063	INFO [input.cpp->run:235]	rotation: 
[0.9999962449073792, 0.001563787460327148, 0.002250880002975464;
 -0.001564502716064453, 0.9999986886978149, 0.0002018213272094727;
 -0.002250581979751587, -0.0002054274082183838, 0.9999973177909851]
2020/03/08 15:27:29 629121	INFO [input.cpp->run:256]	frame times (ms): 20.462
2020/03/08 15:27:29 629128	INFO [input.cpp->run:257]	FPS: 48.8711
2020/03/08 15:27:29 692105	INFO [input.cpp->run:173]	
frame_id 29
2020/03/08 15:27:29 703219	WARNING [visualOdometry.cpp->trackingFrame2Frame:179]	The Estimated Rotation and translation matrices(using getTransformation function) are : 
    0.999961  0.000484303   0.00885782    -0.052367
-0.000445262      0.99999  -0.00441861    0.0189052
 -0.00885999   0.00441447     0.999951   -0.0195336
           0            0            0            1
2020/03/08 15:27:29 703894	INFO [input.cpp->run:235]	rotation: 
[0.9999607801437378, 0.0004843026399612427, 0.008857816457748413;
 -0.0004452615976333618, 0.9999904036521912, -0.004418611526489258;
 -0.008859992027282715, 0.004414469003677368, 0.9999512434005737]
2020/03/08 15:27:29 703967	INFO [input.cpp->run:256]	frame times (ms): 30.831
2020/03/08 15:27:29 703976	INFO [input.cpp->run:257]	FPS: 32.4349
2020/03/08 15:27:29 757926	INFO [input.cpp->run:173]	
frame_id 30
2020/03/08 15:27:29 770072	WARNING [visualOdometry.cpp->trackingFrame2Frame:179]	The Estimated Rotation and translation matrices(using getTransformation function) are : 
    0.999999  0.000322312  -0.00119698    0.0141852
-0.000320643     0.999999   0.00147825  -0.00539064
  0.00119746  -0.00147796     0.999998  -0.00741768
           0            0            0            1
2020/03/08 15:27:29 770765	INFO [input.cpp->run:235]	rotation: 
[0.9999993443489075, 0.0003223121166229248, -0.001196980476379395;
 -0.0003206431865692139, 0.999998927116394, 0.001478254795074463;
 0.001197457313537598, -0.001477956771850586, 0.9999983310699463]
2020/03/08 15:27:29 770841	INFO [input.cpp->run:256]	frame times (ms): 29.916
2020/03/08 15:27:29 770855	INFO [input.cpp->run:257]	FPS: 33.4269
2020/03/08 15:27:29 820238	INFO [input.cpp->run:173]	
frame_id 31
2020/03/08 15:27:29 826783	WARNING [visualOdometry.cpp->trackingFrame2Frame:179]	The Estimated Rotation and translation matrices(using getTransformation function) are : 
    0.999998  0.000494033  -0.00182205   0.00755215
-0.000490308     0.999998    0.0019249   -0.0143361
  0.00182289  -0.00192401     0.999997   0.00690508
           0            0            0            1
2020/03/08 15:27:29 827210	INFO [input.cpp->run:235]	rotation: 
[0.9999984502792358, 0.0004940330982208252, -0.001822054386138916;
 -0.0004903078079223633, 0.999998152256012, 0.001924902200698853;
 0.001822888851165771, -0.001924008131027222, 0.9999968409538269]
2020/03/08 15:27:29 827256	INFO [input.cpp->run:256]	frame times (ms): 18.646
2020/03/08 15:27:29 827266	INFO [input.cpp->run:257]	FPS: 53.6308
2020/03/08 15:27:29 891282	INFO [input.cpp->run:173]	
frame_id 32
2020/03/08 15:27:29 902234	WARNING [visualOdometry.cpp->trackingFrame2Frame:179]	The Estimated Rotation and translation matrices(using getTransformation function) are : 
    0.999999  0.000287443  -0.00102785  -0.00428534
-0.000286728            1  0.000690013   -0.0109739
  0.00102821 -0.000689507     0.999999    0.0157924
           0            0            0            1
2020/03/08 15:27:29 903033	INFO [input.cpp->run:235]	rotation: 
[0.9999993443489075, 0.0002874433994293213, -0.001027852296829224;
 -0.0002867281436920166, 0.9999995827674866, 0.0006900131702423096;
 0.001028209924697876, -0.0006895065307617188, 0.9999992847442627]
2020/03/08 15:27:29 903114	INFO [input.cpp->run:256]	frame times (ms): 30.903
2020/03/08 15:27:29 903130	INFO [input.cpp->run:257]	FPS: 32.3593
2020/03/08 15:27:29 956916	INFO [input.cpp->run:173]	
frame_id 33
2020/03/08 15:27:29 966666	WARNING [visualOdometry.cpp->trackingFrame2Frame:179]	The Estimated Rotation and translation matrices(using getTransformation function) are : 
   0.999995 -0.00132576 -0.00277853 -0.00627589
  0.0013286    0.999999  0.00106293   -0.011507
 0.00277722 -0.00106645    0.999996   0.0333171
          0           0           0           1
2020/03/08 15:27:29 967274	INFO [input.cpp->run:235]	rotation: 
[0.9999951124191284, -0.001325756311416626, -0.002778530120849609;
 0.001328602433204651, 0.9999986290931702, 0.001062929630279541;
 0.002777218818664551, -0.001066446304321289, 0.9999955892562866]
2020/03/08 15:27:29 967338	INFO [input.cpp->run:256]	frame times (ms): 26.691
2020/03/08 15:27:29 967346	INFO [input.cpp->run:257]	FPS: 37.4658
2020/03/08 15:27:30 025248	INFO [input.cpp->run:173]	
frame_id 34
2020/03/08 15:27:30 036274	WARNING [visualOdometry.cpp->trackingFrame2Frame:179]	The Estimated Rotation and translation matrices(using getTransformation function) are : 
    0.99992  0.00269851   0.0123947  -0.0617859
-0.00258675    0.999956 -0.00902346   0.0377815
 -0.0124184   0.0089905    0.999883  -0.0303097
          0           0           0           1
2020/03/08 15:27:30 036957	INFO [input.cpp->run:235]	rotation: 
[0.9999198913574219, 0.002698510885238647, 0.01239472627639771;
 -0.00258675217628479, 0.9999561905860901, -0.009023457765579224;
 -0.01241844892501831, 0.008990496397018433, 0.999882698059082]
2020/03/08 15:27:30 037036	INFO [input.cpp->run:256]	frame times (ms): 28.524
2020/03/08 15:27:30 037045	INFO [input.cpp->run:257]	FPS: 35.0582
2020/03/08 15:27:30 090644	INFO [input.cpp->run:173]	
frame_id 35
2020/03/08 15:27:30 100132	WARNING [visualOdometry.cpp->trackingFrame2Frame:179]	The Estimated Rotation and translation matrices(using getTransformation function) are : 
   0.999997 -0.00127861 -0.00177893   0.0178149
 0.00127822    0.999999 -9.9659e-05    0.012943
 0.00177929 9.74238e-05    0.999998 -0.00790215
          0           0           0           1
2020/03/08 15:27:30 100784	INFO [input.cpp->run:235]	rotation: 
[0.9999972581863403, -0.001278609037399292, -0.001778930425643921;
 0.001278221607208252, 0.9999988675117493, -9.965896606445312e-05;
 0.001779288053512573, 9.742379188537598e-05, 0.9999979734420776]
2020/03/08 15:27:30 100850	INFO [input.cpp->run:256]	frame times (ms): 27.255
2020/03/08 15:27:30 100864	INFO [input.cpp->run:257]	FPS: 36.6905
2020/03/08 15:27:30 158266	INFO [input.cpp->run:173]	
frame_id 36
2020/03/08 15:27:30 168881	WARNING [visualOdometry.cpp->trackingFrame2Frame:179]	The Estimated Rotation and translation matrices(using getTransformation function) are : 
           1  0.000617117  1.19805e-05  -0.00353289
-0.000617057            1  0.000814646  -0.00976562
-1.15037e-05 -0.000814706            1   0.00443029
           0            0            0            1
2020/03/08 15:27:30 169580	INFO [input.cpp->run:235]	rotation: 
[0.9999998807907104, 0.0006171166896820068, 1.198053359985352e-05;
 -0.0006170570850372314, 0.9999995827674866, 0.0008146464824676514;
 -1.150369644165039e-05, -0.0008147060871124268, 0.9999998807907104]
2020/03/08 15:27:30 169660	INFO [input.cpp->run:256]	frame times (ms): 29.035
2020/03/08 15:27:30 169675	INFO [input.cpp->run:257]	FPS: 34.4412
2020/03/08 15:27:30 223879	INFO [input.cpp->run:173]	
frame_id 37
2020/03/08 15:27:30 233415	WARNING [visualOdometry.cpp->trackingFrame2Frame:179]	The Estimated Rotation and translation matrices(using getTransformation function) are : 
    0.999999  0.000108063  -0.00122285   -0.0146804
-0.000107437            1  0.000568867   -0.0152676
  0.00122285 -0.000568599     0.999999    0.0302825
           0            0            0            1
2020/03/08 15:27:30 234024	INFO [input.cpp->run:235]	rotation: 
[0.9999994039535522, 0.0001080632209777832, -0.001222848892211914;
 -0.0001074373722076416, 1, 0.0005688667297363281;
 0.001222848892211914, -0.0005685985088348389, 0.9999991655349731]
2020/03/08 15:27:30 234087	INFO [input.cpp->run:256]	frame times (ms): 27
2020/03/08 15:27:30 234096	INFO [input.cpp->run:257]	FPS: 37.037
2020/03/08 15:27:30 291925	INFO [input.cpp->run:173]	
frame_id 38
2020/03/08 15:27:30 302601	WARNING [visualOdometry.cpp->trackingFrame2Frame:179]	The Estimated Rotation and translation matrices(using getTransformation function) are : 
    0.999995  0.000924766   0.00300932   -0.0150657
-0.000920355     0.999998  -0.00147736   0.00239229
 -0.00301054   0.00147468     0.999994  -0.00666094
           0            0            0            1
2020/03/08 15:27:30 303282	INFO [input.cpp->run:235]	rotation: 
[0.999995231628418, 0.0009247660636901855, 0.003009319305419922;
 -0.0009203553199768066, 0.9999984502792358, -0.001477360725402832;
 -0.003010541200637817, 0.001474678516387939, 0.9999943971633911]
2020/03/08 15:27:30 303354	INFO [input.cpp->run:256]	frame times (ms): 29.371
2020/03/08 15:27:30 303363	INFO [input.cpp->run:257]	FPS: 34.0472
2020/03/08 15:27:30 357480	INFO [input.cpp->run:173]	
frame_id 39
2020/03/08 15:27:30 366929	WARNING [visualOdometry.cpp->trackingFrame2Frame:179]	The Estimated Rotation and translation matrices(using getTransformation function) are : 
     0.99999  0.000585943   0.00449833   -0.0238726
-0.000573635     0.999996  -0.00278124    0.0114365
 -0.00449988   0.00277874     0.999986    -0.010375
           0            0            0            1
2020/03/08 15:27:30 367539	INFO [input.cpp->run:235]	rotation: 
[0.9999896287918091, 0.0005859434604644775, 0.004498332738876343;
 -0.0005736351013183594, 0.9999960064888, -0.00278124213218689;
 -0.004499882459640503, 0.002778738737106323, 0.9999858140945435]
2020/03/08 15:27:30 367602	INFO [input.cpp->run:256]	frame times (ms): 27.861
2020/03/08 15:27:30 367615	INFO [input.cpp->run:257]	FPS: 35.8925
2020/03/08 15:27:30 424511	INFO [input.cpp->run:173]	
frame_id 40
2020/03/08 15:27:30 435446	WARNING [visualOdometry.cpp->trackingFrame2Frame:179]	The Estimated Rotation and translation matrices(using getTransformation function) are : 
   0.999992  0.00116459  0.00378555  -0.0329001
-0.00115871    0.999998 -0.00153553 -0.00554633
-0.00378737  0.00153095    0.999992  0.00712681
          0           0           0           1
2020/03/08 15:27:30 436125	INFO [input.cpp->run:235]	rotation: 
[0.9999921321868896, 0.00116458535194397, 0.003785550594329834;
 -0.001158714294433594, 0.9999979734420776, -0.001535534858703613;
 -0.003787368535995483, 0.001530945301055908, 0.9999915361404419]
2020/03/08 15:27:30 436198	INFO [input.cpp->run:256]	frame times (ms): 29.321
2020/03/08 15:27:30 436207	INFO [input.cpp->run:257]	FPS: 34.1053
2020/03/08 15:27:30 491488	INFO [input.cpp->run:173]	
frame_id 41
2020/03/08 15:27:30 502872	WARNING [visualOdometry.cpp->trackingFrame2Frame:179]	The Estimated Rotation and translation matrices(using getTransformation function) are : 
    0.999977  0.000461519   0.00679916   -0.0508993
-0.000415444     0.999977  -0.00675058    0.0240819
 -0.00680223   0.00674781     0.999954   0.00851727
           0            0            0            1
2020/03/08 15:27:30 503551	INFO [input.cpp->run:235]	rotation: 
[0.9999769926071167, 0.0004615187644958496, 0.006799161434173584;
 -0.0004154443740844727, 0.9999773502349854, -0.006750583648681641;
 -0.006802231073379517, 0.006747812032699585, 0.9999542236328125]
2020/03/08 15:27:30 503621	INFO [input.cpp->run:256]	frame times (ms): 28.45
2020/03/08 15:27:30 503630	INFO [input.cpp->run:257]	FPS: 35.1494
2020/03/08 15:27:30 554962	INFO [input.cpp->run:173]	
frame_id 42
2020/03/08 15:27:30 562131	WARNING [visualOdometry.cpp->trackingFrame2Frame:179]	The Estimated Rotation and translation matrices(using getTransformation function) are : 
    0.999994 -0.000129372   0.00347272   -0.0308349
 0.000140697     0.999995  -0.00325546    0.0106833
 -0.00347251    0.0032559     0.999989   0.00827074
           0            0            0            1
2020/03/08 15:27:30 562593	INFO [input.cpp->run:235]	rotation: 
[0.9999936819076538, -0.0001293718814849854, 0.003472715616226196;
 0.0001406967639923096, 0.9999945759773254, -0.003255456686019897;
 -0.003472506999969482, 0.003255903720855713, 0.9999886751174927]
2020/03/08 15:27:30 562643	INFO [input.cpp->run:256]	frame times (ms): 19.999
2020/03/08 15:27:30 562654	INFO [input.cpp->run:257]	FPS: 50.0025
2020/03/08 15:27:30 624120	INFO [input.cpp->run:173]	
frame_id 43
2020/03/08 15:27:30 638174	WARNING [visualOdometry.cpp->trackingFrame2Frame:179]	The Estimated Rotation and translation matrices(using getTransformation function) are : 
    0.99999  0.00121507  0.00423539 -0.00825715
-0.00120074    0.999994 -0.00338739   0.0182953
 -0.0042395  0.00338233    0.999985  -0.0238895
          0           0           0           1
2020/03/08 15:27:30 638891	INFO [input.cpp->run:235]	rotation: 
[0.9999902248382568, 0.001215070486068726, 0.004235386848449707;
 -0.001200735569000244, 0.9999935626983643, -0.003387391567230225;
 -0.004239499568939209, 0.003382325172424316, 0.9999850988388062]
2020/03/08 15:27:30 638994	INFO [input.cpp->run:256]	frame times (ms): 29.298
2020/03/08 15:27:30 639010	INFO [input.cpp->run:257]	FPS: 34.132
2020/03/08 15:27:30 689008	INFO [input.cpp->run:173]	
frame_id 44
2020/03/08 15:27:30 697896	WARNING [visualOdometry.cpp->trackingFrame2Frame:179]	The Estimated Rotation and translation matrices(using getTransformation function) are : 
    0.999992  0.000860721   0.00393155   -0.0484319
-0.000848949     0.999995  -0.00299948  -0.00417113
 -0.00393397   0.00299618     0.999988    0.0260863
           0            0            0            1
2020/03/08 15:27:30 698447	INFO [input.cpp->run:235]	rotation: 
[0.9999918937683105, 0.0008607208728790283, 0.003931552171707153;
 -0.0008489489555358887, 0.9999951124191284, -0.002999484539031982;
 -0.003933966159820557, 0.002996176481246948, 0.9999877214431763]
2020/03/08 15:27:30 698512	INFO [input.cpp->run:256]	frame times (ms): 23.22
2020/03/08 15:27:30 698528	INFO [input.cpp->run:257]	FPS: 43.0663
2020/03/08 15:27:30 758058	INFO [input.cpp->run:173]	
frame_id 45
2020/03/08 15:27:30 768867	WARNING [visualOdometry.cpp->trackingFrame2Frame:179]	The Estimated Rotation and translation matrices(using getTransformation function) are : 
   0.999967   0.0022012  0.00786316  -0.0469739
-0.00216272    0.999986 -0.00491351   0.0106025
 -0.0078738  0.00489637    0.999957   -0.008708
          0           0           0           1
2020/03/08 15:27:30 769722	INFO [input.cpp->run:235]	rotation: 
[0.9999668598175049, 0.002201199531555176, 0.007863163948059082;
 -0.002162724733352661, 0.9999856352806091, -0.004913508892059326;
 -0.007873803377151489, 0.004896372556686401, 0.9999569654464722]
2020/03/08 15:27:30 769801	INFO [input.cpp->run:256]	frame times (ms): 30.116
2020/03/08 15:27:30 769819	INFO [input.cpp->run:257]	FPS: 33.2049
2020/03/08 15:27:30 824104	INFO [input.cpp->run:173]	
frame_id 46
2020/03/08 15:27:30 834003	WARNING [visualOdometry.cpp->trackingFrame2Frame:179]	The Estimated Rotation and translation matrices(using getTransformation function) are : 
    0.999986  0.000645876   0.00529394   -0.0214212
-0.000621438     0.999989  -0.00464347    0.0256414
  -0.0052968   0.00464001     0.999975   -0.0189891
           0            0            0            1
2020/03/08 15:27:30 834619	INFO [input.cpp->run:235]	rotation: 
[0.999985933303833, 0.0006458759307861328, 0.005293935537338257;
 -0.0006214380264282227, 0.9999890327453613, -0.004643470048904419;
 -0.005296796560287476, 0.004640012979507446, 0.9999752044677734]
2020/03/08 15:27:30 834685	INFO [input.cpp->run:256]	frame times (ms): 25.287
2020/03/08 15:27:30 834696	INFO [input.cpp->run:257]	FPS: 39.546
2020/03/08 15:27:30 887430	INFO [input.cpp->run:173]	
frame_id 47
2020/03/08 15:27:30 894254	WARNING [visualOdometry.cpp->trackingFrame2Frame:179]	The Estimated Rotation and translation matrices(using getTransformation function) are : 
