		g3log created log at: Sun Mar 08 15:25:32 2020
		LOG format: [YYYY/MM/DD hh:mm:ss uuu* LEVEL FILE->FUNCTION:LINE] message		(uuu*: microseconds fractions of the seconds value)

2020/03/08 15:25:32 694034	INFO [g3logger.h->logBanner:29]	Starting log.
2020/03/08 15:25:32 700125	DEBUG [main.cpp->main:49]	Filepath: /home/mitchell/KITTI/data_odometry_gray/dataset/sequences/00/
2020/03/08 15:25:32 700129	DEBUG [main.cpp->main:53]	Calibration Filepath: /home/mitchell/visual_odom_ws/src/visual_odom/calibration/zed.yaml
2020/03/08 15:25:32 700210	INFO [main.cpp->main:67]	P_left: 
[684.35999, 0, 689.89001, 0;
 0, 684.35999, 406.87, 0;
 0, 0, 1, 0]
2020/03/08 15:25:32 700216	INFO [main.cpp->main:68]	P_right: 
[684.35999, 0, 689.89001, -82.120003;
 0, 684.35999, 406.87, 0;
 0, 0, 1, 0]
2020/03/08 15:25:32 759715	INFO [input.cpp->Input:22]	frame_pose [1, 0, 0, 0;
 0, 1, 0, 0;
 0, 0, 1, 0;
 0, 0, 0, 1]
2020/03/08 15:25:33 042385	INFO [input.cpp->run:173]	
frame_id 1
2020/03/08 15:25:33 056202	INFO [input.cpp->run:196]	Not enough points
2020/03/08 15:25:33 112398	INFO [input.cpp->run:173]	
frame_id 2
2020/03/08 15:25:33 131697	WARNING [visualOdometry.cpp->trackingFrame2Frame:179]	The Estimated Rotation and translation matrices(using getTransformation function) are : 
   0.999996  0.00236522  0.00154093  -0.0538483
-0.00241575    0.999433   0.0335687   -0.182928
-0.00146067  -0.0335725    0.999435  -0.0282283
          0           0           0           1
2020/03/08 15:25:33 188925	INFO [input.cpp->run:235]	rotation: 
[0.9999960660934448, 0.002365216612815857, 0.001540929079055786;
 -0.002415746450424194, 0.9994333386421204, 0.03356871008872986;
 -0.001460671424865723, -0.03357246518135071, 0.9994351863861084]
2020/03/08 15:25:33 188969	INFO [input.cpp->run:256]	frame times (ms): 75.395
2020/03/08 15:25:33 188973	INFO [input.cpp->run:257]	FPS: 13.2635
2020/03/08 15:25:33 202401	INFO [input.cpp->run:173]	
frame_id 3
2020/03/08 15:25:33 206554	WARNING [visualOdometry.cpp->trackingFrame2Frame:179]	The Estimated Rotation and translation matrices(using getTransformation function) are : 
   0.999921  0.00370798    0.012049   -0.122597
-0.00393698    0.999811   0.0190509   -0.141839
 -0.0119761  -0.0190966    0.999746 -0.00640011
          0           0           0           1
2020/03/08 15:25:33 206693	INFO [input.cpp->run:235]	rotation: 
[0.9999206066131592, 0.003707975149154663, 0.01204895973205566;
 -0.003936976194381714, 0.9998109936714172, 0.01905085146427155;
 -0.01197606325149536, -0.01909664273262024, 0.9997459053993225]
2020/03/08 15:25:33 206712	INFO [input.cpp->run:256]	frame times (ms): 7.955
2020/03/08 15:25:33 206716	INFO [input.cpp->run:257]	FPS: 125.707
2020/03/08 15:25:33 237067	INFO [input.cpp->run:173]	
frame_id 4
2020/03/08 15:25:33 241262	WARNING [visualOdometry.cpp->trackingFrame2Frame:179]	The Estimated Rotation and translation matrices(using getTransformation function) are : 
  0.999456 -0.0139957  0.0298587  -0.164787
 0.0147674   0.999559 -0.0257754   0.195245
-0.0294848  0.0262024   0.999222 -0.0714803
         0          0          0          1
2020/03/08 15:25:33 241401	INFO [input.cpp->run:235]	rotation: 
[0.9994561672210693, -0.01399573683738708, 0.02985873818397522;
 0.01476740837097168, 0.9995588064193726, -0.02577543258666992;
 -0.02948483824729919, 0.02620238065719604, 0.9992219209671021]
2020/03/08 15:25:33 241421	INFO [input.cpp->run:256]	frame times (ms): 7.395
2020/03/08 15:25:33 241425	INFO [input.cpp->run:257]	FPS: 135.227
2020/03/08 15:25:33 303819	INFO [input.cpp->run:173]	
frame_id 5
2020/03/08 15:25:33 308885	WARNING [visualOdometry.cpp->trackingFrame2Frame:179]	The Estimated Rotation and translation matrices(using getTransformation function) are : 
   0.999881  -0.0130276  0.00821573   -0.127951
  0.0131299    0.999835  -0.0125293   0.0816298
-0.00805092   0.0126357    0.999888   0.0659165
          0           0           0           1
2020/03/08 15:25:33 309055	INFO [input.cpp->run:235]	rotation: 
[0.999881386756897, -0.01302763819694519, 0.008215725421905518;
 0.01312990486621857, 0.9998353123664856, -0.01252934336662292;
 -0.008050918579101562, 0.012635737657547, 0.9998878240585327]
2020/03/08 15:25:33 309076	INFO [input.cpp->run:256]	frame times (ms): 9.633
2020/03/08 15:25:33 309080	INFO [input.cpp->run:257]	FPS: 103.81
2020/03/08 15:25:33 373016	INFO [input.cpp->run:173]	
frame_id 6
2020/03/08 15:25:33 382507	WARNING [visualOdometry.cpp->trackingFrame2Frame:179]	The Estimated Rotation and translation matrices(using getTransformation function) are : 
   0.999814  0.00167944  -0.0192368   0.0849731
-0.00158133    0.999986  0.00510344  -0.0391135
  0.0192449  -0.0050723    0.999802   0.0791583
          0           0           0           1
2020/03/08 15:25:33 382829	INFO [input.cpp->run:235]	rotation: 
[0.9998136162757874, 0.0016794353723526, -0.01923683285713196;
 -0.001581326127052307, 0.9999858736991882, 0.005103439092636108;
 0.01924487948417664, -0.005072295665740967, 0.9998021125793457]
2020/03/08 15:25:33 382867	INFO [input.cpp->run:256]	frame times (ms): 16.991
2020/03/08 15:25:33 382871	INFO [input.cpp->run:257]	FPS: 58.8547
2020/03/08 15:25:33 438023	INFO [input.cpp->run:173]	
frame_id 7
2020/03/08 15:25:33 445713	WARNING [visualOdometry.cpp->trackingFrame2Frame:179]	The Estimated Rotation and translation matrices(using getTransformation function) are : 
    0.999976  0.000643373  -0.00686038    0.0492454
-0.000651106     0.999999  -0.00114793    0.0196345
  0.00685942   0.00115219     0.999976   0.00114918
           0            0            0            1
2020/03/08 15:25:33 445975	INFO [input.cpp->run:235]	rotation: 
[0.9999762773513794, 0.0006433725357055664, -0.00686037540435791;
 -0.0006511062383651733, 0.9999992251396179, -0.001147925853729248;
 0.006859421730041504, 0.001152187585830688, 0.999975860118866]
2020/03/08 15:25:33 446009	INFO [input.cpp->run:256]	frame times (ms): 12.915
2020/03/08 15:25:33 446016	INFO [input.cpp->run:257]	FPS: 77.4293
2020/03/08 15:25:33 506804	INFO [input.cpp->run:173]	
frame_id 8
2020/03/08 15:25:33 523654	WARNING [visualOdometry.cpp->trackingFrame2Frame:179]	The Estimated Rotation and translation matrices(using getTransformation function) are : 
   0.998598 -0.00144786   0.0529135   -0.264481
 0.00182566    0.999973 -0.00708939   0.0406332
  -0.052902  0.00717589    0.998574   -0.148888
          0           0           0           1
2020/03/08 15:25:33 524245	INFO [input.cpp->run:235]	rotation: 
[0.9985980987548828, -0.001447856426239014, 0.05291351675987244;
 0.001825660467147827, 0.9999731779098511, -0.007089391350746155;
 -0.05290201306343079, 0.00717589259147644, 0.9985740780830383]
2020/03/08 15:25:33 524315	INFO [input.cpp->run:256]	frame times (ms): 30.993
2020/03/08 15:25:33 524328	INFO [input.cpp->run:257]	FPS: 32.2654
2020/03/08 15:25:33 578725	INFO [input.cpp->run:173]	
frame_id 9
2020/03/08 15:25:33 597468	WARNING [visualOdometry.cpp->trackingFrame2Frame:179]	The Estimated Rotation and translation matrices(using getTransformation function) are : 
    0.999991  -0.00229298   0.00345543   -0.0490551
  0.00229171     0.999997   0.00037998   -0.0103867
 -0.00345621 -0.000372052     0.999994    0.0271697
           0            0            0            1
2020/03/08 15:25:33 597918	INFO [input.cpp->run:235]	rotation: 
[0.9999914169311523, -0.002292975783348083, 0.003455430269241333;
 0.002291709184646606, 0.9999973773956299, 0.0003799796104431152;
 -0.003456205129623413, -0.0003720521926879883, 0.9999940395355225]
2020/03/08 15:25:33 597975	INFO [input.cpp->run:256]	frame times (ms): 30.802
2020/03/08 15:25:33 597983	INFO [input.cpp->run:257]	FPS: 32.4654
2020/03/08 15:25:33 638495	INFO [input.cpp->run:173]	
frame_id 10
2020/03/08 15:25:33 646643	WARNING [visualOdometry.cpp->trackingFrame2Frame:179]	The Estimated Rotation and translation matrices(using getTransformation function) are : 
   0.999967  0.00115606  0.00808448  -0.0477695
-0.00113462    0.999996 -0.00263429 -0.00188708
-0.00808769  0.00262493    0.999964  0.00107193
          0           0           0           1
2020/03/08 15:25:33 646926	INFO [input.cpp->run:235]	rotation: 
[0.9999667406082153, 0.001156061887741089, 0.008084475994110107;
 -0.001134619116783142, 0.9999958276748657, -0.002634286880493164;
 -0.008087694644927979, 0.002624928951263428, 0.9999641180038452]
2020/03/08 15:25:33 646959	INFO [input.cpp->run:256]	frame times (ms): 15.272
2020/03/08 15:25:33 646962	INFO [input.cpp->run:257]	FPS: 65.4793
2020/03/08 15:25:33 712387	INFO [input.cpp->run:173]	
frame_id 11
2020/03/08 15:25:33 732001	WARNING [visualOdometry.cpp->trackingFrame2Frame:179]	The Estimated Rotation and translation matrices(using getTransformation function) are : 
    0.999938   0.00419696    -0.010327     0.076694
 -0.00420132     0.999991 -0.000386178  -0.00967979
   0.0103254  0.000429332     0.999947    0.0265508
           0            0            0            1
2020/03/08 15:25:33 732477	INFO [input.cpp->run:235]	rotation: 
[0.9999380111694336, 0.004196956753730774, -0.01032701134681702;
 -0.004201322793960571, 0.9999911785125732, -0.0003861784934997559;
 0.01032537221908569, 0.0004293322563171387, 0.9999467134475708]
2020/03/08 15:25:33 732535	INFO [input.cpp->run:256]	frame times (ms): 32.706
2020/03/08 15:25:33 732547	INFO [input.cpp->run:257]	FPS: 30.5754
2020/03/08 15:25:33 771961	INFO [input.cpp->run:173]	
frame_id 12
2020/03/08 15:25:33 780077	WARNING [visualOdometry.cpp->trackingFrame2Frame:179]	The Estimated Rotation and translation matrices(using getTransformation function) are : 
  0.999662 -0.0233184   0.011488  -0.158295
 0.0235826   0.999447 -0.0234206   0.161351
-0.0109356  0.0236834    0.99966  0.0807276
         0          0          0          1
2020/03/08 15:25:33 780363	INFO [input.cpp->run:235]	rotation: 
[0.9996622204780579, -0.02331842482089996, 0.01148796081542969;
 0.02358260750770569, 0.999447226524353, -0.02342063188552856;
 -0.01093560457229614, 0.02368339896202087, 0.9996597170829773]
2020/03/08 15:25:33 780394	INFO [input.cpp->run:256]	frame times (ms): 14.775
2020/03/08 15:25:33 780400	INFO [input.cpp->run:257]	FPS: 67.6819
2020/03/08 15:25:33 845509	INFO [input.cpp->run:173]	
frame_id 13
2020/03/08 15:25:33 865200	WARNING [visualOdometry.cpp->trackingFrame2Frame:179]	The Estimated Rotation and translation matrices(using getTransformation function) are : 
    0.999348   0.00046955    0.0361055    -0.165811
-0.000490874            1  0.000584662  -0.00106263
  -0.0361053 -0.000602067     0.999348    -0.137809
           0            0            0            1
2020/03/08 15:25:33 865864	INFO [input.cpp->run:235]	rotation: 
[0.9993478059768677, 0.0004695504903793335, 0.03610551357269287;
 -0.0004908740520477295, 0.9999995231628418, 0.0005846619606018066;
 -0.03610533475875854, -0.0006020665168762207, 0.9993478059768677]
2020/03/08 15:25:33 865935	INFO [input.cpp->run:256]	frame times (ms): 34.793
2020/03/08 15:25:33 865944	INFO [input.cpp->run:257]	FPS: 28.7414
2020/03/08 15:25:33 906489	INFO [input.cpp->run:173]	
frame_id 14
2020/03/08 15:25:33 916439	WARNING [visualOdometry.cpp->trackingFrame2Frame:179]	The Estimated Rotation and translation matrices(using getTransformation function) are : 
   0.99951 -0.0141594  0.0279213  -0.196372
 0.0145762   0.999785 -0.0147735    0.10369
-0.0277061  0.0151732   0.999501 -0.0239577
         0          0          0          1
2020/03/08 15:25:33 916781	INFO [input.cpp->run:235]	rotation: 
[0.9995099306106567, -0.01415941119194031, 0.02792128920555115;
 0.01457615196704865, 0.9997847080230713, -0.01477351784706116;
 -0.02770611643791199, 0.01517322659492493, 0.9995008707046509]
2020/03/08 15:25:33 916819	INFO [input.cpp->run:256]	frame times (ms): 18.35
2020/03/08 15:25:33 916824	INFO [input.cpp->run:257]	FPS: 54.4959
2020/03/08 15:25:33 973232	INFO [input.cpp->run:173]	
frame_id 15
2020/03/08 15:25:33 983127	WARNING [visualOdometry.cpp->trackingFrame2Frame:179]	The Estimated Rotation and translation matrices(using getTransformation function) are : 
    0.999716  -0.00030452   -0.0238262     0.110054
 0.000307217            1  0.000105232  -0.00742364
   0.0238264 -0.000112534     0.999716     0.100274
           0            0            0            1
2020/03/08 15:25:33 983469	INFO [input.cpp->run:235]	rotation: 
[0.9997158646583557, -0.0003045201301574707, -0.02382618188858032;
 0.0003072172403335571, 0.9999996423721313, 0.0001052320003509521;
 0.02382636070251465, -0.0001125335693359375, 0.9997159242630005]
2020/03/08 15:25:33 983509	INFO [input.cpp->run:256]	frame times (ms): 18.175
2020/03/08 15:25:33 983514	INFO [input.cpp->run:257]	FPS: 55.0206
2020/03/08 15:25:34 045316	INFO [input.cpp->run:173]	
frame_id 16
2020/03/08 15:25:34 065058	WARNING [visualOdometry.cpp->trackingFrame2Frame:179]	The Estimated Rotation and translation matrices(using getTransformation function) are : 
    0.999997 -0.000964284  -0.00195199   0.00459599
 0.000966623     0.999998   0.00121373  -0.00559306
  0.00195074  -0.00121561     0.999997    0.0101252
           0            0            0            1
2020/03/08 15:25:34 065520	INFO [input.cpp->run:235]	rotation: 
[0.9999971985816956, -0.0009642839431762695, -0.001951992511749268;
 0.0009666234254837036, 0.9999984502792358, 0.001213729381561279;
 0.001950740814208984, -0.001215606927871704, 0.9999972581863403]
2020/03/08 15:25:34 065575	INFO [input.cpp->run:256]	frame times (ms): 35.738
2020/03/08 15:25:34 065586	INFO [input.cpp->run:257]	FPS: 27.9814
2020/03/08 15:25:34 106703	INFO [input.cpp->run:173]	
frame_id 17
2020/03/08 15:25:34 118144	WARNING [visualOdometry.cpp->trackingFrame2Frame:179]	The Estimated Rotation and translation matrices(using getTransformation function) are : 
   0.999948 -0.00863561  0.00545701  -0.0574729
 0.00865531    0.999956 -0.00360125   0.0410562
 -0.0054256  0.00364834    0.999979  0.00395107
          0           0           0           1
2020/03/08 15:25:34 119524	INFO [input.cpp->run:235]	rotation: 
[0.9999479055404663, -0.008635610342025757, 0.005457013845443726;
 0.008655309677124023, 0.9999561905860901, -0.003601253032684326;
 -0.005425602197647095, 0.003648340702056885, 0.9999788403511047]
2020/03/08 15:25:34 119597	INFO [input.cpp->run:256]	frame times (ms): 17.599
2020/03/08 15:25:34 119621	INFO [input.cpp->run:257]	FPS: 56.8214
2020/03/08 15:25:34 175809	INFO [input.cpp->run:173]	
frame_id 18
2020/03/08 15:25:34 192055	WARNING [visualOdometry.cpp->trackingFrame2Frame:179]	The Estimated Rotation and translation matrices(using getTransformation function) are : 
    0.999967  -0.00810736 -0.000127226   -0.0194278
  0.00810707     0.999966  -0.00184354    0.0372093
 0.000142217   0.00184256     0.999998    0.0052247
           0            0            0            1
2020/03/08 15:25:34 192612	INFO [input.cpp->run:235]	rotation: 
[0.9999672174453735, -0.008107364177703857, -0.0001272261142730713;
 0.00810706615447998, 0.9999656081199646, -0.001843541860580444;
 0.000142216682434082, 0.00184255838394165, 0.9999982118606567]
2020/03/08 15:25:34 192699	INFO [input.cpp->run:256]	frame times (ms): 26.345
2020/03/08 15:25:34 192712	INFO [input.cpp->run:257]	FPS: 37.9579
2020/03/08 15:25:34 243449	INFO [input.cpp->run:173]	
frame_id 19
2020/03/08 15:25:34 258237	WARNING [visualOdometry.cpp->trackingFrame2Frame:179]	The Estimated Rotation and translation matrices(using getTransformation function) are : 
   0.999919   0.0024831  -0.0124733   0.0640163
-0.00244227    0.999991  0.00328261  -0.0278471
  0.0124813 -0.00325203    0.999917   0.0384345
          0           0           0           1
2020/03/08 15:25:34 258732	INFO [input.cpp->run:235]	rotation: 
[0.999919056892395, 0.002483099699020386, -0.01247325539588928;
 -0.002442270517349243, 0.9999914765357971, 0.003282606601715088;
 0.01248127222061157, -0.003252029418945312, 0.9999168515205383]
2020/03/08 15:25:34 258792	INFO [input.cpp->run:256]	frame times (ms): 25.774
2020/03/08 15:25:34 258798	INFO [input.cpp->run:257]	FPS: 38.7988
2020/03/08 15:25:34 306792	INFO [input.cpp->run:173]	
frame_id 20
2020/03/08 15:25:34 317394	WARNING [visualOdometry.cpp->trackingFrame2Frame:179]	The Estimated Rotation and translation matrices(using getTransformation function) are : 
   0.999997 -0.00115934  0.00220701 -0.00471163
 0.00116226    0.999998 -0.00132874   0.0144658
-0.00220549  0.00133139    0.999996  -0.0126667
          0           0           0           1
2020/03/08 15:25:34 317758	INFO [input.cpp->run:235]	rotation: 
[0.9999967217445374, -0.001159340143203735, 0.002207010984420776;
 0.001162260770797729, 0.9999984502792358, -0.001328736543655396;
 -0.002205491065979004, 0.0013313889503479, 0.9999964237213135]
2020/03/08 15:25:34 317806	INFO [input.cpp->run:256]	frame times (ms): 19.777
2020/03/08 15:25:34 317815	INFO [input.cpp->run:257]	FPS: 50.5638
2020/03/08 15:25:34 379205	INFO [input.cpp->run:173]	
frame_id 21
2020/03/08 15:25:34 399069	WARNING [visualOdometry.cpp->trackingFrame2Frame:179]	The Estimated Rotation and translation matrices(using getTransformation function) are : 
    0.999954  -0.00961246  0.000509262   -0.0595212
  0.00961533     0.999935  -0.00612855    0.0404623
-0.000450373   0.00613299     0.999981    0.0594387
           0            0            0            1
2020/03/08 15:25:34 399735	INFO [input.cpp->run:235]	rotation: 
[0.9999536275863647, -0.00961245596408844, 0.0005092620849609375;
 0.009615331888198853, 0.9999348521232605, -0.006128549575805664;
 -0.0004503726959228516, 0.006132990121841431, 0.9999808669090271]
2020/03/08 15:25:34 399808	INFO [input.cpp->run:256]	frame times (ms): 36.093
2020/03/08 15:25:34 399817	INFO [input.cpp->run:257]	FPS: 27.7062
2020/03/08 15:25:34 440186	INFO [input.cpp->run:173]	
frame_id 22
2020/03/08 15:25:34 450231	WARNING [visualOdometry.cpp->trackingFrame2Frame:179]	The Estimated Rotation and translation matrices(using getTransformation function) are : 
    0.999989  -0.00342189   0.00317958   -0.0320282
  0.00342417     0.999994 -0.000758618     0.012512
 -0.00317714  0.000769585     0.999995   0.00127697
           0            0            0            1
2020/03/08 15:25:34 450573	INFO [input.cpp->run:235]	rotation: 
[0.9999889135360718, -0.003421887755393982, 0.003179579973220825;
 0.003424167633056641, 0.9999938011169434, -0.0007586181163787842;
 -0.003177136182785034, 0.0007695853710174561, 0.9999947547912598]
2020/03/08 15:25:34 450612	INFO [input.cpp->run:256]	frame times (ms): 17.688
2020/03/08 15:25:34 450617	INFO [input.cpp->run:257]	FPS: 56.5355
2020/03/08 15:25:34 512833	INFO [input.cpp->run:173]	
frame_id 23
2020/03/08 15:25:34 532264	WARNING [visualOdometry.cpp->trackingFrame2Frame:179]	The Estimated Rotation and translation matrices(using getTransformation function) are : 
    0.99964   0.0220933  -0.0152167   0.0773504
 -0.0219412    0.999709   0.0101041   -0.157646
  0.0154356 -0.00976649    0.999834   0.0974183
          0           0           0           1
2020/03/08 15:25:34 532741	INFO [input.cpp->run:235]	rotation: 
[0.9996404647827148, 0.02209332585334778, -0.01521667838096619;
 -0.02194119989871979, 0.9997085332870483, 0.01010408997535706;
 0.01543563604354858, -0.009766489267349243, 0.9998335242271423]
2020/03/08 15:25:34 532801	INFO [input.cpp->run:256]	frame times (ms): 30.978
2020/03/08 15:25:34 532807	INFO [input.cpp->run:257]	FPS: 32.281
2020/03/08 15:25:34 572201	INFO [input.cpp->run:173]	
frame_id 24
2020/03/08 15:25:34 580178	WARNING [visualOdometry.cpp->trackingFrame2Frame:179]	The Estimated Rotation and translation matrices(using getTransformation function) are : 
   0.999725 -0.00237106  -0.0233243   0.0795131
 0.00245494    0.999991  0.00356442  -0.0259006
  0.0233155 -0.00362062    0.999722    0.116005
          0           0           0           1
2020/03/08 15:25:34 580452	INFO [input.cpp->run:235]	rotation: 
[0.9997249841690063, -0.002371057868003845, -0.02332428097724915;
 0.002454936504364014, 0.999990701675415, 0.003564417362213135;
 0.02331554889678955, -0.003620624542236328, 0.9997217655181885]
2020/03/08 15:25:34 580484	INFO [input.cpp->run:256]	frame times (ms): 15.029
2020/03/08 15:25:34 580491	INFO [input.cpp->run:257]	FPS: 66.538
2020/03/08 15:25:34 645770	INFO [input.cpp->run:173]	
frame_id 25
2020/03/08 15:25:34 666095	WARNING [visualOdometry.cpp->trackingFrame2Frame:179]	The Estimated Rotation and translation matrices(using getTransformation function) are : 
    0.999988  -0.00237903  -0.00438887  -0.00464368
  0.00237744     0.999997 -0.000372827 -0.000798702
  0.00438961  0.000362396      0.99999     0.041142
           0            0            0            1
2020/03/08 15:25:34 666551	INFO [input.cpp->run:235]	rotation: 
[0.9999876022338867, -0.002379029989242554, -0.004388868808746338;
 0.002377435564994812, 0.9999972581863403, -0.0003728270530700684;
 0.00438961386680603, 0.000362396240234375, 0.9999904632568359]
2020/03/08 15:25:34 666608	INFO [input.cpp->run:256]	frame times (ms): 34.506
2020/03/08 15:25:34 666615	INFO [input.cpp->run:257]	FPS: 28.9805
2020/03/08 15:25:34 705787	INFO [input.cpp->run:173]	
frame_id 26
2020/03/08 15:25:34 714075	WARNING [visualOdometry.cpp->trackingFrame2Frame:179]	The Estimated Rotation and translation matrices(using getTransformation function) are : 
   0.999857  -0.0136395 -0.00996894   0.0214612
  0.0135787    0.999889 -0.00615039   0.0803955
  0.0100516  0.00601396    0.999931    0.042655
          0           0           0           1
2020/03/08 15:25:34 714350	INFO [input.cpp->run:235]	rotation: 
[0.9998571276664734, -0.01363952457904816, -0.009968936443328857;
 0.01357869803905487, 0.9998888969421387, -0.006150394678115845;
 0.01005157828330994, 0.006013959646224976, 0.9999314546585083]
2020/03/08 15:25:34 714383	INFO [input.cpp->run:256]	frame times (ms): 15.406
2020/03/08 15:25:34 714387	INFO [input.cpp->run:257]	FPS: 64.9098
2020/03/08 15:25:34 778944	INFO [input.cpp->run:173]	
frame_id 27
2020/03/08 15:25:34 799078	WARNING [visualOdometry.cpp->trackingFrame2Frame:179]	The Estimated Rotation and translation matrices(using getTransformation function) are : 
   0.999866  0.00285684  -0.0161066   0.0792685
-0.00277181    0.999982  0.00530621  -0.0379379
  0.0161216 -0.00526083    0.999856   0.0516801
          0           0           0           1
2020/03/08 15:25:34 799745	INFO [input.cpp->run:235]	rotation: 
[0.9998663067817688, 0.002856835722923279, -0.01610657572746277;
 -0.002771809697151184, 0.9999819993972778, 0.005306214094161987;
 0.01612159609794617, -0.005260825157165527, 0.9998559951782227]
2020/03/08 15:25:34 799815	INFO [input.cpp->run:256]	frame times (ms): 35.666
2020/03/08 15:25:34 799830	INFO [input.cpp->run:257]	FPS: 28.0379
2020/03/08 15:25:34 838875	INFO [input.cpp->run:173]	
frame_id 28
2020/03/08 15:25:34 846838	WARNING [visualOdometry.cpp->trackingFrame2Frame:179]	The Estimated Rotation and translation matrices(using getTransformation function) are : 
    0.999888   -0.0049345    -0.014148    0.0621495
  0.00494435     0.999988  0.000652999    0.0177708
   0.0141447 -0.000722706       0.9999    0.0415549
           0            0            0            1
2020/03/08 15:25:34 847112	INFO [input.cpp->run:235]	rotation: 
[0.9998878240585327, -0.004934504628181458, -0.01414796710014343;
 0.004944354295730591, 0.9999879598617554, 0.000652998685836792;
 0.01414468884468079, -0.0007227063179016113, 0.9998998641967773]
2020/03/08 15:25:34 847144	INFO [input.cpp->run:256]	frame times (ms): 14.775
2020/03/08 15:25:34 847147	INFO [input.cpp->run:257]	FPS: 67.6819
2020/03/08 15:25:34 912206	INFO [input.cpp->run:173]	
frame_id 29
2020/03/08 15:25:34 931343	WARNING [visualOdometry.cpp->trackingFrame2Frame:179]	The Estimated Rotation and translation matrices(using getTransformation function) are : 
    0.999939   -0.0043419   -0.0101404    0.0184896
  0.00433762     0.999991 -0.000464916   0.00331402
   0.0101423  0.000420988     0.999949    0.0655117
           0            0            0            1
2020/03/08 15:25:34 931793	INFO [input.cpp->run:235]	rotation: 
[0.9999390840530396, -0.00434190034866333, -0.01014044880867004;
 0.004337623715400696, 0.9999905824661255, -0.0004649162292480469;
 0.01014229655265808, 0.000420987606048584, 0.9999485611915588]
2020/03/08 15:25:34 931845	INFO [input.cpp->run:256]	frame times (ms): 33.409
2020/03/08 15:25:34 931850	INFO [input.cpp->run:257]	FPS: 29.9321
2020/03/08 15:25:34 971843	INFO [input.cpp->run:173]	
frame_id 30
2020/03/08 15:25:34 980078	WARNING [visualOdometry.cpp->trackingFrame2Frame:179]	The Estimated Rotation and translation matrices(using getTransformation function) are : 
   0.999817   -0.013951  -0.0131098   0.0376005
  0.0139076    0.999897 -0.00339091   0.0673473
  0.0131557  0.00320807    0.999908   0.0471635
          0           0           0           1
2020/03/08 15:25:34 980357	INFO [input.cpp->run:235]	rotation: 
[0.99981689453125, -0.01395098865032196, -0.01310980319976807;
 0.01390762627124786, 0.9998974800109863, -0.003390908241271973;
 0.0131557285785675, 0.003208070993423462, 0.999908447265625]
2020/03/08 15:25:34 980391	INFO [input.cpp->run:256]	frame times (ms): 14.899
2020/03/08 15:25:34 980397	INFO [input.cpp->run:257]	FPS: 67.1186
2020/03/08 15:25:35 047272	INFO [input.cpp->run:173]	
frame_id 31
2020/03/08 15:25:35 066407	WARNING [visualOdometry.cpp->trackingFrame2Frame:179]	The Estimated Rotation and translation matrices(using getTransformation function) are : 
   0.999985 -0.00531051 -0.00152683 -0.00115132
 0.00530642    0.999982 -0.00272742   0.0324156
 0.00154123  0.00271919    0.999995  0.00989056
          0           0           0           1
2020/03/08 15:25:35 066861	INFO [input.cpp->run:235]	rotation: 
[0.9999846816062927, -0.005310505628585815, -0.001526832580566406;
 0.005306422710418701, 0.9999822378158569, -0.002727419137954712;
 0.001541227102279663, 0.002719193696975708, 0.9999951720237732]
2020/03/08 15:25:35 066914	INFO [input.cpp->run:256]	frame times (ms): 32.21
2020/03/08 15:25:35 066920	INFO [input.cpp->run:257]	FPS: 31.0463
2020/03/08 15:25:35 105052	INFO [input.cpp->run:173]	
frame_id 32
2020/03/08 15:25:35 113095	WARNING [visualOdometry.cpp->trackingFrame2Frame:179]	The Estimated Rotation and translation matrices(using getTransformation function) are : 
   0.999822 -0.00715417   0.0174358   -0.112334
 0.00725856    0.999956 -0.00593176    0.046536
 -0.0173925  0.00605732     0.99983  -0.0296454
          0           0           0           1
2020/03/08 15:25:35 113376	INFO [input.cpp->run:235]	rotation: 
[0.9998223185539246, -0.007154166698455811, 0.01743584871292114;
 0.007258564233779907, 0.9999558329582214, -0.005931764841079712;
 -0.01739248633384705, 0.006057322025299072, 0.9998303651809692]
2020/03/08 15:25:35 113409	INFO [input.cpp->run:256]	frame times (ms): 15.108
2020/03/08 15:25:35 113416	INFO [input.cpp->run:257]	FPS: 66.1901
2020/03/08 15:25:35 172652	INFO [input.cpp->run:173]	
frame_id 33
2020/03/08 15:25:35 182280	WARNING [visualOdometry.cpp->trackingFrame2Frame:179]	The Estimated Rotation and translation matrices(using getTransformation function) are : 
    0.99966   -0.010142   0.0240164   -0.166874
  0.0102981    0.999927 -0.00638554   0.0526588
   -0.02395  0.00663054    0.999691  -0.0359898
          0           0           0           1
2020/03/08 15:25:35 182614	INFO [input.cpp->run:235]	rotation: 
[0.9996602535247803, -0.01014204323291779, 0.02401635050773621;
 0.01029810309410095, 0.999926745891571, -0.006385535001754761;
 -0.02394998073577881, 0.006630539894104004, 0.9996911287307739]
2020/03/08 15:25:35 182655	INFO [input.cpp->run:256]	frame times (ms): 17.229
2020/03/08 15:25:35 182663	INFO [input.cpp->run:257]	FPS: 58.0417
2020/03/08 15:25:35 245496	INFO [input.cpp->run:173]	
frame_id 34
2020/03/08 15:25:35 265773	WARNING [visualOdometry.cpp->trackingFrame2Frame:179]	The Estimated Rotation and translation matrices(using getTransformation function) are : 
   0.999947 -0.00512683  0.00889963  -0.0629661
 0.00516322    0.999978 -0.00406671   0.0331733
 -0.0088785  0.00411248    0.999952  -0.0124984
          0           0           0           1
2020/03/08 15:25:35 266736	INFO [input.cpp->run:235]	rotation: 
[0.9999473690986633, -0.005126833915710449, 0.00889962911605835;
 0.005163222551345825, 0.9999784231185913, -0.004066705703735352;
 -0.008878499269485474, 0.004112482070922852, 0.9999524354934692]
2020/03/08 15:25:35 266811	INFO [input.cpp->run:256]	frame times (ms): 36.757
2020/03/08 15:25:35 266828	INFO [input.cpp->run:257]	FPS: 27.2057
2020/03/08 15:25:35 307199	INFO [input.cpp->run:173]	
frame_id 35
2020/03/08 15:25:35 317186	WARNING [visualOdometry.cpp->trackingFrame2Frame:179]	The Estimated Rotation and translation matrices(using getTransformation function) are : 
   0.999966 -0.00799449  0.00205484  -0.0381117
 0.00800316    0.999959 -0.00430092   0.0425787
-0.00202027   0.0043171    0.999989   0.0157862
          0           0           0           1
2020/03/08 15:25:35 317524	INFO [input.cpp->run:235]	rotation: 
[0.9999662041664124, -0.007994487881660461, 0.002054840326309204;
 0.008003160357475281, 0.999958872795105, -0.004300922155380249;
 -0.002020269632339478, 0.004317104816436768, 0.9999886751174927]
2020/03/08 15:25:35 317565	INFO [input.cpp->run:256]	frame times (ms): 17.817
2020/03/08 15:25:35 317572	INFO [input.cpp->run:257]	FPS: 56.1262
2020/03/08 15:25:35 379932	INFO [input.cpp->run:173]	
frame_id 36
2020/03/08 15:25:35 399912	WARNING [visualOdometry.cpp->trackingFrame2Frame:179]	The Estimated Rotation and translation matrices(using getTransformation function) are : 
   0.999815 -0.00990339   0.0165094   -0.102862
  0.0100161    0.999927 -0.00675935   0.0673206
 -0.0164415  0.00692302    0.999841   -0.041584
          0           0           0           1
2020/03/08 15:25:35 400413	INFO [input.cpp->run:235]	rotation: 
[0.9998148083686829, -0.009903386235237122, 0.01650935411453247;
 0.01001609861850739, 0.9999271035194397, -0.006759345531463623;
 -0.0164414644241333, 0.006923019886016846, 0.9998410940170288]
2020/03/08 15:25:35 400467	INFO [input.cpp->run:256]	frame times (ms): 34.29
2020/03/08 15:25:35 400478	INFO [input.cpp->run:257]	FPS: 29.163
2020/03/08 15:25:35 438417	INFO [input.cpp->run:173]	
frame_id 37
2020/03/08 15:25:35 446370	WARNING [visualOdometry.cpp->trackingFrame2Frame:179]	The Estimated Rotation and translation matrices(using getTransformation function) are : 
   0.999873 -0.00700971   0.0143509  -0.0868232
 0.00706087    0.999969 -0.00351188    0.039928
 -0.0143256  0.00361294    0.999891  -0.0399737
          0           0           0           1
2020/03/08 15:25:35 446642	INFO [input.cpp->run:235]	rotation: 
[0.9998725652694702, -0.007009714841842651, 0.01435086131095886;
 0.00706087052822113, 0.9999688863754272, -0.003511875867843628;
 -0.01432564854621887, 0.003612935543060303, 0.9998908638954163]
2020/03/08 15:25:35 446674	INFO [input.cpp->run:256]	frame times (ms): 14.614
2020/03/08 15:25:35 446680	INFO [input.cpp->run:257]	FPS: 68.4275
2020/03/08 15:25:35 512381	INFO [input.cpp->run:173]	
frame_id 38
2020/03/08 15:25:35 531480	WARNING [visualOdometry.cpp->trackingFrame2Frame:179]	The Estimated Rotation and translation matrices(using getTransformation function) are : 
   0.999991  -0.0031835   0.0029203  -0.0135124
 0.00318943    0.999993 -0.00205758   0.0255516
-0.00291392  0.00206658    0.999994  -0.0157781
          0           0           0           1
2020/03/08 15:25:35 531934	INFO [input.cpp->run:235]	rotation: 
[0.999990701675415, -0.003183498978614807, 0.002920299768447876;
 0.003189429640769958, 0.999992847442627, -0.002057582139968872;
 -0.002913922071456909, 0.002066582441329956, 0.9999938607215881]
2020/03/08 15:25:35 531988	INFO [input.cpp->run:256]	frame times (ms): 32.886
2020/03/08 15:25:35 531995	INFO [input.cpp->run:257]	FPS: 30.4081
2020/03/08 15:25:35 571909	INFO [input.cpp->run:173]	
frame_id 39
2020/03/08 15:25:35 579969	WARNING [visualOdometry.cpp->trackingFrame2Frame:179]	The Estimated Rotation and translation matrices(using getTransformation function) are : 
   0.999886  -0.0089357   0.0122014  -0.0610397
 0.00900757    0.999942 -0.00585535   0.0691881
 -0.0121484  0.00596464    0.999908  -0.0513372
          0           0           0           1
2020/03/08 15:25:35 580242	INFO [input.cpp->run:235]	rotation: 
[0.9998856782913208, -0.008935704827308655, 0.01220136880874634;
 0.009007573127746582, 0.9999423027038574, -0.005855351686477661;
 -0.0121484100818634, 0.00596463680267334, 0.9999083876609802]
2020/03/08 15:25:35 580277	INFO [input.cpp->run:256]	frame times (ms): 14.529
2020/03/08 15:25:35 580298	INFO [input.cpp->run:257]	FPS: 68.8279
2020/03/08 15:25:35 645241	INFO [input.cpp->run:173]	
frame_id 40
2020/03/08 15:25:35 665058	WARNING [visualOdometry.cpp->trackingFrame2Frame:179]	The Estimated Rotation and translation matrices(using getTransformation function) are : 
   0.999947  0.00279383 -0.00987548   0.0379326
-0.00276221    0.999991  0.00318623  -0.0342231
 0.00988415 -0.00315887    0.999946   0.0500298
          0           0           0           1
2020/03/08 15:25:35 665521	INFO [input.cpp->run:235]	rotation: 
[0.9999471306800842, 0.002793833613395691, -0.009875476360321045;
 -0.002762213349342346, 0.9999910593032837, 0.003186225891113281;
 0.009884148836135864, -0.003158867359161377, 0.9999462366104126]
2020/03/08 15:25:35 665577	INFO [input.cpp->run:256]	frame times (ms): 35.223
2020/03/08 15:25:35 665586	INFO [input.cpp->run:257]	FPS: 28.3905
2020/03/08 15:25:35 706410	INFO [input.cpp->run:173]	
frame_id 41
2020/03/08 15:25:35 717486	WARNING [visualOdometry.cpp->trackingFrame2Frame:179]	The Estimated Rotation and translation matrices(using getTransformation function) are : 
    0.999985   0.00375442   0.00408056   -0.0306656
 -0.00375713     0.999993  0.000698328    -0.026648
 -0.00407788 -0.000713587     0.999992   0.00930738
           0            0            0            1
2020/03/08 15:25:35 717831	INFO [input.cpp->run:235]	rotation: 
[0.9999849796295166, 0.003754422068595886, 0.00408056378364563;
 -0.003757134079933167, 0.9999930262565613, 0.0006983280181884766;
 -0.004077881574630737, -0.0007135868072509766, 0.9999916553497314]
2020/03/08 15:25:35 717880	INFO [input.cpp->run:256]	frame times (ms): 18.203
2020/03/08 15:25:35 717889	INFO [input.cpp->run:257]	FPS: 54.936
2020/03/08 15:25:35 778818	INFO [input.cpp->run:173]	
frame_id 42
2020/03/08 15:25:35 798744	WARNING [visualOdometry.cpp->trackingFrame2Frame:179]	The Estimated Rotation and translation matrices(using getTransformation function) are : 
   0.999971  0.00329155   0.0069088  -0.0289114
-0.00328095    0.999994   -0.001515  -0.0042038
-0.00691369  0.00149259    0.999975  -0.0153327
          0           0           0           1
2020/03/08 15:25:35 799405	INFO [input.cpp->run:235]	rotation: 
[0.9999706745147705, 0.003291547298431396, 0.006908804178237915;
 -0.003280952572822571, 0.999993622303009, -0.001515001058578491;
 -0.006913691759109497, 0.001492589712142944, 0.9999752640724182]
2020/03/08 15:25:35 799474	INFO [input.cpp->run:256]	frame times (ms): 36.201
2020/03/08 15:25:35 799493	INFO [input.cpp->run:257]	FPS: 27.6235
2020/03/08 15:25:35 838372	INFO [input.cpp->run:173]	
frame_id 43
2020/03/08 15:25:35 846443	WARNING [visualOdometry.cpp->trackingFrame2Frame:179]	The Estimated Rotation and translation matrices(using getTransformation function) are : 
    0.99997 -0.00762065 -0.00134835  -0.0201726
 0.00761503    0.999962 -0.00420889    0.046809
 0.00138044  0.00419837     0.99999   0.0265813
          0           0           0           1
2020/03/08 15:25:35 846720	INFO [input.cpp->run:235]	rotation: 
[0.9999701380729675, -0.007620647549629211, -0.001348346471786499;
 0.007615029811859131, 0.9999621510505676, -0.004208892583847046;
 0.001380443572998047, 0.004198372364044189, 0.9999902248382568]
2020/03/08 15:25:35 846753	INFO [input.cpp->run:256]	frame times (ms): 14.035
2020/03/08 15:25:35 846759	INFO [input.cpp->run:257]	FPS: 71.2504
2020/03/08 15:25:35 912096	INFO [input.cpp->run:173]	
frame_id 44
2020/03/08 15:25:35 927546	WARNING [visualOdometry.cpp->trackingFrame2Frame:179]	The Estimated Rotation and translation matrices(using getTransformation function) are : 
   0.999978  0.00315134 -0.00584158   0.0386553
-0.00313886    0.999993   0.0021418  -0.0134377
 0.00584838 -0.00212336    0.999981   0.0123057
          0           0           0           1
2020/03/08 15:25:35 928062	INFO [input.cpp->run:235]	rotation: 
[0.999978244304657, 0.003151342272758484, -0.005841583013534546;
 -0.00313885509967804, 0.9999929666519165, 0.002141803503036499;
 0.00584837794303894, -0.002123355865478516, 0.999980628490448]
2020/03/08 15:25:35 928158	INFO [input.cpp->run:256]	frame times (ms): 25.98
2020/03/08 15:25:35 928182	INFO [input.cpp->run:257]	FPS: 38.4911
2020/03/08 15:25:35 972504	INFO [input.cpp->run:173]	
frame_id 45
2020/03/08 15:25:35 981131	WARNING [visualOdometry.cpp->trackingFrame2Frame:179]	The Estimated Rotation and translation matrices(using getTransformation function) are : 
   0.999704   0.0154908   0.0187521  -0.0600326
 -0.0154398    0.999877 -0.00284854  -0.0361259
 -0.0187941   0.0025582     0.99982  -0.0510755
          0           0           0           1
2020/03/08 15:25:35 981420	INFO [input.cpp->run:235]	rotation: 
[0.9997037053108215, 0.01549078524112701, 0.01875212788581848;
 -0.01543982326984406, 0.9998766183853149, -0.002848535776138306;
 -0.01879414916038513, 0.002558201551437378, 0.9998201131820679]
2020/03/08 15:25:35 981455	INFO [input.cpp->run:256]	frame times (ms): 15.577
2020/03/08 15:25:35 981459	INFO [input.cpp->run:257]	FPS: 64.1972
2020/03/08 15:25:36 049213	INFO [input.cpp->run:173]	
frame_id 46
2020/03/08 15:25:36 068535	WARNING [visualOdometry.cpp->trackingFrame2Frame:179]	The Estimated Rotation and translation matrices(using getTransformation function) are : 
   0.999819 -0.00615767   0.0179899   -0.140949
 0.00625482    0.999966 -0.00534722   0.0336914
 -0.0179563  0.00545889    0.999824    0.005301
          0           0           0           1
2020/03/08 15:25:36 068988	INFO [input.cpp->run:235]	rotation: 
[0.999819278717041, -0.006157666444778442, 0.0179898738861084;
 0.006254822015762329, 0.9999662637710571, -0.005347222089767456;
 -0.01795625686645508, 0.00545889139175415, 0.9998239278793335]
2020/03/08 15:25:36 069067	INFO [input.cpp->run:256]	frame times (ms): 28.637
2020/03/08 15:25:36 069078	INFO [input.cpp->run:257]	FPS: 34.9199
2020/03/08 15:25:36 104923	INFO [input.cpp->run:173]	
frame_id 47
2020/03/08 15:25:36 111551	WARNING [visualOdometry.cpp->trackingFrame2Frame:179]	The Estimated Rotation and translation matrices(using getTransformation function) are : 
    0.999984  5.15431e-05   0.00573137   -0.0459332
-4.93079e-05            1 -0.000411421   0.00718164
 -0.00573137  0.000411004     0.999984  0.000562668
           0            0            0            1
2020/03/08 15:25:36 111778	INFO [input.cpp->run:235]	rotation: 
[0.9999839067459106, 5.154311656951904e-05, 0.005731374025344849;
 -4.930794239044189e-05, 1.00000011920929, -0.0004114210605621338;
 -0.005731374025344849, 0.0004110038280487061, 0.9999836087226868]
2020/03/08 15:25:36 111805	INFO [input.cpp->run:256]	frame times (ms): 12.407
2020/03/08 15:25:36 111808	INFO [input.cpp->run:257]	FPS: 80.5997
2020/03/08 15:25:36 179293	INFO [input.cpp->run:173]	
frame_id 48
2020/03/08 15:25:36 199027	WARNING [visualOdometry.cpp->trackingFrame2Frame:179]	The Estimated Rotation and translation matrices(using getTransformation function) are : 
   0.999954 -0.00569917   -0.007707   0.0210009
  0.0056892    0.999983 -0.00127134   0.0388839
 0.00771421  0.00122747    0.999969   0.0371313
          0           0           0           1
2020/03/08 15:25:36 199484	INFO [input.cpp->run:235]	rotation: 
