		g3log created log at: Mon Mar 09 15:47:23 2020
		LOG format: [YYYY/MM/DD hh:mm:ss uuu* LEVEL FILE->FUNCTION:LINE] message		(uuu*: microseconds fractions of the seconds value)

2020/03/09 15:47:23 575687	INFO [g3logger.h->logBanner:29]	Starting log.
2020/03/09 15:47:23 579080	DEBUG [main.cpp->main:48]	Filepath: /home/mitchell/KITTI/data_odometry_gray/dataset/sequences/00/
2020/03/09 15:47:23 579086	DEBUG [main.cpp->main:52]	Calibration Filepath: /home/mitchell/visual_odom_catkin_ws/tank_downsized.yaml
2020/03/09 15:47:23 579191	INFO [main.cpp->main:66]	P_left: 
[409.41, 0, 251.22, 0;
 0, 408.72, 191.78999, 0;
 0, 0, 1, 0]
2020/03/09 15:47:23 579202	INFO [main.cpp->main:67]	P_right: 
[409.41, 0, 251.22, -73.940002;
 0, 408.72, 191.78999, 0;
 0, 0, 1, 0]
2020/03/09 15:47:23 732001	INFO [input.cpp->Input:22]	frame_pose [1, 0, 0, 0;
 0, 1, 0, 0;
 0, 0, 1, 0;
 0, 0, 0, 1]
2020/03/09 15:47:28 942688	INFO [input.cpp->run:173]	
frame_id 1
2020/03/09 15:47:29 048306	WARNING [visualOdometry.cpp->trackingFrame2Frame:179]	The Estimated Rotation and translation matrices(using getTransformation function) are : 
    0.999976  -0.00693744 -0.000677685   0.00650901
  0.00693925     0.999972   0.00278238    0.0049203
 0.000658363  -0.00278704     0.999996 -0.000144541
           0            0            0            1
2020/03/09 15:47:29 054832	INFO [input.cpp->run:235]	rotation: 
[0.9999759793281555, -0.006937436759471893, -0.0006776847876608372;
 0.006939254701137543, 0.999971866607666, 0.002782384632155299;
 0.000658362521789968, -0.002787037752568722, 0.9999960064888]
2020/03/09 15:47:29 054940	INFO [input.cpp->run:256]	frame times (ms): 190.549
2020/03/09 15:47:29 054943	INFO [input.cpp->run:257]	FPS: 5.24799
2020/03/09 15:47:29 077874	INFO [input.cpp->run:173]	
frame_id 2
2020/03/09 15:47:29 103582	WARNING [visualOdometry.cpp->trackingFrame2Frame:179]	The Estimated Rotation and translation matrices(using getTransformation function) are : 
    0.999983  -0.00559309  -0.00166708   0.00615036
  0.00559397     0.999984   0.00049204   0.00239959
   0.0016643 -0.000501338     0.999998  6.26445e-05
           0            0            0            1
2020/03/09 15:47:29 104916	INFO [input.cpp->run:235]	rotation: 
[0.9999829530715942, -0.005593091249465942, -0.00166708417236805;
 0.005593970417976379, 0.9999840259552002, 0.0004920396022498608;
 0.001664295792579651, -0.0005013379268348217, 0.9999984502792358]
2020/03/09 15:47:29 104967	INFO [input.cpp->run:256]	frame times (ms): 149.715
2020/03/09 15:47:29 104973	INFO [input.cpp->run:257]	FPS: 6.67936
2020/03/09 15:47:29 206101	INFO [input.cpp->run:173]	
frame_id 3
2020/03/09 15:47:29 233613	WARNING [visualOdometry.cpp->trackingFrame2Frame:179]	The Estimated Rotation and translation matrices(using getTransformation function) are : 
    0.999977  -0.00633374  -0.00265167   0.00594649
  0.00633529      0.99998  0.000498801    0.0024056
  0.00264845 -0.000515567     0.999997   0.00102752
           0            0            0            1
2020/03/09 15:47:29 234955	INFO [input.cpp->run:235]	rotation: 
[0.999976634979248, -0.006333738565444946, -0.002651669085025787;
 0.006335288286209106, 0.9999797940254211, 0.0004988014698028564;
 0.002648446708917618, -0.0005155671387910843, 0.999996542930603]
2020/03/09 15:47:29 235014	INFO [input.cpp->run:256]	frame times (ms): 165.233
2020/03/09 15:47:29 235019	INFO [input.cpp->run:257]	FPS: 6.05206
2020/03/09 15:47:29 341037	INFO [input.cpp->run:173]	
frame_id 4
2020/03/09 15:47:29 409018	WARNING [visualOdometry.cpp->trackingFrame2Frame:179]	The Estimated Rotation and translation matrices(using getTransformation function) are : 
   0.999988 -0.00392511 -0.00284793  0.00563821
 0.00391564    0.999987  -0.0032654  -0.0012154
 0.00286071  0.00325421    0.999991  0.00108451
          0           0           0           1
2020/03/09 15:47:29 410412	INFO [input.cpp->run:235]	rotation: 
[0.9999881982803345, -0.003925114870071411, -0.002847932279109955;
 0.003915637731552124, 0.9999868869781494, -0.003265395760536194;
 0.002860713750123978, 0.003254208713769913, 0.9999905824661255]
2020/03/09 15:47:29 410465	INFO [input.cpp->run:256]	frame times (ms): 186.617
2020/03/09 15:47:29 410471	INFO [input.cpp->run:257]	FPS: 5.35857
2020/03/09 15:47:29 474132	INFO [input.cpp->run:173]	
frame_id 5
2020/03/09 15:47:29 512473	WARNING [visualOdometry.cpp->trackingFrame2Frame:179]	The Estimated Rotation and translation matrices(using getTransformation function) are : 
   0.999948 -0.00992331 -0.00249382  0.00622043
 0.00993502    0.999939  0.00474533  0.00812659
 0.00244658 -0.00476988    0.999986  0.00087285
          0           0           0           1
2020/03/09 15:47:29 513835	INFO [input.cpp->run:235]	rotation: 
[0.9999476671218872, -0.009923309087753296, -0.002493821084499359;
 0.00993502140045166, 0.9999394416809082, 0.004745326936244965;
 0.002446580678224564, -0.004769876599311829, 0.9999857544898987]
2020/03/09 15:47:29 513894	INFO [input.cpp->run:256]	frame times (ms): 164.117
2020/03/09 15:47:29 513898	INFO [input.cpp->run:257]	FPS: 6.09321
2020/03/09 15:47:29 606618	INFO [input.cpp->run:173]	
frame_id 6
2020/03/09 15:47:29 640830	WARNING [visualOdometry.cpp->trackingFrame2Frame:179]	The Estimated Rotation and translation matrices(using getTransformation function) are : 
    0.999977  -0.00627074  -0.00282536   0.00508726
  0.00627053      0.99998 -5.76898e-05   0.00218792
  0.00282566  3.99724e-05     0.999996  0.000270128
           0            0            0            1
2020/03/09 15:47:29 642552	INFO [input.cpp->run:235]	rotation: 
[0.9999765753746033, -0.006270736455917358, -0.002825357019901276;
 0.006270527839660645, 0.9999803900718689, -5.76898455619812e-05;
 0.002825659699738026, 3.997236490249634e-05, 0.9999961256980896]
2020/03/09 15:47:29 642614	INFO [input.cpp->run:256]	frame times (ms): 158.451
2020/03/09 15:47:29 642636	INFO [input.cpp->run:257]	FPS: 6.3111
2020/03/09 15:47:29 742017	INFO [input.cpp->run:173]	
frame_id 7
2020/03/09 15:47:29 768456	WARNING [visualOdometry.cpp->trackingFrame2Frame:179]	The Estimated Rotation and translation matrices(using getTransformation function) are : 
   0.999937 -0.00980639 -0.00555358  0.00298771
 0.00982621    0.999945  0.00358214  0.00721744
 0.00551816 -0.00363647    0.999979  0.00185311
          0           0           0           1
2020/03/09 15:47:29 769840	INFO [input.cpp->run:235]	rotation: 
[0.9999367594718933, -0.009806394577026367, -0.005553577095270157;
 0.009826213121414185, 0.9999454021453857, 0.003582142293453217;
 0.005518157035112381, -0.003636471927165985, 0.9999785423278809]
2020/03/09 15:47:29 769899	INFO [input.cpp->run:256]	frame times (ms): 161.775
2020/03/09 15:47:29 769903	INFO [input.cpp->run:257]	FPS: 6.18143
2020/03/09 15:47:29 875524	INFO [input.cpp->run:173]	
frame_id 8
2020/03/09 15:47:29 906716	WARNING [visualOdometry.cpp->trackingFrame2Frame:179]	The Estimated Rotation and translation matrices(using getTransformation function) are : 
    0.999989  -0.00282824  -0.00384822   0.00445789
  0.00281951     0.999993  -0.00223139 -0.000919506
  0.00385451   0.00222055      0.99999   0.00095135
           0            0            0            1
2020/03/09 15:47:29 908178	INFO [input.cpp->run:235]	rotation: 
[0.9999886751174927, -0.002828240394592285, -0.00384821742773056;
 0.00281950831413269, 0.9999933838844299, -0.002231389284133911;
 0.003854513168334961, 0.002220548689365387, 0.9999901056289673]
2020/03/09 15:47:29 908245	INFO [input.cpp->run:256]	frame times (ms): 172.596
2020/03/09 15:47:29 908250	INFO [input.cpp->run:257]	FPS: 5.79388
2020/03/09 15:47:30 006725	INFO [input.cpp->run:173]	
frame_id 9
2020/03/09 15:47:30 032597	WARNING [visualOdometry.cpp->trackingFrame2Frame:179]	The Estimated Rotation and translation matrices(using getTransformation function) are : 
    0.999989  -0.00464961 -0.000729447   0.00655022
  0.00464883     0.999989 -0.000969231  0.000698414
 0.000733947  0.000965834     0.999999  -0.00052613
           0            0            0            1
2020/03/09 15:47:30 033987	INFO [input.cpp->run:235]	rotation: 
[0.9999890923500061, -0.004649609327316284, -0.0007294472306966782;
 0.004648834466934204, 0.9999887943267822, -0.000969231128692627;
 0.0007339473813772202, 0.0009658336639404297, 0.9999993443489075]
2020/03/09 15:47:30 034050	INFO [input.cpp->run:256]	frame times (ms): 159.108
2020/03/09 15:47:30 034057	INFO [input.cpp->run:257]	FPS: 6.28504
2020/03/09 15:47:30 140263	INFO [input.cpp->run:173]	
frame_id 10
2020/03/09 15:47:30 166753	WARNING [visualOdometry.cpp->trackingFrame2Frame:179]	The Estimated Rotation and translation matrices(using getTransformation function) are : 
    0.999974  -0.00377457  -0.00614136   0.00285906
  0.00375495     0.999988  -0.00320805 -0.000951115
  0.00615349   0.00318494     0.999976   0.00223875
           0            0            0            1
2020/03/09 15:47:30 168185	INFO [input.cpp->run:235]	rotation: 
[0.9999737739562988, -0.003774568671360612, -0.006141364574432373;
 0.003754948498681188, 0.9999878406524658, -0.003208045614883304;
 0.006153494119644165, 0.003184941131621599, 0.9999759793281555]
2020/03/09 15:47:30 168242	INFO [input.cpp->run:256]	frame times (ms): 158.839
2020/03/09 15:47:30 168246	INFO [input.cpp->run:257]	FPS: 6.29568
2020/03/09 15:47:30 273587	INFO [input.cpp->run:173]	
frame_id 11
2020/03/09 15:47:30 302015	WARNING [visualOdometry.cpp->trackingFrame2Frame:179]	The Estimated Rotation and translation matrices(using getTransformation function) are : 
    0.999992  -0.00295001  -0.00257742   0.00578988
   0.0029451     0.999994  -0.00188635 -0.000683913
  0.00258297   0.00187874     0.999995  0.000571907
           0            0            0            1
2020/03/09 15:47:30 303578	INFO [input.cpp->run:235]	rotation: 
[0.9999924898147583, -0.002950012683868408, -0.002577424049377441;
 0.002945095300674438, 0.9999939203262329, -0.001886352896690369;
 0.002582971006631851, 0.001878738403320312, 0.9999949336051941]
2020/03/09 15:47:30 303642	INFO [input.cpp->run:256]	frame times (ms): 163.922
2020/03/09 15:47:30 303647	INFO [input.cpp->run:257]	FPS: 6.10046
2020/03/09 15:47:30 406067	INFO [input.cpp->run:173]	
frame_id 12
2020/03/09 15:47:30 433132	WARNING [visualOdometry.cpp->trackingFrame2Frame:179]	The Estimated Rotation and translation matrices(using getTransformation function) are : 
   0.999968 -0.00656757   -0.004571  0.00442356
  0.0065853    0.999971  0.00384428  0.00524033
 0.00454561 -0.00387423    0.999982  0.00171024
          0           0           0           1
2020/03/09 15:47:30 434525	INFO [input.cpp->run:235]	rotation: 
[0.9999681115150452, -0.006567567586898804, -0.004571001976728439;
 0.006585299968719482, 0.9999710321426392, 0.003844276070594788;
 0.004545610398054123, -0.003874227404594421, 0.9999822378158569]
2020/03/09 15:47:30 434587	INFO [input.cpp->run:256]	frame times (ms): 167.597
2020/03/09 15:47:30 434594	INFO [input.cpp->run:257]	FPS: 5.96669
2020/03/09 15:47:30 541280	INFO [input.cpp->run:173]	
frame_id 13
2020/03/09 15:47:30 568625	WARNING [visualOdometry.cpp->trackingFrame2Frame:179]	The Estimated Rotation and translation matrices(using getTransformation function) are : 
    0.999992   -0.0037457  -0.00163688   0.00610745
  0.00374252     0.999992  -0.00174616 -0.000453996
  0.00164343   0.00174002     0.999997  0.000300407
           0            0            0            1
2020/03/09 15:47:30 569998	INFO [input.cpp->run:235]	rotation: 
[0.9999917149543762, -0.003745704889297485, -0.00163688138127327;
 0.003742516040802002, 0.9999915957450867, -0.00174616277217865;
 0.001643426716327667, 0.001740016043186188, 0.9999971389770508]
2020/03/09 15:47:30 570054	INFO [input.cpp->run:256]	frame times (ms): 170.582
2020/03/09 15:47:30 570059	INFO [input.cpp->run:257]	FPS: 5.86228
2020/03/09 15:47:30 673550	INFO [input.cpp->run:173]	
frame_id 14
2020/03/09 15:47:30 701686	WARNING [visualOdometry.cpp->trackingFrame2Frame:179]	The Estimated Rotation and translation matrices(using getTransformation function) are : 
    0.999988  -0.00292188  -0.00392677   0.00561267
  0.00292155     0.999996 -7.75009e-05  0.000334668
  0.00392698  6.60047e-05     0.999992   0.00188035
           0            0            0            1
2020/03/09 15:47:30 703112	INFO [input.cpp->run:235]	rotation: 
[0.9999879598617554, -0.002921879291534424, -0.00392676517367363;
 0.002921551465988159, 0.9999957084655762, -7.750093936920166e-05;
 0.003926984965801239, 6.600469350814819e-05, 0.9999923706054688]
2020/03/09 15:47:30 703170	INFO [input.cpp->run:256]	frame times (ms): 167.902
2020/03/09 15:47:30 703175	INFO [input.cpp->run:257]	FPS: 5.95586
2020/03/09 15:47:30 809709	INFO [input.cpp->run:173]	
frame_id 15
2020/03/09 15:47:30 838685	WARNING [visualOdometry.cpp->trackingFrame2Frame:179]	The Estimated Rotation and translation matrices(using getTransformation function) are : 
    0.999968  -0.00313435  -0.00739071   0.00219876
  0.00312731     0.999995 -0.000909247  0.000146685
  0.00739342  0.000886247     0.999972   0.00278628
           0            0            0            1
2020/03/09 15:47:30 840129	INFO [input.cpp->run:235]	rotation: 
[0.9999679327011108, -0.003134347498416901, -0.007390707731246948;
 0.003127314150333405, 0.9999947547912598, -0.0009092465043067932;
 0.007393419742584229, 0.0008862465620040894, 0.9999724626541138]
2020/03/09 15:47:30 840189	INFO [input.cpp->run:256]	frame times (ms): 172.597
2020/03/09 15:47:30 840194	INFO [input.cpp->run:257]	FPS: 5.79384
2020/03/09 15:47:30 940867	INFO [input.cpp->run:173]	
frame_id 16
2020/03/09 15:47:30 967836	WARNING [visualOdometry.cpp->trackingFrame2Frame:179]	The Estimated Rotation and translation matrices(using getTransformation function) are : 
    0.999981  -0.00491545  -0.00361107   0.00470698
  0.00491416     0.999988 -0.000337534   0.00169467
  0.00361269  0.000319779     0.999994   0.00131589
           0            0            0            1
2020/03/09 15:47:30 969511	INFO [input.cpp->run:235]	rotation: 
[0.9999813437461853, -0.004915446043014526, -0.003611072897911072;
 0.004914164543151855, 0.9999877214431763, -0.0003375336527824402;
 0.003612685948610306, 0.0003197789192199707, 0.9999935030937195]
2020/03/09 15:47:30 969569	INFO [input.cpp->run:256]	frame times (ms): 184.338
2020/03/09 15:47:30 969576	INFO [input.cpp->run:257]	FPS: 5.42482
2020/03/09 15:47:31 073778	INFO [input.cpp->run:173]	
frame_id 17
2020/03/09 15:47:31 101682	WARNING [visualOdometry.cpp->trackingFrame2Frame:179]	The Estimated Rotation and translation matrices(using getTransformation function) are : 
    0.999977  -0.00462115  -0.00514642   0.00380528
  0.00461897      0.99999 -0.000361435   0.00152756
  0.00514803   0.00033769     0.999987   0.00242507
           0            0            0            1
2020/03/09 15:47:31 103391	INFO [input.cpp->run:235]	rotation: 
[0.9999765157699585, -0.004621148109436035, -0.005146417766809464;
 0.004618972539901733, 0.9999895095825195, -0.0003614351153373718;
 0.005148030817508698, 0.0003376901149749756, 0.9999869465827942]
2020/03/09 15:47:31 103454	INFO [input.cpp->run:256]	frame times (ms): 180.505
2020/03/09 15:47:31 103461	INFO [input.cpp->run:257]	FPS: 5.54001
2020/03/09 15:47:31 206084	INFO [input.cpp->run:173]	
frame_id 18
2020/03/09 15:47:31 235300	WARNING [visualOdometry.cpp->trackingFrame2Frame:179]	The Estimated Rotation and translation matrices(using getTransformation function) are : 
   0.999979 -0.00398377 -0.00519757  0.00334406
 0.00397831    0.999992 -0.00104821 0.000980019
 0.00520173  0.00102753    0.999986  0.00190759
          0           0           0           1
2020/03/09 15:47:31 236884	INFO [input.cpp->run:235]	rotation: 
[0.9999785423278809, -0.003983765840530396, -0.005197569727897644;
 0.003978312015533447, 0.9999915361404419, -0.00104820728302002;
 0.005201727151870728, 0.001027531921863556, 0.9999860525131226]
2020/03/09 15:47:31 236950	INFO [input.cpp->run:256]	frame times (ms): 187.83
2020/03/09 15:47:31 236958	INFO [input.cpp->run:257]	FPS: 5.32396
2020/03/09 15:47:31 339292	INFO [input.cpp->run:173]	
frame_id 19
2020/03/09 15:47:31 368139	WARNING [visualOdometry.cpp->trackingFrame2Frame:179]	The Estimated Rotation and translation matrices(using getTransformation function) are : 
   0.999983 -0.00489023 -0.00321575  0.00497621
 0.00489402    0.999987  0.00118525  0.00273819
  0.0032099 -0.00120097    0.999994  0.00134343
          0           0           0           1
2020/03/09 15:47:31 369578	INFO [input.cpp->run:235]	rotation: 
[0.9999829530715942, -0.004890233278274536, -0.003215745091438293;
 0.004894018173217773, 0.9999873638153076, 0.001185253262519836;
 0.003209896385669708, -0.001200966536998749, 0.999994158744812]
2020/03/09 15:47:31 369636	INFO [input.cpp->run:256]	frame times (ms): 187.732
2020/03/09 15:47:31 369640	INFO [input.cpp->run:257]	FPS: 5.32674
2020/03/09 15:47:31 472206	INFO [input.cpp->run:173]	
frame_id 20
2020/03/09 15:47:31 501664	WARNING [visualOdometry.cpp->trackingFrame2Frame:179]	The Estimated Rotation and translation matrices(using getTransformation function) are : 
   0.999967 -0.00220169 -0.00786525  -0.0418535
 0.00218727    0.999996 -0.00184085 -0.00222592
 0.00786918  0.00182354    0.999968  -0.0215011
          0           0           0           1
2020/03/09 15:47:31 503285	INFO [input.cpp->run:235]	rotation: 
[0.9999668002128601, -0.002201687544584274, -0.007865250110626221;
 0.002187274396419525, 0.9999961256980896, -0.001840850338339806;
 0.007869184017181396, 0.001823537051677704, 0.9999675750732422]
2020/03/09 15:47:31 503328	INFO [input.cpp->run:256]	frame times (ms): 176.889
2020/03/09 15:47:31 503330	INFO [input.cpp->run:257]	FPS: 5.65326
2020/03/09 15:47:31 609166	INFO [input.cpp->run:173]	
frame_id 21
2020/03/09 15:47:31 639280	WARNING [visualOdometry.cpp->trackingFrame2Frame:179]	The Estimated Rotation and translation matrices(using getTransformation function) are : 
    0.999992  -0.00383067 -0.000865564   0.00575882
  0.00382829      0.99999  -0.00248041 -0.000233077
 0.000875033   0.00247707     0.999997 -0.000507534
           0            0            0            1
2020/03/09 15:47:31 640648	INFO [input.cpp->run:235]	rotation: 
[0.9999921917915344, -0.003830671310424805, -0.0008655637502670288;
 0.003828287124633789, 0.9999895691871643, -0.002480410039424896;
 0.000875033438205719, 0.002477072179317474, 0.999996542930603]
2020/03/09 15:47:31 640689	INFO [input.cpp->run:256]	frame times (ms): 197.685
2020/03/09 15:47:31 640691	INFO [input.cpp->run:257]	FPS: 5.05855
2020/03/09 15:47:31 740048	INFO [input.cpp->run:173]	
frame_id 22
2020/03/09 15:47:31 770632	WARNING [visualOdometry.cpp->trackingFrame2Frame:179]	The Estimated Rotation and translation matrices(using getTransformation function) are : 
   0.999965 -0.00377044 -0.00751998  0.00216591
 0.00379109    0.999989  0.00278229  0.00250339
 0.00750941 -0.00281066    0.999968  0.00398409
          0           0           0           1
2020/03/09 15:47:31 772316	INFO [input.cpp->run:235]	rotation: 
[0.9999648928642273, -0.003770440816879272, -0.007519982755184174;
 0.003791093826293945, 0.9999892711639404, 0.002782292664051056;
 0.007509410381317139, -0.002810664474964142, 0.9999681711196899]
2020/03/09 15:47:31 772378	INFO [input.cpp->run:256]	frame times (ms): 200.191
2020/03/09 15:47:31 772385	INFO [input.cpp->run:257]	FPS: 4.99523
2020/03/09 15:47:31 874488	INFO [input.cpp->run:173]	
frame_id 23
2020/03/09 15:47:31 905651	WARNING [visualOdometry.cpp->trackingFrame2Frame:179]	The Estimated Rotation and translation matrices(using getTransformation function) are : 
    0.99998 -0.00502694 -0.00379472  0.00318897
 0.00503188    0.999987  0.00123403  0.00185916
 0.00378847 -0.00125311    0.999992  0.00095284
          0           0           0           1
2020/03/09 15:47:31 907199	INFO [input.cpp->run:235]	rotation: 
[0.999980092048645, -0.005026936531066895, -0.003794722259044647;
 0.005031883716583252, 0.9999865293502808, 0.001234032213687897;
 0.003788471221923828, -0.001253105700016022, 0.9999920129776001]
2020/03/09 15:47:31 907265	INFO [input.cpp->run:256]	frame times (ms): 204.505
2020/03/09 15:47:31 907272	INFO [input.cpp->run:257]	FPS: 4.88986
2020/03/09 15:47:32 006593	INFO [input.cpp->run:173]	
frame_id 24
2020/03/09 15:47:32 035451	WARNING [visualOdometry.cpp->trackingFrame2Frame:179]	The Estimated Rotation and translation matrices(using getTransformation function) are : 
     0.99999    -0.003397    -0.002924   0.00381136
  0.00339543     0.999994 -0.000510549  0.000329634
   0.0029256   0.00050072     0.999996  0.000926971
           0            0            0            1
2020/03/09 15:47:32 036871	INFO [input.cpp->run:235]	rotation: 
[0.9999903440475464, -0.003396999090909958, -0.00292399525642395;
 0.003395427018404007, 0.9999942779541016, -0.0005105491727590561;
 0.002925604581832886, 0.0005007199943065643, 0.9999958872795105]
2020/03/09 15:47:32 036910	INFO [input.cpp->run:256]	frame times (ms): 198.452
2020/03/09 15:47:32 036913	INFO [input.cpp->run:257]	FPS: 5.039
2020/03/09 15:47:32 141883	INFO [input.cpp->run:173]	
frame_id 25
2020/03/09 15:47:32 175051	WARNING [visualOdometry.cpp->trackingFrame2Frame:179]	The Estimated Rotation and translation matrices(using getTransformation function) are : 
    0.999995  -0.00260144  -0.00195093   0.00461841
  0.00259951     0.999996 -0.000968285 -0.000358314
  0.00195345  0.000963226     0.999998  0.000447631
           0            0            0            1
2020/03/09 15:47:32 176600	INFO [input.cpp->run:235]	rotation: 
[0.9999948143959045, -0.002601444721221924, -0.001950927078723907;
 0.002599507570266724, 0.9999961853027344, -0.0009682849049568176;
 0.001953445374965668, 0.0009632259607315063, 0.9999976754188538]
2020/03/09 15:47:32 176643	INFO [input.cpp->run:256]	frame times (ms): 217.168
2020/03/09 15:47:32 176647	INFO [input.cpp->run:257]	FPS: 4.60473
2020/03/09 15:47:32 273258	INFO [input.cpp->run:173]	
frame_id 26
2020/03/09 15:47:32 305874	WARNING [visualOdometry.cpp->trackingFrame2Frame:179]	The Estimated Rotation and translation matrices(using getTransformation function) are : 
    0.999991  -0.00291634  -0.00319406   0.00403827
  0.00291854     0.999995  0.000660717   0.00071124
  0.00319209 -0.000670057     0.999994   0.00171489
           0            0            0            1
2020/03/09 15:47:32 307408	INFO [input.cpp->run:235]	rotation: 
[0.999990701675415, -0.002916336059570312, -0.003194063901901245;
 0.002918541431427002, 0.9999954700469971, 0.0006607174873352051;
 0.00319208949804306, -0.0006700567901134491, 0.9999943375587463]
2020/03/09 15:47:32 307449	INFO [input.cpp->run:256]	frame times (ms): 226.558
2020/03/09 15:47:32 307454	INFO [input.cpp->run:257]	FPS: 4.41388
2020/03/09 15:47:32 406581	INFO [input.cpp->run:173]	
frame_id 27
2020/03/09 15:47:32 438574	WARNING [visualOdometry.cpp->trackingFrame2Frame:179]	The Estimated Rotation and translation matrices(using getTransformation function) are : 
   0.999982 -0.00515425 -0.00319848  0.00316799
 0.00516143    0.999984  0.00224381  0.00297219
 0.00318683 -0.00226035    0.999992 0.000973821
          0           0           0           1
2020/03/09 15:47:32 440399	INFO [input.cpp->run:235]	rotation: 
[0.9999817609786987, -0.005154252052307129, -0.003198482096195221;
 0.005161434412002563, 0.9999844431877136, 0.002243809401988983;
 0.003186829388141632, -0.002260353416204453, 0.9999922513961792]
2020/03/09 15:47:32 440452	INFO [input.cpp->run:256]	frame times (ms): 223.662
2020/03/09 15:47:32 440455	INFO [input.cpp->run:257]	FPS: 4.47103
2020/03/09 15:47:32 540461	INFO [input.cpp->run:173]	
frame_id 28
2020/03/09 15:47:32 570524	WARNING [visualOdometry.cpp->trackingFrame2Frame:179]	The Estimated Rotation and translation matrices(using getTransformation function) are : 
     0.99999   -0.0035798  -0.00260597   0.00371578
  0.00357956     0.999994 -0.000108783  0.000815844
  0.00260633  9.94513e-05     0.999997  0.000814795
           0            0            0            1
2020/03/09 15:47:32 572383	INFO [input.cpp->run:235]	rotation: 
[0.9999902844429016, -0.003579795360565186, -0.002605967223644257;
 0.003579556941986084, 0.9999936819076538, -0.000108783133327961;
 0.002606334164738655, 9.945128113031387e-05, 0.999996542930603]
2020/03/09 15:47:32 572425	INFO [input.cpp->run:256]	frame times (ms): 229.02
2020/03/09 15:47:32 572429	INFO [input.cpp->run:257]	FPS: 4.36643
2020/03/09 15:47:32 673847	INFO [input.cpp->run:173]	
frame_id 29
2020/03/09 15:47:32 705024	WARNING [visualOdometry.cpp->trackingFrame2Frame:179]	The Estimated Rotation and translation matrices(using getTransformation function) are : 
    0.999994  -0.00248323  -0.00260288   0.00339705
  0.00248551     0.999997  0.000918783    0.0005611
  0.00260046 -0.000925198     0.999996  0.000696182
           0            0            0            1
2020/03/09 15:47:32 706592	INFO [input.cpp->run:235]	rotation: 
[0.9999936819076538, -0.00248323380947113, -0.002602875232696533;
 0.002485513687133789, 0.9999967813491821, 0.0009187832474708557;
 0.00260046124458313, -0.0009251981973648071, 0.9999963045120239]
2020/03/09 15:47:32 706632	INFO [input.cpp->run:256]	frame times (ms): 246.388
2020/03/09 15:47:32 706635	INFO [input.cpp->run:257]	FPS: 4.05864
2020/03/09 15:47:32 807842	INFO [input.cpp->run:173]	
frame_id 30
2020/03/09 15:47:32 838964	WARNING [visualOdometry.cpp->trackingFrame2Frame:179]	The Estimated Rotation and translation matrices(using getTransformation function) are : 
   0.999981 -0.00399122 -0.00469289   0.0022282
 0.00399992     0.99999  0.00189968  0.00251118
 0.00468528 -0.00191841    0.999987  0.00204575
          0           0           0           1
2020/03/09 15:47:32 840678	INFO [input.cpp->run:235]	rotation: 
[0.9999813437461853, -0.003991216421127319, -0.004692893475294113;
 0.003999918699264526, 0.9999903440475464, 0.001899681985378265;
 0.004685275256633759, -0.001918412744998932, 0.9999874234199524]
2020/03/09 15:47:32 840718	INFO [input.cpp->run:256]	frame times (ms): 236.35
2020/03/09 15:47:32 840722	INFO [input.cpp->run:257]	FPS: 4.23101
2020/03/09 15:47:32 940142	INFO [input.cpp->run:173]	
frame_id 31
2020/03/09 15:47:32 971048	WARNING [visualOdometry.cpp->trackingFrame2Frame:179]	The Estimated Rotation and translation matrices(using getTransformation function) are : 
    0.999993  -0.00274645  -0.00271481   0.00311255
  0.00274612     0.999996 -0.000117056  0.000185814
  0.00271493  0.000109665     0.999997  0.000964582
           0            0            0            1
2020/03/09 15:47:32 972662	INFO [input.cpp->run:235]	rotation: 
[0.9999926090240479, -0.002746447920799255, -0.002714812755584717;
 0.002746120095252991, 0.9999962449073792, -0.0001170560717582703;
 0.002714931964874268, 0.0001096650958061218, 0.9999966621398926]
2020/03/09 15:47:32 972703	INFO [input.cpp->run:256]	frame times (ms): 241.407
2020/03/09 15:47:32 972707	INFO [input.cpp->run:257]	FPS: 4.14238
2020/03/09 15:47:33 076365	INFO [input.cpp->run:173]	
frame_id 32
2020/03/09 15:47:33 109350	WARNING [visualOdometry.cpp->trackingFrame2Frame:179]	The Estimated Rotation and translation matrices(using getTransformation function) are : 
    0.999626  -0.00206813    0.0272676    0.0409688
  0.00235463     0.999943   -0.0104758  -0.00613991
  -0.0272444     0.010536     0.999574 -0.000756085
           0            0            0            1
2020/03/09 15:47:33 110889	INFO [input.cpp->run:235]	rotation: 
[0.9996263980865479, -0.002068128436803818, 0.02726763486862183;
 0.00235462561249733, 0.9999425411224365, -0.01047582924365997;
 -0.02724438905715942, 0.01053604856133461, 0.9995735883712769]
2020/03/09 15:47:33 110930	INFO [input.cpp->run:256]	frame times (ms): 247.454
2020/03/09 15:47:33 110934	INFO [input.cpp->run:257]	FPS: 4.04116
2020/03/09 15:47:33 209031	INFO [input.cpp->run:173]	
frame_id 33
2020/03/09 15:47:33 243576	WARNING [visualOdometry.cpp->trackingFrame2Frame:179]	The Estimated Rotation and translation matrices(using getTransformation function) are : 
   0.999994 -0.00309882 -0.00167671  0.00360084
 0.00310072    0.999994  0.00104119  0.00141123
 0.00167346 -0.00104637    0.999998 0.000445247
          0           0           0           1
2020/03/09 15:47:33 245258	INFO [input.cpp->run:235]	rotation: 
[0.999993622303009, -0.003098815679550171, -0.001676708459854126;
 0.003100723028182983, 0.9999944567680359, 0.001041188836097717;
 0.001673463732004166, -0.001046366989612579, 0.9999980926513672]
2020/03/09 15:47:33 245313	INFO [input.cpp->run:256]	frame times (ms): 260.432
2020/03/09 15:47:33 245317	INFO [input.cpp->run:257]	FPS: 3.83977
2020/03/09 15:47:33 340725	INFO [input.cpp->run:173]	
frame_id 34
2020/03/09 15:47:33 376851	WARNING [visualOdometry.cpp->trackingFrame2Frame:179]	The Estimated Rotation and translation matrices(using getTransformation function) are : 
    0.999992  -0.00295565  -0.00269395   0.00307399
  0.00295648     0.999996  0.000318769  0.000755325
  0.00269302 -0.000326738     0.999996   0.00116503
           0            0            0            1
2020/03/09 15:47:33 378395	INFO [input.cpp->run:235]	rotation: 
[0.9999920129776001, -0.002955645322799683, -0.002693947404623032;
 0.002956479787826538, 0.9999955296516418, 0.0003187693655490875;
 0.002693016082048416, -0.0003267377614974976, 0.9999961256980896]
2020/03/09 15:47:33 378443	INFO [input.cpp->run:256]	frame times (ms): 270.152
2020/03/09 15:47:33 378447	INFO [input.cpp->run:257]	FPS: 3.70162
2020/03/09 15:47:33 473938	INFO [input.cpp->run:173]	
frame_id 35
2020/03/09 15:47:33 513784	WARNING [visualOdometry.cpp->trackingFrame2Frame:179]	The Estimated Rotation and translation matrices(using getTransformation function) are : 
    0.999994  -0.00321835 -0.000935763   0.00632399
  0.00321884     0.999995  0.000578068   0.00146696
 0.000933915 -0.000581022     0.999999   0.00123346
           0            0            0            1
2020/03/09 15:47:33 515444	INFO [input.cpp->run:235]	rotation: 
[0.9999944567680359, -0.003218352794647217, -0.0009357631206512451;
 0.003218844532966614, 0.9999947547912598, 0.0005780681967735291;
 0.000933915376663208, -0.0005810223519802094, 0.999999463558197]
2020/03/09 15:47:33 515492	INFO [input.cpp->run:256]	frame times (ms): 279.322
2020/03/09 15:47:33 515497	INFO [input.cpp->run:257]	FPS: 3.5801
2020/03/09 15:47:33 607108	INFO [input.cpp->run:173]	
frame_id 36
2020/03/09 15:47:33 644044	WARNING [visualOdometry.cpp->trackingFrame2Frame:179]	The Estimated Rotation and translation matrices(using getTransformation function) are : 
   0.999997   -0.001219 -0.00209638  0.00396156
 0.00122499    0.999995  0.00282977 0.000893113
 0.00209311 -0.00283232    0.999994 0.000765979
          0           0           0           1
2020/03/09 15:47:33 645810	INFO [input.cpp->run:235]	rotation: 
[0.9999973177909851, -0.001219004392623901, -0.002096384763717651;
 0.001224994659423828, 0.9999954104423523, 0.002829767763614655;
 0.002093106508255005, -0.002832323312759399, 0.9999939799308777]
2020/03/09 15:47:33 645873	INFO [input.cpp->run:256]	frame times (ms): 280.983
2020/03/09 15:47:33 645877	INFO [input.cpp->run:257]	FPS: 3.55893
2020/03/09 15:47:33 739936	INFO [input.cpp->run:173]	
frame_id 37
2020/03/09 15:47:33 773388	WARNING [visualOdometry.cpp->trackingFrame2Frame:179]	The Estimated Rotation and translation matrices(using getTransformation function) are : 
   0.999996 -0.00224541 -0.00175986  0.00362408
 0.00224732    0.999997  0.00105896 0.000764819
 0.00175744 -0.00106291    0.999998 0.000747263
          0           0           0           1
2020/03/09 15:47:33 775155	INFO [input.cpp->run:235]	rotation: 
[0.9999961853027344, -0.002245411276817322, -0.001759856939315796;
 0.002247318625450134, 0.9999970197677612, 0.001058958470821381;
 0.001757442951202393, -0.001062914729118347, 0.9999982118606567]
2020/03/09 15:47:33 775206	INFO [input.cpp->run:256]	frame times (ms): 281.611
2020/03/09 15:47:33 775238	INFO [input.cpp->run:257]	FPS: 3.551
2020/03/09 15:47:33 873510	INFO [input.cpp->run:173]	
frame_id 38
2020/03/09 15:47:33 911088	WARNING [visualOdometry.cpp->trackingFrame2Frame:179]	The Estimated Rotation and translation matrices(using getTransformation function) are : 
   0.999995 -0.00286683 -0.00122842   0.0052734
 0.00286812    0.999995  0.00109213  0.00120812
  0.0012252 -0.00109565    0.999999  0.00155658
          0           0           0           1
2020/03/09 15:47:33 913160	INFO [input.cpp->run:235]	rotation: 
[0.9999949932098389, -0.002866834402084351, -0.001228421926498413;
 0.002868115901947021, 0.9999952912330627, 0.001092128455638885;
 0.001225203275680542, -0.00109565258026123, 0.9999986290931702]
2020/03/09 15:47:33 913208	INFO [input.cpp->run:256]	frame times (ms): 299.553
2020/03/09 15:47:33 913214	INFO [input.cpp->run:257]	FPS: 3.33831
2020/03/09 15:47:34 010814	INFO [input.cpp->run:173]	
frame_id 39
2020/03/09 15:47:34 046068	WARNING [visualOdometry.cpp->trackingFrame2Frame:179]	The Estimated Rotation and translation matrices(using getTransformation function) are : 
    0.999996  -0.00231077  -0.00200623   0.00174099
   0.0023116     0.999997  0.000445478 -0.000533064
  0.00200516 -0.000450023     0.999998  0.000407994
           0            0            0            1
2020/03/09 15:47:34 047686	INFO [input.cpp->run:235]	rotation: 
[0.9999955296516418, -0.002310767769813538, -0.002006232738494873;
 0.002311602234840393, 0.9999972581863403, 0.0004454776644706726;
 0.002005159854888916, -0.0004500225186347961, 0.9999979734420776]
2020/03/09 15:47:34 047733	INFO [input.cpp->run:256]	frame times (ms): 313.163
2020/03/09 15:47:34 047740	INFO [input.cpp->run:257]	FPS: 3.19323
2020/03/09 15:47:34 142493	INFO [input.cpp->run:173]	
frame_id 40
2020/03/09 15:47:34 179290	WARNING [visualOdometry.cpp->trackingFrame2Frame:179]	The Estimated Rotation and translation matrices(using getTransformation function) are : 
    0.999997  -0.00205705  -0.00162852   0.00343657
  0.00205857     0.999998   0.00096859  3.98159e-05
  0.00162652 -0.000971951     0.999998  0.000716567
           0            0            0            1
2020/03/09 15:47:34 181387	INFO [input.cpp->run:235]	rotation: 
[0.9999966025352478, -0.002057045698165894, -0.001628518104553223;
 0.002058565616607666, 0.9999975562095642, 0.0009685903787612915;
 0.001626521348953247, -0.0009719505906105042, 0.9999982714653015]
2020/03/09 15:47:34 181451	INFO [input.cpp->run:256]	frame times (ms): 325.519
2020/03/09 15:47:34 181457	INFO [input.cpp->run:257]	FPS: 3.07202
2020/03/09 15:47:34 275307	INFO [input.cpp->run:173]	
frame_id 41
2020/03/09 15:47:34 310282	WARNING [visualOdometry.cpp->trackingFrame2Frame:179]	The Estimated Rotation and translation matrices(using getTransformation function) are : 
   0.999996 -0.00254169  -0.0010184   0.0089891
 0.00254293    0.999996  0.00118253  0.00131079
 0.00101557 -0.00118499    0.999999  0.00355053
          0           0           0           1
2020/03/09 15:47:34 311893	INFO [input.cpp->run:235]	rotation: 
[0.9999963641166687, -0.002541691064834595, -0.001018404960632324;
 0.002542927861213684, 0.9999960064888, 0.001182533800601959;
 0.001015573740005493, -0.001184992492198944, 0.9999986886978149]
2020/03/09 15:47:34 311942	INFO [input.cpp->run:256]	frame times (ms): 302.356
2020/03/09 15:47:34 311949	INFO [input.cpp->run:257]	FPS: 3.30736
2020/03/09 15:47:34 408874	INFO [input.cpp->run:173]	
frame_id 42
2020/03/09 15:47:34 442271	WARNING [visualOdometry.cpp->trackingFrame2Frame:179]	The Estimated Rotation and translation matrices(using getTransformation function) are : 
    0.999995  -0.00306469 -0.000799745    0.0152081
  0.00306682     0.999992     0.002679   0.00430993
 0.000791401  -0.00268158     0.999996   0.00767189
           0            0            0            1
2020/03/09 15:47:34 443987	INFO [input.cpp->run:235]	rotation: 
[0.9999951720237732, -0.00306469202041626, -0.0007997453212738037;
 0.00306682288646698, 0.9999918937683105, 0.002678997814655304;
 0.000791400671005249, -0.002681583166122437, 0.9999963045120239]
2020/03/09 15:47:34 444039	INFO [input.cpp->run:256]	frame times (ms): 306.855
2020/03/09 15:47:34 444045	INFO [input.cpp->run:257]	FPS: 3.25887
2020/03/09 15:47:34 539776	INFO [input.cpp->run:173]	
frame_id 43
2020/03/09 15:47:34 578181	WARNING [visualOdometry.cpp->trackingFrame2Frame:179]	The Estimated Rotation and translation matrices(using getTransformation function) are : 
    0.999994 -0.000662118  -0.00352436   -0.0146766
 0.000668973     0.999998   0.00192682  -0.00242098
   0.0035232   -0.0019291     0.999992  -0.00835681
           0            0            0            1
2020/03/09 15:47:34 579741	INFO [input.cpp->run:235]	rotation: 
[0.9999937415122986, -0.0006621181964874268, -0.003524363040924072;
 0.0006689727306365967, 0.9999977350234985, 0.001926824450492859;
 0.003523200750350952, -0.001929104328155518, 0.9999918937683105]
2020/03/09 15:47:34 579787	INFO [input.cpp->run:256]	frame times (ms): 337.281
2020/03/09 15:47:34 579791	INFO [input.cpp->run:257]	FPS: 2.96489
2020/03/09 15:47:34 674425	INFO [input.cpp->run:173]	
frame_id 44
2020/03/09 15:47:34 713614	WARNING [visualOdometry.cpp->trackingFrame2Frame:179]	The Estimated Rotation and translation matrices(using getTransformation function) are : 
    0.999996  -0.00238223  -0.00143385   0.00253099
  0.00238292     0.999997  0.000513107 -0.000186361
  0.00143254 -0.000516534     0.999999  0.000590205
           0            0            0            1
2020/03/09 15:47:34 715397	INFO [input.cpp->run:235]	rotation: 
[0.9999960660934448, -0.002382233738899231, -0.001433849334716797;
 0.002382919192314148, 0.9999971389770508, 0.0005131065845489502;
 0.001432538032531738, -0.0005165338516235352, 0.9999988675117493]
2020/03/09 15:47:34 715442	INFO [input.cpp->run:256]	frame times (ms): 347.91
2020/03/09 15:47:34 715448	INFO [input.cpp->run:257]	FPS: 2.87431
2020/03/09 15:47:34 807921	INFO [input.cpp->run:173]	
frame_id 45
2020/03/09 15:47:34 843356	WARNING [visualOdometry.cpp->trackingFrame2Frame:179]	The Estimated Rotation and translation matrices(using getTransformation function) are : 
    0.999996   -0.0026201 -0.000688553   0.00924999
  0.00262171     0.999994   0.00241069   0.00168506
 0.000682384  -0.00241239     0.999997   0.00369835
           0            0            0            1
2020/03/09 15:47:34 844905	INFO [input.cpp->run:235]	rotation: 
[0.9999963045120239, -0.002620100975036621, -0.0006885528564453125;
 0.002621710300445557, 0.9999936819076538, 0.002410687506198883;
 0.0006823837757110596, -0.002412393689155579, 0.9999967813491821]
2020/03/09 15:47:34 844952	INFO [input.cpp->run:256]	frame times (ms): 326.853
2020/03/09 15:47:34 844956	INFO [input.cpp->run:257]	FPS: 3.05948
2020/03/09 15:47:34 943434	INFO [input.cpp->run:173]	
frame_id 46
2020/03/09 15:47:34 978993	WARNING [visualOdometry.cpp->trackingFrame2Frame:179]	The Estimated Rotation and translation matrices(using getTransformation function) are : 
    0.999975  -0.00697305  0.000992209    0.0585288
  0.00697877     0.999959  -0.00578488   0.00494602
-0.000951707   0.00579161     0.999983    0.0298505
           0            0            0            1
2020/03/09 15:47:34 980636	INFO [input.cpp->run:235]	rotation: 
[0.999975323677063, -0.006973050534725189, 0.00099220871925354;
 0.00697876513004303, 0.9999589323997498, -0.005784884095191956;
 -0.0009517073631286621, 0.005791611969470978, 0.9999829530715942]
2020/03/09 15:47:34 980682	INFO [input.cpp->run:256]	frame times (ms): 317.13
2020/03/09 15:47:34 980688	INFO [input.cpp->run:257]	FPS: 3.15328
2020/03/09 15:47:35 073645	INFO [input.cpp->run:173]	
frame_id 47
2020/03/09 15:47:35 114134	WARNING [visualOdometry.cpp->trackingFrame2Frame:179]	The Estimated Rotation and translation matrices(using getTransformation function) are : 
