		g3log created log at: Mon Mar 09 15:50:56 2020
		LOG format: [YYYY/MM/DD hh:mm:ss uuu* LEVEL FILE->FUNCTION:LINE] message		(uuu*: microseconds fractions of the seconds value)

2020/03/09 15:50:56 191899	INFO [g3logger.h->logBanner:29]	Starting log.
2020/03/09 15:50:56 195712	DEBUG [main.cpp->main:48]	Filepath: /home/mitchell/KITTI/data_odometry_gray/dataset/sequences/00/
2020/03/09 15:50:56 195715	DEBUG [main.cpp->main:52]	Calibration Filepath: /home/mitchell/visual_odom_catkin_ws/tank_downsized.yaml
2020/03/09 15:50:56 195853	INFO [main.cpp->main:66]	P_left: 
[409.41, 0, 251.22, 0;
 0, 408.72, 191.78999, 0;
 0, 0, 1, 0]
2020/03/09 15:50:56 195865	INFO [main.cpp->main:67]	P_right: 
[409.41, 0, 251.22, -73.940002;
 0, 408.72, 191.78999, 0;
 0, 0, 1, 0]
2020/03/09 15:50:56 350922	INFO [input.cpp->Input:22]	frame_pose [1, 0, 0, 0;
 0, 1, 0, 0;
 0, 0, 1, 0;
 0, 0, 0, 1]
2020/03/09 15:50:56 755757	INFO [input.cpp->run:173]	
frame_id 1
2020/03/09 15:50:56 864619	WARNING [visualOdometry.cpp->trackingFrame2Frame:179]	The Estimated Rotation and translation matrices(using getTransformation function) are : 
           1  2.53692e-05 -7.91848e-05   -0.0239468
-2.53394e-05            1  0.000521012 -0.000319406
 7.92444e-05 -0.000521008            1   -0.0207739
           0            0            0            1
2020/03/09 15:50:56 869789	INFO [input.cpp->run:235]	rotation: 
[1, 2.536922693252563e-05, -7.918477058410645e-05;
 -2.533942461013794e-05, 0.9999998211860657, 0.0005210116505622864;
 7.924437522888184e-05, -0.0005210079252719879, 0.9999998807907104]
2020/03/09 15:50:56 869939	INFO [input.cpp->run:256]	frame times (ms): 667.191
2020/03/09 15:50:56 869947	INFO [input.cpp->run:257]	FPS: 1.49882
2020/03/09 15:50:56 954306	INFO [input.cpp->run:173]	
frame_id 2
2020/03/09 15:50:57 023856	WARNING [visualOdometry.cpp->trackingFrame2Frame:179]	The Estimated Rotation and translation matrices(using getTransformation function) are : 
           1   0.00088352  0.000456274   -0.0011315
-0.000883222            1 -0.000381328  0.000122219
-0.000456333  0.000380516            1 -0.000675559
           0            0            0            1
2020/03/09 15:50:57 025910	INFO [input.cpp->run:235]	rotation: 
[0.9999997019767761, 0.0008835196495056152, 0.0004562735557556152;
 -0.0008832216262817383, 0.9999997615814209, -0.0003813281655311584;
 -0.0004563331604003906, 0.0003805160522460938, 0.9999998807907104]
2020/03/09 15:50:57 025991	INFO [input.cpp->run:256]	frame times (ms): 665.834
2020/03/09 15:50:57 025997	INFO [input.cpp->run:257]	FPS: 1.50188
2020/03/09 15:50:57 154523	INFO [input.cpp->run:173]	
frame_id 3
2020/03/09 15:50:57 223605	WARNING [visualOdometry.cpp->trackingFrame2Frame:179]	The Estimated Rotation and translation matrices(using getTransformation function) are : 
    0.999999    0.0014191 -2.25306e-05   -0.0201193
 -0.00141913     0.999998  -0.00133107  -0.00502299
 2.04146e-05   0.00133116     0.999999     -0.01941
           0            0            0            1
2020/03/09 15:50:57 226395	INFO [input.cpp->run:235]	rotation: 
[0.9999992251396179, 0.001419104635715485, -2.253055572509766e-05;
 -0.001419134438037872, 0.9999984502792358, -0.001331068575382233;
 2.041459083557129e-05, 0.001331157982349396, 0.9999992847442627]
2020/03/09 15:50:57 226494	INFO [input.cpp->run:256]	frame times (ms): 671.785
2020/03/09 15:50:57 226502	INFO [input.cpp->run:257]	FPS: 1.48857
2020/03/09 15:50:57 353697	INFO [input.cpp->run:173]	
frame_id 4
2020/03/09 15:50:57 420021	WARNING [visualOdometry.cpp->trackingFrame2Frame:179]	The Estimated Rotation and translation matrices(using getTransformation function) are : 
           1  0.000746071  0.000104328 -0.000859022
-0.000746071            1 -0.000201343  0.000372395
-0.000104452  0.000201235            1 -0.000762582
           0            0            0            1
2020/03/09 15:50:57 421834	INFO [input.cpp->run:235]	rotation: 
[0.9999999403953552, 0.0007460713386535645, 0.0001043276861310005;
 -0.0007460713386535645, 1, -0.0002013430930674076;
 -0.000104452483355999, 0.0002012345939874649, 1.000000238418579]
2020/03/09 15:50:57 421898	INFO [input.cpp->run:256]	frame times (ms): 673.357
2020/03/09 15:50:57 421902	INFO [input.cpp->run:257]	FPS: 1.4851
2020/03/09 15:50:57 556439	INFO [input.cpp->run:173]	
frame_id 5
2020/03/09 15:50:57 616188	WARNING [visualOdometry.cpp->trackingFrame2Frame:179]	The Estimated Rotation and translation matrices(using getTransformation function) are : 
    0.999999    0.0012967  0.000789046  0.000539958
 -0.00129521     0.999998  -0.00188444 -0.000922367
 -0.00079155   0.00188349     0.999998 -4.39286e-05
           0            0            0            1
2020/03/09 15:50:57 618325	INFO [input.cpp->run:235]	rotation: 
[0.9999991059303284, 0.001296699047088623, 0.0007890462875366211;
 -0.001295208930969238, 0.9999975562095642, -0.001884438097476959;
 -0.0007915496826171875, 0.00188349187374115, 0.9999982118606567]
2020/03/09 15:50:57 618403	INFO [input.cpp->run:256]	frame times (ms): 696.516
2020/03/09 15:50:57 618407	INFO [input.cpp->run:257]	FPS: 1.43572
2020/03/09 15:50:57 754586	INFO [input.cpp->run:173]	
frame_id 6
2020/03/09 15:50:57 814764	WARNING [visualOdometry.cpp->trackingFrame2Frame:179]	The Estimated Rotation and translation matrices(using getTransformation function) are : 
           1  0.000406206  0.000269361  0.000247836
-0.000406027            1 -0.000448616  0.000428811
-0.000269543  0.000448508            1 -0.000467062
           0            0            0            1
2020/03/09 15:50:57 816550	INFO [input.cpp->run:235]	rotation: 
[0.9999998807907104, 0.0004062056541442871, 0.0002693608403205872;
 -0.0004060268402099609, 0.9999998211860657, -0.0004486162215471268;
 -0.0002695433795452118, 0.0004485081881284714, 0.9999998807907104]
2020/03/09 15:50:57 816594	INFO [input.cpp->run:256]	frame times (ms): 693.388
2020/03/09 15:50:57 816597	INFO [input.cpp->run:257]	FPS: 1.44219
2020/03/09 15:50:57 955578	INFO [input.cpp->run:173]	
frame_id 7
2020/03/09 15:50:58 015501	WARNING [visualOdometry.cpp->trackingFrame2Frame:179]	The Estimated Rotation and translation matrices(using getTransformation function) are : 
           1  4.02331e-06 -1.68794e-05  -9.0301e-05
 -3.9041e-06            1 -0.000753117 -5.58197e-05
 1.68815e-05  0.000753107            1 -0.000755668
           0            0            0            1
2020/03/09 15:50:58 017632	INFO [input.cpp->run:235]	rotation: 
[1.00000011920929, 4.023313522338867e-06, -1.687942130956799e-05;
 -3.904104232788086e-06, 0.9999998211860657, -0.0007531166775152087;
 1.688145857769996e-05, 0.0007531065493822098, 0.9999999403953552]
2020/03/09 15:50:58 017700	INFO [input.cpp->run:256]	frame times (ms): 682.804
2020/03/09 15:50:58 017705	INFO [input.cpp->run:257]	FPS: 1.46455
2020/03/09 15:50:58 157032	INFO [input.cpp->run:173]	
frame_id 8
2020/03/09 15:50:58 227877	WARNING [visualOdometry.cpp->trackingFrame2Frame:179]	The Estimated Rotation and translation matrices(using getTransformation function) are : 
           1 -0.000373095 -3.86199e-05  0.000894487
 0.000373214            1   2.5383e-05   0.00100383
  3.8607e-05 -2.54002e-05            1  0.000106871
           0            0            0            1
2020/03/09 15:50:58 229721	INFO [input.cpp->run:235]	rotation: 
[0.9999998807907104, -0.0003730952739715576, -3.861985169351101e-05;
 0.0003732144832611084, 0.9999998211860657, 2.538296394050121e-05;
 3.860704600811005e-05, -2.54001934081316e-05, 0.9999998211860657]
2020/03/09 15:50:58 229792	INFO [input.cpp->run:256]	frame times (ms): 686.243
2020/03/09 15:50:58 229796	INFO [input.cpp->run:257]	FPS: 1.45721
2020/03/09 15:50:58 355154	INFO [input.cpp->run:173]	
frame_id 9
2020/03/09 15:50:58 432432	WARNING [visualOdometry.cpp->trackingFrame2Frame:179]	The Estimated Rotation and translation matrices(using getTransformation function) are : 
    0.999999 -0.000743449 -0.000924796  -0.00494403
 0.000740781     0.999996  -0.00288314  -0.00275922
 0.000926882   0.00288241     0.999995  -0.00674373
           0            0            0            1
2020/03/09 15:50:58 434599	INFO [input.cpp->run:235]	rotation: 
[0.9999991655349731, -0.0007434487342834473, -0.0009247958660125732;
 0.0007407814264297485, 0.9999955892562866, -0.00288313627243042;
 0.0009268820285797119, 0.002882406115531921, 0.9999954700469971]
2020/03/09 15:50:58 434664	INFO [input.cpp->run:256]	frame times (ms): 727.006
2020/03/09 15:50:58 434670	INFO [input.cpp->run:257]	FPS: 1.3755
2020/03/09 15:50:58 556940	INFO [input.cpp->run:173]	
frame_id 10
2020/03/09 15:50:58 618620	WARNING [visualOdometry.cpp->trackingFrame2Frame:179]	The Estimated Rotation and translation matrices(using getTransformation function) are : 
    0.999999  0.000279929  -0.00185731   -0.0426181
-0.000278451            1  0.000766907  -0.00111181
  0.00185743 -0.000766471     0.999998   -0.0375566
           0            0            0            1
2020/03/09 15:50:58 620354	INFO [input.cpp->run:235]	rotation: 
[0.9999986290931702, 0.0002799294888973236, -0.00185731053352356;
 -0.0002784505486488342, 0.9999999403953552, 0.0007669068872928619;
 0.00185742974281311, -0.0007664710283279419, 0.9999983310699463]
2020/03/09 15:50:58 620412	INFO [input.cpp->run:256]	frame times (ms): 693.259
2020/03/09 15:50:58 620416	INFO [input.cpp->run:257]	FPS: 1.44246
2020/03/09 15:50:58 756604	INFO [input.cpp->run:173]	
frame_id 11
2020/03/09 15:50:58 817574	WARNING [visualOdometry.cpp->trackingFrame2Frame:179]	The Estimated Rotation and translation matrices(using getTransformation function) are : 
           1   0.00110701  0.000123233   0.00422376
  -0.0011066     0.999996   -0.0028294 -0.000170574
-0.000126153   0.00282913     0.999996    0.0026983
           0            0            0            1
2020/03/09 15:50:58 819374	INFO [input.cpp->run:235]	rotation: 
[0.9999995231628418, 0.001107007265090942, 0.0001232326030731201;
 -0.00110660120844841, 0.9999955892562866, -0.002829395234584808;
 -0.0001261532306671143, 0.002829134464263916, 0.9999959468841553]
2020/03/09 15:50:58 819433	INFO [input.cpp->run:256]	frame times (ms): 691.298
2020/03/09 15:50:58 819439	INFO [input.cpp->run:257]	FPS: 1.44655
2020/03/09 15:50:58 956291	INFO [input.cpp->run:173]	
frame_id 12
2020/03/09 15:50:59 014096	WARNING [visualOdometry.cpp->trackingFrame2Frame:179]	The Estimated Rotation and translation matrices(using getTransformation function) are : 
           1 -0.000419259 -0.000797313 -0.000212252
 0.000419527            1 -0.000227533   0.00161159
  0.00079738  0.000227246            1 -0.000987649
           0            0            0            1
2020/03/09 15:50:59 015892	INFO [input.cpp->run:235]	rotation: 
[0.9999997019767761, -0.0004192590713500977, -0.0007973127067089081;
 0.0004195272922515869, 1, -0.0002275332808494568;
 0.0007973797619342804, 0.0002272464334964752, 1]
2020/03/09 15:50:59 015946	INFO [input.cpp->run:256]	frame times (ms): 692.165
2020/03/09 15:50:59 015950	INFO [input.cpp->run:257]	FPS: 1.44474
2020/03/09 15:50:59 156009	INFO [input.cpp->run:173]	
frame_id 13
2020/03/09 15:50:59 214785	WARNING [visualOdometry.cpp->trackingFrame2Frame:179]	The Estimated Rotation and translation matrices(using getTransformation function) are : 
           1  0.000188559 -0.000415534   0.00693843
-0.000190131     0.999992   -0.0040217 -0.000817046
  0.00041461   0.00402175     0.999992   0.00663579
           0            0            0            1
2020/03/09 15:50:59 216697	INFO [input.cpp->run:235]	rotation: 
[1, 0.0001885592937469482, -0.0004155337810516357;
 -0.0001901313662528992, 0.999991774559021, -0.004021704196929932;
 0.0004146099090576172, 0.004021748900413513, 0.9999921321868896]
2020/03/09 15:50:59 216761	INFO [input.cpp->run:256]	frame times (ms): 674.744
2020/03/09 15:50:59 216766	INFO [input.cpp->run:257]	FPS: 1.48204
2020/03/09 15:50:59 354020	INFO [input.cpp->run:173]	
frame_id 14
2020/03/09 15:50:59 411719	WARNING [visualOdometry.cpp->trackingFrame2Frame:179]	The Estimated Rotation and translation matrices(using getTransformation function) are : 
    0.999999   0.00139698  0.000260323   0.00472713
 -0.00139618     0.999995  -0.00291923  0.000296354
-0.000264257   0.00291899     0.999996   0.00221801
           0            0            0            1
2020/03/09 15:50:59 413449	INFO [input.cpp->run:235]	rotation: 
[0.9999990463256836, 0.001396983861923218, 0.0002603232860565186;
 -0.00139617919921875, 0.9999946355819702, -0.002919234335422516;
 -0.0002642571926116943, 0.002918988466262817, 0.9999956488609314]
2020/03/09 15:50:59 413513	INFO [input.cpp->run:256]	frame times (ms): 664.246
2020/03/09 15:50:59 413518	INFO [input.cpp->run:257]	FPS: 1.50547
2020/03/09 15:50:59 556614	INFO [input.cpp->run:173]	
frame_id 15
2020/03/09 15:50:59 616964	WARNING [visualOdometry.cpp->trackingFrame2Frame:179]	The Estimated Rotation and translation matrices(using getTransformation function) are : 
    0.999998    0.0020778  0.000833541    0.0247627
 -0.00207444      0.99999  -0.00413023 -0.000341967
-0.000842154   0.00412854     0.999992    0.0207128
           0            0            0            1
2020/03/09 15:50:59 618843	INFO [input.cpp->run:235]	rotation: 
[0.9999978542327881, 0.002077801153063774, 0.0008335411548614502;
 -0.002074439078569412, 0.9999895095825195, -0.004130234941840172;
 -0.0008421540260314941, 0.004128541797399521, 0.9999915361404419]
2020/03/09 15:50:59 618903	INFO [input.cpp->run:256]	frame times (ms): 696.268
2020/03/09 15:50:59 618909	INFO [input.cpp->run:257]	FPS: 1.43623
2020/03/09 15:50:59 754756	INFO [input.cpp->run:173]	
frame_id 16
2020/03/09 15:50:59 813464	WARNING [visualOdometry.cpp->trackingFrame2Frame:179]	The Estimated Rotation and translation matrices(using getTransformation function) are : 
    0.999996  -0.00042817  -0.00268524  -0.00165537
   0.0004296            1  0.000500653   0.00275023
  0.00268501 -0.000501798     0.999996   0.00103337
           0            0            0            1
2020/03/09 15:50:59 815195	INFO [input.cpp->run:235]	rotation: 
[0.9999962449073792, -0.0004281699657440186, -0.002685237675905228;
 0.0004296004772186279, 0.9999997019767761, 0.000500652939081192;
 0.00268501415848732, -0.0005017984658479691, 0.9999964237213135]
2020/03/09 15:50:59 815266	INFO [input.cpp->run:256]	frame times (ms): 682.757
2020/03/09 15:50:59 815289	INFO [input.cpp->run:257]	FPS: 1.46465
2020/03/09 15:50:59 954868	INFO [input.cpp->run:173]	
frame_id 17
2020/03/09 15:51:00 013670	WARNING [visualOdometry.cpp->trackingFrame2Frame:179]	The Estimated Rotation and translation matrices(using getTransformation function) are : 
    0.999997   0.00010705   0.00253525   0.00198999
-0.000105143            1 -0.000726588   0.00256012
  -0.0025354  0.000726335     0.999997  -0.00173903
           0            0            0            1
2020/03/09 15:51:00 015623	INFO [input.cpp->run:235]	rotation: 
[0.9999968409538269, 0.0001070499420166016, 0.002535253763198853;
 -0.0001051425933837891, 0.9999998807907104, -0.0007265880703926086;
 -0.002535395324230194, 0.0007263347506523132, 0.9999967217445374]
2020/03/09 15:51:00 015693	INFO [input.cpp->run:256]	frame times (ms): 669.057
2020/03/09 15:51:00 015700	INFO [input.cpp->run:257]	FPS: 1.49464
2020/03/09 15:51:00 156417	INFO [input.cpp->run:173]	
frame_id 18
2020/03/09 15:51:00 215230	WARNING [visualOdometry.cpp->trackingFrame2Frame:179]	The Estimated Rotation and translation matrices(using getTransformation function) are : 
   0.999994  0.00316097  0.00128374    0.186467
-0.00315489    0.999984   -0.004797 0.000770167
-0.00129899  0.00479301    0.999988    0.159589
          0           0           0           1
2020/03/09 15:51:00 216917	INFO [input.cpp->run:235]	rotation: 
[0.9999942779541016, 0.003160972148180008, 0.001283735036849976;
 -0.003154894802719355, 0.999983549118042, -0.004796998109668493;
 -0.001298993825912476, 0.004793014377355576, 0.9999876022338867]
2020/03/09 15:51:00 216973	INFO [input.cpp->run:256]	frame times (ms): 680.151
2020/03/09 15:51:00 216978	INFO [input.cpp->run:257]	FPS: 1.47026
2020/03/09 15:51:00 356167	INFO [input.cpp->run:173]	
frame_id 19
2020/03/09 15:51:00 413997	WARNING [visualOdometry.cpp->trackingFrame2Frame:179]	The Estimated Rotation and translation matrices(using getTransformation function) are : 
           1 -0.000150949 -0.000376314  -0.00124425
 0.000149623     0.999994   -0.0035606  0.000777185
 0.000376701   0.00356045     0.999993 -0.000852764
           0            0            0            1
2020/03/09 15:51:00 415646	INFO [input.cpp->run:235]	rotation: 
[1, -0.0001509487628936768, -0.0003763139247894287;
 0.0001496225595474243, 0.9999938011169434, -0.00356060266494751;
 0.0003767013549804688, 0.003560453653335571, 0.9999934434890747]
2020/03/09 15:51:00 415705	INFO [input.cpp->run:256]	frame times (ms): 662.888
2020/03/09 15:51:00 415709	INFO [input.cpp->run:257]	FPS: 1.50855
2020/03/09 15:51:00 557791	INFO [input.cpp->run:173]	
frame_id 20
2020/03/09 15:51:00 614640	WARNING [visualOdometry.cpp->trackingFrame2Frame:179]	The Estimated Rotation and translation matrices(using getTransformation function) are : 
           1  0.000139087   0.00057748  0.000157952
 -0.00013724     0.999994  -0.00338843   0.00100146
-0.000577956   0.00338832     0.999994 -0.000361919
           0            0            0            1
2020/03/09 15:51:00 616505	INFO [input.cpp->run:235]	rotation: 
[0.9999998807907104, 0.000139087438583374, 0.0005774796009063721;
 -0.0001372396945953369, 0.9999943971633911, -0.003388434648513794;
 -0.0005779564380645752, 0.003388315439224243, 0.999994158744812]
2020/03/09 15:51:00 616555	INFO [input.cpp->run:256]	frame times (ms): 617.601
2020/03/09 15:51:00 616560	INFO [input.cpp->run:257]	FPS: 1.61917
2020/03/09 15:51:00 756581	INFO [input.cpp->run:173]	
frame_id 21
2020/03/09 15:51:00 815815	WARNING [visualOdometry.cpp->trackingFrame2Frame:179]	The Estimated Rotation and translation matrices(using getTransformation function) are : 
           1  6.81877e-05 -7.56383e-05 -0.000507891
-6.85453e-05     0.999994  -0.00341654   0.00181399
 7.52509e-05   0.00341624     0.999994 -0.000252962
           0            0            0            1
2020/03/09 15:51:00 817837	INFO [input.cpp->run:235]	rotation: 
[1, 6.818771362304688e-05, -7.56382942199707e-05;
 -6.854534149169922e-05, 0.999994158744812, -0.003416538238525391;
 7.525086402893066e-05, 0.003416240215301514, 0.9999942779541016]
2020/03/09 15:51:00 817903	INFO [input.cpp->run:256]	frame times (ms): 665.263
2020/03/09 15:51:00 817910	INFO [input.cpp->run:257]	FPS: 1.50316
2020/03/09 15:51:00 957131	INFO [input.cpp->run:173]	
frame_id 22
2020/03/09 15:51:01 014967	WARNING [visualOdometry.cpp->trackingFrame2Frame:179]	The Estimated Rotation and translation matrices(using getTransformation function) are : 
    0.999999 -0.000153838  -0.00115612   -0.0208909
 0.000149449     0.999993  -0.00380264   0.00157401
   0.0011569   0.00380247     0.999992   -0.0176298
           0            0            0            1
2020/03/09 15:51:01 016653	INFO [input.cpp->run:235]	rotation: 
[0.9999992251396179, -0.000153837725520134, -0.001156121492385864;
 0.0001494493335485458, 0.9999926686286926, -0.003802637569606304;
 0.001156896352767944, 0.00380246527493, 0.9999920725822449]
2020/03/09 15:51:01 016703	INFO [input.cpp->run:256]	frame times (ms): 648.576
2020/03/09 15:51:01 016711	INFO [input.cpp->run:257]	FPS: 1.54184
2020/03/09 15:51:01 158255	INFO [input.cpp->run:173]	
frame_id 23
2020/03/09 15:51:01 212338	WARNING [visualOdometry.cpp->trackingFrame2Frame:179]	The Estimated Rotation and translation matrices(using getTransformation function) are : 
    0.999998   0.00216086 -0.000122726   -0.0153113
 -0.00216137     0.999989  -0.00411051   0.00130503
 0.000114173   0.00411074     0.999992   -0.0129428
           0            0            0            1
2020/03/09 15:51:01 214118	INFO [input.cpp->run:235]	rotation: 
[0.9999978542327881, 0.002160859294235706, -0.0001227259635925293;
 -0.00216137059032917, 0.9999891519546509, -0.004110506735742092;
 0.0001141726970672607, 0.004110736772418022, 0.9999916553497314]
2020/03/09 15:51:01 214182	INFO [input.cpp->run:256]	frame times (ms): 604.382
2020/03/09 15:51:01 214186	INFO [input.cpp->run:257]	FPS: 1.65458
2020/03/09 15:51:01 359815	INFO [input.cpp->run:173]	
frame_id 24
2020/03/09 15:51:01 414696	WARNING [visualOdometry.cpp->trackingFrame2Frame:179]	The Estimated Rotation and translation matrices(using getTransformation function) are : 
           1  0.000657316 -0.000615746  -0.00220317
-0.000659984     0.999991  -0.00431466    0.0022805
 0.000612736   0.00431507     0.999991 -0.000803709
           0            0            0            1
2020/03/09 15:51:01 416406	INFO [input.cpp->run:235]	rotation: 
[0.9999996423721313, 0.0006573162972927094, -0.0006157457828521729;
 -0.0006599836051464081, 0.9999905228614807, -0.004314657300710678;
 0.0006127357482910156, 0.004315074533224106, 0.9999905824661255]
2020/03/09 15:51:01 416731	INFO [input.cpp->run:256]	frame times (ms): 603.141
2020/03/09 15:51:01 416738	INFO [input.cpp->run:257]	FPS: 1.65799
2020/03/09 15:51:01 555771	INFO [input.cpp->run:173]	
frame_id 25
2020/03/09 15:51:01 608825	WARNING [visualOdometry.cpp->trackingFrame2Frame:179]	The Estimated Rotation and translation matrices(using getTransformation function) are : 
    0.999996   0.00289273 -1.77622e-05   -0.0795253
 -0.00289278     0.999986  -0.00444093   0.00317045
 4.79817e-06   0.00444097      0.99999   -0.0685241
           0            0            0            1
2020/03/09 15:51:01 610517	INFO [input.cpp->run:235]	rotation: 
[0.9999957680702209, 0.002892725169658661, -1.776218414306641e-05;
 -0.00289277546107769, 0.9999859929084778, -0.004440926015377045;
 4.798173904418945e-06, 0.004440969787538052, 0.9999901056289673]
2020/03/09 15:51:01 610576	INFO [input.cpp->run:256]	frame times (ms): 589.019
2020/03/09 15:51:01 610583	INFO [input.cpp->run:257]	FPS: 1.69774
2020/03/09 15:51:01 758658	INFO [input.cpp->run:173]	
frame_id 26
2020/03/09 15:51:01 813109	WARNING [visualOdometry.cpp->trackingFrame2Frame:179]	The Estimated Rotation and translation matrices(using getTransformation function) are : 
    0.999999   0.00115479 -0.000272125  -0.00337139
  -0.0011556     0.999995  -0.00290937   0.00309305
 0.000268817   0.00290968     0.999996  -0.00204253
           0            0            0            1
2020/03/09 15:51:01 814837	INFO [input.cpp->run:235]	rotation: 
[0.999999463558197, 0.001154791563749313, -0.0002721250057220459;
 -0.00115559995174408, 0.9999951124191284, -0.002909373492002487;
 0.0002688169479370117, 0.00290968269109726, 0.9999958276748657]
2020/03/09 15:51:01 814897	INFO [input.cpp->run:256]	frame times (ms): 610.399
2020/03/09 15:51:01 814902	INFO [input.cpp->run:257]	FPS: 1.63827
2020/03/09 15:51:01 957724	INFO [input.cpp->run:173]	
frame_id 27
2020/03/09 15:51:02 013089	WARNING [visualOdometry.cpp->trackingFrame2Frame:179]	The Estimated Rotation and translation matrices(using getTransformation function) are : 
    0.999999   0.00120391 -3.97563e-05  -0.00224018
  -0.0012041     0.999996  -0.00244258   0.00335465
 3.66867e-05   0.00244276     0.999997  -0.00128865
           0            0            0            1
2020/03/09 15:51:02 014801	INFO [input.cpp->run:235]	rotation: 
[0.9999994039535522, 0.001203909516334534, -3.975629806518555e-05;
 -0.001204095780849457, 0.9999961853027344, -0.002442575991153717;
 3.668665885925293e-05, 0.00244276225566864, 0.9999971389770508]
2020/03/09 15:51:02 014853	INFO [input.cpp->run:256]	frame times (ms): 621.826
2020/03/09 15:51:02 014857	INFO [input.cpp->run:257]	FPS: 1.60817
2020/03/09 15:51:02 155647	INFO [input.cpp->run:173]	
frame_id 28
2020/03/09 15:51:02 210628	WARNING [visualOdometry.cpp->trackingFrame2Frame:179]	The Estimated Rotation and translation matrices(using getTransformation function) are : 
   0.999997  0.00216985   0.0012182  0.00151566
-0.00216403    0.999987 -0.00472622  0.00104159
-0.00122848  0.00472356    0.999988  0.00154501
          0           0           0           1
2020/03/09 15:51:02 212450	INFO [input.cpp->run:235]	rotation: 
[0.9999969005584717, 0.002169854938983917, 0.001218199729919434;
 -0.002164032310247421, 0.9999866485595703, -0.004726216197013855;
 -0.001228481531143188, 0.004723556339740753, 0.9999881386756897]
2020/03/09 15:51:02 212521	INFO [input.cpp->run:256]	frame times (ms): 593.343
2020/03/09 15:51:02 212528	INFO [input.cpp->run:257]	FPS: 1.68537
2020/03/09 15:51:02 358301	INFO [input.cpp->run:173]	
frame_id 29
2020/03/09 15:51:02 412826	WARNING [visualOdometry.cpp->trackingFrame2Frame:179]	The Estimated Rotation and translation matrices(using getTransformation function) are : 
   0.999998  0.00192086 0.000170201   -0.157259
-0.00192016     0.99999 -0.00395692   0.0105317
-0.00017789  0.00395662    0.999992   -0.133771
          0           0           0           1
2020/03/09 15:51:02 414771	INFO [input.cpp->run:235]	rotation: 
[0.9999980926513672, 0.001920858398079872, 0.0001702010631561279;
 -0.001920163631439209, 0.9999902844429016, -0.00395691767334938;
 -0.0001778900623321533, 0.003956619650125504, 0.9999922513961792]
2020/03/09 15:51:02 414830	INFO [input.cpp->run:256]	frame times (ms): 575.751
2020/03/09 15:51:02 414835	INFO [input.cpp->run:257]	FPS: 1.73686
2020/03/09 15:51:02 556056	INFO [input.cpp->run:173]	
frame_id 30
2020/03/09 15:51:02 610198	WARNING [visualOdometry.cpp->trackingFrame2Frame:179]	The Estimated Rotation and translation matrices(using getTransformation function) are : 
           1   0.00106818 -0.000491828    -0.178455
 -0.00106902     0.999998  -0.00167659     0.013604
  0.00049004   0.00167708     0.999999    -0.151526
           0            0            0            1
2020/03/09 15:51:02 612063	INFO [input.cpp->run:235]	rotation: 
[0.9999997615814209, 0.001068178564310074, -0.0004918277263641357;
 -0.001069022342562675, 0.9999983310699463, -0.001676594838500023;
 0.000490039587020874, 0.001677077263593674, 0.9999988079071045]
2020/03/09 15:51:02 612117	INFO [input.cpp->run:256]	frame times (ms): 581.582
2020/03/09 15:51:02 612121	INFO [input.cpp->run:257]	FPS: 1.71945
2020/03/09 15:51:02 758471	INFO [input.cpp->run:173]	
frame_id 31
2020/03/09 15:51:02 811655	WARNING [visualOdometry.cpp->trackingFrame2Frame:179]	The Estimated Rotation and translation matrices(using getTransformation function) are : 
    0.999999   0.00156863 -0.000261545   -0.0806052
 -0.00156922     0.999997  -0.00204583    0.0087225
 0.000258446   0.00204631     0.999998   -0.0675758
           0            0            0            1
2020/03/09 15:51:02 813442	INFO [input.cpp->run:235]	rotation: 
[0.9999990463256836, 0.001568634063005447, -0.0002615451812744141;
 -0.001569218933582306, 0.9999966621398926, -0.002045832574367523;
 0.0002584457397460938, 0.002046313136816025, 0.9999982118606567]
2020/03/09 15:51:02 813497	INFO [input.cpp->run:256]	frame times (ms): 587.633
2020/03/09 15:51:02 813502	INFO [input.cpp->run:257]	FPS: 1.70174
2020/03/09 15:51:02 959385	INFO [input.cpp->run:173]	
frame_id 32
2020/03/09 15:51:03 012818	WARNING [visualOdometry.cpp->trackingFrame2Frame:179]	The Estimated Rotation and translation matrices(using getTransformation function) are : 
    0.999999   0.00177472 -1.95205e-05   -0.0421321
 -0.00177477     0.999996  -0.00238055   0.00635518
 1.55568e-05   0.00238059     0.999997   -0.0347559
           0            0            0            1
2020/03/09 15:51:03 014500	INFO [input.cpp->run:235]	rotation: 
[0.9999985694885254, 0.001774720847606659, -1.952052116394043e-05;
 -0.001774769276380539, 0.9999955892562866, -0.002380553632974625;
 1.555681228637695e-05, 0.002380585297942162, 0.9999971985816956]
2020/03/09 15:51:03 014552	INFO [input.cpp->run:256]	frame times (ms): 556.839
2020/03/09 15:51:03 014555	INFO [input.cpp->run:257]	FPS: 1.79585
2020/03/09 15:51:03 158770	INFO [input.cpp->run:173]	
frame_id 33
2020/03/09 15:51:03 212430	WARNING [visualOdometry.cpp->trackingFrame2Frame:179]	The Estimated Rotation and translation matrices(using getTransformation function) are : 
    0.999997   0.00229638   0.00057292    -0.041591
 -0.00229406     0.999989  -0.00408432  -0.00487578
-0.000582278   0.00408291     0.999991   -0.0437146
           0            0            0            1
2020/03/09 15:51:03 214171	INFO [input.cpp->run:235]	rotation: 
[0.9999967813491821, 0.002296376973390579, 0.0005729198455810547;
 -0.002294056117534637, 0.9999887347221375, -0.004084318876266479;
 -0.000582277774810791, 0.004082914441823959, 0.9999911785125732]
2020/03/09 15:51:03 214222	INFO [input.cpp->run:256]	frame times (ms): 567.167
2020/03/09 15:51:03 214226	INFO [input.cpp->run:257]	FPS: 1.76315
2020/03/09 15:51:03 355624	INFO [input.cpp->run:173]	
frame_id 34
2020/03/09 15:51:03 408441	WARNING [visualOdometry.cpp->trackingFrame2Frame:179]	The Estimated Rotation and translation matrices(using getTransformation function) are : 
    0.999997    0.0025178  8.34763e-05   -0.0367234
 -0.00251755     0.999992  -0.00297379   0.00606996
-9.11057e-05   0.00297361     0.999996   -0.0302339
           0            0            0            1
2020/03/09 15:51:03 410383	INFO [input.cpp->run:235]	rotation: 
[0.9999966621398926, 0.00251779705286026, 8.347630500793457e-05;
 -0.002517551183700562, 0.9999923706054688, -0.002973791211843491;
 -9.110569953918457e-05, 0.002973608672618866, 0.9999955892562866]
2020/03/09 15:51:03 410456	INFO [input.cpp->run:256]	frame times (ms): 568.449
2020/03/09 15:51:03 410460	INFO [input.cpp->run:257]	FPS: 1.75917
2020/03/09 15:51:03 554863	INFO [input.cpp->run:173]	
frame_id 35
2020/03/09 15:51:03 609333	WARNING [visualOdometry.cpp->trackingFrame2Frame:179]	The Estimated Rotation and translation matrices(using getTransformation function) are : 
    0.999999   0.00172284 -0.000269383   -0.0189398
 -0.00172312     0.999998  -0.00104499   0.00634776
 0.000267237    0.0010455            1   -0.0151055
           0            0            0            1
2020/03/09 15:51:03 610958	INFO [input.cpp->run:235]	rotation: 
[0.9999985098838806, 0.001722842454910278, -0.0002693831920623779;
 -0.001723118126392365, 0.9999980926513672, -0.001044988632202148;
 0.0002672374248504639, 0.001045495271682739, 0.9999995827674866]
2020/03/09 15:51:03 611021	INFO [input.cpp->run:256]	frame times (ms): 598.665
2020/03/09 15:51:03 611026	INFO [input.cpp->run:257]	FPS: 1.67038
2020/03/09 15:51:03 757786	INFO [input.cpp->run:173]	
frame_id 36
2020/03/09 15:51:03 815193	WARNING [visualOdometry.cpp->trackingFrame2Frame:179]	The Estimated Rotation and translation matrices(using getTransformation function) are : 
    0.999995   0.00309242  0.000567079  -0.00535265
 -0.00309022     0.999988   -0.0037789   0.00190604
-0.000578672    0.0037771     0.999993  -0.00383788
           0            0            0            1
2020/03/09 15:51:03 816884	INFO [input.cpp->run:235]	rotation: 
[0.9999951124191284, 0.00309242308139801, 0.0005670785903930664;
 -0.003090217709541321, 0.9999882578849792, -0.003778904676437378;
 -0.0005786716938018799, 0.003777101635932922, 0.999992847442627]
2020/03/09 15:51:03 816945	INFO [input.cpp->run:256]	frame times (ms): 600.43
2020/03/09 15:51:03 816953	INFO [input.cpp->run:257]	FPS: 1.66547
2020/03/09 15:51:03 957759	INFO [input.cpp->run:173]	
frame_id 37
2020/03/09 15:51:04 011524	WARNING [visualOdometry.cpp->trackingFrame2Frame:179]	The Estimated Rotation and translation matrices(using getTransformation function) are : 
    0.999999    0.0014118 -0.000351787   -0.0202928
 -0.00141227     0.999998  -0.00168163    0.0101121
 0.000349462   0.00168215     0.999999   -0.0163996
           0            0            0            1
2020/03/09 15:51:04 013277	INFO [input.cpp->run:235]	rotation: 
[0.9999991655349731, 0.001411795616149902, -0.0003517866134643555;
 -0.001412272453308105, 0.9999980330467224, -0.001681625843048096;
 0.0003494620323181152, 0.00168214738368988, 0.9999988079071045]
2020/03/09 15:51:04 013341	INFO [input.cpp->run:256]	frame times (ms): 611.288
2020/03/09 15:51:04 013345	INFO [input.cpp->run:257]	FPS: 1.63589
2020/03/09 15:51:04 155761	INFO [input.cpp->run:173]	
frame_id 38
2020/03/09 15:51:04 211200	WARNING [visualOdometry.cpp->trackingFrame2Frame:179]	The Estimated Rotation and translation matrices(using getTransformation function) are : 
   0.999985  0.00536415 0.000996113  0.00612211
-0.00535712    0.999961 -0.00705419 -0.00238688
-0.00103384  0.00704873    0.999975  0.00558233
          0           0           0           1
2020/03/09 15:51:04 213002	INFO [input.cpp->run:235]	rotation: 
[0.9999852776527405, 0.005364149808883667, 0.0009961128234863281;
 -0.005357116460800171, 0.999960720539093, -0.007054194808006287;
 -0.00103384256362915, 0.007048726081848145, 0.9999746084213257]
2020/03/09 15:51:04 213060	INFO [input.cpp->run:256]	frame times (ms): 600.454
2020/03/09 15:51:04 213064	INFO [input.cpp->run:257]	FPS: 1.66541
2020/03/09 15:51:04 355198	INFO [input.cpp->run:173]	
frame_id 39
2020/03/09 15:51:04 409776	WARNING [visualOdometry.cpp->trackingFrame2Frame:179]	The Estimated Rotation and translation matrices(using getTransformation function) are : 
    0.999998   0.00210896 -1.83582e-05  -0.00957796
 -0.00210921     0.999996  -0.00172658   0.00873905
 1.48416e-05   0.00172664     0.999999  -0.00821584
           0            0            0            1
2020/03/09 15:51:04 411656	INFO [input.cpp->run:235]	rotation: 
[0.9999979138374329, 0.002108961343765259, -1.835823059082031e-05;
 -0.002109214663505554, 0.9999960660934448, -0.001726582646369934;
 1.484155654907227e-05, 0.001726642251014709, 0.9999988079071045]
2020/03/09 15:51:04 411715	INFO [input.cpp->run:256]	frame times (ms): 553.938
2020/03/09 15:51:04 411720	INFO [input.cpp->run:257]	FPS: 1.80526
2020/03/09 15:51:04 558592	INFO [input.cpp->run:173]	
frame_id 40
2020/03/09 15:51:04 614408	WARNING [visualOdometry.cpp->trackingFrame2Frame:179]	The Estimated Rotation and translation matrices(using getTransformation function) are : 
    0.999996   0.00297637 -0.000241548   -0.0162833
 -0.00297691     0.999993  -0.00209107    0.0109818
 0.000235319   0.00209175     0.999998   -0.0141353
           0            0            0            1
2020/03/09 15:51:04 616119	INFO [input.cpp->run:235]	rotation: 
[0.9999957680702209, 0.002976372838020325, -0.0002415478229522705;
 -0.002976909279823303, 0.9999934434890747, -0.002091065049171448;
 0.0002353191375732422, 0.002091750502586365, 0.9999979138374329]
2020/03/09 15:51:04 616176	INFO [input.cpp->run:256]	frame times (ms): 567.461
2020/03/09 15:51:04 616179	INFO [input.cpp->run:257]	FPS: 1.76224
2020/03/09 15:51:04 755769	INFO [input.cpp->run:173]	
frame_id 41
2020/03/09 15:51:04 806445	WARNING [visualOdometry.cpp->trackingFrame2Frame:179]	The Estimated Rotation and translation matrices(using getTransformation function) are : 
    0.999992   0.00407798 -0.000350088   -0.0178943
 -0.00407851     0.999991  -0.00154011   0.00405315
 0.000343829   0.00154158     0.999999   -0.0117371
           0            0            0            1
2020/03/09 15:51:04 808170	INFO [input.cpp->run:235]	rotation: 
[0.999991774559021, 0.004077982157468796, -0.0003500878810882568;
 -0.004078514873981476, 0.9999905228614807, -0.001540112309157848;
 0.0003438293933868408, 0.001541575416922569, 0.9999988675117493]
2020/03/09 15:51:04 808239	INFO [input.cpp->run:256]	frame times (ms): 554.365
2020/03/09 15:51:04 808243	INFO [input.cpp->run:257]	FPS: 1.80387
2020/03/09 15:51:04 960408	INFO [input.cpp->run:173]	
frame_id 42
2020/03/09 15:51:05 012209	WARNING [visualOdometry.cpp->trackingFrame2Frame:179]	The Estimated Rotation and translation matrices(using getTransformation function) are : 
    0.999996   0.00304512   0.00037387   0.00108701
   -0.003044     0.999991  -0.00295784   0.00283602
-0.000382841   0.00295672     0.999996  0.000510573
           0            0            0            1
2020/03/09 15:51:05 013917	INFO [input.cpp->run:235]	rotation: 
[0.9999956488609314, 0.003045119345188141, 0.0003738701343536377;
 -0.003043996170163155, 0.999991238117218, -0.002957839518785477;
 -0.000382840633392334, 0.002956717275083065, 0.9999957680702209]
2020/03/09 15:51:05 013960	INFO [input.cpp->run:256]	frame times (ms): 553.931
2020/03/09 15:51:05 013963	INFO [input.cpp->run:257]	FPS: 1.80528
2020/03/09 15:51:05 156061	INFO [input.cpp->run:173]	
frame_id 43
2020/03/09 15:51:05 211730	WARNING [visualOdometry.cpp->trackingFrame2Frame:179]	The Estimated Rotation and translation matrices(using getTransformation function) are : 
    0.999994   0.00343434 -0.000178486   -0.0145417
  -0.0034346     0.999993  -0.00156132   0.00313208
 0.000172943   0.00156193     0.999999  -0.00964487
           0            0            0            1
2020/03/09 15:51:05 213504	INFO [input.cpp->run:235]	rotation: 
[0.9999940395355225, 0.003434339538216591, -0.0001784861087799072;
 -0.003434600308537483, 0.9999930262565613, -0.001561319455504417;
 0.0001729428768157959, 0.001561933197081089, 0.9999988079071045]
2020/03/09 15:51:05 213556	INFO [input.cpp->run:256]	frame times (ms): 607.115
2020/03/09 15:51:05 213560	INFO [input.cpp->run:257]	FPS: 1.64713
2020/03/09 15:51:05 360801	INFO [input.cpp->run:173]	
frame_id 44
2020/03/09 15:51:05 420139	WARNING [visualOdometry.cpp->trackingFrame2Frame:179]	The Estimated Rotation and translation matrices(using getTransformation function) are : 
    0.999999  0.000703037  0.000709273  0.000508577
-0.000702083     0.999999  -0.00156888   0.00413606
 -0.00071042    0.0015683     0.999998 -0.000383675
           0            0            0            1
2020/03/09 15:51:05 421947	INFO [input.cpp->run:235]	rotation: 
[0.9999994039535522, 0.0007030367851257324, 0.0007092729210853577;
 -0.0007020831108093262, 0.9999985694885254, -0.001568883657455444;
 -0.0007104203104972839, 0.001568295061588287, 0.9999983906745911]
2020/03/09 15:51:05 422022	INFO [input.cpp->run:256]	frame times (ms): 616.827
2020/03/09 15:51:05 422026	INFO [input.cpp->run:257]	FPS: 1.6212
2020/03/09 15:51:05 558519	INFO [input.cpp->run:173]	
frame_id 45
2020/03/09 15:51:05 616770	WARNING [visualOdometry.cpp->trackingFrame2Frame:179]	The Estimated Rotation and translation matrices(using getTransformation function) are : 
           1 -0.000220925  0.000899607  0.000475347
 0.000220776            1  6.05918e-05   0.00602975
-0.000899652 -6.04056e-05            1 -0.000988722
           0            0            0            1
2020/03/09 15:51:05 618523	INFO [input.cpp->run:235]	rotation: 
[0.9999997615814209, -0.0002209246158599854, 0.000899607315659523;
 0.0002207756042480469, 1.00000011920929, 6.059184670448303e-05;
 -0.0008996520191431046, -6.040558218955994e-05, 0.9999998807907104]
2020/03/09 15:51:05 618586	INFO [input.cpp->run:256]	frame times (ms): 616.454
2020/03/09 15:51:05 618589	INFO [input.cpp->run:257]	FPS: 1.62218
2020/03/09 15:51:05 758069	INFO [input.cpp->run:173]	
frame_id 46
2020/03/09 15:51:05 813663	WARNING [visualOdometry.cpp->trackingFrame2Frame:179]	The Estimated Rotation and translation matrices(using getTransformation function) are : 
    0.999999   -0.0011749  0.000530496  6.16014e-05
  0.00117436     0.999999  0.000815716   0.00695676
-0.000531452 -0.000815087            1 -0.000955939
           0            0            0            1
2020/03/09 15:51:05 815431	INFO [input.cpp->run:235]	rotation: 
[0.9999991655349731, -0.001174896955490112, 0.0005304957740008831;
 0.001174360513687134, 0.9999988675117493, 0.0008157161064445972;
 -0.0005314524751156569, -0.0008150869980454445, 0.9999996423721313]
2020/03/09 15:51:05 815506	INFO [input.cpp->run:256]	frame times (ms): 624.32
2020/03/09 15:51:05 815510	INFO [input.cpp->run:257]	FPS: 1.60174
2020/03/09 15:51:05 959127	INFO [input.cpp->run:173]	
frame_id 47
