		g3log created log at: Mon Mar 09 16:18:06 2020
		LOG format: [YYYY/MM/DD hh:mm:ss uuu* LEVEL FILE->FUNCTION:LINE] message		(uuu*: microseconds fractions of the seconds value)

2020/03/09 16:18:06 201978	INFO [g3logger.h->logBanner:29]	Starting log.
2020/03/09 16:18:06 216810	DEBUG [main.cpp->main:48]	Filepath: /home/mitchell/KITTI/data_odometry_gray/dataset/sequences/00/
2020/03/09 16:18:06 216817	DEBUG [main.cpp->main:52]	Calibration Filepath: /home/mitchell/visual_odom_catkin_ws/tank_downsized.yaml
2020/03/09 16:18:06 216932	INFO [main.cpp->main:66]	P_left: 
[409.41, 0, 251.22, 0;
 0, 408.72, 191.78999, 0;
 0, 0, 1, 0]
2020/03/09 16:18:06 216944	INFO [main.cpp->main:67]	P_right: 
[409.41, 0, 251.22, -73.940002;
 0, 408.72, 191.78999, 0;
 0, 0, 1, 0]
2020/03/09 16:18:06 360933	INFO [input.cpp->Input:22]	frame_pose [1, 0, 0, 0;
 0, 1, 0, 0;
 0, 0, 1, 0;
 0, 0, 0, 1]
2020/03/09 16:18:08 010622	INFO [input.cpp->run:173]	
frame_id 1
2020/03/09 16:18:08 127303	WARNING [visualOdometry.cpp->trackingFrame2Frame:187]	The Estimated Rotation and translation matrices(using getTransformation function) are : 
    0.99998 -0.00564343  0.00268758   0.0186105
 0.00563252    0.999976  0.00398943  0.00275551
-0.00271002 -0.00397422    0.999989   0.0117704
          0           0           0           1
2020/03/09 16:18:08 132169	INFO [input.cpp->run:235]	rotation: 
[0.9999803304672241, -0.00564342737197876, 0.002687577158212662;
 0.005632519721984863, 0.9999762773513794, 0.003989432938396931;
 -0.002710018306970596, -0.003974216058850288, 0.9999885559082031]
2020/03/09 16:18:08 132286	INFO [input.cpp->run:258]	frame times (ms): 199.692
2020/03/09 16:18:08 132288	INFO [input.cpp->run:259]	FPS: 5.00771
2020/03/09 16:18:08 143898	INFO [input.cpp->run:173]	
frame_id 2
2020/03/09 16:18:08 170972	WARNING [visualOdometry.cpp->trackingFrame2Frame:187]	The Estimated Rotation and translation matrices(using getTransformation function) are : 
   0.999979 -0.00629573 -0.00128856  0.00600448
 0.00629854    0.999978  0.00222549   0.0040839
 0.00127453  -0.0022336    0.999997  4.1008e-05
          0           0           0           1
2020/03/09 16:18:08 172898	INFO [input.cpp->run:235]	rotation: 
[0.9999793171882629, -0.006295725703239441, -0.001288563013076782;
 0.006298542022705078, 0.9999778270721436, 0.002225492615252733;
 0.001274531707167625, -0.002233595587313175, 0.9999968409538269]
2020/03/09 16:18:08 172964	INFO [input.cpp->run:258]	frame times (ms): 150.574
2020/03/09 16:18:08 172970	INFO [input.cpp->run:259]	FPS: 6.64125
2020/03/09 16:18:08 277388	INFO [input.cpp->run:173]	
frame_id 3
2020/03/09 16:18:08 307567	WARNING [visualOdometry.cpp->trackingFrame2Frame:187]	The Estimated Rotation and translation matrices(using getTransformation function) are : 
    0.999985  -0.00526744   -0.0018589   0.00591305
  0.00526878     0.999986   0.00070908   0.00232335
  0.00185512 -0.000718887     0.999998   0.00016731
           0            0            0            1
2020/03/09 16:18:08 308926	INFO [input.cpp->run:235]	rotation: 
[0.9999846220016479, -0.005267441272735596, -0.001858897507190704;
 0.005268782377243042, 0.9999860525131226, 0.0007090801373124123;
 0.001855123788118362, -0.0007188869640231133, 0.9999979734420776]
2020/03/09 16:18:08 308978	INFO [input.cpp->run:258]	frame times (ms): 147.028
2020/03/09 16:18:08 308984	INFO [input.cpp->run:259]	FPS: 6.80143
2020/03/09 16:18:08 408316	INFO [input.cpp->run:173]	
frame_id 4
2020/03/09 16:18:08 484023	WARNING [visualOdometry.cpp->trackingFrame2Frame:187]	The Estimated Rotation and translation matrices(using getTransformation function) are : 
     0.99998  -0.00577202  -0.00252815    0.0060021
  0.00577158     0.999983 -0.000215055   0.00162483
  0.00252934  0.000200434     0.999997  0.000974596
           0            0            0            1
2020/03/09 16:18:08 485308	INFO [input.cpp->run:235]	rotation: 
[0.999980092048645, -0.005772024393081665, -0.002528149634599686;
 0.00577157735824585, 0.9999833106994629, -0.0002150554209947586;
 0.002529341727495193, 0.0002004336565732956, 0.999996542930603]
2020/03/09 16:18:08 485351	INFO [input.cpp->run:258]	frame times (ms): 170.381
2020/03/09 16:18:08 485357	INFO [input.cpp->run:259]	FPS: 5.8692
2020/03/09 16:18:08 542803	INFO [input.cpp->run:173]	
frame_id 5
2020/03/09 16:18:08 585346	WARNING [visualOdometry.cpp->trackingFrame2Frame:187]	The Estimated Rotation and translation matrices(using getTransformation function) are : 
   0.999988 -0.00394744 -0.00305952  0.00543419
 0.00393879    0.999988 -0.00282835 -0.00090497
 0.00307064  0.00281628    0.999992  0.00122547
          0           0           0           1
2020/03/09 16:18:08 586732	INFO [input.cpp->run:235]	rotation: 
[0.9999876022338867, -0.003947436809539795, -0.003059521317481995;
 0.003938794136047363, 0.9999883770942688, -0.002828348428010941;
 0.003070637583732605, 0.002816278487443924, 0.9999915361404419]
2020/03/09 16:18:08 586793	INFO [input.cpp->run:258]	frame times (ms): 178.713
2020/03/09 16:18:08 586797	INFO [input.cpp->run:259]	FPS: 5.59556
2020/03/09 16:18:08 676071	INFO [input.cpp->run:173]	
frame_id 6
2020/03/09 16:18:08 704044	WARNING [visualOdometry.cpp->trackingFrame2Frame:187]	The Estimated Rotation and translation matrices(using getTransformation function) are : 
   0.999945  -0.0103101 -0.00196321  0.00669047
  0.0103192    0.999936  0.00472464  0.00844668
 0.00191436 -0.00474463    0.999987 0.000701249
          0           0           0           1
2020/03/09 16:18:08 705379	INFO [input.cpp->run:235]	rotation: 
[0.9999452233314514, -0.01031014323234558, -0.001963205635547638;
 0.01031923294067383, 0.9999357461929321, 0.004724644124507904;
 0.001914363354444504, -0.004744634032249451, 0.9999871253967285]
2020/03/09 16:18:08 705440	INFO [input.cpp->run:258]	frame times (ms): 151.842
2020/03/09 16:18:08 705444	INFO [input.cpp->run:259]	FPS: 6.58579
2020/03/09 16:18:08 808507	INFO [input.cpp->run:173]	
frame_id 7
2020/03/09 16:18:08 835601	WARNING [visualOdometry.cpp->trackingFrame2Frame:187]	The Estimated Rotation and translation matrices(using getTransformation function) are : 
    0.999977  -0.00610875  -0.00305427   0.00485766
  0.00610811     0.999981 -0.000224613   0.00201189
  0.00305558  0.000205934     0.999995   0.00028795
           0            0            0            1
2020/03/09 16:18:08 836912	INFO [input.cpp->run:235]	rotation: 
[0.999976634979248, -0.006108753383159637, -0.003054273314774036;
 0.006108112633228302, 0.9999814033508301, -0.0002246126532554626;
 0.003055581822991371, 0.0002059340476989746, 0.9999954700469971]
2020/03/09 16:18:08 836954	INFO [input.cpp->run:258]	frame times (ms): 158.951
2020/03/09 16:18:08 836956	INFO [input.cpp->run:259]	FPS: 6.29125
2020/03/09 16:18:08 943452	INFO [input.cpp->run:173]	
frame_id 8
2020/03/09 16:18:08 970218	WARNING [visualOdometry.cpp->trackingFrame2Frame:187]	The Estimated Rotation and translation matrices(using getTransformation function) are : 
    0.99995 -0.00928861 -0.00361018  0.00462046
 0.00929424    0.999955  0.00156984  0.00570906
 0.00359545 -0.00160333    0.999992  0.00124353
          0           0           0           1
2020/03/09 16:18:08 972265	INFO [input.cpp->run:235]	rotation: 
[0.9999502897262573, -0.009288609027862549, -0.003610182553529739;
 0.009294241666793823, 0.9999554753303528, 0.001569844782352448;
 0.003595452755689621, -0.001603327691555023, 0.9999920129776001]
2020/03/09 16:18:08 972343	INFO [input.cpp->run:258]	frame times (ms): 163.715
2020/03/09 16:18:08 972348	INFO [input.cpp->run:259]	FPS: 6.10818
2020/03/09 16:18:09 077322	INFO [input.cpp->run:173]	
frame_id 9
2020/03/09 16:18:09 106748	WARNING [visualOdometry.cpp->trackingFrame2Frame:187]	The Estimated Rotation and translation matrices(using getTransformation function) are : 
    0.999989  -0.00303096  -0.00351111   0.00471431
   0.0030233     0.999993  -0.00215444 -0.000807853
  0.00351762    0.0021438     0.999992  0.000822663
           0            0            0            1
2020/03/09 16:18:09 108051	INFO [input.cpp->run:235]	rotation: 
[0.9999891519546509, -0.003030955791473389, -0.003511112183332443;
 0.003023296594619751, 0.9999930262565613, -0.002154439687728882;
 0.003517623990774155, 0.002143800258636475, 0.9999915361404419]
2020/03/09 16:18:09 108094	INFO [input.cpp->run:258]	frame times (ms): 162.779
2020/03/09 16:18:09 108099	INFO [input.cpp->run:259]	FPS: 6.1433
2020/03/09 16:18:09 208903	INFO [input.cpp->run:173]	
frame_id 10
2020/03/09 16:18:09 234985	WARNING [visualOdometry.cpp->trackingFrame2Frame:187]	The Estimated Rotation and translation matrices(using getTransformation function) are : 
    0.999989  -0.00443208  -0.00136588   0.00597164
  0.00442952     0.999989  -0.00165643  9.29534e-05
  0.00137321   0.00165035     0.999998 -0.000394046
           0            0            0            1
2020/03/09 16:18:09 236539	INFO [input.cpp->run:235]	rotation: 
[0.99998939037323, -0.004432082176208496, -0.001365877687931061;
 0.004429519176483154, 0.9999887347221375, -0.001656427979469299;
 0.001373209059238434, 0.001650348305702209, 0.9999977350234985]
2020/03/09 16:18:09 236602	INFO [input.cpp->run:258]	frame times (ms): 151.477
2020/03/09 16:18:09 236608	INFO [input.cpp->run:259]	FPS: 6.60166
2020/03/09 16:18:09 341724	INFO [input.cpp->run:173]	
frame_id 11
2020/03/09 16:18:09 368483	WARNING [visualOdometry.cpp->trackingFrame2Frame:187]	The Estimated Rotation and translation matrices(using getTransformation function) are : 
    0.999973  -0.00403142  -0.00613198   0.00291282
  0.00401058     0.999986  -0.00339844 -0.000961326
  0.00614569   0.00337382     0.999975   0.00224698
           0            0            0            1
2020/03/09 16:18:09 369937	INFO [input.cpp->run:235]	rotation: 
[0.999972939491272, -0.004031420685350895, -0.006131976842880249;
 0.004010578617453575, 0.9999859929084778, -0.003398437052965164;
 0.006145685911178589, 0.003373817540705204, 0.9999754428863525]
2020/03/09 16:18:09 369984	INFO [input.cpp->run:258]	frame times (ms): 163.541
2020/03/09 16:18:09 369989	INFO [input.cpp->run:259]	FPS: 6.11467
2020/03/09 16:18:09 475682	INFO [input.cpp->run:173]	
frame_id 12
2020/03/09 16:18:09 503442	WARNING [visualOdometry.cpp->trackingFrame2Frame:187]	The Estimated Rotation and translation matrices(using getTransformation function) are : 
   0.999992 -0.00295341 -0.00277063   0.0055564
 0.00294793    0.999994 -0.00191733 -0.00070059
 0.00277631   0.0019092    0.999994 0.000499487
          0           0           0           1
2020/03/09 16:18:09 504767	INFO [input.cpp->run:235]	rotation: 
[0.9999916553497314, -0.002953410148620605, -0.002770625054836273;
 0.00294792652130127, 0.9999936819076538, -0.001917332410812378;
 0.002776306122541428, 0.001909203827381134, 0.9999943375587463]
2020/03/09 16:18:09 504826	INFO [input.cpp->run:258]	frame times (ms): 160.141
2020/03/09 16:18:09 504831	INFO [input.cpp->run:259]	FPS: 6.2445
2020/03/09 16:18:09 607879	INFO [input.cpp->run:173]	
frame_id 13
2020/03/09 16:18:09 635433	WARNING [visualOdometry.cpp->trackingFrame2Frame:187]	The Estimated Rotation and translation matrices(using getTransformation function) are : 
    0.99997 -0.00643459 -0.00433832  0.00439468
 0.00644898    0.999974  0.00333365  0.00482844
 0.00431676 -0.00336155    0.999985  0.00153184
          0           0           0           1
2020/03/09 16:18:09 636752	INFO [input.cpp->run:235]	rotation: 
[0.9999700784683228, -0.006434589624404907, -0.00433831661939621;
 0.006448984146118164, 0.9999737143516541, 0.003333650529384613;
 0.004316758364439011, -0.003361545503139496, 0.9999852180480957]
2020/03/09 16:18:09 636816	INFO [input.cpp->run:258]	frame times (ms): 156.474
2020/03/09 16:18:09 636820	INFO [input.cpp->run:259]	FPS: 6.39084
2020/03/09 16:18:09 743301	INFO [input.cpp->run:173]	
frame_id 14
2020/03/09 16:18:09 770598	WARNING [visualOdometry.cpp->trackingFrame2Frame:187]	The Estimated Rotation and translation matrices(using getTransformation function) are : 
    0.999991  -0.00366786  -0.00225888   0.00569451
  0.00366423     0.999992  -0.00163311 -0.000445345
  0.00226485   0.00162479     0.999996  0.000639677
           0            0            0            1
2020/03/09 16:18:09 772014	INFO [input.cpp->run:235]	rotation: 
[0.999990701675415, -0.003667861223220825, -0.00225888192653656;
 0.003664225339889526, 0.9999920725822449, -0.001633107662200928;
 0.002264846116304398, 0.001624792814254761, 0.9999960064888]
2020/03/09 16:18:09 772075	INFO [input.cpp->run:258]	frame times (ms): 164.657
2020/03/09 16:18:09 772081	INFO [input.cpp->run:259]	FPS: 6.07323
2020/03/09 16:18:09 874950	INFO [input.cpp->run:173]	
frame_id 15
2020/03/09 16:18:09 903158	WARNING [visualOdometry.cpp->trackingFrame2Frame:187]	The Estimated Rotation and translation matrices(using getTransformation function) are : 
    0.999989  -0.00299585  -0.00374874    0.0055517
  0.00299489     0.999996 -0.000205733   0.00029752
  0.00374931   0.00019452     0.999993   0.00162828
           0            0            0            1
2020/03/09 16:18:09 904602	INFO [input.cpp->run:235]	rotation: 
[0.9999886751174927, -0.002995848655700684, -0.003748737275600433;
 0.002994894981384277, 0.9999955892562866, -0.0002057328820228577;
 0.003749310970306396, 0.0001945197582244873, 0.9999931454658508]
2020/03/09 16:18:09 904667	INFO [input.cpp->run:258]	frame times (ms): 162.666
2020/03/09 16:18:09 904675	INFO [input.cpp->run:259]	FPS: 6.14757
2020/03/09 16:18:10 011612	INFO [input.cpp->run:173]	
frame_id 16
2020/03/09 16:18:10 042394	WARNING [visualOdometry.cpp->trackingFrame2Frame:187]	The Estimated Rotation and translation matrices(using getTransformation function) are : 
    0.999968  -0.00281281   -0.0075576    0.0022772
   0.0028059     0.999996 -0.000958461 -1.89901e-05
  0.00756064  0.000937156     0.999971   0.00294179
           0            0            0            1
2020/03/09 16:18:10 043850	INFO [input.cpp->run:235]	rotation: 
[0.9999677538871765, -0.002812813967466354, -0.007557600736618042;
 0.002805896103382111, 0.9999960660934448, -0.0009584613144397736;
 0.007560640573501587, 0.0009371563792228699, 0.9999713897705078]
2020/03/09 16:18:10 043908	INFO [input.cpp->run:258]	frame times (ms): 167
2020/03/09 16:18:10 043914	INFO [input.cpp->run:259]	FPS: 5.98802
2020/03/09 16:18:10 142377	INFO [input.cpp->run:173]	
frame_id 17
2020/03/09 16:18:10 169589	WARNING [visualOdometry.cpp->trackingFrame2Frame:187]	The Estimated Rotation and translation matrices(using getTransformation function) are : 
   0.999985 -0.00439531 -0.00331264  0.00486511
 0.00439194     0.99999 -0.00107423 0.000892965
  0.0033173  0.00105966    0.999994  0.00112224
          0           0           0           1
2020/03/09 16:18:10 171013	INFO [input.cpp->run:235]	rotation: 
[0.9999852180480957, -0.00439530611038208, -0.003312639892101288;
 0.004391938447952271, 0.9999898672103882, -0.001074232161045074;
 0.003317300230264664, 0.001059658825397491, 0.9999939203262329]
2020/03/09 16:18:10 171057	INFO [input.cpp->run:258]	frame times (ms): 173.646
2020/03/09 16:18:10 171065	INFO [input.cpp->run:259]	FPS: 5.75884
2020/03/09 16:18:10 275301	INFO [input.cpp->run:173]	
frame_id 18
2020/03/09 16:18:10 303836	WARNING [visualOdometry.cpp->trackingFrame2Frame:187]	The Estimated Rotation and translation matrices(using getTransformation function) are : 
    0.999974   -0.0049015  -0.00530676   0.00352365
  0.00490215     0.999988  0.000188962    0.0020202
   0.0053058 -0.000214949     0.999986    0.0023734
           0            0            0            1
2020/03/09 16:18:10 305251	INFO [input.cpp->run:235]	rotation: 
[0.9999738931655884, -0.004901498556137085, -0.005306757986545563;
 0.004902154207229614, 0.9999880194664001, 0.0001889616250991821;
 0.00530579686164856, -0.0002149492502212524, 0.9999861121177673]
2020/03/09 16:18:10 305294	INFO [input.cpp->run:258]	frame times (ms): 180.122
2020/03/09 16:18:10 305306	INFO [input.cpp->run:259]	FPS: 5.55179
2020/03/09 16:18:10 407812	INFO [input.cpp->run:173]	
frame_id 19
2020/03/09 16:18:10 441942	WARNING [visualOdometry.cpp->trackingFrame2Frame:187]	The Estimated Rotation and translation matrices(using getTransformation function) are : 
   0.999976 -0.00412598  -0.0056797  0.00297892
 0.00411844    0.999991 -0.00136308 0.000884466
 0.00568526  0.00133961    0.999983  0.00217581
          0           0           0           1
2020/03/09 16:18:10 443421	INFO [input.cpp->run:235]	rotation: 
[0.9999756813049316, -0.004125982522964478, -0.005679704248905182;
 0.004118442535400391, 0.9999908208847046, -0.001363076269626617;
 0.005685262382030487, 0.001339614391326904, 0.9999830722808838]
2020/03/09 16:18:10 443487	INFO [input.cpp->run:258]	frame times (ms): 199.363
2020/03/09 16:18:10 443490	INFO [input.cpp->run:259]	FPS: 5.01598
2020/03/09 16:18:10 541193	INFO [input.cpp->run:173]	
frame_id 20
2020/03/09 16:18:10 568778	WARNING [visualOdometry.cpp->trackingFrame2Frame:187]	The Estimated Rotation and translation matrices(using getTransformation function) are : 
    0.999986  -0.00408423  -0.00332261   0.00461894
   0.0040839     0.999991 -6.53714e-05   0.00146134
  0.00332284  5.17666e-05     0.999994   0.00116026
           0            0            0            1
2020/03/09 16:18:10 570174	INFO [input.cpp->run:235]	rotation: 
[0.9999860525131226, -0.004084229469299316, -0.003322608768939972;
 0.004083901643753052, 0.9999914169311523, -6.537139415740967e-05;
 0.003322839736938477, 5.176663398742676e-05, 0.9999942183494568]
2020/03/09 16:18:10 570219	INFO [input.cpp->run:258]	frame times (ms): 187.444
2020/03/09 16:18:10 570225	INFO [input.cpp->run:259]	FPS: 5.33493
2020/03/09 16:18:10 674840	INFO [input.cpp->run:173]	
frame_id 21
2020/03/09 16:18:10 703717	WARNING [visualOdometry.cpp->trackingFrame2Frame:187]	The Estimated Rotation and translation matrices(using getTransformation function) are : 
     0.99998   -0.0050053  -0.00390508   0.00434524
  0.00500485     0.999988 -0.000132194   0.00219277
  0.00390576  0.000112612     0.999992   0.00104862
           0            0            0            1
2020/03/09 16:18:10 705145	INFO [input.cpp->run:235]	rotation: 
[0.9999800324440002, -0.005005300045013428, -0.003905080258846283;
 0.005004853010177612, 0.9999876022338867, -0.0001321937888860703;
 0.003905758261680603, 0.0001126118004322052, 0.9999924898147583]
2020/03/09 16:18:10 705188	INFO [input.cpp->run:258]	frame times (ms): 177.532
2020/03/09 16:18:10 705193	INFO [input.cpp->run:259]	FPS: 5.63279
2020/03/09 16:18:10 811706	INFO [input.cpp->run:173]	
frame_id 22
2020/03/09 16:18:10 839684	WARNING [visualOdometry.cpp->trackingFrame2Frame:187]	The Estimated Rotation and translation matrices(using getTransformation function) are : 
    0.999989  -0.00441152  -0.00130226    0.0055601
  0.00440881     0.999988  -0.00225487  0.000211563
  0.00131219   0.00224911     0.999997 -9.50694e-05
           0            0            0            1
2020/03/09 16:18:10 841050	INFO [input.cpp->run:235]	rotation: 
[0.99998939037323, -0.004411518573760986, -0.001302264630794525;
 0.004408806562423706, 0.9999877214431763, -0.002254873514175415;
 0.001312188804149628, 0.002249106764793396, 0.999996542930603]
2020/03/09 16:18:10 841096	INFO [input.cpp->run:258]	frame times (ms): 191.505
2020/03/09 16:18:10 841100	INFO [input.cpp->run:259]	FPS: 5.2218
2020/03/09 16:18:10 942868	INFO [input.cpp->run:173]	
frame_id 23
2020/03/09 16:18:10 972532	WARNING [visualOdometry.cpp->trackingFrame2Frame:187]	The Estimated Rotation and translation matrices(using getTransformation function) are : 
   0.999972 -0.00290674 -0.00690771   0.0023725
 0.00291932    0.999994  0.00180814  0.00137156
 0.00690243 -0.00182825    0.999975  0.00353652
          0           0           0           1
2020/03/09 16:18:10 974033	INFO [input.cpp->run:235]	rotation: 
[0.9999720454216003, -0.002906739711761475, -0.006907708942890167;
 0.002919316291809082, 0.9999942779541016, 0.001808144152164459;
 0.006902433931827545, -0.001828253269195557, 0.9999746084213257]
2020/03/09 16:18:10 974098	INFO [input.cpp->run:258]	frame times (ms): 179.942
2020/03/09 16:18:10 974102	INFO [input.cpp->run:259]	FPS: 5.55735
2020/03/09 16:18:11 076410	INFO [input.cpp->run:173]	
frame_id 24
2020/03/09 16:18:11 105347	WARNING [visualOdometry.cpp->trackingFrame2Frame:187]	The Estimated Rotation and translation matrices(using getTransformation function) are : 
   0.999978 -0.00536337 -0.00392802  0.00309443
 0.00537011    0.999984  0.00169174  0.00243311
  0.0039189 -0.00171278    0.999991 0.000944734
          0           0           0           1
2020/03/09 16:18:11 106821	INFO [input.cpp->run:235]	rotation: 
[0.9999778270721436, -0.005363374948501587, -0.003928020596504211;
 0.005370110273361206, 0.9999841451644897, 0.001691736280918121;
 0.003918901085853577, -0.001712776720523834, 0.9999909400939941]
2020/03/09 16:18:11 106887	INFO [input.cpp->run:258]	frame times (ms): 187.21
2020/03/09 16:18:11 106892	INFO [input.cpp->run:259]	FPS: 5.34159
2020/03/09 16:18:11 208480	INFO [input.cpp->run:173]	
frame_id 25
2020/03/09 16:18:11 239595	WARNING [visualOdometry.cpp->trackingFrame2Frame:187]	The Estimated Rotation and translation matrices(using getTransformation function) are : 
     0.99999  -0.00331636  -0.00289395   0.00390357
  0.00331563     0.999995 -0.000245526  0.000440981
  0.00289473  0.000235964     0.999996   0.00104308
           0            0            0            1
2020/03/09 16:18:11 241361	INFO [input.cpp->run:235]	rotation: 
[0.9999904036521912, -0.003316357731819153, -0.002893954515457153;
 0.003315627574920654, 0.9999948740005493, -0.0002455264329910278;
 0.002894729375839233, 0.0002359636127948761, 0.9999959468841553]
2020/03/09 16:18:11 241440	INFO [input.cpp->run:258]	frame times (ms): 195.983
2020/03/09 16:18:11 241445	INFO [input.cpp->run:259]	FPS: 5.10248
2020/03/09 16:18:11 343549	INFO [input.cpp->run:173]	
frame_id 26
2020/03/09 16:18:11 376925	WARNING [visualOdometry.cpp->trackingFrame2Frame:187]	The Estimated Rotation and translation matrices(using getTransformation function) are : 
   0.999997 -0.00210857 -0.00139613  0.00501245
 0.00210544    0.999995 -0.00223725 -0.00141862
 0.00140084  0.00223429    0.999996 0.000114918
          0           0           0           1
2020/03/09 16:18:11 378551	INFO [input.cpp->run:235]	rotation: 
[0.9999969005584717, -0.002108573913574219, -0.001396127045154572;
 0.002105444669723511, 0.9999952912330627, -0.00223725289106369;
 0.001400835812091827, 0.002234287559986115, 0.9999964237213135]
2020/03/09 16:18:11 378594	INFO [input.cpp->run:258]	frame times (ms): 207.766
2020/03/09 16:18:11 378599	INFO [input.cpp->run:259]	FPS: 4.81311
2020/03/09 16:18:11 475113	INFO [input.cpp->run:173]	
frame_id 27
2020/03/09 16:18:11 508480	WARNING [visualOdometry.cpp->trackingFrame2Frame:187]	The Estimated Rotation and translation matrices(using getTransformation function) are : 
    0.999994  -0.00244921   -0.0026831   0.00412035
  0.00244808     0.999997 -0.000452451 -0.000336151
  0.00268421  0.000445854     0.999996   0.00123447
           0            0            0            1
2020/03/09 16:18:11 510082	INFO [input.cpp->run:235]	rotation: 
[0.9999936819076538, -0.002449214458465576, -0.002683103084564209;
 0.002448081970214844, 0.9999970197677612, -0.0004524514079093933;
 0.002684205770492554, 0.0004458539187908173, 0.9999963641166687]
2020/03/09 16:18:11 510159	INFO [input.cpp->run:258]	frame times (ms): 211.718
2020/03/09 16:18:11 510162	INFO [input.cpp->run:259]	FPS: 4.72326
2020/03/09 16:18:11 609096	INFO [input.cpp->run:173]	
frame_id 28
2020/03/09 16:18:11 645519	WARNING [visualOdometry.cpp->trackingFrame2Frame:187]	The Estimated Rotation and translation matrices(using getTransformation function) are : 
   0.999981  -0.0053328 -0.00310647  0.00334126
 0.00534177    0.999982  0.00286255  0.00349527
 0.00309115  -0.0028791    0.999991  0.00102937
          0           0           0           1
2020/03/09 16:18:11 647223	INFO [input.cpp->run:235]	rotation: 
[0.9999810457229614, -0.005332797765731812, -0.003106467425823212;
 0.005341768264770508, 0.9999817609786987, 0.002862554043531418;
 0.003091149032115936, -0.002879101783037186, 0.9999912977218628]
2020/03/09 16:18:11 647302	INFO [input.cpp->run:258]	frame times (ms): 214.135
2020/03/09 16:18:11 647308	INFO [input.cpp->run:259]	FPS: 4.66995
2020/03/09 16:18:11 742132	INFO [input.cpp->run:173]	
frame_id 29
2020/03/09 16:18:11 775914	WARNING [visualOdometry.cpp->trackingFrame2Frame:187]	The Estimated Rotation and translation matrices(using getTransformation function) are : 
     0.99999  -0.00348035  -0.00284416   0.00355762
  0.00348014     0.999994 -0.000145746  0.000740018
  0.00284461  0.000135909     0.999996  0.000964165
           0            0            0            1
2020/03/09 16:18:11 777379	INFO [input.cpp->run:235]	rotation: 
[0.9999898672103882, -0.003480345010757446, -0.002844156697392464;
 0.003480136394500732, 0.9999938011169434, -0.0001457463949918747;
 0.002844606526196003, 0.0001359088346362114, 0.9999960064888]
2020/03/09 16:18:11 777453	INFO [input.cpp->run:258]	frame times (ms): 217.035
2020/03/09 16:18:11 777458	INFO [input.cpp->run:259]	FPS: 4.60755
2020/03/09 16:18:11 875499	INFO [input.cpp->run:173]	
frame_id 30
2020/03/09 16:18:11 908427	WARNING [visualOdometry.cpp->trackingFrame2Frame:187]	The Estimated Rotation and translation matrices(using getTransformation function) are : 
    0.999994  -0.00252336  -0.00254452    0.0032438
  0.00252432     0.999997  0.000376411   0.00013399
  0.00254357 -0.000382774     0.999997  0.000526488
           0            0            0            1
2020/03/09 16:18:11 910024	INFO [input.cpp->run:235]	rotation: 
[0.999993622303009, -0.002523362636566162, -0.002544522285461426;
 0.002524316310882568, 0.9999968409538269, 0.0003764107823371887;
 0.00254356861114502, -0.0003827735781669617, 0.9999967813491821]
2020/03/09 16:18:11 910103	INFO [input.cpp->run:258]	frame times (ms): 236.035
2020/03/09 16:18:11 910107	INFO [input.cpp->run:259]	FPS: 4.23666
2020/03/09 16:18:12 009969	INFO [input.cpp->run:173]	
frame_id 31
2020/03/09 16:18:12 044886	WARNING [visualOdometry.cpp->trackingFrame2Frame:187]	The Estimated Rotation and translation matrices(using getTransformation function) are : 
   0.999979 -0.00414082  -0.0050759  0.00193867
 0.00415385    0.999988  0.00263342  0.00309113
 0.00506494 -0.00265444    0.999984  0.00224507
          0           0           0           1
2020/03/09 16:18:12 046466	INFO [input.cpp->run:235]	rotation: 
[0.9999786615371704, -0.00414082407951355, -0.005075901746749878;
 0.004153847694396973, 0.9999879598617554, 0.002633415162563324;
 0.005064941942691803, -0.002654440701007843, 0.9999836087226868]
2020/03/09 16:18:12 046538	INFO [input.cpp->run:258]	frame times (ms): 233.33
2020/03/09 16:18:12 046542	INFO [input.cpp->run:259]	FPS: 4.28578
2020/03/09 16:18:12 142315	INFO [input.cpp->run:173]	
frame_id 32
2020/03/09 16:18:12 176244	WARNING [visualOdometry.cpp->trackingFrame2Frame:187]	The Estimated Rotation and translation matrices(using getTransformation function) are : 
    0.999994  -0.00279751  -0.00223418   0.00387502
  0.00279716     0.999996 -0.000142708  0.000265665
  0.00223457   0.00013645     0.999997  0.000978768
           0            0            0            1
2020/03/09 16:18:12 177824	INFO [input.cpp->run:235]	rotation: 
[0.9999935626983643, -0.002797514200210571, -0.002234175801277161;
 0.002797156572341919, 0.9999960660934448, -0.000142708420753479;
 0.002234570682048798, 0.000136449933052063, 0.9999973177909851]
2020/03/09 16:18:12 177896	INFO [input.cpp->run:258]	frame times (ms): 231.813
2020/03/09 16:18:12 177900	INFO [input.cpp->run:259]	FPS: 4.31382
2020/03/09 16:18:12 278076	INFO [input.cpp->run:173]	
frame_id 33
2020/03/09 16:18:12 314729	WARNING [visualOdometry.cpp->trackingFrame2Frame:187]	The Estimated Rotation and translation matrices(using getTransformation function) are : 
    0.999988  -0.00475967  -0.00108766   0.00392291
  0.00475991     0.999989  0.000297103   0.00200657
  0.00108626 -0.000302263     0.999999 -0.000264049
           0            0            0            1
2020/03/09 16:18:12 316724	INFO [input.cpp->run:235]	rotation: 
[0.9999882578849792, -0.004759669303894043, -0.001087658107280731;
 0.004759907722473145, 0.9999886751174927, 0.000297103077173233;
 0.00108625739812851, -0.0003022626042366028, 0.9999992847442627]
2020/03/09 16:18:12 316805	INFO [input.cpp->run:258]	frame times (ms): 244.14
2020/03/09 16:18:12 316811	INFO [input.cpp->run:259]	FPS: 4.09601
2020/03/09 16:18:12 410851	INFO [input.cpp->run:173]	
frame_id 34
2020/03/09 16:18:12 446010	WARNING [visualOdometry.cpp->trackingFrame2Frame:187]	The Estimated Rotation and translation matrices(using getTransformation function) are : 
    0.999994  -0.00284591  -0.00194965   0.00340071
  0.00284761     0.999996  0.000895523   0.00113826
  0.00194711 -0.000901081     0.999998  0.000576258
           0            0            0            1
2020/03/09 16:18:12 447760	INFO [input.cpp->run:235]	rotation: 
[0.9999940395355225, -0.002845913171768188, -0.001949649304151535;
 0.002847611904144287, 0.9999955892562866, 0.0008955225348472595;
 0.001947112381458282, -0.0009010806679725647, 0.9999976754188538]
2020/03/09 16:18:12 447825	INFO [input.cpp->run:258]	frame times (ms): 250.064
2020/03/09 16:18:12 447829	INFO [input.cpp->run:259]	FPS: 3.99898
2020/03/09 16:18:12 542769	INFO [input.cpp->run:173]	
frame_id 35
2020/03/09 16:18:12 579671	WARNING [visualOdometry.cpp->trackingFrame2Frame:187]	The Estimated Rotation and translation matrices(using getTransformation function) are : 
   0.999991 -0.00301534 -0.00303539  0.00282559
 0.00301877    0.999995  0.00107414  0.00130461
 0.00303214 -0.00108328    0.999995  0.00121969
          0           0           0           1
2020/03/09 16:18:12 581563	INFO [input.cpp->run:235]	rotation: 
[0.9999908208847046, -0.003015339374542236, -0.003035392612218857;
 0.003018766641616821, 0.9999948740005493, 0.001074142754077911;
 0.003032144159078598, -0.001083284616470337, 0.9999946355819702]
2020/03/09 16:18:12 581631	INFO [input.cpp->run:258]	frame times (ms): 257.022
2020/03/09 16:18:12 581636	INFO [input.cpp->run:259]	FPS: 3.89072
2020/03/09 16:18:12 675531	INFO [input.cpp->run:173]	
frame_id 36
2020/03/09 16:18:12 714269	WARNING [visualOdometry.cpp->trackingFrame2Frame:187]	The Estimated Rotation and translation matrices(using getTransformation function) are : 
    0.999992  -0.00320497   -0.0026105   0.00283581
  0.00320768     0.999994  0.000985395   0.00121634
   0.0026073 -0.000993744     0.999996  0.000689626
           0            0            0            1
2020/03/09 16:18:12 715955	INFO [input.cpp->run:235]	rotation: 
[0.9999915361404419, -0.003204971551895142, -0.002610497176647186;
 0.003207683563232422, 0.9999943971633911, 0.0009853951632976532;
 0.002607304602861404, -0.0009937435388565063, 0.9999960660934448]
2020/03/09 16:18:12 716024	INFO [input.cpp->run:258]	frame times (ms): 265.669
2020/03/09 16:18:12 716028	INFO [input.cpp->run:259]	FPS: 3.76408
2020/03/09 16:18:12 809340	INFO [input.cpp->run:173]	
frame_id 37
2020/03/09 16:18:12 848691	WARNING [visualOdometry.cpp->trackingFrame2Frame:187]	The Estimated Rotation and translation matrices(using getTransformation function) are : 
    0.999997 -0.000986487   -0.0024209   0.00299165
 0.000992164     0.999997   0.00232098  0.000385575
  0.00241867  -0.00232344     0.999995  0.000567257
           0            0            0            1
2020/03/09 16:18:12 850118	INFO [input.cpp->run:235]	rotation: 
[0.999997079372406, -0.0009864866733551025, -0.002420902252197266;
 0.0009921640157699585, 0.999997079372406, 0.00232098251581192;
 0.002418667078018188, -0.002323441207408905, 0.999994695186615]
2020/03/09 16:18:12 850160	INFO [input.cpp->run:258]	frame times (ms): 264.19
2020/03/09 16:18:12 850165	INFO [input.cpp->run:259]	FPS: 3.78515
2020/03/09 16:18:12 942607	INFO [input.cpp->run:173]	
frame_id 38
2020/03/09 16:18:12 976523	WARNING [visualOdometry.cpp->trackingFrame2Frame:187]	The Estimated Rotation and translation matrices(using getTransformation function) are : 
    0.999997   -0.0016588  -0.00213603   0.00258818
  0.00165829     0.999999 -0.000214888 -0.000270212
  0.00213643  0.000211333     0.999998  0.000648439
           0            0            0            1
2020/03/09 16:18:12 978079	INFO [input.cpp->run:235]	rotation: 
[0.999996542930603, -0.001658797264099121, -0.002136033028364182;
 0.00165829062461853, 0.9999986886978149, -0.0002148877829313278;
 0.002136426977813244, 0.0002113329246640205, 0.9999977946281433]
2020/03/09 16:18:12 978134	INFO [input.cpp->run:258]	frame times (ms): 273.559
2020/03/09 16:18:12 978139	INFO [input.cpp->run:259]	FPS: 3.65552
2020/03/09 16:18:13 075742	INFO [input.cpp->run:173]	
frame_id 39
2020/03/09 16:18:13 111358	WARNING [visualOdometry.cpp->trackingFrame2Frame:187]	The Estimated Rotation and translation matrices(using getTransformation function) are : 
    0.999995  -0.00256148  -0.00177908   0.00269011
  0.00256309     0.999996  0.000931382  0.000643002
  0.00177649 -0.000935845     0.999998  0.000644565
           0            0            0            1
2020/03/09 16:18:13 112915	INFO [input.cpp->run:235]	rotation: 
[0.9999950528144836, -0.002561479806900024, -0.001779079437255859;
 0.00256308913230896, 0.9999960660934448, 0.0009313821792602539;
 0.00177648663520813, -0.0009358450770378113, 0.9999982714653015]
2020/03/09 16:18:13 112969	INFO [input.cpp->run:258]	frame times (ms): 285.838
2020/03/09 16:18:13 112974	INFO [input.cpp->run:259]	FPS: 3.49849
2020/03/09 16:18:13 212817	INFO [input.cpp->run:173]	
frame_id 40
2020/03/09 16:18:13 247703	WARNING [visualOdometry.cpp->trackingFrame2Frame:187]	The Estimated Rotation and translation matrices(using getTransformation function) are : 
    0.999996  -0.00225076  -0.00190753   0.00253069
  0.00225216     0.999998  0.000722647 -0.000259002
  0.00190571 -0.000726908     0.999998  0.000760555
           0            0            0            1
2020/03/09 16:18:13 249224	INFO [input.cpp->run:235]	rotation: 
[0.9999960660934448, -0.002250760793685913, -0.001907527446746826;
 0.002252161502838135, 0.9999975562095642, 0.0007226467132568359;
 0.001905709505081177, -0.0007269084453582764, 0.9999983310699463]
2020/03/09 16:18:13 249272	INFO [input.cpp->run:258]	frame times (ms): 313.044
2020/03/09 16:18:13 249276	INFO [input.cpp->run:259]	FPS: 3.19444
2020/03/09 16:18:13 344932	INFO [input.cpp->run:173]	
frame_id 41
2020/03/09 16:18:13 380535	WARNING [visualOdometry.cpp->trackingFrame2Frame:187]	The Estimated Rotation and translation matrices(using getTransformation function) are : 
   0.999997  -0.0018632 -0.00166884  0.00343841
 0.00186558    0.999997  0.00138288 0.000241371
 0.00166649 -0.00138605    0.999998 0.000842869
          0           0           0           1
2020/03/09 16:18:13 382110	INFO [input.cpp->run:235]	rotation: 
[0.9999969005584717, -0.001863196492195129, -0.001668840646743774;
 0.001865580677986145, 0.9999971985816956, 0.001382879912853241;
 0.001666486263275146, -0.001386046409606934, 0.999997615814209]
2020/03/09 16:18:13 382168	INFO [input.cpp->run:258]	frame times (ms): 313.739
2020/03/09 16:18:13 382174	INFO [input.cpp->run:259]	FPS: 3.18736
2020/03/09 16:18:13 477364	INFO [input.cpp->run:173]	
frame_id 42
2020/03/09 16:18:13 513889	WARNING [visualOdometry.cpp->trackingFrame2Frame:187]	The Estimated Rotation and translation matrices(using getTransformation function) are : 
    0.999997  -0.00179023  -0.00196192   0.00209594
   0.0017924     0.999998   0.00104183 -0.000133561
  0.00196022  -0.00104532     0.999998  0.000547588
           0            0            0            1
2020/03/09 16:18:13 515481	INFO [input.cpp->run:235]	rotation: 
[0.9999967813491821, -0.001790225505828857, -0.00196191668510437;
 0.001792401075363159, 0.9999979734420776, 0.001041829586029053;
 0.001960217952728271, -0.00104532390832901, 0.9999978542327881]
2020/03/09 16:18:13 515530	INFO [input.cpp->run:258]	frame times (ms): 283.339
2020/03/09 16:18:13 515536	INFO [input.cpp->run:259]	FPS: 3.52934
2020/03/09 16:18:13 611134	INFO [input.cpp->run:173]	
frame_id 43
2020/03/09 16:18:13 648263	WARNING [visualOdometry.cpp->trackingFrame2Frame:187]	The Estimated Rotation and translation matrices(using getTransformation function) are : 
    0.999995  -0.00186411  -0.00253832   0.00135404
  0.00186691     0.999997   0.00107092 -0.000446234
  0.00253633  -0.00107569     0.999996  0.000755906
           0            0            0            1
2020/03/09 16:18:13 649799	INFO [input.cpp->run:235]	rotation: 
[0.9999948143959045, -0.001864105463027954, -0.002538324799388647;
 0.001866906881332397, 0.9999974370002747, 0.001070916652679443;
 0.002536327578127384, -0.001075688283890486, 0.9999961853027344]
2020/03/09 16:18:13 649851	INFO [input.cpp->run:258]	frame times (ms): 297.508
2020/03/09 16:18:13 649855	INFO [input.cpp->run:259]	FPS: 3.36125
2020/03/09 16:18:13 741773	INFO [input.cpp->run:173]	
frame_id 44
2020/03/09 16:18:13 779805	WARNING [visualOdometry.cpp->trackingFrame2Frame:187]	The Estimated Rotation and translation matrices(using getTransformation function) are : 
    0.999997  -0.00189681  -0.00160241   0.00235426
  0.00189853     0.999998    0.0010047 -0.000374075
  0.00160062  -0.00100775     0.999998  0.000176072
           0            0            0            1
2020/03/09 16:18:13 781880	INFO [input.cpp->run:235]	rotation: 
[0.9999971985816956, -0.00189681351184845, -0.001602411270141602;
 0.001898527145385742, 0.999997615814209, 0.001004695892333984;
 0.00160062313079834, -0.001007750630378723, 0.9999982714653015]
2020/03/09 16:18:13 781965	INFO [input.cpp->run:258]	frame times (ms): 315.295
2020/03/09 16:18:13 781972	INFO [input.cpp->run:259]	FPS: 3.17163
2020/03/09 16:18:13 876631	INFO [input.cpp->run:173]	
frame_id 45
2020/03/09 16:18:13 918791	WARNING [visualOdometry.cpp->trackingFrame2Frame:187]	The Estimated Rotation and translation matrices(using getTransformation function) are : 
    0.999997  -0.00216816  -0.00160062   0.00217223
  0.00216937     0.999997  0.000682704  -0.00018321
  0.00159922 -0.000686139     0.999999  0.000572562
           0            0            0            1
2020/03/09 16:18:13 920960	INFO [input.cpp->run:235]	rotation: 
[0.999996542930603, -0.002168163657188416, -0.00160062313079834;
 0.002169370651245117, 0.9999973177909851, 0.0006827041506767273;
 0.001599222421646118, -0.0006861388683319092, 0.9999986290931702]
2020/03/09 16:18:13 921041	INFO [input.cpp->run:258]	frame times (ms): 340.93
2020/03/09 16:18:13 921049	INFO [input.cpp->run:259]	FPS: 2.93315
2020/03/09 16:18:14 009986	INFO [input.cpp->run:173]	
frame_id 46
2020/03/09 16:18:14 052166	WARNING [visualOdometry.cpp->trackingFrame2Frame:187]	The Estimated Rotation and translation matrices(using getTransformation function) are : 
    0.99999 -0.00206691 -0.00388195 0.000528604
 0.00207514    0.999996  0.00207853 2.46158e-05
 0.00387762 -0.00208657     0.99999  0.00140768
          0           0           0           1
2020/03/09 16:18:14 053713	INFO [input.cpp->run:235]	rotation: 
[0.9999904632568359, -0.002066910266876221, -0.003881949931383133;
 0.002075135707855225, 0.9999958872795105, 0.002078528515994549;
 0.003877622075378895, -0.002086568623781204, 0.9999902844429016]
2020/03/09 16:18:14 053782	INFO [input.cpp->run:258]	frame times (ms): 303.923
2020/03/09 16:18:14 053790	INFO [input.cpp->run:259]	FPS: 3.29031
2020/03/09 16:18:14 144960	INFO [input.cpp->run:173]	
frame_id 47
2020/03/09 16:18:14 181448	WARNING [visualOdometry.cpp->trackingFrame2Frame:187]	The Estimated Rotation and translation matrices(using getTransformation function) are : 
